# time 1 2 D-1 D
0.000000000000000000e+00 9.999999473002285644e-01 1.092866877480231012e-08 2.048191286585775837e-35 5.211205229485210465e-37
1.250000000000000243e-03 9.986709353839351433e-01 1.364370920004095228e-07 1.224255399658542915e-28 8.450389312210822735e-34
2.500000000000000486e-03 9.942161322588859429e-01 2.920432218066239464e-06 2.730449666377131278e-24 3.823478867959373903e-28
3.750000000000000729e-03 9.856612056722632298e-01 1.962501872222892260e-05 1.031387867400069912e-21 9.524479997547968444e-25
5.000000000000000971e-03 9.717693277951180431e-01 8.339448203403335689e-05 6.963628108042597888e-20 2.623263639327858484e-22
6.250000000000000347e-03 9.511762448577384399e-01 2.720499144696960497e-04 1.754662478762617780e-18 2.018897276880172150e-20
7.500000000000001457e-03 9.225045730393177656e-01 7.593404217739943693e-04 2.282652001227754194e-17 6.409909820126116166e-19
8.750000000000000833e-03 8.844176063956542544e-01 1.895071339446076407e-03 1.880143180799136004e-16 1.011572707268045299e-17
1.000000000000000194e-02 8.355619078184104431e-01 4.387293906798346924e-03 1.138571312870794445e-15 8.844802303825563311e-17
1.125000000000000132e-02 7.743086470304136881e-01 9.675605116729487504e-03 2.448672744384679331e-15 4.687175379422862079e-16
1.250000000000000069e-02 6.981299063930848092e-01 2.067520988334605597e-02 4.169103113919646385e-15 1.648278591515680357e-15
1.375000000000000180e-02 6.025240860101940266e-01 4.298048343039639896e-02 7.163740723775699504e-15 4.186395134047151119e-15
1.500000000000000291e-02 4.811513506019166053e-01 8.462736826064808093e-02 1.093248011683067448e-14 8.258359485193553774e-15
1.625000000000000056e-02 3.358774909980380974e-01 1.464830918459619213e-01 1.474535657688446966e-14 1.341079967168565945e-14
1.750000000000000167e-02 1.986958947384308838e-01 1.989701431992455249e-01 1.779461040398223510e-14 1.872943141574481255e-14
1.875000000000000278e-02 1.052751057807058271e-01 2.092346763883481675e-01 1.983440329469079730e-14 2.334730377933787341e-14
2.000000000000000389e-02 5.416414737566350307e-02 1.801469800951363831e-01 2.094812273282254155e-14 2.669874391484748057e-14
2.125000000000000500e-02 2.817037689387544286e-02 1.328046650101571968e-01 2.124914082697698033e-14 2.860450270207536009e-14
2.250000000000000264e-02 1.495952769154015698e-02 8.774830619474589810e-02 1.227364978660442511e-13 2.919011468075082960e-14
2.375000000000000375e-02 8.115722630297984505e-03 1.280544968238562197e-02 1.166985663686232816e-13 2.873534408287538981e-14
2.500000000000000139e-02 4.488799584038425175e-03 3.921873010489969336e-03 1.121997234987509810e-13 2.758957004539008852e-14
2.625000000000000250e-02 2.524474291404689517e-03 2.030073542779781918e-03 1.076498512929714504e-13 2.603750742482097138e-14
2.750000000000000361e-02 1.439707311485844852e-03 1.190803793351026194e-03 1.010004154199982484e-13 2.429220457142045978e-14
2.875000000000000472e-02 8.304682631672146960e-04 7.463754002506192914e-04 9.555497562020946237e-14 2.245526648880876479e-14
3.000000000000000583e-02 4.833707191175710483e-04 4.838909393390553818e-04 9.068535741374822933e-14 2.065729612898893880e-14
3.125000000000000000e-02 2.832618622898402092e-04 3.228628442156271329e-04 8.419203705801011554e-14 1.896354389907845090e-14
3.250000000000000111e-02 1.667855768022798450e-04 2.187811446054434826e-04 8.068603413239035009e-14 1.737321005439566918e-14
3.375000000000000222e-02 9.848345252628826381e-05 1.499642635216258965e-04 7.499544909614206433e-14 1.596319163808459076e-14
3.500000000000000333e-02 5.820943336396064080e-05 1.042274001116704429e-04 7.161209014706444783e-14 1.468627022002026531e-14
3.625000000000000444e-02 3.438275077531536091e-05 7.291832949325225788e-05 6.813669635485643329e-14 1.354911976821572167e-14
3.750000000000000555e-02 2.026168748127535275e-05 5.110546309629589536e-05 6.486994800446226633e-14 1.258060273415673891e-14
3.875000000000000666e-02 1.189694007659271265e-05 3.611724531633237238e-05 6.124771460042568729e-14 1.172941764816509220e-14
4.000000000000000777e-02 6.944626816222466685e-06 2.569151001635699253e-05 5.947366683991390736e-14 1.091051824492213781e-14
4.125000000000000888e-02 4.027040048854378578e-06 1.825620815453822204e-05 5.726873449109528998e-14 1.027073887495563479e-14
4.250000000000000999e-02 2.314745937348508877e-06 1.304338475101140591e-05 5.576096107102465398e-14 9.770630624682707380e-15
4.375000000000000416e-02 1.314703231491281711e-06 9.313691164948904755e-06 5.394459300934494239e-14 9.284353494026109055e-15
4.500000000000000527e-02 7.375216418121317748e-07 6.673814122760581099e-06 5.266889024364917802e-14 8.777908480955950481e-15
4.625000000000000638e-02 4.069836815972243700e-07 4.795448130086437770e-06 5.186770357871409129e-14 8.249607459901562013e-15
4.750000000000000749e-02 2.189107760804107455e-07 3.451080580363127838e-06 5.040648773007891407e-14 8.034080068526313729e-15
4.875000000000000860e-02 1.157470595509183813e-07 2.479745647455021697e-06 5.031572166318197219e-14 7.958298293625732787e-15
5.000000000000000278e-02 5.904629380290185131e-08 1.787350242098224645e-06 4.985486113996669341e-14 7.615719863416227479e-15
