# time 1 2 D-1 D
0.000000000000000000e+00 9.999999789316881271e-01 2.196569416760529417e-09 2.339263145495123126e-34 1.930161724050196516e-34
2.500000000000000486e-03 9.993818916651346917e-01 4.771540274385773696e-06 8.449333836982720610e-17 4.119628249889142623e-22
5.000000000000000971e-03 9.973473592479036309e-01 9.147559228732191755e-05 2.521313183695834326e-14 2.076931024967544316e-18
7.500000000000001457e-03 9.934491284668498512e-01 5.637633262375425173e-04 7.353664851590652528e-13 3.128511877268425035e-16
1.000000000000000194e-02 9.868383340113890956e-01 2.131712849700375615e-03 8.143190441292008387e-12 1.098788951299711336e-14
1.250000000000000069e-02 9.760562939431456364e-01 6.014147751581453392e-03 5.208264522160259524e-11 1.701775660122129142e-13
1.500000000000000291e-02 9.590429210319468822e-01 1.373449585166114373e-02 2.328936712226226492e-10 1.541529196911948515e-12
1.750000000000000167e-02 9.337199234336091003e-01 2.641259823181834818e-02 8.053205738712529559e-10 9.505222428216508320e-12
2.000000000000000389e-02 8.991862692849922345e-01 4.423360114195101084e-02 2.289542473201444546e-09 4.381600369470694923e-11
2.250000000000000264e-02 8.567171794588541722e-01 6.663818545919768244e-02 5.598917152745670800e-09 1.611653231568839206e-10
2.500000000000000139e-02 8.095219754236731013e-01 9.252885446188441332e-02 1.212975740853837717e-08 4.972599303443937484e-10
2.750000000000000361e-02 7.613981285980714331e-01 1.187180402988917000e-01 2.388461511062320915e-08 1.340893161125814861e-09
3.000000000000000583e-02 7.154447876496613512e-01 1.369455918369359149e-01 4.354641665301664127e-08 3.272889504690088123e-09
3.250000000000000111e-02 6.735550121315053707e-01 1.427326630101574401e-01 7.435394830923276535e-08 7.453781446952844392e-09
3.500000000000000333e-02 6.365428763001892420e-01 1.426474385901189690e-01 1.199622211285918901e-07 1.621455106573040100e-08
3.750000000000000555e-02 6.044969862232997260e-01 1.428878549497334394e-01 1.827639928736061231e-07 3.465079501559464540e-08
4.000000000000000777e-02 5.771059887616480921e-01 1.440433781074096364e-01 2.616779487437407922e-07 7.301945966944712740e-08
4.250000000000000999e-02 5.538801155273510579e-01 1.460201263576448860e-01 3.456082634639365497e-07 1.529192373301048138e-07
4.500000000000000527e-02 5.342792946618359906e-01 1.483137512583914963e-01 4.137375287559863060e-07 3.061506056121287901e-07
4.750000000000000749e-02 5.177791287680735266e-01 1.504628341135931247e-01 4.437561656058638832e-07 5.643898264550667478e-07
5.000000000000000278e-02 5.039009376214127478e-01 1.521655611797797514e-01 4.426259909644045020e-07 9.249997570168072544e-07
5.250000000000000500e-02 4.922226580012460939e-01 1.532808863338837591e-01 4.413273033369880934e-07 1.354523275041670584e-06
5.500000000000000722e-02 4.823799981838233775e-01 1.534685989920049343e-01 4.753212517597948889e-07 1.809879482385194934e-06
5.750000000000000944e-02 4.740631341772759133e-01 1.529367987639417004e-01 5.669995301201248600e-07 2.258585529596321132e-06
6.000000000000001166e-02 4.670112655083711317e-01 1.511921288349169501e-01 3.384660895960643033e-06 2.153931294363184236e-08
6.250000000000000000e-02 4.610065143573862656e-01 1.478936047379231511e-01 3.668012973840220915e-06 3.484386895475854369e-07
6.500000000000000222e-02 4.558679196718924964e-01 1.435292377718566659e-01 4.248120000152839213e-06 3.982935820329419306e-07
6.750000000000000444e-02 4.514458508174023499e-01 1.380284503293394138e-01 4.822068397679224274e-06 4.649445300586622207e-07
7.000000000000000666e-02 4.476169648987299299e-01 1.313305943012308685e-01 5.434592904269644588e-06 4.954822428065770858e-07
7.250000000000000888e-02 4.442798118504494020e-01 1.231248587186871829e-01 6.037381515098286280e-06 5.309421123523239367e-07
7.500000000000001110e-02 4.413510681009881198e-01 1.158230470044729621e-01 6.641319122435974594e-06 5.540633693357994537e-07
7.750000000000001332e-02 4.387623418940608810e-01 1.080992303217816475e-01 7.206568523667442500e-06 5.992244333809496024e-07
8.000000000000001554e-02 4.364575019069809603e-01 1.005131487318043776e-01 7.772458979104881392e-06 6.225737088203601971e-07
8.250000000000001776e-02 4.343904718560870348e-01 9.390687768164550364e-02 8.312902910501539464e-06 6.466229566305583567e-07
8.500000000000001998e-02 4.325234209930202689e-01 8.888214789497719814e-02 8.827780486976450413e-06 6.688516667316502966e-07
8.750000000000000833e-02 4.308251802088824411e-01 8.414150841110888679e-02 9.304732540246743154e-06 6.998458099909264816e-07
9.000000000000001055e-02 4.292700643655907866e-01 8.053067581599268610e-02 9.758797724290064167e-06 7.235923528471770933e-07
9.250000000000001277e-02 4.278369150581988745e-01 7.798776048856380372e-02 1.019350196530506499e-05 7.363057128784296163e-07
9.500000000000001499e-02 4.265082070222142585e-01 7.591767849708361271e-02 1.059632792962616706e-05 7.508232254359823054e-07
9.750000000000001721e-02 4.252694014976668435e-01 7.474710564728209716e-02 1.096743047540132583e-05 7.677774933959312262e-07
1.000000000000000056e-01 4.241086886585254123e-01 7.315455870436129993e-02 1.130337569407032934e-05 7.917088126682878909e-07
