# time 1 2 D-1 D
0.000000000000000000e+00 9.999999354853638112e-01 7.068784766713665831e-10 8.453509078809679894e-36 5.525340023530640656e-36
2.500000000000000486e-03 9.990701652022128121e-01 4.557479208789616769e-06 8.530308058878419778e-30 1.764491407336141095e-34
5.000000000000000971e-03 9.960373956777675009e-01 9.544148399981864056e-05 1.958117702538140820e-25 3.664638785953499681e-29
7.500000000000001457e-03 9.903276877228026631e-01 6.493935407508803336e-04 7.448439164697097117e-23 6.952405949725776537e-26
1.000000000000000194e-02 9.808099212486323104e-01 2.728517059480247298e-03 5.034482815279643976e-21 1.431597918302120636e-23
1.250000000000000069e-02 9.653264436952927463e-01 8.496727647599145242e-03 1.250080779373763757e-19 8.202951998232900235e-22
1.500000000000000291e-02 9.405564629952740674e-01 2.059206567792891407e-02 1.554032841832723136e-18 1.951624901087822663e-20
1.750000000000000167e-02 9.034393714388030405e-01 3.897418381095741485e-02 1.140257625180257580e-17 2.360227122105993583e-19
2.000000000000000389e-02 8.545039046732038068e-01 5.967237771740623031e-02 5.483037462462921159e-17 1.628308901151682651e-18
2.250000000000000264e-02 7.996949747916505258e-01 7.792479564395012048e-02 1.873062155823158671e-16 6.965397226714215946e-18
2.500000000000000139e-02 7.472904065662907547e-01 9.122961584885017072e-02 4.906493033008475704e-16 1.962869309350503253e-17
2.750000000000000361e-02 7.032086421175600677e-01 9.899594804991086738e-02 1.063551042780969876e-15 3.713409240833809303e-17
3.000000000000000583e-02 6.694215923899982101e-01 1.750777162445836879e-02 2.046378442824156966e-15 4.346399697445196219e-17
3.250000000000000111e-02 6.451509702177545824e-01 1.657602087745357888e-02 3.686702258921071114e-15 2.058273730440467189e-17
3.500000000000000333e-02 6.285168767862114869e-01 1.642982279961570716e-02 6.413998324799760282e-15 1.167399452256101248e-18
3.750000000000000555e-02 6.175592933842481980e-01 1.683882623008297469e-02 1.098097109336270068e-14 9.328358172824390912e-17
4.000000000000000777e-02 6.106468343650632846e-01 1.715164375414725967e-02 1.853291556023321866e-14 4.042049564532771153e-16
4.250000000000000999e-02 6.065521569760236043e-01 1.757972277379360806e-02 2.855891645541928950e-14 1.010486800760622606e-15
4.500000000000000527e-02 6.043967274707088277e-01 1.795263059366185299e-02 3.693501993387746316e-14 1.972634221157678521e-15
4.750000000000000749e-02 6.035669166575708955e-01 1.827447146228918656e-02 4.365711405079911057e-14 3.321964567756512335e-15
5.000000000000000278e-02 6.036380956722744440e-01 1.858853568877939441e-02 4.813114726360141278e-14 5.027174716513952601e-15
5.250000000000000500e-02 6.043165800002874288e-01 1.885651821513178658e-02 4.965720297943428756e-14 7.028709815265003437e-15
5.500000000000000722e-02 6.053988584355287639e-01 1.906079720320891235e-02 4.870654358113442830e-14 9.171551279728767801e-15
5.750000000000000944e-02 6.067429998114087786e-01 1.924744882828205092e-02 4.579198419936343568e-14 1.130674395427177693e-14
6.000000000000001166e-02 6.082485542877066331e-01 1.939659514150086222e-02 4.169835214846140888e-14 1.333024128861110704e-14
6.250000000000000000e-02 6.098474761902551444e-01 1.951630142628116293e-02 3.696996333967106030e-14 1.503314040968652668e-14
6.500000000000000222e-02 6.115005443149028608e-01 1.961493650729159363e-02 3.202385683174949179e-14 1.648060006186651315e-14
6.750000000000000444e-02 6.131378343596993741e-01 1.970276434133609936e-02 2.711691841146374714e-14 1.760334630701169771e-14
7.000000000000000666e-02 6.147708057523035841e-01 1.977706256498126813e-02 2.241036338603554022e-14 1.841573056689341750e-14
7.250000000000000888e-02 6.163677859188126940e-01 1.983951852281281084e-02 1.805154940195698222e-14 1.912898831723511072e-14
7.500000000000001110e-02 6.179255077321036405e-01 1.988671552473466816e-02 1.433436703666358221e-14 1.939103564851143015e-14
7.750000000000001332e-02 6.194265508707909040e-01 1.993405417582929523e-02 1.116579083480498983e-14 1.957495580011188221e-14
8.000000000000001554e-02 6.208700368890961441e-01 1.997701818406823898e-02 8.576383617729517187e-15 1.959776295327161782e-14
8.250000000000001776e-02 6.222523821652345966e-01 2.001340934852166228e-02 6.810976122245169920e-15 1.936618612741322485e-14
8.500000000000001998e-02 6.235771358984171231e-01 2.004527865457241681e-02 5.711400547115211772e-15 1.923032078882259465e-14
8.750000000000000833e-02 6.248384493271799123e-01 2.008250934689976078e-02 1.303024024501692428e-15 1.884847417807764381e-14
9.000000000000001055e-02 6.260403710844203440e-01 2.011550260375153179e-02 9.551149425805284503e-16 1.850198587143739674e-14
9.250000000000001277e-02 6.271817931239870303e-01 2.014389945556711858e-02 8.053050175590858536e-16 1.816526068613371336e-14
9.500000000000001499e-02 6.282656711255795168e-01 2.017408782063104256e-02 6.168592126578538014e-16 1.766789264686806872e-14
9.750000000000001721e-02 6.292931396645579101e-01 2.020934528860972648e-02 5.266268439219141068e-16 1.734128363681238128e-14
1.000000000000000056e-01 6.302670772914661379e-01 2.023622109525351903e-02 4.878087545558559866e-16 1.688363517579915952e-14
