# time 1 2 D-1 D
0.000000000000000000e+00 9.999999479324519491e-01 2.675756740668070588e-08 4.107261133409798628e-35 1.259823443113064646e-35
5.000000000000000104e-04 9.999907750646026550e-01 7.585147231827764149e-06 7.793612478758861963e-31 7.278802091093141312e-33
1.000000000000000021e-03 9.998136755394644304e-01 1.593504036416062205e-04 6.248058334164674117e-28 2.716279694868279605e-29
1.500000000000000248e-03 9.988104360814160643e-01 1.041114147383426962e-03 4.093364192668293229e-26 1.639496456517440420e-27
2.000000000000000042e-03 9.952496640674387551e-01 4.245394045062954660e-03 6.110965060720719331e-25 3.976185478330605012e-26
2.500000000000000052e-03 9.853954880319942822e-01 1.331518699706837373e-02 3.887818088281311449e-24 2.511885159460187094e-25
3.000000000000000496e-03 9.624382421833725942e-01 3.484788338991971074e-02 1.306422972851338217e-23 3.010047243153497791e-25
3.500000000000000507e-03 9.167181553020592455e-01 7.805917902942938191e-02 3.618313033183296236e-23 2.846576745111666740e-25
4.000000000000000083e-03 8.404394950145950283e-01 1.477392859977391115e-01 8.322614818699058584e-23 3.573935344555118969e-26
4.500000000000000527e-03 7.370375897913207242e-01 2.210170782236390574e-01 1.605089839046640430e-22 1.659364946999018149e-24
5.000000000000000104e-03 6.239190632879604292e-01 2.322538225142632140e-01 2.900773175616336019e-22 3.578465793105508179e-23
5.500000000000000548e-03 5.205422368177058390e-01 2.008986490708324912e-01 6.186219310092836647e-22 3.927117730583481341e-22
6.000000000000000992e-03 4.368643240025711361e-01 1.775717330467403154e-01 2.288611183403185663e-21 3.170513651408025761e-21
6.500000000000000569e-03 3.735388712072613693e-01 1.656164699788498784e-01 1.590320180847623546e-20 1.866318026967161308e-20
7.000000000000001013e-03 3.270655212973336834e-01 1.614968264801093512e-01 1.358467570420235786e-19 7.043402249272410318e-20
7.499999999999999722e-03 2.933090828085461732e-01 7.208935207114094967e-02 1.030798396581853822e-18 8.034799099381006530e-20
8.000000000000000167e-03 2.688028170804221406e-01 3.923890898674121941e-02 5.243538233645754867e-18 1.082431125002368784e-19
8.500000000000000611e-03 2.509564610253778305e-01 2.911401153378100418e-02 1.843261769943978168e-17 4.420074471846624539e-18
9.000000000000001055e-03 2.379152587402325603e-01 2.437630164638925068e-02 5.385388647653437492e-17 3.261097865946980253e-17
9.500000000000001499e-03 2.283668570328080405e-01 2.150543103862948002e-02 1.408321972091102889e-16 1.507238395833995588e-16
1.000000000000000021e-02 2.213804935082782643e-01 1.962168138875395110e-02 3.528845374466301564e-16 5.317633749093587683e-16
1.050000000000000065e-02 2.162906988524200547e-01 1.813874360760643623e-02 2.448168046592110296e-15 1.565952242430458485e-15
1.100000000000000110e-02 2.126167551844214965e-01 1.690478735184336445e-02 8.276282530992870268e-14 3.984827125091094731e-15
1.150000000000000154e-02 2.100078277904534330e-01 1.593918732126098012e-02 1.426196266802120458e-13 9.076059011541467723e-15
1.200000000000000198e-02 2.082052955424786300e-01 1.508185976855460839e-02 2.256155321699153616e-13 1.864007159997793683e-14
1.250000000000000069e-02 2.070171051954855790e-01 1.439082889234123350e-02 3.324688887238557316e-13 3.513609365755895700e-14
1.300000000000000114e-02 2.062996896347350784e-01 1.370246282561909251e-02 4.588582581792226078e-13 6.173662600725893302e-14
1.350000000000000158e-02 2.059450254805716141e-01 1.315382551179354424e-02 5.981647856259902981e-13 1.016120450478127709e-13
1.400000000000000203e-02 2.058713619049783727e-01 1.262610080534803947e-02 7.452271662880987820e-13 1.576983448593188511e-13
1.450000000000000247e-02 2.060165338367563048e-01 1.218106466231327033e-02 8.921030677309987679e-13 2.349173796049441787e-13
1.499999999999999944e-02 2.063329645001896473e-01 1.172013606573644139e-02 1.021916166029355468e-12 3.332969554405122510e-13
1.550000000000000162e-02 2.067839257064763570e-01 1.133218296028760778e-02 1.135824389096635296e-12 4.533889325762185537e-13
1.600000000000000033e-02 2.073408661282645504e-01 1.098804240628158818e-02 1.223190845976890412e-12 5.962188494989351426e-13
1.650000000000000078e-02 2.079813231885206670e-01 1.066164856863042847e-02 1.280139326860792922e-12 7.578706042086165238e-13
1.700000000000000122e-02 2.086874134662666802e-01 1.035286543325908588e-02 1.304965950942429658e-12 9.375468072921770441e-13
1.750000000000000167e-02 2.094447364237319864e-01 1.007483566714853854e-02 1.299285177403176826e-12 1.130301506422970818e-12
1.800000000000000211e-02 2.102415558568608567e-01 9.838994813983216112e-03 1.266305700726120008e-12 1.325615702734881755e-12
1.850000000000000255e-02 2.110681742284086782e-01 9.601819033856500221e-03 1.215842337494378901e-12 1.517594478904157748e-12
1.900000000000000300e-02 2.119165346752426016e-01 9.380541204861116839e-03 1.142963312341810495e-12 1.707492919347383029e-12
1.950000000000000344e-02 2.127798793271824807e-01 9.172724103071423080e-03 1.056968640806950868e-12 1.884453194355165557e-12
2.000000000000000042e-02 2.136564304825585847e-01 8.987226539186246935e-03 9.641082146219139558e-13 2.045795125598543973e-12
