# time 1 2 D-1 D
0.000000000000000000e+00 9.999999622688634515e-01 1.005997395668116218e-08 1.365704030464718638e-35 1.544673045377412178e-35
2.500000000000000486e-03 9.999983098291113093e-01 1.045522073052780856e-06 1.866909886958785090e-28 1.024837840528885869e-27
5.000000000000000971e-03 9.999652255146713742e-01 2.343468660012635270e-05 9.303185134899514163e-25 5.789840228548791259e-26
7.500000000000001457e-03 9.997590342417974618e-01 1.769508438958498659e-04 1.815433592660880278e-23 1.217770626027410838e-23
1.000000000000000194e-02 9.989310919471404704e-01 8.443537593527227891e-04 1.165190739462692436e-22 1.613268243945091243e-22
1.250000000000000069e-02 9.963110353273076925e-01 3.086958133880531550e-03 5.845272315328402693e-22 1.114530945325446008e-21
1.500000000000000291e-02 9.893943229008882456e-01 9.239125441244907741e-03 3.188026859064397463e-21 5.402734476758026716e-21
1.750000000000000167e-02 9.742442422036856620e-01 2.274658113328327166e-02 1.865449425338603959e-20 1.524266203529675481e-20
2.000000000000000389e-02 9.475839916636950022e-01 4.374312325378770794e-02 9.163549172802293862e-20 2.130918581807930686e-21
2.250000000000000264e-02 9.107515365470834068e-01 5.958513351887805704e-02 3.554852891005373341e-19 4.106444085042193335e-19
2.500000000000000139e-02 8.701744165995148883e-01 6.454311707651951002e-02 1.124197248709296785e-18 7.271702526677182636e-18
2.750000000000000361e-02 8.326268304914824503e-01 6.961873856631906055e-02 2.785325041028978319e-18 4.876836294669872516e-17
3.000000000000000583e-02 8.016232151686578655e-01 7.564347272473410932e-02 5.009374296051872661e-18 1.838119817507500303e-16
3.250000000000000111e-02 7.776640624276690561e-01 8.154818312938398595e-02 5.800587212289067024e-18 4.421005549793654438e-16
3.500000000000000333e-02 7.597882549681623798e-01 8.652114338188751641e-02 2.512408041203336523e-18 7.232705497714229341e-16
3.750000000000000555e-02 7.466666060088444912e-01 8.989318211662024327e-02 5.811136585189946318e-18 8.157338233858786149e-16
4.000000000000000777e-02 7.370840390393234021e-01 9.046203496661615884e-02 4.538794984338199841e-17 5.855678538767272103e-16
4.250000000000000999e-02 7.300780830587945136e-01 8.088925295479555688e-02 7.597032983813562238e-17 2.085373308237516265e-16
4.500000000000000527e-02 7.249330056921623466e-01 4.021350468622033464e-02 1.413354563680719607e-17 4.539036895659275277e-17
4.750000000000000749e-02 7.211321072625617168e-01 1.519939757189324621e-02 5.112998991300204676e-17 1.066197394441461162e-16
5.000000000000000278e-02 7.183061492959138539e-01 8.504166722378218510e-03 4.348034075031240004e-16 2.241178259992245479e-16
5.250000000000000500e-02 7.161916296302351936e-01 5.775410340013656038e-03 1.530809404234907502e-15 3.153599943607057041e-16
5.500000000000000722e-02 7.145997744583699740e-01 4.407393024951804412e-03 4.328180641037980752e-15 4.933263530203802189e-16
5.750000000000000944e-02 7.133945049923111625e-01 3.640959349576420798e-03 1.109096384160774898e-14 1.186895111972692348e-15
6.000000000000001166e-02 7.124771119027192290e-01 3.151392543625247504e-03 2.599920043467043525e-14 3.104673710519369199e-15
6.250000000000000000e-02 7.117755715323742516e-01 2.775635636740330422e-03 5.539595304536381775e-14 7.078075244008887878e-15
6.500000000000000222e-02 7.112371566118810273e-01 2.529709718576037859e-03 1.074972453751286230e-13 1.370448293280361802e-14
6.750000000000000444e-02 7.108232382502619462e-01 2.319895950706690226e-03 1.914478957765553957e-13 2.332919537412151558e-14
7.000000000000000666e-02 7.105056446945019477e-01 2.168832656331053620e-03 3.146830085579981403e-13 3.584152667673866428e-14
7.250000000000000888e-02 7.102639507598550450e-01 2.064091106567520970e-03 4.844010624338565938e-13 4.877359717707662909e-14
7.500000000000001110e-02 7.100836039906338604e-01 1.972633519113820618e-03 7.095163279901121974e-13 6.156296419351098917e-14
7.750000000000001332e-02 7.099544152207172276e-01 1.880378314266375984e-03 9.747794497134030194e-13 7.061777551379075856e-14
8.000000000000001554e-02 7.098694078507137295e-01 1.834430850218218487e-03 1.300383384685357715e-12 7.382919849794063302e-14
8.250000000000001776e-02 7.098239202889842225e-01 1.781745410782606875e-03 1.669277796802353683e-12 7.019559464016937589e-14
8.500000000000001998e-02 7.098147672903485361e-01 1.730969645541342123e-03 2.068488393351470890e-12 5.942518398882017634e-14
8.750000000000000833e-02 7.098396351970712725e-01 1.697461300583638210e-03 2.493168623353051070e-12 4.361000800337842145e-14
9.000000000000001055e-02 7.098965415511576671e-01 1.676947745362318554e-03 2.911701030374853608e-12 2.773314094565021453e-14
9.250000000000001277e-02 7.099834479524445019e-01 1.652170209168742120e-03 3.385875481046015286e-12 1.766045657571769111e-14
9.500000000000001499e-02 7.100980838700771125e-01 1.627143158479275225e-03 3.778028667664997578e-12 2.056675655712548037e-14
9.750000000000001721e-02 7.102377583877395040e-01 1.613228329324810015e-03 4.288552443621032864e-12 4.320077336661102779e-14
1.000000000000000056e-01 7.103998409768109701e-01 1.600542822242476517e-03 4.671017122493225094e-12 9.120039000351080777e-14
