# time 1 2 D-1 D
0.000000000000000000e+00 9.999999706539985933e-01 5.279803492691128046e-10 2.860683052161118879e-34 3.912045199536572827e-34
2.500000000000000052e-04 9.993853067745094299e-01 8.618970565952851963e-07 3.715890640838989222e-17 2.473002882553188916e-22
5.000000000000000104e-04 9.974101429634111282e-01 1.743339724953952812e-05 1.170094769350644232e-14 1.253866545370233438e-18
7.500000000000001240e-04 9.938482635111360874e-01 1.168696542551930269e-04 3.596531022216824318e-13 1.989517964517917097e-16
1.000000000000000021e-03 9.884063192474346060e-01 4.966548191676567947e-04 4.161765293870174496e-12 7.400949692038403706e-15
1.250000000000000026e-03 9.806554520830085275e-01 1.631484466285107199e-03 2.739403353332741117e-11 1.197872000509155181e-13
1.500000000000000248e-03 9.699413757463751784e-01 4.462876380197711157e-03 1.222787793330448247e-10 1.093981087434474988e-12
1.750000000000000253e-03 9.554317575539140739e-01 1.040052885580530773e-02 4.029745203888708188e-10 6.388265119371341494e-12
2.000000000000000042e-03 9.366246752902154249e-01 2.053799725015397273e-02 1.029956031332762630e-09 2.554114194899575899e-11
2.250000000000000264e-03 9.142802553144180333e-01 3.348229538651949222e-02 2.129051223397662420e-09 7.329408620252460671e-11
2.500000000000000052e-03 8.907187508649294649e-01 4.390752273466297373e-02 3.691256924279036597e-09 1.580828191617091477e-10
2.750000000000000274e-03 8.687154694002231503e-01 4.918388429546373397e-02 5.605077881336442536e-09 2.704324740698641239e-10
3.000000000000000496e-03 8.501231674385427706e-01 5.209977748637757700e-02 7.800421546115285129e-09 3.880275211217758887e-10
3.250000000000000284e-03 8.355022070107605003e-01 5.492118745118877710e-02 1.036678004011807158e-08 4.919164903148559304e-10
3.500000000000000507e-03 8.245450815711057313e-01 5.800269414407511342e-02 1.365065541756084616e-08 5.271371367319386258e-10
3.749999999999999861e-03 8.165933001207532627e-01 6.293120878098001914e-02 1.819008338186943467e-08 4.016600445208088742e-10
4.000000000000000083e-03 8.109539474968210371e-01 5.221312483960384443e-02 2.442893338056797084e-08 1.243028122018101438e-10
4.250000000000000305e-03 8.070326094207163070e-01 1.920684256286661271e-02 3.226560903146231452e-08 7.684629036461393954e-12
4.500000000000000527e-03 8.043643596043580368e-01 1.457640881309350996e-02 4.125202723769592396e-08 2.826060841943001845e-10
4.750000000000000749e-03 8.026021231705274817e-01 1.285665730336647133e-02 5.105658508611606817e-08 7.473400095732546983e-10
5.000000000000000104e-03 8.014928095296827149e-01 1.193920836935794504e-02 6.133453325637712635e-08 1.203211009629817833e-09
5.250000000000000326e-03 8.008535109030826549e-01 1.135265514207117223e-02 7.178220331842020790e-08 1.578179490296634026e-09
5.500000000000000548e-03 8.005524458673608512e-01 1.094508671329251503e-02 8.215115295485034277e-08 1.901762809011116499e-09
5.750000000000000770e-03 8.004944126834467877e-01 1.062801463104289662e-02 9.236338981643456979e-08 2.122867389519755363e-09
6.000000000000000992e-03 8.006103460496578617e-01 1.037612482206445169e-02 1.022371025993024292e-07 2.337135977111325590e-09
6.250000000000000347e-03 8.008498852955021619e-01 1.019902253910364397e-02 1.117331580829501643e-07 2.518248791465641469e-09
6.500000000000000569e-03 8.011761676303087443e-01 1.003336825495517413e-02 1.207867147419695775e-07 2.676862777335395002e-09
6.750000000000000791e-03 8.015619990134016382e-01 9.906489588984613778e-03 1.293572713995334655e-07 2.804003480587367334e-09
7.000000000000001013e-03 8.019873458260001753e-01 9.810348927885115949e-03 1.374353040096809286e-07 2.865320852920795059e-09
7.250000000000001235e-03 8.024373234633432883e-01 9.698204703225769482e-03 1.448755764931110335e-07 2.966149582899526468e-09
7.499999999999999722e-03 8.029009461157784466e-01 9.629120857640310893e-03 1.517165691933265413e-07 3.055250280327713426e-09
7.750000000000000812e-03 8.033700691821000772e-01 9.549005387660484609e-03 1.578521297168651800e-07 3.147515496362807144e-09
8.000000000000000167e-03 8.038386819021894336e-01 9.478185108663616382e-03 1.633980685442217394e-07 3.177066562296841144e-09
8.250000000000000389e-03 8.043024037445053454e-01 9.439670804427062120e-03 1.682502714923155252e-07 3.214450815821613491e-09
8.500000000000000611e-03 8.047580417999562474e-01 9.381755494374071497e-03 1.724290163032691289e-07 3.254408028834635121e-09
8.750000000000000833e-03 8.052033451410262055e-01 9.337949144769668378e-03 1.759420295792785013e-07 3.306737588694729999e-09
9.000000000000001055e-03 8.056367333381122542e-01 9.313631474812197539e-03 1.788334288971471369e-07 3.357960296188361607e-09
9.250000000000001277e-03 8.060571805640466270e-01 9.271233003189252933e-03 1.811755815138628302e-07 3.366631265859235655e-09
9.500000000000001499e-03 8.064640340632190929e-01 9.250073952697775853e-03 1.829849131634991922e-07 3.368624365443257761e-09
9.750000000000001721e-03 8.068569663174279816e-01 9.223710809977745881e-03 1.842749255387262356e-07 3.389024206165782409e-09
1.000000000000000021e-02 8.072405655249057510e-01 9.203225936320296244e-03 1.850904228381140284e-07 3.416325271947819834e-09
