# time 1 2 D-1 D
0.000000000000000000e+00 9.999999446552415572e-01 2.984304733992429724e-08 7.326463691929243961e-36 1.378554112264625826e-36
1.250000000000000243e-03 9.989525496913532754e-01 7.562841278010593690e-06 2.749705377681121322e-29 1.764486012000742454e-34
2.500000000000000486e-03 9.954904892660889626e-01 1.567186268989338867e-04 6.027325354852944573e-25 7.385887976118673733e-29
3.750000000000000729e-03 9.887590726493263871e-01 1.037606346270871947e-03 2.205052779680640169e-22 1.315074268386615221e-25
5.000000000000000971e-03 9.769719834976232642e-01 4.225272713085877208e-03 1.432695440922816110e-20 2.461719923231275336e-23
6.250000000000000347e-03 9.568387249788490312e-01 1.286630574415706732e-02 3.445851396056243356e-19 1.264085542917806168e-21
7.500000000000001457e-03 9.237887709527692337e-01 3.125459915110792575e-02 4.240409489674745374e-18 2.683225799888468253e-20
8.750000000000000833e-03 8.744964250589659649e-01 6.253376140700098174e-02 3.186144921784892305e-17 2.899411784081662761e-19
1.000000000000000194e-02 8.110969052746319630e-01 1.026485023543019931e-01 1.638651322201702081e-16 1.785526128135226758e-18
1.125000000000000132e-02 7.419968028291624718e-01 9.766196524467321560e-02 6.277214692442178111e-16 6.576730135762386916e-18
1.250000000000000069e-02 6.768370245465471502e-01 7.231781056974469213e-02 1.914555995044590387e-15 1.386732688508535242e-17
1.375000000000000180e-02 6.214683629921100572e-01 6.052319527218240347e-02 4.884289759362980991e-15 1.153358144596671248e-17
1.500000000000000291e-02 5.773464112375723545e-01 5.320768669418652480e-02 1.066921932004560757e-14 1.504064888164497074e-18
1.625000000000000056e-02 5.434031038214209852e-01 4.803363872084723263e-02 1.992239753970649573e-14 2.043470833971523679e-16
1.750000000000000167e-02 5.177514959517826032e-01 4.398441674258295186e-02 3.171760726126920263e-14 1.659435697757731297e-15
1.875000000000000278e-02 4.985443034520837813e-01 4.042237351062821088e-02 4.337235394318688889e-14 6.920769798289221692e-15
2.000000000000000389e-02 4.842550827708844707e-01 3.748550189527163901e-02 5.135775488783193913e-14 1.934872590244091540e-14
2.125000000000000500e-02 4.737026968267577520e-01 3.464772113501483897e-02 5.469549635316279707e-14 4.012356912366687621e-14
2.250000000000000264e-02 4.659942055756761126e-01 3.230243494811002591e-02 5.517718524618672056e-14 6.691777729003680016e-14
2.375000000000000375e-02 4.604572372714746398e-01 3.016628272703361993e-02 5.650187475448342228e-14 9.620430645469602169e-14
2.500000000000000139e-02 4.565824567536861944e-01 2.819952381973914526e-02 6.748520386819772918e-14 1.251227822828042540e-13
2.625000000000000250e-02 4.539815493379040223e-01 2.640137760445757792e-02 2.074804831337279133e-13 1.517987321955406657e-13
2.750000000000000361e-02 4.523559839249015613e-01 2.478146547076355913e-02 2.543682899099200091e-13 1.752595665719065538e-13
2.875000000000000472e-02 4.514748413462378318e-01 2.337526493337004421e-02 2.474920545188234775e-13 1.951237514364295012e-13
3.000000000000000583e-02 4.511582769176415431e-01 2.208021913102949096e-02 2.401241831453976683e-13 2.114592738868450664e-13
3.125000000000000000e-02 4.512666473191903060e-01 2.098616198221127382e-02 2.302343828208509952e-13 2.248297497861746389e-13
3.250000000000000111e-02 4.516907850013135994e-01 1.995249061829679552e-02 2.183967740768819002e-13 2.351455160214123731e-13
3.375000000000000222e-02 4.523456819103402471e-01 1.900600490377062773e-02 2.050985045470438077e-13 2.430605247640537242e-13
3.500000000000000333e-02 4.531652405961754670e-01 1.810721451417737077e-02 1.895848277678182681e-13 2.499999962429311630e-13
3.625000000000000444e-02 4.540979984808473646e-01 1.736690543462597255e-02 1.736637845073219911e-13 2.555875822040957272e-13
3.750000000000000555e-02 4.551043638036557093e-01 1.670032637078368992e-02 1.569226845219446539e-13 2.604479882165679908e-13
3.875000000000000666e-02 4.561538732157561227e-01 1.607158696224690250e-02 1.393075829456422091e-13 2.653746041860055388e-13
4.000000000000000777e-02 4.572233092386120967e-01 1.551601066111335005e-02 1.210258806250031102e-13 2.706085461747078678e-13
4.125000000000000888e-02 4.582950795720626691e-01 1.504206287007576505e-02 1.025990191702133058e-13 2.759649081667302758e-13
4.250000000000000999e-02 4.593560111429552673e-01 1.457055610199821036e-02 8.416413062583253054e-14 2.816417261607434015e-13
4.375000000000000416e-02 4.603965772634155962e-01 1.421879133478967314e-02 6.576482326102908621e-14 2.875653152773251211e-13
4.500000000000000527e-02 4.614098308913292534e-01 1.384013170379810691e-02 4.771935106357911641e-14 2.935031913406311221e-13
4.625000000000000638e-02 4.623908918650426192e-01 1.354562387717002207e-02 3.148465505885750223e-14 2.981619166294953990e-13
4.750000000000000749e-02 4.633364976926742651e-01 1.322334516804222690e-02 1.789834454663216784e-14 3.008026466971114406e-13
4.875000000000000860e-02 4.642447146049002993e-01 1.297738886498300999e-02 8.124497351375226606e-15 3.000946576896169780e-13
5.000000000000000278e-02 4.651261603706542402e-01 1.278418720552294309e-02 2.830134922954321167e-15 2.953959976988950585e-13
