# time 1 2 D-1 D
0.000000000000000000e+00 9.999999630739958567e-01 1.551743668367028788e-08 9.392218230169307718e-35 5.842151822289073051e-35
5.000000000000000104e-04 9.964803096339309718e-01 1.942706345057686407e-03 1.007269441939245152e-25 2.119450580044513868e-25
1.000000000000000021e-03 9.833382123974203637e-01 1.031690972174738145e-02 4.367979835183448566e-22 7.797873458127830695e-22
1.500000000000000248e-03 9.550971366265978979e-01 3.072533417604619496e-02 6.316474935985663590e-20 9.487107616545717008e-20
2.000000000000000042e-03 9.040021085982495874e-01 7.135901326543969692e-02 2.208701790444809976e-18 2.976581341042202033e-18
2.500000000000000052e-03 8.217854427714332832e-01 1.406798312210838231e-01 3.654548166756223681e-17 4.637092834727086137e-17
3.000000000000000496e-03 7.057756474313847672e-01 2.389184904082049254e-01 3.684266455546137533e-16 4.839141518707286635e-16
3.500000000000000507e-03 5.667156724214806873e-01 3.359504665280304558e-01 2.715214613945175188e-15 3.977511300143044918e-15
4.000000000000000083e-03 4.268586939277455028e-01 2.929453993803188272e-01 1.519434208365214863e-14 2.825331555891846121e-14
4.500000000000000527e-03 3.060989380024127793e-01 1.195330128681410531e-01 6.858153279771499009e-14 1.825400670215167348e-13
5.000000000000000104e-03 2.126387277105161455e-01 6.673698162950160440e-02 2.401472696021280346e-13 1.096746290214228415e-12
5.500000000000000548e-03 1.451614922479362579e-01 4.607582888437355972e-02 5.618099582274761085e-13 6.132913216717496881e-12
6.000000000000000992e-03 9.843149945648334287e-02 3.427967797220535240e-02 4.020152907290405249e-13 3.122650354145536433e-11
6.500000000000000569e-03 6.682898991028482505e-02 2.629313029722678274e-02 1.358351212683865383e-12 1.382474186196371549e-10
7.000000000000001013e-03 4.570397221365618545e-02 2.033304763639476667e-02 5.348254145948902588e-11 5.131948803080920917e-10
7.499999999999999722e-03 3.162292273670137127e-02 1.583603437843448744e-02 4.600656048683790308e-10 1.623600415211669879e-09
8.000000000000000167e-03 2.220260552594908662e-02 1.243719529758855608e-02 2.309052394123780007e-09 4.572515389457382116e-09
8.500000000000000611e-03 1.584713857953045160e-02 9.833676791176814563e-03 8.744357736212869006e-09 1.173082000557770020e-08
9.000000000000001055e-03 1.150895938594246465e-02 7.845420469647101241e-03 2.699886954733362601e-08 2.779922895991511523e-08
9.500000000000001499e-03 8.506594807635442165e-03 6.274044682067426298e-03 7.295340766411839142e-08 6.139698103219062792e-08
1.000000000000000021e-02 6.397292755749913774e-03 5.065758765983776474e-03 1.750202920820646699e-07 1.272656519898923073e-07
1.050000000000000065e-02 4.892199458104254904e-03 4.112491923318880790e-03 3.774745998202469181e-07 2.492673214240331416e-07
1.100000000000000110e-02 3.801369330443506948e-03 3.364625493066057595e-03 7.534260615071360384e-07 4.643171909687869873e-07
1.150000000000000154e-02 2.998591623569124391e-03 2.770030967681181427e-03 1.405490615530648223e-06 8.272485187624780124e-07
1.200000000000000198e-02 2.398995408071065774e-03 2.293380389819298613e-03 1.133091950361648871e-05 1.416597445924872167e-06
1.250000000000000069e-02 1.944770699009683215e-03 1.913591396232513240e-03 1.631072528146571574e-05 2.341103652719017502e-06
1.300000000000000114e-02 1.596014258068449406e-03 1.606084673179128354e-03 2.271392716528877946e-05 3.746504061893039811e-06
1.350000000000000158e-02 1.324813368320716797e-03 1.357687238616166539e-03 3.076632596354137935e-05 5.821918012324717509e-06
1.400000000000000203e-02 1.111384106013324187e-03 1.152123342811355164e-03 4.049733942934470680e-05 8.804821364354959278e-06
1.450000000000000247e-02 9.415228425894883908e-04 9.865233750240981481e-04 5.198727816827388543e-05 1.298337633962806974e-05
1.499999999999999944e-02 8.049048856966921524e-04 8.473394225936210257e-04 6.503602964379899055e-05 1.869464604575220483e-05
1.550000000000000162e-02 6.939351704721095351e-04 7.307929595937078448e-04 7.981868936713425937e-05 2.631846238799681264e-05
1.600000000000000033e-02 6.029622769775059990e-04 6.344349209502637673e-04 9.564691888358731468e-05 3.626465334928739522e-05
1.650000000000000078e-02 5.277350615116112222e-04 5.549739433566416641e-04 1.130440934881794075e-04 4.894885128140111718e-05
1.700000000000000122e-02 4.650224196293789819e-04 4.867802729280017301e-04 1.308131557103662005e-04 6.479713804245658523e-05
1.750000000000000167e-02 4.123442499292216137e-04 4.292267370249756094e-04 1.493088825107996684e-04 8.418621851597987054e-05
1.800000000000000211e-02 3.677791102777053602e-04 3.797530504158087698e-04 1.682844637791267191e-04 1.073705562036326679e-04
1.850000000000000255e-02 3.298251681297084052e-04 3.382629994422939345e-04 1.876350659687481661e-04 1.349309236453421058e-04
1.900000000000000300e-02 2.972985008556592321e-04 3.026642363708106345e-04 2.067219585861901224e-04 1.666120398274641720e-04
1.950000000000000344e-02 2.692583859320194992e-04 2.716756033945509890e-04 2.252076499044734456e-04 2.028286252264049948e-04
2.000000000000000042e-02 2.449517066498940699e-04 2.446518086547207400e-04 2.439511956215181256e-04 2.435387058782909975e-04
