# time 1 2 D-1 D
0.000000000000000000e+00 9.999999310056729707e-01 4.740174307713824232e-08 2.796620446751227905e-35 1.648679040663741443e-35
5.000000000000000104e-04 9.963170361385247364e-01 1.019988784958312483e-06 4.340151705453203331e-31 2.967361983417494975e-33
1.000000000000000021e-03 9.847271234723438127e-01 2.449421980414359526e-06 8.717176317468675852e-27 2.491047729655935349e-28
1.500000000000000248e-03 9.645319308645654566e-01 4.108063221239062653e-07 3.302703873469312305e-24 2.466446711071169401e-25
2.000000000000000042e-03 9.352260793416780071e-01 2.182543903714753060e-06 2.519764730647598414e-22 3.700443443567044849e-23
2.500000000000000052e-03 8.965517327944604320e-01 3.547728421216682810e-05 7.842709731772869142e-21 1.969115312109607002e-21
3.000000000000000496e-03 8.485459978693639105e-01 1.789099443179963480e-04 1.486798496323003685e-19 5.420722116295202742e-20
3.500000000000000507e-03 7.915774221889565476e-01 5.807311872398617653e-04 1.959033689315077805e-18 9.420755380912822173e-19
4.000000000000000083e-03 7.263656902995800912e-01 1.512804689210913572e-03 2.099236931198568171e-17 1.160083673158677631e-17
4.500000000000000527e-03 6.539763300064087570e-01 3.375872352694971566e-03 1.891365915835076372e-16 1.084678191363634266e-16
5.000000000000000104e-03 5.757866330477349193e-01 6.745709513225014477e-03 1.527860962610891130e-15 8.011280145567870064e-16
5.500000000000000548e-03 4.934560686764497550e-01 1.223626241832052007e-02 1.098873036354529288e-14 4.760779792480826402e-15
6.000000000000000992e-03 4.090166929859372913e-01 2.021436314798630632e-02 7.141895253961487432e-14 2.285431735681636314e-14
6.500000000000000569e-03 3.253104956465262543e-01 3.031251523443692988e-02 4.167442804751154350e-13 8.880067860332954386e-14
7.000000000000001013e-03 2.466332235543000906e-01 4.046976682033829459e-02 2.131697408291318387e-12 2.812823167308867737e-13
7.499999999999999722e-03 1.782582807003813830e-01 4.723877379100683421e-02 9.515371902816555197e-12 7.537437290471230226e-13
8.000000000000000167e-03 1.242185078014420990e-01 4.731330445946099750e-02 3.716476800534071448e-11 1.777957509777978630e-12
8.500000000000000611e-03 8.500352999113583441e-02 3.720627637385146014e-02 1.258530381894193903e-10 3.861359297000700066e-12
9.000000000000001055e-03 5.806408765714866915e-02 7.510924046983146092e-03 3.587671345492960637e-10 8.027992933207894385e-12
9.500000000000001499e-03 3.997027319057054606e-02 8.877974552140684367e-04 7.248339555527612808e-10 1.650106775433481940e-11
1.000000000000000021e-02 2.782114779612623878e-02 2.382933030706969738e-04 3.570170645048728244e-10 3.434123689772736107e-11
1.050000000000000065e-02 1.957032883720408525e-02 1.121889653096785222e-04 8.790018820068871860e-11 7.331635210831512598e-11
1.100000000000000110e-02 1.389815796777984711e-02 6.706930089922294165e-05 1.791154659165826857e-09 1.607783107410143000e-10
1.150000000000000154e-02 9.934738055338116283e-03 5.499500339078417221e-05 7.145779724202951534e-09 3.591553110781078393e-10
1.200000000000000198e-02 7.139134435925178004e-03 5.322259242612721798e-05 2.133719475141269160e-08 8.064759916255031830e-10
1.250000000000000069e-02 5.147966194647520671e-03 6.061608666863609811e-05 5.517872039198947460e-08 1.795859750878383882e-09
1.300000000000000114e-02 3.725990191929785204e-03 6.874219958002637440e-05 1.350362208883014476e-07 3.923423470251245805e-09
1.350000000000000158e-02 2.699989701925192311e-03 8.331827218044816018e-05 3.076693059826992713e-07 8.352783382300254804e-09
1.400000000000000203e-02 1.953301383733212476e-03 1.038169769985673312e-04 6.407361660403368414e-07 1.727795668816431138e-08
1.450000000000000247e-02 1.393378686719577058e-03 1.400394076516647899e-04 1.213020556455407579e-06 3.473141883589957533e-08
1.499999999999999944e-02 9.817026518661496962e-04 1.719348044913720629e-04 2.132014868930595521e-06 6.801406336201758660e-08
1.550000000000000162e-02 6.879031520550479319e-04 1.884379536168649021e-04 3.461588669355990059e-06 1.302865411801315187e-07
1.600000000000000033e-02 4.682301806687628630e-04 2.040059407639929344e-04 5.261845795307541103e-06 2.454081024368863285e-07
1.650000000000000078e-02 3.247000800083673137e-04 1.958897425330891138e-04 7.763117932461141343e-06 4.572854490702408382e-07
1.700000000000000122e-02 2.350023100692009981e-04 1.716555807491846317e-04 1.087516422779036688e-05 8.479780942065296297e-07
1.750000000000000167e-02 1.759698981302718090e-04 1.438602374346851891e-04 1.479159537363290304e-05 1.575160920871454687e-06
1.800000000000000211e-02 1.327764081147885769e-04 1.194737255285417042e-04 1.924061634946536072e-05 2.945447668210256777e-06
1.850000000000000255e-02 9.862565473070831427e-05 9.904872879359890626e-05 2.391437853072062169e-05 5.444072539588137872e-06
1.900000000000000300e-02 7.508314823364844548e-05 7.529985413468559899e-05 2.797355805287978010e-05 1.010941081203315200e-05
1.950000000000000344e-02 5.285585153936376971e-05 5.190714554785735228e-05 3.044173224727843248e-05 1.812331782855855519e-05
2.000000000000000042e-02 3.035094632751637186e-05 3.086957561358083968e-05 3.034571872976161424e-05 3.053114248010544178e-05
