# time 1 2 D-1 D
0.000000000000000000e+00 9.999999310056729707e-01 4.740174307713824232e-08 2.796620446751227905e-35 1.648679040663741443e-35
2.500000000000000486e-03 9.984720637999237036e-01 5.761425413259095803e-09 5.443093929183942101e-31 1.144772812420730214e-35
5.000000000000000971e-03 9.935618338883063227e-01 7.208879787333793527e-08 1.343919787057693616e-26 3.417577341832582733e-31
7.500000000000001457e-03 9.847226786480373084e-01 3.025810130433272529e-08 5.886491958822632291e-24 6.084706436611724833e-28
1.000000000000000194e-02 9.713295009672228142e-01 2.917401555273994764e-07 4.832732081147462878e-22 1.284282269851698592e-25
1.250000000000000069e-02 9.526775621810185113e-01 7.204582573080339183e-06 1.522711804802318909e-20 8.148522209550121022e-24
1.500000000000000291e-02 9.279850700902522176e-01 5.230420896991783939e-05 2.640814121083135718e-19 2.342192008180466486e-22
1.750000000000000167e-02 8.964005865766694336e-01 2.336473041495495072e-04 2.930574340234180400e-18 3.791419505894735274e-21
2.000000000000000389e-02 8.570145292345340282e-01 8.037617929393238523e-04 2.365448394974271797e-17 3.941849588978666439e-20
2.250000000000000264e-02 8.088700309534467836e-01 2.291521201496851678e-03 1.470252281303217455e-16 2.891741658277586421e-19
2.500000000000000139e-02 7.509718726231164876e-01 5.681852018664529380e-03 7.529310189008527896e-16 1.633241950182891889e-18
2.750000000000000361e-02 6.823393964702230141e-01 1.247109435666162412e-02 3.278814947194059646e-15 7.816630940596295508e-18
3.000000000000000583e-02 6.023042617516708441e-01 2.439300128721947139e-02 1.267801035932948029e-14 3.459093859716233704e-17
3.250000000000000111e-02 5.115675247578398421e-01 4.242127492888882884e-02 4.475333985976547483e-14 1.426116442161875962e-16
3.500000000000000333e-02 4.142330236948782440e-01 6.452898443634054459e-02 1.453702388089021734e-13 5.361060473595622190e-16
3.750000000000000555e-02 3.186918569793912304e-01 8.457714531464279040e-02 4.367735327236297684e-13 1.639616797117193602e-15
4.000000000000000777e-02 2.347521923876057515e-01 9.399182810998575610e-02 1.202923593387512272e-12 4.123027434504650506e-15
4.250000000000000999e-02 1.681715871574657462e-01 8.107076307208249677e-02 2.994126454842605159e-12 8.752672740582673758e-15
4.500000000000000527e-02 1.189293213291588436e-01 1.748027013504694499e-02 6.558148141955051411e-12 1.650511028262504870e-14
4.750000000000000749e-02 8.379003736603862773e-02 1.980178361962476891e-03 1.104917817591021183e-11 2.916067669831552970e-14
5.000000000000000278e-02 5.902036830632412245e-02 4.320949671687888505e-04 7.325855588783661046e-12 5.040621146318603922e-14
5.250000000000000500e-02 4.156493328096323020e-02 1.430922540939441189e-04 1.102140979174619139e-12 8.727440678979843056e-14
5.500000000000000722e-02 2.924935735164396755e-02 5.285220274676129612e-05 4.752258418136772787e-15 1.514617033018261799e-13
5.750000000000000944e-02 2.052794153584868928e-02 2.831143934427224327e-05 3.890460546068107504e-13 2.592358943389461505e-13
6.000000000000001166e-02 1.436433747635612428e-02 2.086833301240430117e-05 1.695031337377592883e-12 4.276600556930089170e-13
6.250000000000000000e-02 1.002049495001608274e-02 2.352211385955770009e-05 4.054288093713061614e-12 6.649426224447202338e-13
6.500000000000000222e-02 6.977571106972152611e-03 2.751502507490845479e-05 8.879153251591120726e-12 9.555247648317404329e-13
6.750000000000000444e-02 4.850938047701299459e-03 3.762884916969914310e-05 1.561597229695450664e-11 1.245408147197201674e-12
7.000000000000000666e-02 3.366558458184431332e-03 5.375694971346752117e-05 2.150821210225094312e-11 1.438224445923890876e-12
7.250000000000000888e-02 2.318117603973194555e-03 8.576707398939060372e-05 2.524109861488441634e-11 1.415506111543118711e-12
7.500000000000001110e-02 1.586334806115629117e-03 1.138486966488906182e-04 3.199787765551889778e-11 1.095293071102327002e-12
7.750000000000001332e-02 1.085542747841150221e-03 1.264095667454072662e-04 3.950658125541211046e-11 5.423620753227078851e-13
8.000000000000001554e-02 7.334301733387084887e-04 1.384528682975755861e-04 4.662361036013318353e-11 1.483190618832723885e-13
8.250000000000001776e-02 5.061876759318034323e-04 1.275379958154104060e-04 6.683621599823752231e-11 9.154899839280963484e-13
8.500000000000001998e-02 3.629459142911136186e-04 1.028682801174219118e-04 8.705012469341605283e-11 4.917154924930720312e-12
8.750000000000000833e-02 2.688962374925739688e-04 7.756582904855342060e-05 1.233907519755830705e-10 1.609752772118850186e-11
9.000000000000001055e-02 2.026224378137124341e-04 5.809337937653156727e-05 1.642318627185637978e-10 4.170575311384654286e-11
9.250000000000001277e-02 1.536246022271605738e-04 4.437584878795650648e-05 2.062434103344114350e-10 9.346253819656150499e-11
9.500000000000001499e-02 1.197559953568130522e-04 3.043852410668855903e-05 2.404223163556456851e-10 1.925428810628802706e-10
9.750000000000001721e-02 9.045454354173172262e-05 1.954664025253276941e-05 2.544769260427909634e-10 3.641360554789439849e-10
1.000000000000000056e-01 6.115970222780018912e-05 1.192398727136742403e-05 2.311989700483882050e-10 6.307226500972365146e-10
