# time 1 2 D-1 D
0.000000000000000000e+00 9.999999812060572646e-01 5.673008198730147770e-09 3.479463278433971451e-34 3.726904839282062972e-34
5.000000000000000104e-04 9.999993040585301030e-01 5.549106113748442963e-07 2.720026769019215409e-21 7.717839602563085080e-23
1.000000000000000021e-03 9.999872157639123627e-01 1.061997152456394734e-05 3.797289430518326130e-20 1.073908393089519798e-21
1.500000000000000248e-03 9.999173183865802672e-01 7.132970146034210365e-05 2.288678249975381442e-19 2.749708471651250600e-21
2.000000000000000042e-03 9.996595269969802411e-01 3.035539524464998958e-04 1.097930462193606815e-18 2.917806840369381550e-21
2.500000000000000052e-03 9.989151387160006834e-01 9.935701938316343802e-04 6.534323286131789072e-18 1.157769581339145568e-20
3.000000000000000496e-03 9.971027908449914268e-01 2.708805499438126600e-03 4.322493027703548475e-17 9.040842464193480762e-19
3.500000000000000507e-03 9.932958011459467329e-01 6.362323393910212198e-03 3.060794910036424654e-16 1.697028531646150470e-17
4.000000000000000083e-03 9.864051014975452336e-01 1.301438606321962677e-02 2.151059183641895527e-15 2.151485547360683114e-16
4.500000000000000527e-03 9.757678170854862110e-01 2.324584255052007317e-02 1.274867321907235002e-14 1.766944373689354419e-15
5.000000000000000104e-03 9.618526988143237810e-01 3.630678556676890378e-02 6.337126405455286049e-14 1.035988780322812533e-14
5.500000000000000548e-03 9.463251147430163934e-01 4.984357341981226347e-02 2.531013872099979646e-13 4.282325790304772741e-14
6.000000000000000992e-03 9.312314268744779078e-01 5.982920357243531190e-02 7.939921114611545923e-13 1.247554829003837073e-13
6.500000000000000569e-03 9.180696001850130461e-01 5.947567430981536007e-02 1.942141903956108741e-12 2.568551616831350249e-13
7.000000000000001013e-03 9.074621787837831022e-01 4.559401714363470887e-02 3.686383145693520916e-12 3.783537631526047596e-13
7.499999999999999722e-03 8.993615065645557127e-01 3.065057479233595020e-02 5.368082323674588888e-12 4.077092453676541304e-13
8.000000000000000167e-03 8.933913355288256586e-01 2.143783764349798185e-02 5.847579459064622892e-12 3.273105584644303179e-13
8.500000000000000611e-03 8.890950707439382317e-01 1.642123378528486874e-02 4.460510155324060397e-12 1.896147497872284643e-13
9.000000000000001055e-03 8.860583997595868899e-01 1.328941678669325575e-02 1.902581753441644435e-12 6.259772825022970679e-14
9.500000000000001499e-03 8.839485909451222367e-01 1.133780448165417655e-02 4.075863011876011564e-13 3.838896472231005891e-15
1.000000000000000021e-02 8.825139045539909244e-01 9.949407387733828073e-03 1.780816366637667435e-13 6.991652481600443639e-14
1.050000000000000065e-02 8.815693102627352173e-01 8.944501932114977752e-03 2.607125536565550428e-13 3.267382812452655689e-13
1.100000000000000110e-02 8.809802135619192454e-01 8.193161759064759853e-03 4.982706903508564225e-13 8.465327426714313004e-13
1.150000000000000154e-02 8.806488948292680030e-01 7.610509460437327699e-03 8.619348307924241281e-13 1.694535175517493167e-12
1.200000000000000198e-02 8.805041439377613299e-01 7.162443213613492454e-03 1.283961230462377258e-12 2.914346768857850084e-12
1.250000000000000069e-02 8.804937148354370358e-01 6.794948339675731426e-03 1.689404385973775190e-12 4.519451197567552603e-12
1.300000000000000114e-02 8.805789988772791954e-01 6.508769089745583547e-03 2.002587251841120957e-12 6.487813535466545314e-12
1.350000000000000158e-02 8.807312611940815161e-01 6.259994844042862140e-03 2.181501148572078056e-12 8.765769485753802567e-12
1.400000000000000203e-02 8.809289606275285678e-01 6.063613568037189150e-03 2.205284881770223763e-12 1.128067265234336486e-11
1.450000000000000247e-02 8.811558003119960292e-01 5.887216916125035879e-03 2.088713751871165381e-12 1.394232189031255846e-11
1.499999999999999944e-02 8.813994207624472610e-01 5.750502482567732519e-03 1.858796607168186207e-12 1.666850049486110752e-11
1.550000000000000162e-02 8.816503263748783903e-01 5.633367845525639322e-03 1.552211170409145357e-12 1.935821563759431090e-11
1.600000000000000033e-02 8.819012727945448882e-01 5.525792947060740451e-03 1.208297768248821178e-12 2.195073364094187247e-11
1.650000000000000078e-02 8.821467250747760946e-01 5.440787668922816324e-03 8.746136460456562487e-13 2.436499396089993606e-11
1.700000000000000122e-02 8.823825271555474359e-01 5.372942136039939205e-03 5.722599062309168600e-13 2.654777006668102936e-11
1.750000000000000167e-02 8.826057578699441075e-01 5.305589652771688577e-03 3.251831244966739464e-13 2.849368241348054264e-11
1.800000000000000211e-02 8.828145229791088955e-01 5.253114379089813060e-03 1.483677559905064091e-13 3.013745133403112576e-11
1.850000000000000255e-02 8.830079346903507709e-01 5.203092062140187400e-03 4.988895186992769961e-14 3.150764892330205865e-11
1.900000000000000300e-02 8.831859787733326028e-01 5.166727932928722421e-03 2.871093955749028593e-14 3.259381109624298470e-11
1.950000000000000344e-02 8.833493648998110848e-01 5.131367946421207422e-03 7.948515307042111374e-14 3.339152544512611026e-11
2.000000000000000042e-02 8.834995358267699883e-01 5.098072406604099716e-03 1.928023120166355837e-13 3.396922621548007697e-11
