# lambda 1 2 D-1 D
0.000000000000000000e+00 -8.999999964159520971e+00 -7.000000031121784261e+00 7.000000011785871834e+00 8.999999967116096400e+00
2.500000000000000139e-02 -8.782770621558812607e+00 -6.935898178897600630e+00 6.935988676652481644e+00 8.783482866563025127e+00
5.000000000000000278e-02 -8.580699092761921776e+00 -6.883885196513205074e+00 6.884475003029601581e+00 8.586768853545482472e+00
7.500000000000001110e-02 -8.393484474539022244e+00 -6.843933592617680972e+00 6.845344504653279927e+00 8.415496041573533148e+00
1.000000000000000056e-01 -8.221202823161720019e+00 -6.816038787709869595e+00 6.817812081329565288e+00 8.277631641741228563e+00
1.250000000000000000e-01 -8.064325135260444810e+00 -6.800194522458269830e+00 6.800816715883106767e+00 8.183706559843587414e+00
1.500000000000000222e-01 -7.923746991833510833e+00 -6.796355081714544610e+00 6.794932442765755809e+00 8.145727135273546082e+00
1.750000000000000167e-01 -7.800835784654950089e+00 -6.804376452665724884e+00 6.805691395635587781e+00 8.174023931378609831e+00
2.000000000000000111e-01 -7.697496498107280871e+00 -6.823935957743174185e+00 6.844488265976286456e+00 8.273473498618384880e+00
2.250000000000000056e-01 -7.616242105129309437e+00 -6.854444386867045935e+00 6.925942676517678365e+00 8.442302014850923797e+00
2.500000000000000000e-01 -7.560209250767938371e+00 -6.895010454651604448e+00 7.078163198818325341e+00 8.674133098451060064e+00
2.750000000000000222e-01 -7.532956243317011413e+00 -6.944621485817124906e+00 7.316642768862505974e+00 8.960820965596882459e+00
3.000000000000000444e-01 -7.537770456439950806e+00 -7.002799706370364419e+00 7.609917460409677759e+00 9.294284801329858681e+00
3.250000000000000111e-01 -7.576422349926865252e+00 -7.070740789279113869e+00 7.940668810168855174e+00 9.667292522062638227e+00
3.500000000000000333e-01 -7.648132659643401610e+00 -7.152034228974095242e+00 8.300548946569744402e+00 1.007366523566241412e+01
3.750000000000000000e-01 -7.749857458432671820e+00 -7.251719928773717072e+00 8.683977928558682891e+00 1.050823632676521413e+01
4.000000000000000222e-01 -7.877648503162442140e+00 -7.374040942585269320e+00 9.086780559832737580e+00 1.096672587510604124e+01
4.250000000000000444e-01 -8.027814064937862426e+00 -7.520768274358447414e+00 9.505704905679818850e+00 1.144559853074355438e+01
4.500000000000000111e-01 -8.197345549318454161e+00 -7.691165598029575889e+00 9.938168516751828108e+00 1.194193144425120146e+01
4.750000000000000333e-01 -8.383887824659300492e+00 -7.883048598319309264e+00 1.038209517029700990e+01 1.245330085450754964e+01
5.000000000000000000e-01 -8.585582650814698624e+00 -8.093848317386727942e+00 1.083579956881460227e+01 1.297768834221613155e+01
5.250000000000000222e-01 -8.800928863439684946e+00 -8.321185622599065468e+00 1.129790243877993738e+01 1.351340482039601021e+01
5.500000000000000444e-01 -9.028686250481351649e+00 -8.563034065875369194e+00 1.176726635472441096e+01 1.405902947061842134e+01
5.750000000000000666e-01 -9.267812812376686082e+00 -8.817710918935830477e+00 1.224294659696795406e+01 1.461336085004788998e+01
6.000000000000000888e-01 -9.517424578581962891e+00 -9.083810411995131062e+00 1.272415315175775774e+01 1.517537773628890463e+01
6.250000000000000000e-01 -9.776770944178302614e+00 -9.360143429310351593e+00 1.321022100827200063e+01 1.574420769744094528e+01
6.500000000000000222e-01 -1.004521340521178985e+01 -9.645694391355629449e+00 1.370058691125582229e+01 1.631910177171309329e+01
6.750000000000000444e-01 -1.032221143829324461e+01 -9.939581685054520221e+00 1.419477090913506956e+01 1.689941397974987325e+01
7.000000000000000666e-01 -1.060730943356754707e+01 -1.024103590733370339e+01 1.469236172669036833e+01 1.748458466814490109e+01
7.250000000000000888e-01 -1.090012508711151895e+01 -1.054937905049919777e+01 1.519300502799416464e+01 1.807412690067438987e+01
7.500000000000000000e-01 -1.120033834124315675e+01 -1.086400931895868993e+01 1.569639396865205327e+01 1.866761528416197891e+01
7.750000000000000222e-01 -1.150768036464647182e+01 -1.118438881913651528e+01 1.620226153100992050e+01 1.926467674815694764e+01
8.000000000000000444e-01 -1.182192069728719375e+01 -1.151003891305860805e+01 1.671037430330753892e+01 1.986498290007598655e+01
8.250000000000000666e-01 -1.214285661201671829e+01 -1.184052309961125005e+01 1.722052737284845136e+01 2.046824365688715019e+01
8.500000000000000888e-01 -1.247029624391188207e+01 -1.217545294083415541e+01 1.773254008594764386e+01 2.107420191611075921e+01
8.750000000000000000e-01 -1.280404544930194177e+01 -1.251447483905675639e+01 1.824625258500422120e+01 2.168262907701177866e+01
9.000000000000000222e-01 -1.314389681418867539e+01 -1.285726594229587860e+01 1.876152287004993013e+01 2.229332126047845364e+01
9.250000000000000444e-01 -1.348961530666878517e+01 -1.320353584090223720e+01 1.927822439947739852e+01 2.290609610566790977e+01
9.500000000000000666e-01 -1.384093492992392171e+01 -1.355301949480184120e+01 1.979624403285101053e+01 2.352079004483383429e+01
9.750000000000000888e-01 -1.419755802371038556e+01 -1.390547557735905571e+01 2.031548025492228504e+01 2.413725597627265529e+01
1.000000000000000000e+00 -1.455916075031271006e+01 -1.426068362486789809e+01 2.083584178889283223e+01 2.475536127007233844e+01
