# time 1 2 D-1 D
0.000000000000000000e+00 9.999999683437932330e-01 2.264955993829339471e-08 2.394511379983769356e-34 9.262895484479626632e-35
1.250000000000000243e-03 9.999985525933722252e-01 3.441236645834193703e-08 6.249838107794190165e-20 1.128121022970332040e-21
2.500000000000000486e-03 9.999772774703910017e-01 9.772692274013617086e-07 4.434834819678257947e-20 6.367524741189825572e-21
3.750000000000000729e-03 9.998823049411591501e-01 8.031963534274201075e-06 7.006665895223277119e-20 1.700654724020755877e-19
5.000000000000000971e-03 9.996036891381026024e-01 4.104432786874198484e-05 1.646816866763636772e-18 5.759718654065646131e-19
6.250000000000000347e-03 9.989253416993898460e-01 1.622514020728600074e-04 1.976295765371477569e-16 1.110171554513922513e-18
7.500000000000001457e-03 9.974199277758294402e-01 5.463181003773951534e-04 6.299211727269817628e-15 6.127291989682180640e-20
8.750000000000000833e-03 9.942428782843364399e-01 1.634137516042757704e-03 1.163616552301812132e-13 3.951009104989238034e-17
1.000000000000000194e-02 9.877630825777096168e-01 4.437193702873884829e-03 1.517259929525703138e-12 5.651445408711523307e-16
1.125000000000000132e-02 9.750134790425790676e-01 1.100795751421515707e-02 1.738161598148253904e-11 2.102482750949839901e-15
1.250000000000000069e-02 9.511526642739368542e-01 2.488014854283032012e-02 1.576003954970802619e-10 3.823590787021120341e-16
1.375000000000000180e-02 9.101365551396746190e-01 5.029375247799878351e-02 6.560026755960307122e-10 3.929187258245401015e-14
1.500000000000000291e-02 8.469790959705767452e-01 8.985164101164669348e-02 1.890473218209003282e-09 7.343447861730830632e-13
1.625000000000000056e-02 7.638539066720243520e-01 1.385670350118191341e-01 4.479396164687425236e-09 5.262724995936255596e-12
1.750000000000000167e-02 6.719437108880210729e-01 1.827266924826159711e-01 9.185252779255164262e-09 2.382310429999147313e-11
1.875000000000000278e-02 5.852216391999746081e-01 2.080408252929643320e-01 1.679386626459699082e-08 8.017839131076664744e-11
2.000000000000000389e-02 5.088717182143276396e-01 2.126247344193199496e-01 2.794958957953970112e-08 2.178531911918290934e-10
2.125000000000000500e-02 4.458238239306687167e-01 2.000840561174066223e-01 4.315038861712015124e-08 5.029146619618784909e-10
2.250000000000000264e-02 3.934804354314213048e-01 1.798954282370255897e-01 6.252972558793786368e-08 1.021184544983008950e-09
2.375000000000000375e-02 3.503559157175853978e-01 1.580574109084400547e-01 8.610520404544407327e-08 1.870102449187278856e-09
2.500000000000000139e-02 3.137279225480736344e-01 1.381298646672846908e-01 1.134374524384709830e-07 3.147574965610164205e-09
2.625000000000000250e-02 2.821985898396225934e-01 1.212798781612921817e-01 1.441062670838199676e-07 4.940534653579128550e-09
2.750000000000000361e-02 2.544820994761007871e-01 1.073156563175124700e-01 1.773855440679832990e-07 7.314528224628596963e-09
2.875000000000000472e-02 2.301326419488504693e-01 9.573778207759524317e-02 2.126729389552395283e-07 1.030826496034448216e-08
3.000000000000000583e-02 2.084794046732155459e-01 8.615241173190561763e-02 2.491974083881714322e-07 1.393104143245288196e-08
3.125000000000000000e-02 1.885134562639821099e-01 7.855073750063963633e-02 2.863942438884718618e-07 1.816375973401083209e-08
3.250000000000000111e-02 1.710346924892374720e-01 7.139389033257831363e-02 3.239540788611697769e-07 2.296322261919104023e-08
3.375000000000000222e-02 1.549871644741391552e-01 6.535727459704314402e-02 3.608186036494241169e-07 2.826708720260299736e-08
3.500000000000000333e-02 1.400977727068256629e-01 6.028344760960797910e-02 3.964330980879338504e-07 3.399973070865261219e-08
3.625000000000000444e-02 1.260763918881046275e-01 5.604675378183168744e-02 4.314700113103148333e-07 4.007785671386797638e-08
3.750000000000000555e-02 1.133763695591798182e-01 5.197741936932363110e-02 4.644045256295250037e-07 4.641575926868834306e-08
3.875000000000000666e-02 1.016794337637497853e-01 4.828952443129615191e-02 4.959946574277368040e-07 5.292958518485690208e-08
4.000000000000000777e-02 9.084797491459541130e-02 4.487734012715362264e-02 5.256333882268467362e-07 5.954048804358943960e-08
4.125000000000000888e-02 8.031160098138949432e-02 4.220184996307398129e-02 5.536741230498098070e-07 6.617678957137652996e-08
4.250000000000000999e-02 7.080100115139459360e-02 3.959919191512137338e-02 5.794852514894454828e-07 7.277552964112928444e-08
4.375000000000000416e-02 6.208182849297964184e-02 3.702590058622160646e-02 6.033584767408694920e-07 7.928265384009682723e-08
4.500000000000000527e-02 5.396350988035223534e-02 3.480114672472446602e-02 6.258575102490314329e-07 8.565401049049914139e-08
4.625000000000000638e-02 4.647406114906758867e-02 3.291392635260886185e-02 6.463981360729953730e-07 9.185415847103224320e-08
4.750000000000000749e-02 3.980959007455347337e-02 3.115102379378451025e-02 6.647011247094890016e-07 9.785423632282083264e-08
4.875000000000000860e-02 3.400336322041249554e-02 2.943324386482081695e-02 6.819175387921389360e-07 1.036340606117653302e-07
5.000000000000000278e-02 2.882609189298407024e-02 2.800057497357908223e-02 6.982092034048922017e-07 1.091970095318338570e-07
