# time 1 2 D-1 D
0.000000000000000000e+00 9.999999283442422282e-01 2.239883633489326090e-08 4.447958412014668419e-35 8.137543314559602927e-37
5.000000000000000104e-04 9.991759957055428298e-01 1.155417970670568615e-05 1.907132749492191430e-29 5.805667875552909230e-35
1.000000000000000021e-03 9.963309189872532334e-01 2.358106275192266657e-04 4.332718032581885980e-25 1.092250666791822179e-29
1.500000000000000248e-03 9.903279604371202360e-01 1.481808585912206379e-03 1.689133430800835955e-22 2.127737822275716989e-26
2.000000000000000042e-03 9.787395238903555672e-01 5.788897507456107830e-03 1.232085933555820116e-20 4.914262104523988200e-24
2.500000000000000052e-03 9.570557523694362967e-01 1.717155323006622908e-02 3.536037492973094751e-19 3.494058212990559135e-22
3.000000000000000496e-03 9.182720460031250642e-01 4.182508497886972682e-02 5.575342168359944910e-18 1.193219434264763530e-20
3.500000000000000507e-03 8.544611855603564399e-01 8.609940430825958890e-02 5.764709553873234353e-17 2.477859016406862968e-19
4.000000000000000083e-03 7.621520381732203031e-01 1.512023746710687566e-01 4.328933487970827767e-16 3.611688740518606357e-18
4.500000000000000527e-03 6.488605445760005086e-01 2.269340002322382532e-01 2.524215642080644915e-15 4.051673611597338183e-17
5.000000000000000104e-03 5.318094447912066203e-01 2.908618213693825449e-01 1.193889988667145034e-14 3.708768322041780500e-16
5.500000000000000548e-03 4.273335536470147522e-01 2.194169184958529306e-01 4.689900967960767982e-14 2.860882558986501474e-15
6.000000000000000992e-03 3.430654042818715443e-01 1.055693410477388794e-01 1.542534105252854410e-13 1.874995960157734311e-14
6.500000000000000569e-03 2.788860259081672455e-01 6.906593398664143124e-02 4.224059186561082163e-13 1.020815989399386943e-13
7.000000000000001013e-03 2.312197260801649723e-01 4.923942587966207568e-02 9.545264465638795614e-13 4.486769025486660402e-13
7.499999999999999722e-03 1.960014603744001105e-01 3.441095840279016771e-02 1.817557862255075133e-12 1.547626710525379181e-12
8.000000000000000167e-03 1.698296115028697095e-01 2.379516716889046313e-02 3.121516588099210626e-12 4.254590058167047394e-12
8.500000000000000611e-03 1.501610785295686701e-01 1.773547929537423393e-02 5.202024965955875093e-12 9.747138842201940314e-12
9.000000000000001055e-03 1.351788004137463028e-01 1.407377441142834522e-02 9.638854306151439624e-12 1.949115902028005064e-11
9.500000000000001499e-03 1.236035843732557898e-01 1.195837061975919130e-02 2.532080410710984522e-11 3.518822010200962898e-11
1.000000000000000021e-02 1.145348087721496655e-01 1.056095096193573543e-02 8.770204002988856208e-11 5.870984215810769903e-11
1.050000000000000065e-02 1.073334494730530247e-01 9.512293326668268614e-03 1.450176763182912251e-10 9.202381943313116566e-11
1.100000000000000110e-02 1.015410502411538268e-01 8.796726581431508346e-03 1.977625540487876925e-10 1.371355731059554012e-10
1.150000000000000154e-02 9.682448787617098374e-02 8.235128070203375644e-03 2.452126355622616247e-10 1.960614185871534756e-10
1.200000000000000198e-02 9.293859538727389236e-02 7.749618015229513615e-03 3.247629747214930343e-10 2.708213028351703407e-10
1.250000000000000069e-02 8.970070622445625030e-02 7.309368608073824915e-03 3.861533102542515552e-10 3.634434843691118310e-10
1.300000000000000114e-02 8.697315799276762738e-02 6.992511079879277537e-03 4.478640760369659704e-10 4.759531998861995746e-10
1.350000000000000158e-02 8.465109664703962533e-02 6.699343764804011753e-03 4.980653630878280315e-10 6.103328269938418060e-10
1.400000000000000203e-02 8.265391716827444335e-02 6.420445958022523610e-03 5.531281642103791010e-10 7.684176932964900697e-10
1.450000000000000247e-02 8.091912598877372409e-02 6.199065408729125329e-03 5.875377155410911766e-10 9.517214321958684560e-10
1.499999999999999944e-02 7.939788712250309133e-02 6.013755841420326612e-03 5.915063252999010773e-10 1.161167759670318050e-09
1.550000000000000162e-02 7.805176295661110653e-02 5.801411013487313070e-03 5.981400975109092037e-10 1.396719330737677421e-09
1.600000000000000033e-02 7.685030608391933693e-02 5.642450701625012673e-03 5.885115949124319092e-10 1.657002791074103317e-09
1.650000000000000078e-02 7.576925231241948833e-02 5.480631847741266639e-03 5.971518221464409334e-10 1.938954475493395440e-09
1.700000000000000122e-02 7.478915014941213413e-02 5.340126574058491442e-03 5.510224547631826394e-10 2.237625314354944470e-09
1.750000000000000167e-02 7.389431519370386059e-02 5.243000582510329299e-03 5.007480343722773315e-10 2.546283283823358401e-09
1.800000000000000211e-02 7.307203530511859058e-02 5.112978215515367499e-03 4.227810260425866414e-10 2.856889301017529998e-09
1.850000000000000255e-02 7.231195054310789183e-02 5.016610305275556042e-03 3.476214616354759422e-10 3.160858994126670931e-09
1.900000000000000300e-02 7.160557090331640118e-02 4.904610628183795999e-03 2.816325587343554165e-10 3.450027985924555431e-09
1.950000000000000344e-02 7.094622942497912088e-02 4.796834003957801788e-03 2.209668562264900213e-10 3.717474470648722024e-09
2.000000000000000042e-02 7.032988989478992925e-02 4.737522304872027884e-03 1.589534479116742530e-10 3.957764945978352207e-09
