# time 1 2 D-1 D
0.000000000000000000e+00 9.999999618621994157e-01 4.609908130330389586e-09 6.348404178409616473e-36 4.538877562112556972e-36
5.000000000000000104e-04 9.984653505280469687e-01 3.695659250647342203e-06 2.935603624459956398e-26 1.478479399232250706e-23
1.000000000000000021e-03 9.934646403796673075e-01 8.730999215677547900e-05 3.986036019649899439e-22 7.914118070858385665e-20
1.500000000000000248e-03 9.840439286924345108e-01 6.683943553883416912e-04 1.223001155179158757e-19 1.293788626591147439e-17
2.000000000000000042e-03 9.681769982116323892e-01 3.126379243537533333e-03 7.084146731416003065e-18 4.904081508995552017e-16
2.500000000000000052e-03 9.415323510771546056e-01 1.080356404942956101e-02 1.545724843925418127e-16 8.091499362246488065e-15
3.000000000000000496e-03 8.966794340533511543e-01 2.910456955614515104e-02 1.706386894483154381e-15 7.699566388371927542e-14
3.500000000000000507e-03 8.268655077263439290e-01 6.063577956453736206e-02 1.075259045517958081e-14 4.948302733114938256e-13
4.000000000000000083e-03 7.361566661122198596e-01 9.741295361135848818e-02 3.799997923843541705e-14 2.391541640632777198e-12
4.500000000000000527e-03 6.415949574325074956e-01 1.285560413683666803e-01 5.286719200952730698e-14 9.433489468321311952e-12
5.000000000000000104e-03 5.592785514222153864e-01 1.493444625124960845e-01 1.320848139466224699e-14 3.216931402532415572e-11
5.500000000000000548e-03 4.950845676060136591e-01 1.618972417225373051e-01 2.815816751245907025e-12 9.683117013226543685e-11
6.000000000000000992e-03 4.475992615190735879e-01 1.688643696051428111e-01 3.584991100253875749e-11 2.514743444210482043e-10
6.500000000000000569e-03 4.131102938383719447e-01 1.714262563957731356e-01 2.060356606104535751e-10 5.489836486840359086e-10
7.000000000000001013e-03 3.880618946395187896e-01 1.713910328495626967e-01 6.932768421536671860e-10 1.024161075478146623e-09
7.499999999999999722e-03 3.697069346022833214e-01 1.695198529740918891e-01 1.580988492990081964e-09 1.702951578463136891e-09
8.000000000000000167e-03 3.560807333481668113e-01 1.659637094935293988e-01 2.766833823756098231e-09 2.612184022739426239e-09
8.500000000000000611e-03 3.458164789801299599e-01 1.608604050337840985e-01 4.089672835991529733e-09 3.760246017833504550e-09
9.000000000000001055e-03 3.379688062986194730e-01 1.711586861254530550e-02 5.486145411010660178e-09 5.071777013649601672e-09
9.500000000000001499e-03 3.318808830478394700e-01 1.336451723808211069e-02 6.839716595737591434e-09 6.552857974909313531e-09
1.000000000000000021e-02 3.270918648211834645e-01 1.295743410838322458e-02 8.164801261031122820e-09 8.102661372039767750e-09
1.050000000000000065e-02 3.232745717415332343e-01 1.181824840113377545e-02 9.416205201859198251e-09 9.698568620666428808e-09
1.100000000000000110e-02 3.201937209630560943e-01 1.120552286458221733e-02 1.055502953013564425e-08 1.133014758898941072e-08
1.150000000000000154e-02 3.176779083029409034e-01 1.056739603145987784e-02 1.161672321504028776e-08 1.292754248012910148e-08
1.200000000000000198e-02 3.156006030385919980e-01 1.013607629347963029e-02 1.263572122925208787e-08 1.443440225417480910e-08
1.250000000000000069e-02 3.138673305374513611e-01 9.711018195425852664e-03 1.351352902309725987e-08 1.593669564502323687e-08
1.300000000000000114e-02 3.124067147035452519e-01 9.251005914722668783e-03 1.430206305662939670e-08 1.737577341551048032e-08
1.350000000000000158e-02 3.111642458874973594e-01 8.938885680318630136e-03 1.499010422451935458e-08 1.876047308930481690e-08
1.400000000000000203e-02 3.100978696686989555e-01 8.701738617849905447e-03 1.559461393828232178e-08 2.007380137639622041e-08
1.450000000000000247e-02 3.091748270089773598e-01 8.459772731969388698e-03 1.607479977049484381e-08 2.135843809760319530e-08
1.499999999999999944e-02 3.083693830623362997e-01 8.230122112126451658e-03 1.655478338756319270e-08 2.249360679135596576e-08
1.550000000000000162e-02 3.076611519508622439e-01 8.039210840098585942e-03 1.706157575480038430e-08 2.345622016945413154e-08
1.600000000000000033e-02 3.070338673299903842e-01 7.906409526108238231e-03 1.745845645203727369e-08 2.438828903822089189e-08
1.650000000000000078e-02 3.064744142745287059e-01 7.739294304469194509e-03 1.769494420394169036e-08 2.534616546816217450e-08
1.700000000000000122e-02 3.059721958346326987e-01 7.608914987185407680e-03 1.797095226430585518e-08 2.613671562952693960e-08
1.750000000000000167e-02 3.055185768908583732e-01 7.499946574084354230e-03 1.827007092996448063e-08 2.678420375379507959e-08
1.800000000000000211e-02 3.051064450817530527e-01 7.357710050096848489e-03 1.854387253876386184e-08 2.734448303246694325e-08
1.850000000000000255e-02 3.047299634770020416e-01 7.284030344301438420e-03 1.865050663908434774e-08 2.796847589244641548e-08
1.900000000000000300e-02 3.043842755321374272e-01 7.194485134809807010e-03 1.884455928873097885e-08 2.841027869611424177e-08
1.950000000000000344e-02 3.040653389717112298e-01 7.102719981682019054e-03 1.909369269658982063e-08 2.871009722011401647e-08
2.000000000000000042e-02 3.037700703858904339e-01 7.034298889041995864e-03 1.912422632932938010e-08 2.914964348868779903e-08
