# time 1 2 D-1 D
0.000000000000000000e+00 9.999999283442422282e-01 2.239883633489326090e-08 4.447958412014668419e-35 8.137543314559602927e-37
5.000000000000000104e-04 9.991851648400010832e-01 3.964142280276936507e-06 1.906397329690812748e-29 1.709050117415414596e-34
1.000000000000000021e-03 9.965086251622070623e-01 8.681242360536766984e-05 4.299803536241809253e-25 6.364941870885377332e-29
1.500000000000000248e-03 9.913958017407827894e-01 5.797029260471509363e-04 1.644596302407849392e-22 1.277757558404139694e-25
2.000000000000000042e-03 9.826976502405562197e-01 2.414947569038663599e-03 1.154177833583534402e-20 2.924190853335871565e-23
2.500000000000000052e-03 9.681793890558798577e-01 7.670451194581777779e-03 3.100829716677246191e-19 1.972289410375329355e-21
3.000000000000000496e-03 9.440177964443864367e-01 2.007176871866623441e-02 4.424655413342957988e-18 5.976069382428478482e-20
3.500000000000000507e-03 9.052266722558669487e-01 4.448204520871198997e-02 3.985912250967857740e-17 1.019327770540652579e-18
4.000000000000000083e-03 8.485221632339318143e-01 8.416034521962513504e-02 2.507932767334899700e-16 1.123470032625856845e-17
4.500000000000000527e-03 7.769152094739300018e-01 1.361292326317792012e-01 1.182087661743329819e-15 8.820423291927009064e-17
5.000000000000000104e-03 7.004524894130333967e-01 1.880327158188334347e-01 4.387809098333514736e-15 5.310114831655369524e-16
5.500000000000000548e-03 6.302689066475472002e-01 1.523902483001728925e-01 1.321836378369447760e-14 2.593331039209359510e-15
6.000000000000000992e-03 5.727303644630646895e-01 7.958894557089725430e-02 3.270289536452665882e-14 1.064471123135996774e-14
6.500000000000000569e-03 5.289268202329436841e-01 5.709502509873483345e-02 6.616464249163647084e-14 3.691573536581231438e-14
7.000000000000001013e-03 4.970804455278106659e-01 4.458434268202544903e-02 1.084717321911308317e-13 1.068037543109694888e-13
7.499999999999999722e-03 4.746106227314502157e-01 3.391541837603075787e-02 1.478685937927324070e-13 2.528057066410108660e-13
8.000000000000000167e-03 4.591240492793348116e-01 2.532346863334142967e-02 1.823923513392331663e-13 4.957173302393594784e-13
8.500000000000000611e-03 4.487077742207908337e-01 2.021699380299961726e-02 2.231682635774851720e-13 8.364092198028591730e-13
9.000000000000001055e-03 4.419284844552033298e-01 1.704703551401147432e-02 3.201798749537750566e-13 1.264529866919229372e-12
9.500000000000001499e-03 4.377435667003838349e-01 1.528001635925619814e-02 7.140960688671349231e-13 1.765942045828366630e-12
1.000000000000000021e-02 4.354039418050795751e-01 1.414276382064248022e-02 2.241219924058294831e-12 2.326763301055738896e-12
1.050000000000000065e-02 4.343735168659188517e-01 1.327563635583014351e-02 3.135866617960961292e-12 2.935078517308688071e-12
1.100000000000000110e-02 4.342682694826883183e-01 1.273461618754222896e-02 3.543238117810255051e-12 3.581599442981197304e-12
1.150000000000000154e-02 4.348125115362377890e-01 1.231733532481547877e-02 3.678928516539914070e-12 4.259935915909174594e-12
1.200000000000000198e-02 4.358070715806388606e-01 1.193712225639526753e-02 4.104730291355100876e-12 4.965303138818643077e-12
1.250000000000000069e-02 4.371080466615647198e-01 1.156436443134752426e-02 4.177601302570182070e-12 5.695016457015881072e-12
1.300000000000000114e-02 4.386109521703773217e-01 1.133681281330040092e-02 4.189671422864325352e-12 6.447299569129640112e-12
1.350000000000000158e-02 4.402398881045889167e-01 1.110947783821622514e-02 4.068117974406981253e-12 7.220435085569597002e-12
1.400000000000000203e-02 4.419395081833732419e-01 1.087309797541560416e-02 3.969584834966114048e-12 8.011529917304170327e-12
1.450000000000000247e-02 4.436696660089667898e-01 1.070531590336689168e-02 3.730983894237427432e-12 8.815612367876845220e-12
1.499999999999999944e-02 4.454015760173073990e-01 1.057649398941416102e-02 3.343503453445216150e-12 9.625118416176379170e-12
1.550000000000000162e-02 4.471144619324841085e-01 1.038152433823787829e-02 3.014501424852010748e-12 1.042779991009640136e-11
1.600000000000000033e-02 4.487937790397174553e-01 1.026181103175930268e-02 2.648922776228782426e-12 1.120855871130838546e-11
1.650000000000000078e-02 4.504295253403104993e-01 1.012193685174186605e-02 2.391757016784651575e-12 1.194699039442725432e-11
1.700000000000000122e-02 4.520148254693935885e-01 1.000643851148987074e-02 1.965978538888494182e-12 1.261995956634223903e-11
1.750000000000000167e-02 4.535455513017645490e-01 9.957720948815194581e-03 1.582239322780689911e-12 1.320534102949407079e-11
1.800000000000000211e-02 4.550193149492552380e-01 9.838605654829767067e-03 1.175156420800706921e-12 1.368197480117714350e-11
1.850000000000000255e-02 4.564350559874641444e-01 9.771642822290172239e-03 8.376388375745724614e-13 1.403401549745300774e-11
1.900000000000000300e-02 4.577928345667967580e-01 9.666805689436896998e-03 5.742751013185611882e-13 1.425475261891276204e-11
1.950000000000000344e-02 4.590932758246746848e-01 9.561420572264464277e-03 3.668170207727529990e-13 1.434352063089500584e-11
2.000000000000000042e-02 4.603385534164950443e-01 9.540687357717422476e-03 2.023543582690433736e-13 1.430986533934810448e-11
