# time 1 2 D-1 D
0.000000000000000000e+00 9.999999618621994157e-01 4.609908130330389586e-09 6.348404178409616473e-36 4.538877562112556972e-36
1.250000000000000243e-03 9.984612545319112575e-01 6.279041431791799185e-06 1.678236062855230776e-26 1.479766132803855464e-23
2.500000000000000486e-03 9.933788475808591478e-01 1.442456797379289063e-04 1.983267191615486769e-22 7.971258003794657263e-20
3.750000000000000729e-03 9.834771846875796086e-01 1.064602807886699158e-03 5.853637283874733305e-20 1.327946937861704457e-17
5.000000000000000971e-03 9.658760745639000111e-01 4.768834752858088812e-03 3.335887691618877985e-18 5.238066322404744658e-16
6.250000000000000347e-03 9.345584711944998624e-01 1.570695646932913220e-02 7.188097102172945882e-17 9.263286917945050135e-15
7.500000000000001457e-03 8.798098192979916243e-01 4.023759629555019590e-02 7.707697131078082081e-16 9.789623063038812893e-14
8.750000000000000833e-03 7.937345951474235051e-01 7.965723335181090770e-02 4.349980566168199296e-15 7.241695931299743125e-13
1.000000000000000194e-02 6.827744652402512049e-01 1.215327853849696577e-01 9.692032772154960650e-15 4.140976147739771981e-12
1.125000000000000132e-02 5.687345410547056668e-01 1.524378507429816343e-01 7.927890783549560882e-16 1.955283049189790674e-11
1.250000000000000069e-02 4.708463595512157318e-01 1.687105950774998309e-01 7.688078606389641957e-13 7.929671739730019750e-11
1.375000000000000180e-02 3.953435574269252850e-01 1.750803378501578078e-01 1.617176643790261383e-11 2.784454182421329649e-10
1.500000000000000291e-02 3.398736493003943759e-01 1.759114803154820939e-01 1.591720977061703899e-10 8.258535862916487739e-10
1.625000000000000056e-02 2.996861954645952397e-01 1.731298783037904243e-01 9.014445546584487144e-10 2.030192138302785873e-09
1.750000000000000167e-02 2.704563307780287196e-01 1.688963704346259642e-01 3.206001621190145886e-09 4.233946370098894411e-09
1.875000000000000278e-02 2.489333677598250805e-01 1.639545400558501675e-01 7.917114922252805479e-09 7.829742153149373710e-09
2.000000000000000389e-02 2.328331303258482365e-01 1.583161455773295367e-01 1.509941370639121722e-08 1.327866782505898433e-08
2.125000000000000500e-02 2.205844216918160239e-01 1.519608915892100565e-01 2.427251390375685310e-08 2.098274189789329552e-08
2.250000000000000264e-02 2.111078100744318287e-01 1.780404629189045670e-02 3.519937117505586134e-08 3.081591269546683163e-08
2.375000000000000375e-02 2.036558243245896183e-01 1.384251627392939915e-02 4.711519918381987010e-08 4.302389693915611354e-08
2.500000000000000139e-02 1.977046535784794667e-01 1.324159064485849052e-02 5.995875631303312506e-08 5.706119650878457405e-08
2.625000000000000250e-02 1.928822058161817898e-01 1.196784731991033107e-02 7.324235698459965687e-08 7.276813554426437550e-08
2.750000000000000361e-02 1.889205118748782386e-01 1.124074488947953386e-02 8.645521416236980796e-08 9.003615451290420712e-08
2.875000000000000472e-02 1.856239400563344522e-01 1.051333608978236370e-02 9.968216595437402649e-08 1.082176597038379152e-07
3.000000000000000583e-02 1.828477342291182639e-01 1.000476296519711358e-02 1.130706970345127477e-07 1.266821228250301695e-07
3.125000000000000000e-02 1.804834990955409280e-01 9.516668649890985474e-03 1.256112594071697292e-07 1.460372681516471859e-07
3.250000000000000111e-02 1.784490820376045117e-01 9.006220280684092833e-03 1.376193417310792744e-07 1.656313997364228065e-07
3.375000000000000222e-02 1.766815118454330702e-01 8.647885095819183437e-03 1.488654548806851517e-07 1.854201650003631306e-07
3.500000000000000333e-02 1.751320190581347469e-01 8.369528642762601167e-03 1.594036786145425326e-07 2.051213046868244128e-07
3.625000000000000444e-02 1.737624517161036053e-01 8.092655393929936228e-03 1.687367978534058533e-07 2.250476149185414214e-07
3.750000000000000555e-02 1.725426837704769623e-01 7.832785879213925717e-03 1.780826213608055114e-07 2.438347398634571466e-07
3.875000000000000666e-02 1.714487140352001227e-01 7.614754582853581859e-03 1.877473268304984786e-07 2.610560840056060003e-07
4.000000000000000777e-02 1.704612573195647685e-01 7.456903620564150383e-03 1.961956648877317860e-07 2.781607326799965205e-07
4.125000000000000888e-02 1.695646949927421543e-01 7.268689119204892538e-03 2.027737788583058194e-07 2.957460260171746205e-07
4.250000000000000999e-02 1.687462841833863580e-01 7.118911385103149358e-03 2.097371639448680350e-07 3.115224952975279700e-07
4.375000000000000416e-02 1.679955612973496049e-01 6.992501122869307535e-03 2.169033302312715460e-07 3.256704154231902606e-07
4.500000000000000527e-02 1.673038506966352534e-01 6.835210921500044223e-03 2.237344197400271375e-07 3.387428407876102573e-07
4.625000000000000638e-02 1.666639160505928030e-01 6.747143205606227073e-03 2.284195240912316394e-07 3.525838636048709742e-07
4.750000000000000749e-02 1.660697144182778362e-01 6.644804059084390840e-03 2.341039876133679988e-07 3.640984096833591664e-07
4.875000000000000860e-02 1.655161376764782977e-01 6.541556250827509390e-03 2.404189044565302440e-07 3.737157030898521606e-07
5.000000000000000278e-02 1.650030032577150252e-01 6.462453355917985136e-03 2.438189119721309148e-07 3.849651815166579383e-07
