# time 1 2 D-1 D
0.000000000000000000e+00 9.999999707670530480e-01 9.707586209138478413e-09 3.109417656795115771e-34 2.656617232858369768e-35
1.250000000000000243e-03 9.968956708079007578e-01 1.939166988470315345e-03 2.426019737221222250e-16 7.387129216225151008e-19
2.500000000000000486e-03 9.855415504513937996e-01 9.807607490659508986e-03 6.906939589014292512e-14 7.735826994170784785e-16
3.750000000000000729e-03 9.616695786100237786e-01 2.796808736975576679e-02 1.992029407958534089e-12 4.646533242356626423e-14
5.000000000000000971e-03 9.191108420502291931e-01 6.263115091132293033e-02 2.279098354995344879e-11 8.797405262867941957e-13
6.250000000000000347e-03 8.502997204369300288e-01 1.212455358634161873e-01 1.583142992698538461e-10 8.989814231730695596e-12
7.500000000000001457e-03 7.495096792854173406e-01 2.075348294041904351e-01 8.047758496062797164e-10 6.323337622970895581e-11
8.750000000000000833e-03 6.198755162697430210e-01 3.130290934500912226e-01 3.309577877166079766e-09 3.498227431189670548e-10
1.000000000000000194e-02 4.784534244270647330e-01 4.058911347505898548e-01 1.160438085249674610e-08 1.652769823404106400e-09
1.125000000000000132e-02 3.487124206441031271e-01 4.259007700726644696e-01 3.572391073075065016e-08 7.033397479320383935e-09
1.250000000000000069e-02 2.457152674403461912e-01 3.079503823579414212e-01 9.760060125068769584e-08 2.777611815551114755e-08
1.375000000000000180e-02 1.714169055308039091e-01 1.854282703580710789e-01 2.356990154239981441e-07 1.020343970020546337e-07
1.500000000000000291e-02 1.204314558730278373e-01 1.212513141320518822e-01 5.025575778886935416e-07 3.386786453187935229e-07
1.625000000000000056e-02 8.605279613353247758e-02 8.635693358150736687e-02 9.699003799920136687e-07 9.766018568374492519e-07
1.750000000000000167e-02 6.282576325984062793e-02 6.364055163673604243e-02 1.812716800645049028e-06 2.404796716330945711e-06
1.875000000000000278e-02 4.693361954869794406e-02 4.840855855393811497e-02 3.553236961195755938e-06 5.145035323190824023e-06
2.000000000000000389e-02 3.586436733335861965e-02 3.752974459006031688e-02 7.730924687384817490e-06 9.833814124786883199e-06
2.125000000000000500e-02 2.799926224125263638e-02 2.961809210768344414e-02 1.909608513647827576e-05 1.719999026055730988e-05
2.250000000000000264e-02 2.229646380761663924e-02 2.369010012568227574e-02 5.542790296014937654e-05 2.802819594822453459e-05
2.375000000000000375e-02 1.807938764736826201e-02 1.924971607643762364e-02 1.450991376834718431e-04 4.311794760822268500e-05
2.500000000000000139e-02 1.490240000354924738e-02 1.585529371234207022e-02 2.297916864811161701e-04 6.324593720132793231e-05
2.625000000000000250e-02 1.246709426159164566e-02 1.325252036591146806e-02 3.008040726390268484e-04 8.913386423656203682e-05
2.750000000000000361e-02 1.057014559554243782e-02 1.119273979458137135e-02 3.726019378789632050e-04 1.214224916272626804e-04
2.875000000000000472e-02 9.070581707104180200e-03 9.555354805690162434e-03 4.477908009598446123e-04 1.606523330079850714e-04
3.000000000000000583e-02 7.868996942306919623e-03 8.237842628419670896e-03 5.267675359024260933e-04 2.072511784144386710e-04
3.125000000000000000e-02 6.894157764872985844e-03 7.180420519109027323e-03 6.088437385490550000e-04 2.615287587508012502e-04
3.250000000000000111e-02 6.094226172988089461e-03 6.313444631239888138e-03 6.936335349305126777e-04 3.236745186459629060e-04
3.375000000000000222e-02 5.430931754064008236e-03 5.600306350813513863e-03 7.802512808019431475e-04 3.937676856547808898e-04
3.500000000000000333e-02 4.875639858270949291e-03 5.014726571201682907e-03 8.687233968956604990e-04 4.717812116566571005e-04
3.625000000000000444e-02 4.406650924045842251e-03 4.509431901359045071e-03 9.576516666561651773e-04 5.575999527508342666e-04
3.750000000000000555e-02 4.007323431233721610e-03 4.081464576933758505e-03 1.047883937310788551e-03 6.510090328101279062e-04
3.875000000000000666e-02 3.664755558218252881e-03 3.721769888358735737e-03 1.137694680677769649e-03 7.517736518710128575e-04
4.000000000000000777e-02 3.368843695663734355e-03 3.411028867797404659e-03 1.228327297464057270e-03 8.596424009060302501e-04
4.125000000000000888e-02 3.111593144003614326e-03 3.138191563004029926e-03 1.317919750427663881e-03 9.739934946179164320e-04
4.250000000000000999e-02 2.886622071372775024e-03 2.909258470507981604e-03 1.407731570083353527e-03 1.094713117896069189e-03
4.375000000000000416e-02 2.688798122402287580e-03 2.698718856243224450e-03 1.497576527302049492e-03 1.221312078898205465e-03
4.500000000000000527e-02 2.513955447476591814e-03 2.519911857303261046e-03 1.585673617992419942e-03 1.353305590459384471e-03
4.625000000000000638e-02 2.358686677189480302e-03 2.357779745668947546e-03 1.673116899358368477e-03 1.490414014354058975e-03
4.750000000000000749e-02 2.220187983791803432e-03 2.218412316483808246e-03 1.761829184087686196e-03 1.632114387407146124e-03
4.875000000000000860e-02 2.096137051234734858e-03 2.091899901646579810e-03 1.848104509674216613e-03 1.777983954626424041e-03
5.000000000000000278e-02 1.984599772911543013e-03 1.978163797064255974e-03 1.933725240410287451e-03 1.927726340555713453e-03
