# time 1 2 D-1 D
0.000000000000000000e+00 9.999999426705415972e-01 1.807105021755205091e-08 1.113225669321388644e-35 8.027340719170011802e-36
2.500000000000000052e-04 9.959213228440498833e-01 4.414931393684165160e-05 2.235655956621800021e-32 2.781502716962440107e-34
5.000000000000000104e-04 9.831194093865370798e-01 1.944279687265864428e-04 1.800165417525124919e-27 3.438719663295985961e-29
7.500000000000001240e-04 9.608946429432633218e-01 4.999613568817051160e-04 1.616576806925296239e-24 4.185632216405877124e-26
1.000000000000000021e-03 9.288243202970768442e-01 1.022160476241140313e-03 2.271443436367330454e-22 7.635804752132719109e-24
1.250000000000000026e-03 8.868508968038758544e-01 1.758570700227137223e-03 1.128662520116859917e-20 4.890959901257509017e-22
1.500000000000000248e-03 8.353558726077068286e-01 2.717462273461339860e-03 2.872369997172880666e-19 1.603068776400154491e-20
1.750000000000000253e-03 7.752054900161063911e-01 3.900989525323623249e-03 4.549375827802835559e-18 3.279828112239609319e-19
2.000000000000000042e-03 7.077571361490769819e-01 5.239936757013763900e-03 5.078515580332336837e-17 4.706403828622773479e-18
2.250000000000000264e-03 6.348193813420618392e-01 6.543875476606185286e-03 4.237672090371354504e-16 5.096681770630183675e-17
2.500000000000000052e-03 5.585612356306389747e-01 7.738434340440313725e-03 2.785306196625062327e-15 4.373388591759685507e-16
2.750000000000000274e-03 4.813703535277444878e-01 8.657603240955378740e-03 1.483300813335453747e-14 3.077196541777116088e-15
3.000000000000000496e-03 4.056698552074932684e-01 9.273762285141406644e-03 6.518066491352357176e-14 1.822368093206361138e-14
3.250000000000000284e-03 3.337225296369855099e-01 9.607783516797158835e-03 2.397351041435193899e-13 9.239637886601531191e-14
3.500000000000000507e-03 2.674684778342229508e-01 9.874569251788581012e-03 7.357127019178892815e-13 4.095255351613247564e-13
3.749999999999999861e-03 2.084329117606690263e-01 9.867818632708946422e-03 1.886517021684947904e-12 1.585426138916308937e-12
4.000000000000000083e-03 1.576927363425746076e-01 9.558860788399136527e-03 3.939479311035631114e-12 5.409075271230647716e-12
4.250000000000000305e-03 1.158144547564795568e-01 8.954216573742975957e-03 6.471851880548807527e-12 1.609237404151496700e-11
4.500000000000000527e-03 8.277072756878028903e-02 7.913408711196086645e-03 7.827255542465944638e-12 4.135577530731660055e-11
4.750000000000000749e-03 5.780850624258724452e-02 6.671388638426888930e-03 5.721298003809778547e-12 9.179394437479039396e-11
5.000000000000000104e-03 3.984928255145098186e-02 5.202521718924935958e-03 7.545999538268928490e-13 1.761674699052421157e-10
5.250000000000000326e-03 2.728568298688621718e-02 3.821901520706259305e-03 6.215786973214087152e-12 2.929702633624770333e-10
5.500000000000000548e-03 1.873991535333949590e-02 2.597255601561624001e-03 1.318860529883980026e-10 4.177527070019670586e-10
5.750000000000000770e-03 1.313337202654755141e-02 1.473867691442175666e-03 4.996236489139695543e-10 4.918286632914287643e-10
6.000000000000000992e-03 9.802996646894988550e-03 2.193303581259246969e-04 8.898424085543874010e-10 4.300984728261254305e-10
6.250000000000000347e-03 4.462927333290606265e-03 2.453202830917466156e-03 1.608704059280311848e-09 1.916832181370512264e-10
6.500000000000000569e-03 1.909251287991776090e-03 2.904051780517503002e-03 2.981507667179720812e-09 2.738440937647755064e-12
6.750000000000000791e-03 1.150408754333648396e-03 2.234504552788408368e-03 5.647666569051742088e-09 8.952926516925109334e-10
7.000000000000001013e-03 7.746797425252675232e-04 1.633478903084894900e-03 1.106365493297202953e-08 5.799374635181064120e-09
7.250000000000001235e-03 5.443272976065177118e-04 1.189817910595676034e-03 2.265164594774970684e-08 2.155947508736857710e-08
7.499999999999999722e-03 3.957762137272230669e-04 8.682591434556150315e-04 4.790035008721669742e-08 6.265010127979284059e-08
7.750000000000000812e-03 2.901896557322367347e-04 6.420979730904248636e-04 1.058162361830819978e-07 1.543259637128189619e-07
8.000000000000000167e-03 2.148275942550729469e-04 4.805509144428725507e-04 2.336129437686798789e-07 3.437798558690019928e-07
8.250000000000000389e-03 1.625713737177758545e-04 3.613990937982727923e-04 5.102599940926348542e-07 7.058711862343140571e-07
8.500000000000000611e-03 1.242274568127900707e-04 2.742202804759439434e-04 1.087703577373998859e-06 1.354055900812472937e-06
8.750000000000000833e-03 9.596709519971030893e-05 2.093432036290269614e-04 2.211677639576238871e-06 2.478687026709716870e-06
9.000000000000001055e-03 7.491955513220602421e-05 1.602691874245852578e-04 4.232239650357766758e-06 4.393947603308761689e-06
9.250000000000001277e-03 5.906032399487206252e-05 1.223129362444916194e-04 7.645784545112496855e-06 7.525422871360881394e-06
9.500000000000001499e-03 4.699237383693781245e-05 9.096082724552071136e-05 1.302305212281345450e-05 1.240573505467590516e-05
9.750000000000001721e-03 3.772165783884865478e-05 6.163655722888573200e-05 2.068598287759188233e-05 1.977849410499726634e-05
1.000000000000000021e-02 3.053539584146781075e-05 3.049033779213223877e-05 3.033284906512107482e-05 3.067381936712008109e-05
