# time 1 2 D-1 D
0.000000000000000000e+00 9.999999457448905948e-01 4.053203204563810428e-09 7.626772652028083598e-35 2.378324111047852756e-36
2.500000000000000486e-03 9.990984303378538378e-01 1.231273759378448568e-07 9.023069669136359888e-35 8.404382828083663134e-36
5.000000000000000971e-03 9.962128391304454489e-01 2.898077548697446631e-06 1.644743619826908215e-29 6.193200452489817510e-31
7.500000000000001457e-03 9.910547259765114525e-01 1.943640267839097911e-05 1.644996294649893488e-26 1.294410096265715113e-27
1.000000000000000194e-02 9.833017420069830594e-01 8.383092081413958015e-05 2.437547209345225866e-24 3.053187673692321354e-25
1.250000000000000069e-02 9.725715598193415135e-01 2.806170267364575983e-04 1.258242177014912559e-22 2.116910113875347724e-23
1.500000000000000291e-02 9.583766045287172020e-01 7.971880457015449771e-04 3.077004133062079102e-21 6.578746987760620830e-22
1.750000000000000167e-02 9.400490066749113138e-01 2.023321187667012373e-03 4.530005584960977828e-20 1.144758774508723815e-20
2.000000000000000389e-02 9.166203972280673185e-01 4.679364961925412680e-03 4.561620424541886693e-19 1.271905493932602938e-19
2.250000000000000264e-02 8.866621632609041903e-01 1.003349880831383260e-02 3.423498345751128565e-18 9.811295635838970365e-19
2.500000000000000139e-02 8.481829807582889069e-01 1.997222785621162455e-02 1.964266614863457012e-17 5.561483319774887390e-18
2.750000000000000361e-02 7.988696746663902504e-01 3.668507843083661929e-02 9.189321758544058814e-17 2.412599385094833650e-17
3.000000000000000583e-02 7.370980349180701330e-01 6.191387428594732206e-02 3.638976463783091496e-16 8.262290969397719462e-17
3.250000000000000111e-02 6.637083219238770759e-01 9.472725094445522132e-02 1.197522438192357516e-15 2.293865921139272706e-16
3.500000000000000333e-02 5.831924772382121036e-01 1.302890928068226317e-01 2.695372242985359930e-15 5.296029359866712593e-16
3.750000000000000555e-02 5.024384535312901301e-01 1.484349115284888943e-01 3.703926110209214716e-15 1.043886470339587001e-15
4.000000000000000777e-02 4.276476285654218223e-01 3.941374748034117380e-03 4.191538338963729212e-15 1.802702983568931121e-15
4.250000000000000999e-02 3.622619280758754834e-01 5.166443885308544303e-04 4.264933709024948777e-15 2.792535927596753551e-15
4.500000000000000527e-02 3.070520989339104445e-01 1.466744738605377349e-04 4.025216587624317953e-15 3.954715305586049257e-15
4.750000000000000749e-02 2.612284429160662835e-01 3.964806815355968370e-05 3.474024240482900830e-15 5.208541433419407292e-15
5.000000000000000278e-02 2.234143775286355493e-01 1.062744108153971620e-05 2.724457762497513617e-15 6.453353416175848465e-15
5.250000000000000500e-02 1.921770560497329805e-01 1.029154556505961933e-06 1.872981464833922345e-15 7.667346882947449407e-15
5.500000000000000722e-02 1.662418200306883254e-01 1.980026147255441184e-06 1.083379390027744806e-15 8.818646636040883471e-15
5.750000000000000944e-02 1.445460008113385320e-01 8.973419581094395166e-06 5.215650531814760472e-16 9.928803964744462720e-15
6.000000000000001166e-02 1.262334908310341064e-01 1.927034189364050450e-05 3.298109662042355682e-16 1.101299424989639646e-14
6.250000000000000000e-02 1.106143760153640854e-01 4.193830887548403839e-05 6.132525832005430794e-16 1.198443402294858520e-14
6.500000000000000222e-02 9.715575364672254799e-02 7.537999417797072634e-05 1.347421508628141536e-15 1.270133495633927355e-14
6.750000000000000444e-02 8.545231995060457997e-02 1.082020790790295305e-04 2.233545598816060376e-15 1.303108329195052458e-14
7.000000000000000666e-02 7.514650880637895047e-02 1.752193627345432797e-04 3.118470098757583072e-15 1.283866574463718078e-14
7.250000000000000888e-02 6.599062593810205157e-02 2.760112202467802835e-04 4.150006098266829671e-15 1.210520333870294598e-14
7.500000000000001110e-02 5.774852847903350073e-02 4.577739236167194248e-04 6.624461762934676209e-15 1.104938946541201373e-14
7.750000000000001332e-02 5.026752168334776977e-02 7.309340219177290574e-04 1.441661290053953437e-14 1.005891541072150146e-14
8.000000000000001554e-02 4.332190290164383145e-02 1.215278887646031088e-03 3.617573941591820384e-14 9.746099429312643058e-15
8.250000000000001776e-02 3.678609946563519972e-02 1.957989436210443458e-03 8.607919073694482519e-14 1.093077548464426685e-14
8.500000000000001998e-02 3.049324029980672243e-02 3.067308231768689671e-03 1.852565698675508440e-13 1.458914925668139722e-14
8.750000000000000833e-02 2.439010093835075957e-02 4.550792995300147539e-03 3.659612357791436269e-13 2.172688491431001733e-14
9.000000000000001055e-02 1.837047431669259698e-02 6.476239582493614061e-03 6.666141098318983138e-13 3.349803948602005197e-14
9.250000000000001277e-02 1.387240409741655710e-02 7.370046902927096695e-03 1.124717769650444866e-12 5.105059994420966797e-14
9.500000000000001499e-02 1.013595202233229069e-02 7.956547621724948879e-03 1.805933837111415503e-12 7.545403890269703171e-14
9.750000000000001721e-02 7.935720669890317103e-03 7.424071734552889837e-03 2.737420510703924475e-12 1.078084194369877669e-13
1.000000000000000056e-01 6.696775830595727910e-03 6.308925529954368533e-03 3.958498907282744810e-12 1.492676676715245491e-13
