# time 1 2 D-1 D
0.000000000000000000e+00 9.999999760586749664e-01 9.994248742037704088e-09 2.498630792107854755e-34 1.036786017425257582e-34
1.250000000000000243e-03 9.996387412866155620e-01 2.414477575687684804e-08 8.466651147099305507e-20 3.189956444551600919e-25
2.500000000000000486e-03 9.984837149261492906e-01 4.899359668828093786e-07 2.358322899420841349e-17 1.729993859792858079e-21
3.750000000000000729e-03 9.964260270374873940e-01 3.108372494429539011e-06 7.074505435751613937e-16 2.901707467131131850e-19
5.000000000000000971e-03 9.933572645803975254e-01 1.240384641763848906e-05 8.135415850756669787e-15 1.155351475218499633e-17
6.250000000000000347e-03 9.891734507508624930e-01 3.801255628087328830e-05 5.546928811032660070e-14 2.067103579928025120e-16
7.500000000000001457e-03 9.837784060023545551e-01 9.939171352511266279e-05 2.660786378458827501e-13 2.202607844444182119e-15
8.750000000000000833e-03 9.770852228120510130e-01 2.311627269636166982e-04 9.958362639641613718e-13 1.622159761274148136e-14
1.000000000000000194e-02 9.690143793431571506e-01 4.941383608765778385e-04 3.103950886255621499e-12 9.014490125378566865e-14
1.125000000000000132e-02 9.594870955932203183e-01 9.845965470481970148e-04 8.267360164714398161e-12 3.996612785802107249e-13
1.250000000000000069e-02 9.484133129284726405e-01 1.852877069258362453e-03 1.965278214458537247e-11 1.467562583703352200e-12
1.375000000000000180e-02 9.356749526868880507e-01 3.314676099620973704e-03 4.236777091213013257e-11 4.581449681587307178e-12
1.500000000000000291e-02 9.211062448139505365e-01 5.660399286337770321e-03 8.490564757765900401e-11 1.238829039512706017e-11
1.625000000000000056e-02 9.044729620592865116e-01 9.265877273342338835e-03 1.601081040880201801e-10 2.940811821028878697e-11
1.750000000000000167e-02 8.854504375121637905e-01 1.458387379632571264e-02 2.885676352133264452e-10 6.189326355648502894e-11
1.875000000000000278e-02 8.635957963851447206e-01 2.214210755055458224e-02 5.068324330461395125e-10 1.163868514027521169e-10
2.000000000000000389e-02 8.382987800270764733e-01 3.257567409197846542e-02 8.700889705586624866e-10 1.970839841775691871e-10
2.125000000000000500e-02 8.087271735417076446e-01 4.666646712353200027e-02 1.479853681609114722e-09 3.032445737652516692e-10
2.250000000000000264e-02 7.736576285186523849e-01 6.549461500925016222e-02 2.480299588784309445e-09 4.297035510293966172e-10
2.375000000000000375e-02 7.314544666261232342e-01 9.058602348147876127e-02 4.145888889827029770e-09 5.690481244737871265e-10
2.500000000000000139e-02 6.796274721543114072e-01 1.243372872564878495e-01 7.007380749462418714e-09 7.143925723376631001e-10
2.625000000000000250e-02 6.159986306102276377e-01 1.688057152160611918e-01 1.130091638753388481e-08 8.599034243781470747e-10
2.750000000000000361e-02 5.378213646171084994e-01 2.266593195948551076e-01 1.476217537593645052e-08 9.999836282403146258e-10
2.875000000000000472e-02 4.468551090249752722e-01 2.959493269752003219e-01 1.427819720001497415e-08 1.128378698220247277e-09
3.000000000000000583e-02 3.515660551164853653e-01 3.680879676045665794e-01 1.112006686345025152e-08 1.237726563650006422e-09
3.125000000000000000e-02 2.626862549533676705e-01 4.318113799515100326e-01 7.350682387600860025e-09 1.319388940930060957e-09
3.250000000000000111e-02 1.920250758924345047e-01 4.747819722769674455e-01 3.470668015956401856e-09 1.363362704372110657e-09
3.375000000000000222e-02 1.390176024397119237e-01 4.963612709554061642e-01 9.739004492380362261e-10 1.358305695293485945e-09
3.500000000000000333e-02 1.019024505106389394e-01 4.968781980229223239e-01 8.937760834239960454e-09 1.292032631364587929e-09
3.625000000000000444e-02 7.613485863653696173e-02 4.809118707647936919e-01 7.564387635428991256e-09 1.153308046562651399e-09
3.750000000000000555e-02 5.812732521871662172e-02 1.181435981519881329e-01 5.710457601842260891e-09 9.364241697845206128e-10
3.875000000000000666e-02 4.532400916228818827e-02 1.108089424176181628e-02 3.428134368632494731e-09 6.515418420003901417e-10
4.000000000000000777e-02 3.602029372697661269e-02 7.814673247618956001e-03 1.649973027856130757e-09 3.463662318544434167e-10
4.125000000000000888e-02 2.908505458882058511e-02 6.392816202901669374e-03 6.469703605806107291e-10 1.496749240911707203e-10
4.250000000000000999e-02 2.382728861332390063e-02 5.476052001729548278e-03 1.661260425273026513e-09 3.557231782134188533e-10
4.375000000000000416e-02 1.971977265372210769e-02 4.907932925158083222e-03 6.291196273825951124e-09 1.581216806443727933e-09
4.500000000000000527e-02 1.645159550152478639e-02 4.486764251154275185e-03 1.870397350221030576e-08 5.041494619193991524e-09
4.625000000000000638e-02 1.375938654123191537e-02 4.211973739099742278e-03 4.280049798005627775e-08 1.305466002671069686e-08
4.750000000000000749e-02 1.141636462866372180e-02 4.130587920792180151e-03 8.346008552415626795e-08 3.028772459085747165e-08
4.875000000000000860e-02 9.031832544774777427e-03 4.508499986147015623e-03 1.357192669447831811e-07 6.942824307342604307e-08
5.000000000000000278e-02 1.112127747348293574e-03 1.074971180861301542e-02 3.091217969975699932e-08 3.009532722802037555e-07
