# time 1 2 D-1 D
0.000000000000000000e+00 9.999999457448905948e-01 4.053203204563810428e-09 7.626772652028083598e-35 2.378324111047852756e-36
1.250000000000000243e-03 9.990991074129791372e-01 8.163712922431701878e-08 6.494314997578763422e-35 1.175082239033278389e-35
2.500000000000000486e-03 9.962251633082589430e-01 1.929280758554238828e-06 1.682416292494122733e-29 8.229179146229235709e-31
3.750000000000000729e-03 9.911244321185596062e-01 1.310970411850970794e-05 1.724225968043603858e-26 1.722371590588176980e-27
5.000000000000000971e-03 9.835453770733201262e-01 5.745525942596183043e-05 2.637618450181732213e-24 4.077934286064194778e-25
6.250000000000000347e-03 9.732216966901690025e-01 1.961458746781457761e-04 1.409958999300529507e-22 2.839024086401605425e-23
7.500000000000001457e-03 9.598308261890091675e-01 5.705832009777133621e-04 3.579243878809803932e-21 8.857377990727311926e-22
8.750000000000000833e-03 9.429152245138647803e-01 1.488049411391146161e-03 5.460504388091083676e-20 1.546321045104961446e-20
1.000000000000000194e-02 9.217508017597092485e-01 3.547497384099073878e-03 5.677497289905272706e-19 1.722367268791757543e-19
1.125000000000000132e-02 8.951626562951380262e-01 7.853820546940832106e-03 4.381896813190344850e-18 1.330537226664097434e-18
1.250000000000000069e-02 8.613673047640691971e-01 1.615039226452333679e-02 2.578774397262054889e-17 7.543672682226116939e-18
1.375000000000000180e-02 8.181025360509387445e-01 3.062713263739241104e-02 1.236194095303388242e-16 3.267933765340953765e-17
1.500000000000000291e-02 7.634818489683299347e-01 5.326107447665034272e-02 5.033183590788579299e-16 1.115132171395760582e-16
1.625000000000000056e-02 6.976807796958116592e-01 8.377255643711832567e-02 1.724920534334998870e-15 3.075151008671267639e-16
1.750000000000000167e-02 6.242807611271046220e-01 1.181687488958050730e-01 4.166776671953012963e-15 7.020616943652144800e-16
1.875000000000000278e-02 5.493990248142852639e-01 1.378010117844079840e-01 6.357926760529394441e-15 1.359978217945146309e-15
2.000000000000000389e-02 4.788950772738966855e-01 3.763750984455103109e-03 8.163977494267737737e-15 2.289543566313269084e-15
2.125000000000000500e-02 4.162705514536507723e-01 5.242182350457319159e-04 9.660554674922078204e-15 3.422486952169338973e-15
2.250000000000000264e-02 3.625563491591785592e-01 1.642343004852275475e-04 1.083321439716980370e-14 4.618071199239524972e-15
2.375000000000000375e-02 3.172572266806268915e-01 5.366789967249970667e-05 1.140842368992362587e-14 5.710805111173159518e-15
2.500000000000000139e-02 2.792502800163401688e-01 1.956402105580939000e-05 1.126105275108893781e-14 6.515146982662934805e-15
2.625000000000000250e-02 2.472974803599245486e-01 5.123443891000712372e-06 1.023423383630259232e-14 7.041632368156644630e-15
2.750000000000000361e-02 2.202685639003885143e-01 9.698233842386277414e-08 8.426095663162116777e-15 7.275251270217807460e-15
2.875000000000000472e-02 1.971956710166957727e-01 4.037396754566960192e-06 6.048515337393458390e-15 7.349084163187169177e-15
3.000000000000000583e-02 1.772905259170136638e-01 1.277394815425745035e-05 3.524857612579647623e-15 7.461133132825551497e-15
3.125000000000000000e-02 1.599047716717783008e-01 3.681780138965401526e-05 1.469035733257546562e-15 7.612744696995703575e-15
3.250000000000000111e-02 1.445294912435025336e-01 7.763718109193577430e-05 3.079445939580143788e-16 7.822400226646995850e-15
3.375000000000000222e-02 1.307786183301300198e-01 1.218831482402609259e-04 2.278155360158081880e-16 7.964324313076629340e-15
3.500000000000000333e-02 1.182936687653907137e-01 2.175267519006407935e-04 9.302494847538706382e-16 7.904916501317124481e-15
3.625000000000000444e-02 1.068311023813727223e-01 3.709393254841811456e-04 1.782145451528588012e-15 7.515947455109570264e-15
3.750000000000000555e-02 9.613538200109635057e-02 6.612509472653434759e-04 2.180280547622414943e-15 6.747120154426128781e-15
3.875000000000000666e-02 8.604791717339220491e-02 1.120979198799786775e-03 2.466572930954929960e-15 5.635501152411834890e-15
4.000000000000000777e-02 7.626676120036261775e-02 1.967209412229731832e-03 5.455998715379109732e-15 4.362234657531780283e-15
4.125000000000000888e-02 6.661767616535135828e-02 3.321911134956110397e-03 1.738454190975203767e-14 3.215868124376752429e-15
4.250000000000000999e-02 5.682953921321885066e-02 5.427980557672233697e-03 4.964729804473058655e-14 2.601192072341033081e-15
4.375000000000000416e-02 4.680800143690186377e-02 8.367059805692744767e-03 1.205662273132306285e-13 3.005821524769990368e-15
4.500000000000000527e-02 3.634330404310841950e-02 1.234361807964866505e-02 2.544227082272222658e-13 4.976708620682261161e-15
4.625000000000000638e-02 2.828932117907574997e-02 1.449890478028231962e-02 4.774927290205681915e-13 9.097968680565043754e-15
4.750000000000000749e-02 2.132397279686447725e-02 1.614534795804761780e-02 8.301482674444047199e-13 1.592344538722713151e-14
4.875000000000000860e-02 1.720768788798017132e-02 1.550504098439016258e-02 1.335931266753642474e-12 2.597599572733049157e-14
5.000000000000000278e-02 1.495061456081400904e-02 1.354257884265037785e-02 2.021077473773610496e-12 3.988587431629248531e-14
