# time 1 2 D-1 D
0.000000000000000000e+00 9.999999441323611515e-01 2.458993863987037099e-08 1.832524061244942778e-34 3.124610921279492448e-35
1.250000000000000243e-03 9.986291197199316239e-01 2.050317503628383748e-05 4.669773859894293472e-28 1.609507800495507411e-24
2.500000000000000486e-03 9.938109828023943271e-01 4.405837510371112789e-04 1.104352210779964783e-23 8.432062702608069990e-21
3.750000000000000729e-03 9.832179277069763579e-01 2.919512279185107299e-03 3.781256413609696673e-21 1.348553779065663580e-18
5.000000000000000971e-03 9.617958275341318419e-01 1.162800469703480222e-02 2.270119768650979398e-19 5.070658418451282121e-17
6.250000000000000347e-03 9.213324938711745515e-01 3.386468347702117909e-02 5.145153265362367669e-18 8.525585731876333408e-16
7.500000000000001457e-03 8.540262810090369916e-01 7.714732485932022932e-02 6.353807925759153267e-17 8.560804327584046228e-15
8.750000000000000833e-03 7.610955894792911236e-01 1.423177376182675757e-01 4.898898387652620803e-16 6.009614454082201271e-14
1.000000000000000194e-02 6.564543388753328879e-01 2.154791028683680776e-01 2.666109374367899919e-15 3.249218655882572162e-13
1.125000000000000132e-02 5.571145368092782491e-01 1.218962030865985147e-01 1.043709018632918973e-14 1.443407023305613316e-12
1.250000000000000069e-02 4.729397462465500523e-01 9.143866936496525266e-02 2.857740095239116274e-14 5.513476429465301090e-12
1.375000000000000180e-02 4.060069182570077428e-01 8.116720563788988596e-02 4.172392947156220219e-14 1.870361959045378603e-11
1.500000000000000291e-02 3.543870052229960432e-01 7.346809045703431296e-02 3.556738670049588319e-15 5.754321124910274798e-11
1.625000000000000056e-02 3.150293405116453282e-01 6.631829087252959221e-02 6.513495073092533067e-13 1.619182715509550581e-10
1.750000000000000167e-02 2.850453792063980529e-01 6.017804391715560197e-02 1.302623225916869166e-11 4.117900737703953007e-10
1.875000000000000278e-02 2.620894101226858841e-01 5.552574513430832276e-02 1.138291561873479949e-10 9.102709287706640338e-10
2.000000000000000389e-02 2.443739382189869525e-01 5.185535478651998043e-02 5.785167692642426645e-10 1.681220820706873649e-09
2.125000000000000500e-02 2.305733584318682139e-01 4.912691324098848039e-02 1.787521406515131631e-09 2.740534706458064666e-09
2.250000000000000264e-02 2.197140727830770024e-01 4.709902911848298790e-02 4.022171658606808986e-09 4.194763502558935728e-09
2.375000000000000375e-02 2.110812572577208113e-01 4.557160767719027616e-02 7.386385598753923970e-09 6.181292528023114605e-09
2.500000000000000139e-02 2.041477113004634969e-01 4.443982746225021846e-02 1.191051210386315504e-08 8.689092216372222605e-09
2.625000000000000250e-02 1.985219522184709651e-01 4.349161240806325573e-02 1.744659690014568921e-08 1.168218789185774888e-08
2.750000000000000361e-02 1.939109622614286765e-01 4.281965443825197504e-02 2.364002611961648100e-08 1.519371922750689543e-08
2.875000000000000472e-02 1.900936019995253523e-01 4.224905328852755076e-02 3.041004680001177974e-08 1.891520452817974554e-08
3.000000000000000583e-02 1.869016533332692465e-01 4.179152570589905746e-02 3.749344756893014398e-08 2.273147911430045300e-08
3.125000000000000000e-02 1.842061849541219432e-01 4.144444454334359623e-02 4.416559474379275620e-08 2.673810508785273990e-08
3.250000000000000111e-02 1.819076626498144222e-01 4.115634458439008936e-02 5.033023975538980054e-08 3.087476859145562716e-08
3.375000000000000222e-02 1.799287381163209854e-01 4.095104690917946572e-02 5.564530101975764533e-08 3.494752844772160949e-08
3.500000000000000333e-02 1.782089270517341062e-01 4.074920750598826774e-02 5.982944140680124212e-08 3.901972816005270600e-08
3.625000000000000444e-02 1.767006506566483892e-01 4.059451038637830467e-02 6.247008238013101846e-08 4.310228722619414647e-08
3.750000000000000555e-02 1.753662738370352636e-01 4.049244147524577037e-02 6.307080210717980948e-08 4.720591215972872622e-08
3.875000000000000666e-02 1.741758601590311650e-01 4.038353224986694634e-02 6.199771402614997686e-08 5.135167681960788469e-08
4.000000000000000777e-02 1.731054768096639551e-01 4.031622763658298386e-02 5.619384188802408011e-08 5.555209637218727384e-08
4.125000000000000888e-02 1.721359072779452548e-01 4.028227236433353647e-02 2.706201104619799214e-08 5.980231316140425124e-08
4.250000000000000999e-02 1.712516482606163681e-01 4.023025909480107409e-02 2.477997373539063210e-08 6.406767084957359186e-08
4.375000000000000416e-02 1.704400649599819018e-01 4.020618025489081787e-02 2.042702660030658961e-08 6.827219613021596360e-08
4.500000000000000527e-02 1.696908716908921144e-01 4.018669006387935727e-02 1.661948348954042860e-08 7.229523406478943267e-08
4.625000000000000638e-02 1.689956653812682841e-01 4.020021084461949251e-02 1.290702784448910354e-08 7.598088343059501844e-08
4.750000000000000749e-02 1.683475097379655283e-01 4.018915263694394086e-02 9.439634635429717094e-09 7.916390288838535568e-08
4.875000000000000860e-02 1.677406557170925683e-01 4.020384729534292462e-02 6.470525680381564538e-09 8.170470110181778407e-08
5.000000000000000278e-02 1.671748718463295647e-01 4.022750755094266217e-02 4.114458850017590329e-09 8.350921997961751617e-08
