# time 1 2 D-1 D
0.000000000000000000e+00 9.999999723860859557e-01 1.481357140061304525e-08 3.841809412074941682e-35 1.490526836842660293e-35
2.500000000000000486e-03 9.994350564239805612e-01 9.736007015681350125e-09 1.009778669505750618e-16 1.611821681690490353e-22
5.000000000000000971e-03 9.975151360569358694e-01 1.206260118306466957e-07 3.033987252281917829e-14 1.040300437783382528e-18
7.500000000000001457e-03 9.937442035260140027e-01 8.555328144541265789e-07 8.868842281912601464e-13 2.054495686400147390e-16
1.000000000000000194e-02 9.874597128392201828e-01 4.098475958929631417e-06 9.645802233377276124e-12 9.298220451828149422e-15
1.250000000000000069e-02 9.778999770807593750e-01 1.531164811600389859e-05 5.932879275718111644e-11 1.787058485157075484e-13
1.500000000000000291e-02 9.642737629423054901e-01 4.853748704136245365e-05 2.447379443673978802e-10 1.888123009772016863e-12
1.750000000000000167e-02 9.458165567941502205e-01 1.372491276172857846e-04 7.279759248090845913e-10 1.242693942808560909e-11
2.000000000000000389e-02 9.218174485196476420e-01 3.547636301457118878e-04 1.583668621646730718e-09 5.475242506484915291e-11
2.250000000000000264e-02 8.915979639949340729e-01 8.610788509929954027e-04 2.574838796224307420e-09 1.709249425934867471e-10
2.500000000000000139e-02 8.544175042688694210e-01 1.992696999562821800e-03 3.400958757990772985e-09 4.000734948592529982e-10
2.750000000000000361e-02 8.092573316875015799e-01 4.447211826173823324e-03 4.001981388427791931e-09 7.429079029361578460e-10
3.000000000000000583e-02 7.543788346986054494e-01 9.700305815202267881e-03 4.365611805612979152e-09 1.152083310989230544e-09
3.250000000000000111e-02 6.865544408142263411e-01 2.074180226860994000e-02 4.535610663986885502e-09 1.557508693124345430e-09
3.500000000000000333e-02 6.001602681500964875e-01 4.300935272185865688e-02 4.523596948116401624e-09 1.899118753632048707e-09
3.750000000000000555e-02 4.877748899828968088e-01 8.397048051407883518e-02 4.371545134781064529e-09 2.144286266634581738e-09
4.000000000000000777e-02 3.529327038711163600e-01 1.406842213376570949e-01 4.139332294538482851e-09 2.287428186544808918e-09
4.250000000000000999e-02 2.273479514207642216e-01 1.832283930796595461e-01 3.848841651587084379e-09 2.340946704677255602e-09
4.500000000000000527e-02 1.384014589001853479e-01 1.881901058109796687e-01 3.551506196744503210e-09 2.325264393561497064e-09
4.750000000000000749e-02 8.467218088862617231e-02 1.629963323155151078e-01 3.257689149187131975e-09 2.261620122400439270e-09
5.000000000000000278e-02 5.306890475115750433e-02 1.267347738211146435e-01 2.985652867439696184e-09 2.168406724174193905e-09
5.250000000000000500e-02 3.420055487908733177e-02 9.248874467499210161e-02 2.744858529309294094e-09 2.059919364320481901e-09
5.500000000000000722e-02 2.258728179023798341e-02 6.558299112206375514e-02 2.530368031665299378e-09 1.946277422123824385e-09
5.750000000000000944e-02 1.524379070884581550e-02 4.611870441955400607e-02 2.352508430468409232e-09 1.834189363970068336e-09
6.000000000000001166e-02 1.048405001943015710e-02 3.268873719793503191e-02 2.200758262621754599e-09 1.727742092613649071e-09
6.250000000000000000e-02 7.332723023833478786e-03 2.338285959361824373e-02 2.072535340406760983e-09 1.629125740875731756e-09
6.500000000000000222e-02 5.206732719655082428e-03 1.699535576210235016e-02 1.972415743646709839e-09 1.539313757647298916e-09
6.750000000000000444e-02 3.748129494832855464e-03 1.243375471964424175e-02 1.896269562639398310e-09 1.458504549952128661e-09
7.000000000000000666e-02 2.732048109061135498e-03 9.152198475562135088e-03 1.832809582813979307e-09 1.386420416591863122e-09
7.250000000000000888e-02 2.014334212854518736e-03 6.770051538059190105e-03 1.789283555432219928e-09 1.322530620677974863e-09
7.500000000000001110e-02 1.500878478985077273e-03 5.026820389657592203e-03 1.757772225885898552e-09 1.266159648235548885e-09
7.750000000000001332e-02 1.129220553033477093e-03 3.707859090675742937e-03 1.740284796760555779e-09 1.216600839435675399e-09
8.000000000000001554e-02 8.572738227960481757e-04 2.734466243804777215e-03 1.733390127308355639e-09 1.173146961227009663e-09
8.250000000000001776e-02 6.562820333327815244e-04 2.002295554542917085e-03 1.734409540606636300e-09 1.135125345139431046e-09
8.500000000000001998e-02 5.063421466217429704e-04 1.458686065353955591e-03 1.747250316508109899e-09 1.101913698567905011e-09
8.750000000000000833e-02 3.935127198289118593e-04 1.045676198704327889e-03 1.766550526098101937e-09 1.072953076906321525e-09
9.000000000000001055e-02 3.079188359004435510e-04 7.423929206760475829e-04 1.795072899460937127e-09 1.047779233579945210e-09
9.250000000000001277e-02 2.424928065727442717e-04 5.193057961562990528e-04 1.826516794358333983e-09 1.025930652953429552e-09
9.500000000000001499e-02 1.921265881342941245e-04 3.544483608014350529e-04 1.865944238590218440e-09 1.006931413287038149e-09
9.750000000000001721e-02 1.530945514783281405e-04 2.382414580171725402e-04 1.911051026184259024e-09 9.905320632352141827e-10
1.000000000000000056e-01 1.226560098564801469e-04 1.555666506772213260e-04 1.960668115595259013e-09 9.763770708400650568e-10
