# time 1 2 D-1 D
0.000000000000000000e+00 9.999999449429987086e-01 1.502642808599059204e-08 1.606887002249642790e-35 1.159423138994638915e-38
2.500000000000000486e-03 9.990054447354093092e-01 2.847701777704441439e-08 2.699989739039182531e-29 3.816548710022836700e-34
5.000000000000000971e-03 9.958102344629415903e-01 6.943527633454662367e-07 6.303942600647456413e-25 1.351063732058142020e-28
7.500000000000001457e-03 9.900619981738371100e-01 5.044395763249672618e-06 2.614670465961635986e-22 3.295899129280073119e-25
1.000000000000000194e-02 9.813545667890261059e-01 2.232797967407920700e-05 2.145367140077228721e-20 9.857011968939567509e-23
1.250000000000000069e-02 9.692070429871663118e-01 7.813163534565800293e-05 7.444902470754535288e-19 9.211290904257823399e-21
1.500000000000000291e-02 9.530199473138034616e-01 2.356035185732769310e-04 1.518133072331396752e-17 4.083217951583180594e-19
1.750000000000000167e-02 9.319869543920447086e-01 6.579375951887310231e-04 2.149628704211427839e-16 1.050216887171652040e-17
2.000000000000000389e-02 9.049175097591586336e-01 1.731522736993404117e-03 2.317119550696157278e-15 1.716066150189382675e-16
2.250000000000000264e-02 8.698847189647723743e-01 4.369199630670552066e-03 2.007447191042167873e-14 1.848985774782026753e-15
2.500000000000000139e-02 8.235674138844396586e-01 1.061158125768618503e-02 1.336592270278281875e-13 1.351351698540588874e-14
2.750000000000000361e-02 7.602649591536601026e-01 2.466013392760484091e-02 4.159962038241375308e-13 6.987784476051887272e-14
3.000000000000000583e-02 6.716723593823032967e-01 5.347405411147092974e-02 9.981452637428453675e-13 2.695705618833378156e-13
3.250000000000000111e-02 5.520001054524726891e-01 1.021917521134586559e-01 1.392234052221312525e-11 8.179398515177588503e-13
3.500000000000000333e-02 4.127336094084607665e-01 1.603146417537614776e-01 3.155766531573622428e-11 2.044136751146301030e-12
3.750000000000000555e-02 2.838042502247716259e-01 1.980746942204485439e-01 6.414346153249461004e-11 4.369202694584218658e-12
4.000000000000000777e-02 1.856821647181444157e-01 1.858560596853298386e-01 1.168803441618454149e-10 8.230143067072297440e-12
4.250000000000000999e-02 1.187115311171503124e-01 1.443718665102297349e-01 1.946775896651731191e-10 1.398891510982690783e-11
4.500000000000000527e-02 7.530875745087822759e-02 1.151931250808178181e-01 3.018138960547887630e-10 2.185925356524488680e-11
4.750000000000000749e-02 4.795546379502470258e-02 9.627173366567552681e-02 4.410889033612544521e-10 3.187192433508114804e-11
5.000000000000000278e-02 3.094141967442409422e-02 8.219237522487152225e-02 6.138357797930568238e-10 4.388162040306559558e-11
5.250000000000000500e-02 2.034872181656155118e-02 7.109176292788339790e-02 8.208708296090309694e-10 5.760496467517889479e-11
5.500000000000000722e-02 1.367298220777431531e-02 5.633986951725022257e-02 1.060471375149782126e-09 7.267366695819060502e-11
5.750000000000000944e-02 9.384867480741574883e-03 1.188887550343688607e-02 1.331298720263927721e-09 8.869110094802228562e-11
6.000000000000001166e-02 6.569160663822064261e-03 6.002472140180888614e-03 1.630800973592216036e-09 1.052748607011385560e-10
6.250000000000000000e-02 4.678570905232798394e-03 4.142211182877344154e-03 1.956399630234676715e-09 1.220893248101104087e-10
6.500000000000000222e-02 3.382092741434660366e-03 3.242969968618259445e-03 2.304661388121856196e-09 1.388620517425098886e-10
6.750000000000000444e-02 2.475851855676767990e-03 2.632759692138339404e-03 2.674917927169110615e-09 1.553895773862378739e-10
7.000000000000000666e-02 1.832630820053050879e-03 2.214798450500022730e-03 3.062297058071546064e-09 1.715313390993989389e-10
7.250000000000000888e-02 1.367580831540491813e-03 1.886072826011571347e-03 3.467000412074219583e-09 1.872024758759516962e-10
7.500000000000001110e-02 1.027739930933492789e-03 1.634241234790805106e-03 3.884344761323713101e-09 2.023624375872164903e-10
7.750000000000001332e-02 7.765797131193076432e-04 1.429045026214865012e-03 4.316302952760023135e-09 2.170028440394985598e-10
8.000000000000001554e-02 5.880972352423855659e-04 1.262773278812546638e-03 4.757449963372362598e-09 2.311410153297151620e-10
8.250000000000001776e-02 4.490695437362479951e-04 1.119645605048514604e-03 5.210211597233819973e-09 2.448083472684232766e-10
8.500000000000001998e-02 3.422458594262363135e-04 1.000675435227784283e-03 5.671721170558054479e-09 2.580441451910884699e-10
8.750000000000000833e-02 2.628255597331478031e-04 8.964570367630052099e-04 6.139301855133385126e-09 2.708905465573911317e-10
9.000000000000001055e-02 2.012943426250450899e-04 8.072974378767736915e-04 6.615397604399627460e-09 2.833915011775105785e-10
9.250000000000001277e-02 1.549789154351915240e-04 7.288072730912410714e-04 7.098073634725703430e-09 2.955874468741099254e-10
9.500000000000001499e-02 1.192802193052085110e-04 6.602988367485063386e-04 7.586630275655938898e-09 3.075112641640166410e-10
9.750000000000001721e-02 9.143427778399466498e-05 6.004099532725042185e-04 8.078716994696399019e-09 3.191922328098917179e-10
1.000000000000000056e-01 7.037900605648406138e-05 5.470960351461852866e-04 8.575894855270472822e-09 3.306459856779508638e-10
