# time 1 2 D-1 D
0.000000000000000000e+00 9.999999347574919373e-01 1.926443966449045071e-09 7.719335944493130364e-36 7.412697222821596372e-36
2.500000000000000052e-04 9.999961189383963500e-01 3.185239571397155205e-07 5.469874295495620737e-31 1.221024392395378114e-33
5.000000000000000104e-04 9.999408298245725524e-01 6.450703918485343894e-06 7.138584839574972740e-27 8.506613496678171365e-29
7.500000000000001240e-04 9.997108783621817540e-01 4.471153639440827337e-05 1.767940392242374357e-24 2.706921999359667126e-26
1.000000000000000021e-03 9.990970981809836893e-01 1.955345790445750401e-04 1.953108171798554384e-23 9.684454671230579784e-25
1.250000000000000026e-03 9.977477238090589617e-01 6.644917197854843804e-04 2.316832261811341634e-22 1.164552762275440592e-23
1.500000000000000248e-03 9.950255150201012810e-01 1.922624230474811926e-03 1.500946254463413337e-21 9.050403766153636835e-23
1.750000000000000253e-03 9.897199345315652597e-01 4.986628315017140739e-03 7.562911449435457277e-21 5.299377328576537480e-22
2.000000000000000042e-03 9.795279366194321602e-01 1.193572894055202303e-02 3.559890807543201345e-20 2.678327439018912839e-21
2.250000000000000264e-03 9.602506116128270985e-01 2.671992276381561504e-02 1.810707506010126049e-19 1.212347181145907218e-20
2.500000000000000052e-03 9.250096125288234106e-01 5.586853100270459255e-02 8.368407411617060226e-19 5.113408063998788745e-20
2.750000000000000274e-03 8.649990887570671028e-01 1.078794980759766459e-01 5.620984088061541725e-18 2.135376940101943930e-19
3.000000000000000496e-03 7.747022685520664753e-01 1.870411457389871135e-01 2.564065512471407258e-17 8.869835661198383051e-19
3.250000000000000284e-03 6.604133894744604882e-01 2.833654759706384918e-01 1.120291777935118155e-16 3.488043741138861101e-18
3.500000000000000507e-03 5.403099189758222565e-01 3.677258487234952300e-01 4.660443534819487926e-16 1.246907426204470734e-17
3.749999999999999861e-03 4.318150984575525597e-01 4.030803803360717419e-01 1.685186319049535957e-15 3.885817168874751271e-17
4.000000000000000083e-03 3.426258885068944049e-01 3.843256915447602062e-01 5.227069910933252398e-15 1.030767087316896426e-16
4.250000000000000305e-03 2.725793841127834849e-01 2.819955920862420307e-01 1.406752770709165804e-14 2.321514088789696647e-16
4.500000000000000527e-03 2.184109863185876299e-01 1.455533838529401713e-01 3.328582264464791530e-14 4.478796453147454998e-16
4.750000000000000749e-03 1.765108550114650177e-01 5.884908531932455528e-02 7.069592819311415198e-14 7.288904794175268107e-16
5.000000000000000104e-03 1.438561216362739259e-01 4.162350806082879690e-02 1.358956756609292082e-13 9.858411903124325466e-16
5.250000000000000326e-03 1.181411615076184279e-01 3.318997995441489574e-02 2.403661843296255621e-13 1.061794633712213165e-15
5.500000000000000548e-03 9.766458303493559534e-02 2.932954973295021778e-02 3.941080074799709552e-13 8.532165211329026934e-16
5.750000000000000770e-03 8.118031870541830841e-02 2.645878273797509783e-02 6.061122178014788959e-13 3.766719981039638409e-16
6.000000000000000992e-03 6.777230802115705166e-02 2.470438971844714227e-02 8.797769937867033071e-13 6.218470658001578015e-18
6.250000000000000347e-03 5.676152509879760916e-02 2.333425424615691648e-02 1.213872741660977098e-12 5.193769255777216254e-16
6.500000000000000569e-03 4.764012582074970970e-02 2.221560907909218147e-02 1.603938690934253953e-12 3.246824473487122314e-15
6.750000000000000791e-03 4.002521456431058777e-02 2.149135752872860516e-02 2.039624550779988452e-12 9.810304417883519397e-15
7.000000000000001013e-03 3.362608614060052376e-02 2.076725904682992160e-02 2.513112256372389078e-12 2.205158513361989488e-14
7.250000000000001235e-03 2.822058977986210276e-02 2.022489190447344237e-02 3.002826333771660241e-12 4.212596484715809250e-14
7.499999999999999722e-03 2.363777219278537234e-02 1.962518310430985333e-02 3.489993233624162851e-12 7.080419944053294176e-14
7.750000000000000812e-03 1.974474456686201723e-02 1.918856312872775291e-02 3.972307496462903237e-12 1.094043427315737068e-13
8.000000000000000167e-03 1.643653814078160913e-02 1.866017429637193900e-02 4.423259252033967906e-12 1.590011861903480773e-13
8.250000000000000389e-03 1.363027663637681255e-02 1.818890413482842847e-02 4.832290843423493560e-12 2.182779704865342465e-13
8.500000000000000611e-03 1.124481685873216300e-02 1.768095974389153127e-02 5.203838423741223027e-12 2.864436997972727989e-13
8.750000000000000833e-03 9.259275869610781792e-03 1.706523285698235276e-02 5.516912541695350224e-12 3.639432586484338381e-13
9.000000000000001055e-03 7.575649009430441942e-03 1.650447759912271328e-02 5.778736344558864885e-12 4.476618189826613319e-13
9.250000000000001277e-03 6.176671661882472339e-03 1.594303398304828742e-02 5.974221961728827235e-12 5.355378272023957597e-13
9.500000000000001499e-03 5.016054057845134757e-03 1.530698498839573596e-02 6.119233754409754889e-12 6.277790992598956589e-13
9.750000000000001721e-03 4.058602260059531765e-03 1.466356032873378581e-02 6.213326966624603247e-12 7.211119865257519658e-13
1.000000000000000021e-02 3.272400868638653156e-03 1.405024171307410648e-02 6.247653084277968850e-12 8.137177289153949974e-13
