# time 1 2 D-1 D
0.000000000000000000e+00 9.999999770608499761e-01 1.619071199234631331e-09 2.885603532398550947e-34 1.438805085406480124e-34
5.000000000000000104e-04 9.980433484549511292e-01 1.148549036313615998e-05 2.510228584855987884e-20 3.113448814033181601e-26
1.000000000000000021e-03 9.918805191929723764e-01 6.552347396396586920e-05 1.021771870010471611e-17 8.375437744422868015e-23
1.500000000000000248e-03 9.811185006047449253e-01 1.926990056655949796e-04 4.224243590665029988e-16 1.286055660453855171e-20
2.000000000000000042e-03 9.654333612633091422e-01 4.382522310647835495e-04 6.719762913853163113e-15 5.814285677820544670e-19
2.500000000000000052e-03 9.445916220702560429e-01 8.587314630019194121e-04 6.444606356423782506e-14 1.294678550023741139e-17
3.000000000000000496e-03 9.184693076495075159e-01 1.516772237658317070e-03 4.435238856972560176e-13 1.792352242164977051e-16
3.500000000000000507e-03 8.870673656157310738e-01 2.507999655402804416e-03 2.445661138794658577e-12 1.751310425816910606e-15
4.000000000000000083e-03 8.505222714044126109e-01 3.909269438390141835e-03 1.138450813060108313e-11 1.304552366566039407e-14
4.500000000000000527e-03 8.091113452496032643e-01 5.844925111860612733e-03 4.668835191816373369e-11 7.791564765484819742e-14
5.000000000000000104e-03 7.632528963279363587e-01 8.421104654153261510e-03 1.716004812189831106e-10 3.863680528521270660e-13
5.500000000000000548e-03 7.135022964965569425e-01 1.175418326157719705e-02 5.771633558874144104e-10 1.631330044363207307e-12
6.000000000000000992e-03 6.605467279228517397e-01 1.586311602698229142e-02 1.793737232060623866e-09 5.976022558015885485e-12
6.500000000000000569e-03 6.052013454261001568e-01 2.082618759275588899e-02 5.183352636641435852e-09 1.926524286330260596e-11
7.000000000000001013e-03 5.484072388958050048e-01 2.651396859552064209e-02 1.406807287430853189e-08 5.523037454168657399e-11
7.499999999999999722e-03 4.912280976831652768e-01 3.269993375467812602e-02 3.606257466908179376e-08 1.417964321602070997e-10
8.000000000000000167e-03 4.348294220301480162e-01 3.893738392488065719e-02 8.789755887337534970e-08 3.270632186563762841e-10
8.500000000000000611e-03 3.804235951446272024e-01 4.466585818655036122e-02 2.048009097625016493e-07 6.766558861612204314e-10
9.000000000000001055e-03 3.291676296225469200e-01 4.923442111463957604e-02 4.577890410494880460e-07 1.244595908847710526e-09
9.500000000000001499e-03 2.820286291395631140e-01 5.213055871294754173e-02 9.877607199158658220e-07 1.991902460148094194e-09
1.000000000000000021e-02 2.396600352188207605e-01 5.309674863427556873e-02 2.040834165466394299e-06 2.642705776443096985e-09
1.050000000000000065e-02 2.023393478068646612e-01 5.203994886864227870e-02 4.034523725402527485e-06 2.573417116380399897e-09
1.100000000000000110e-02 1.699889426987423180e-01 4.943220490463672706e-02 7.571212337924127979e-06 1.176090681040452330e-09
1.150000000000000154e-02 1.422626188200554753e-01 3.583601085482391452e-02 1.343674351866468468e-05 1.267215690734707481e-10
1.200000000000000198e-02 1.186577690306277466e-01 2.174318635519682449e-02 2.258835651238387556e-05 1.141977858869955437e-08
1.250000000000000069e-02 9.861757538438813142e-02 1.715699589363296404e-02 3.622982861750917682e-05 8.321158462900123106e-08
1.300000000000000114e-02 8.160521145481479388e-02 1.562589554132025327e-02 5.588545112722257140e-05 3.461074323202359156e-07
1.350000000000000158e-02 6.714770053292246077e-02 1.500070541243422872e-02 8.325772145477818107e-05 1.220856729226834240e-06
1.400000000000000203e-02 5.485429368779960735e-02 1.467304780489600384e-02 1.201677856350501694e-04 3.594436104613645664e-06
1.450000000000000247e-02 4.441692034330618072e-02 1.441787140891396569e-02 1.678339925434184300e-04 9.736098575047689082e-06
1.499999999999999944e-02 3.559671021943557057e-02 1.405276305565424967e-02 2.260122608262262757e-04 2.418571358863637173e-05
1.550000000000000162e-02 2.820385006398827554e-02 1.347155576487058491e-02 2.938039022314127145e-04 5.312203666625169035e-05
1.600000000000000033e-02 2.207615995727496561e-02 1.260724421109242141e-02 3.679721200885173568e-04 1.061153725904893415e-04
1.650000000000000078e-02 1.706304055662721808e-02 1.141979706831335040e-02 4.505581377026285882e-04 1.888400914425681591e-04
1.700000000000000122e-02 1.301825403883750953e-02 9.841730232687096944e-03 5.418166338745628420e-04 3.084319816770368216e-04
1.750000000000000167e-02 9.800554545529723341e-03 7.829327812134096592e-03 6.536158572334543285e-04 4.641280973116952810e-04
1.800000000000000211e-02 7.277952478164431520e-03 5.795012462243640493e-03 7.917986647897255715e-04 6.626929704403029765e-04
1.850000000000000255e-02 5.331302972917282765e-03 4.080234847678108553e-03 9.697539456617719359e-04 9.060542265061020646e-04
1.900000000000000300e-02 3.855245415419849761e-03 3.056754264415557660e-03 1.213436968277642773e-03 1.194639022209104291e-03
1.950000000000000344e-02 2.757140865861568146e-03 2.397584397164365111e-03 1.537952779199082843e-03 1.539442225872354698e-03
2.000000000000000042e-02 1.955814449725721670e-03 1.965751765748293724e-03 1.946723654998356798e-03 1.949694437356113211e-03
