# time 1 2 D-1 D
0.000000000000000000e+00 9.999999770608499761e-01 1.619071199234631331e-09 2.885603532398550947e-34 1.438805085406480124e-34
2.500000000000000052e-04 9.996328790287891675e-01 2.937283639231848336e-09 1.772128891102857869e-20 3.311781333065179851e-27
5.000000000000000104e-04 9.984636328582550124e-01 6.759116683024342366e-08 5.100902690539499256e-18 1.530119101155980754e-23
7.500000000000001240e-04 9.963962599825324506e-01 4.259406866401249416e-07 1.487332228685363049e-16 1.917038322332848694e-21
1.000000000000000021e-03 9.933468344212819101e-01 1.706458055159453827e-06 1.668972253751896588e-15 4.982367830734114207e-20
1.250000000000000026e-03 9.892482262235227086e-01 5.477493964548554830e-06 1.130862150742333422e-14 4.596339394495654759e-19
1.500000000000000248e-03 9.840535986884175745e-01 1.542096572611052150e-05 5.530827999331384875e-14 1.453784093812945489e-18
1.750000000000000253e-03 9.777376107511825953e-01 4.000909943947486585e-05 2.200659345199550124e-13 2.761251983562998528e-20
2.000000000000000042e-03 9.702938625166942499e-01 9.743783224328170461e-05 7.526914625857969996e-13 6.160279553914885406e-17
2.250000000000000264e-03 9.617265807708824665e-01 2.252693296592446460e-04 2.313245515530929813e-12 1.250080128491119485e-15
2.500000000000000052e-03 9.520343908104101915e-01 4.961366152076399257e-04 6.507979907275040407e-12 1.122945355130598016e-14
2.750000000000000274e-03 9.411849290493770059e-01 1.041262801936362848e-03 1.687721052547519793e-11 6.586506601306432498e-14
3.000000000000000496e-03 9.290821661690356059e-01 2.080319382691718337e-03 4.038135282749123072e-11 2.874019910714023814e-13
3.250000000000000284e-03 9.155338725091978214e-01 3.952667438724171561e-03 8.886623145403454104e-11 9.956021719369329878e-13
3.500000000000000507e-03 9.002339523538203103e-01 7.132018389331622014e-03 1.792245955228891952e-10 2.850046960814237639e-12
3.749999999999999861e-03 8.827805894087911165e-01 1.221593871586798032e-02 3.308486071480738895e-10 6.936049468238451811e-12
4.000000000000000083e-03 8.627442141255046160e-01 1.985854234110647626e-02 5.596142453602668140e-10 1.467045096829907662e-11
4.250000000000000305e-03 8.397809037173606939e-01 3.066873947945036177e-02 8.699223331705380711e-10 2.746150644437869074e-11
4.500000000000000527e-03 8.137514343487863844e-01 4.510827297708870642e-02 1.248181431852915060e-09 4.619849261523110448e-11
4.750000000000000749e-03 7.847855228632952818e-01 6.347019125732572542e-02 1.659132443208911477e-09 7.077234671132607275e-11
5.000000000000000104e-03 7.532460045413110761e-01 8.590829324006035717e-02 2.056995100803500003e-09 9.983051520288404867e-11
5.250000000000000326e-03 7.196029011531490660e-01 1.121688510160023383e-01 2.393381175242479542e-09 1.308480746963437285e-10
5.500000000000000548e-03 6.842749321534209450e-01 1.369901092185705771e-01 2.650216522363575317e-09 1.603765933092169254e-10
5.750000000000000770e-03 6.475053514751551997e-01 1.035812409738693513e-01 2.855420534300864521e-09 1.843218666986973050e-10
6.000000000000000992e-03 6.093088933717984990e-01 6.079603154530519721e-02 3.086174666948229444e-09 1.979712161604635198e-10
6.250000000000000347e-03 5.694930199366046164e-01 5.188115730842135509e-02 3.430050396753283301e-09 1.948912445053685602e-10
6.500000000000000569e-03 5.277395333969467917e-01 5.543371510670200980e-02 3.955389256295693661e-09 1.735490372403519748e-10
6.750000000000000791e-03 4.837309757113439357e-01 6.412553423887204507e-02 4.732266564479950037e-09 1.237438873822526257e-10
7.000000000000001013e-03 4.373032190583865941e-01 7.624004581336533970e-02 5.807973524672913803e-09 5.856496092606323993e-11
7.250000000000001235e-03 3.886036889908047187e-01 9.182043673840920017e-02 7.229459554966295447e-09 3.625033900570923233e-12
7.499999999999999722e-03 3.382045147115695372e-01 1.102310889144875600e-01 8.979061143164076190e-09 4.604048813696776540e-11
7.750000000000000812e-03 2.871339579165638756e-01 1.298313164502515049e-01 1.099151788112157148e-08 3.284635085732176093e-10
8.000000000000000167e-03 2.367966058843078703e-01 1.508488637176402247e-01 1.315404461312881301e-08 1.044555867448205678e-09
8.250000000000000389e-03 1.888038117312111630e-01 1.727969118700473650e-01 1.545525346923955664e-08 2.291534330342232227e-09
8.500000000000000611e-03 1.447652587187634454e-01 1.958643400948650304e-01 1.788711832381990282e-08 4.137895570874221407e-09
8.750000000000000833e-03 1.060857816484119115e-01 2.153425923637712347e-01 2.068320814529415626e-08 6.448322408438194602e-09
9.000000000000001055e-03 7.378227987057106585e-02 2.174449110766893400e-01 2.394129946441391940e-08 9.225302242816361006e-09
9.250000000000001277e-03 4.832773282302155193e-02 2.015475916143844581e-01 2.788719768806104281e-08 1.236454522771118165e-08
9.500000000000001499e-03 2.955928995441612500e-02 1.750700668635476742e-01 3.289153174078806318e-08 1.574331632503140913e-08
9.750000000000001721e-03 1.671288549442812021e-02 1.467169933075586352e-01 3.904375611420405970e-08 1.945230236275162509e-08
1.000000000000000021e-02 8.611139109796453472e-03 1.197749578277640670e-01 4.626424832343903744e-08 2.353779531793341266e-08
