# time 1 2 D-1 D
0.000000000000000000e+00 9.999999466138562720e-01 2.295967873348830811e-08 4.752673467027616786e-36 2.280390163973119272e-36
2.500000000000000486e-03 9.999994555700567611e-01 1.445553234778332258e-08 2.370747754361299528e-33 2.128512907412958366e-35
5.000000000000000971e-03 9.999914369251395874e-01 2.392606425361319252e-07 7.796733324442286308e-31 4.953714486932880295e-31
7.500000000000001457e-03 9.999543032653036567e-01 1.637830460717185096e-06 5.288579123888348394e-29 1.668184230580362234e-28
1.000000000000000194e-02 9.998458203156622703e-01 7.243811508900379747e-06 1.727238934366288572e-27 8.214461506921684153e-29
1.250000000000000069e-02 9.995938297789491722e-01 2.472915254084156759e-05 8.781167410092128947e-27 2.545850945584212965e-27
1.500000000000000291e-02 9.990807253417490763e-01 7.302161154678157590e-05 4.754867527884927590e-26 1.867644996203838100e-26
1.750000000000000167e-02 9.981188073601408028e-01 1.905696167994920672e-04 1.398169084321034274e-25 5.030818638567611727e-26
2.000000000000000389e-02 9.964136719106434503e-01 4.576911243189524638e-04 4.152224094295310171e-25 1.195274677778993301e-25
2.250000000000000264e-02 9.935139102336058015e-01 1.018793618600963681e-03 1.221531767602016580e-24 2.382996338917430343e-25
2.500000000000000139e-02 9.887486178282062221e-01 2.141112574879500477e-03 3.945835903815692276e-24 4.693969388565731742e-25
2.750000000000000361e-02 9.811613094416508085e-01 4.233667609935418998e-03 1.450861471138638039e-23 1.246461178535992539e-24
3.000000000000000583e-02 9.694625630789905912e-01 7.927473059809711856e-03 6.410186724801766798e-23 6.589419679647301251e-24
3.250000000000000111e-02 9.520468456398154533e-01 1.407235212290689624e-02 3.110616298710694299e-22 6.199557759821719361e-23
3.500000000000000333e-02 9.271473657598869877e-01 2.355032079939687467e-02 1.234757383225097573e-21 6.201071774160490492e-22
3.750000000000000555e-02 8.932128762177722336e-01 3.701475536411281270e-02 1.158590591475508199e-22 5.216498635438773181e-21
4.000000000000000777e-02 8.495044210341259339e-01 5.437224419134988052e-02 2.050681683342682605e-21 3.538933674160283681e-20
4.250000000000000999e-02 7.967180904868995661e-01 7.396366093664255570e-02 1.800186525443479711e-20 1.953143621937364936e-19
4.500000000000000527e-02 7.371812186167554515e-01 9.262632732080608444e-02 7.263559271190981675e-20 8.934108963313746205e-19
4.750000000000000749e-02 6.743151000634569625e-01 1.057153502868184852e-01 1.843472026195513122e-19 3.441794420511588410e-18
5.000000000000000278e-02 6.115743763746055439e-01 1.074189151380910007e-01 2.830921682148389958e-19 1.133660370950820530e-17
5.250000000000000500e-02 5.515074020064583138e-01 9.254729814119137810e-02 2.048060976847784876e-19 3.234605701512332195e-17
5.500000000000000722e-02 4.954070277114623888e-01 5.794255513886723691e-02 8.457207270783595987e-20 8.081401379416455558e-17
5.750000000000000944e-02 4.435215165129242076e-01 2.020269602061977934e-02 1.644538901276037010e-18 1.783275450579428727e-16
6.000000000000001166e-02 3.955357914228132543e-01 1.699751277029595223e-03 9.799527778602917044e-18 3.498519816914018868e-16
6.250000000000000000e-02 3.510610379342648524e-01 1.036366583570797742e-03 3.233853189001721667e-17 6.128297408390723832e-16
6.500000000000000222e-02 3.099679311380100777e-01 7.628518482550147341e-03 7.684957897932268685e-17 9.626391458041452384e-16
6.750000000000000444e-02 2.724693375014285435e-01 1.567609836322536240e-02 1.416864088150897727e-16 1.357771543702441440e-15
7.000000000000000666e-02 2.389597222628009332e-01 2.309293860715481289e-02 2.107060894100162194e-16 1.723510770724679315e-15
7.250000000000000888e-02 2.097522318718243739e-01 2.817537774316477076e-02 2.656418381556610787e-16 1.962172669117129756e-15
7.500000000000001110e-02 1.848955246865851831e-01 2.987820066857444293e-02 2.923978749498068675e-16 1.987710009165754455e-15
7.750000000000001332e-02 1.641491436844478846e-01 2.907086985484006944e-02 2.846447933994432312e-16 1.768022094420193447e-15
8.000000000000001554e-02 1.470704588853014583e-01 2.689961728113477932e-02 2.494479592112305663e-16 1.348735114008921103e-15
8.250000000000001776e-02 1.331282184247742362e-01 2.328744748537229028e-02 2.023667904156635648e-16 8.403866236349718044e-16
8.500000000000001998e-02 1.217900892187711442e-01 2.022830802514791887e-02 1.658476927498986553e-16 3.832747236886198683e-16
8.750000000000000833e-02 1.125722468374256297e-01 1.713926531351142937e-02 1.491285678958255344e-16 9.539526167406804043e-17
9.000000000000001055e-02 1.050593303803574879e-01 1.508910624200211943e-02 1.679619892433087276e-16 5.973698287346350549e-18
9.250000000000001277e-02 9.890688374367356817e-02 1.336011902596999021e-02 2.490981580110471008e-16 4.557592579048201402e-17
9.500000000000001499e-02 9.383538281302714057e-02 1.216270153590299531e-02 4.462985793354699176e-16 9.592764485183807285e-17
9.750000000000001721e-02 8.962119324551610922e-02 1.116931969424995660e-02 8.597263800191301040e-16 7.583639046581781614e-17
1.000000000000000056e-01 8.608718736104931102e-02 1.074254764233626910e-02 1.595564247053446018e-15 6.497437049521381882e-17
