# time 1 2 D-1 D
0.000000000000000000e+00 9.999999466138562720e-01 2.295967873348830811e-08 4.752673467027616786e-36 2.280390163973119272e-36
2.500000000000000052e-04 9.999980283454690255e-01 4.930180014713874455e-08 2.936731578831507289e-33 3.377512102374176546e-35
5.000000000000000104e-04 9.999674411827691456e-01 8.865645867720373699e-07 5.713331290604364012e-31 4.187980279248861234e-31
7.500000000000001240e-04 9.998262452625020780e-01 5.707644301579578773e-06 4.144193655987844848e-29 1.175196240725964896e-28
1.000000000000000021e-03 9.994209538870605369e-01 2.318855098809819047e-05 1.321410149874217364e-27 6.156440948643803924e-29
1.250000000000000026e-03 9.985102107781307357e-01 7.201297120923247656e-05 7.009600581440643915e-27 1.997479525277255138e-27
1.500000000000000248e-03 9.967448449510409869e-01 1.927840356827110341e-04 3.915029028652715706e-26 1.571600777258386371e-26
1.750000000000000253e-03 9.936426621545031423e-01 4.547972242707416291e-04 1.162173433870593965e-25 4.786010728777385565e-26
2.000000000000000042e-03 9.885580848226529493e-01 9.872634455865209654e-04 3.280596940355843331e-25 1.307637867163301460e-25
2.250000000000000264e-03 9.806503777024677682e-01 1.987438772430408056e-03 8.737253389919848692e-25 3.195938014679397368e-25
2.500000000000000052e-03 9.688597206296566400e-01 3.790240997337324547e-03 2.240963216351701586e-24 7.461586567208858082e-25
2.750000000000000274e-03 9.519074813853982686e-01 6.823846339046562258e-03 5.242240600037179113e-24 1.732835921178209832e-24
3.000000000000000496e-03 9.283459864961299823e-01 1.168519719884449602e-02 1.123948421036607193e-23 3.761720693520478298e-24
3.250000000000000284e-03 8.966943219449499125e-01 1.908241496417308405e-02 2.449815481508352080e-23 5.471701919266446037e-24
3.500000000000000507e-03 8.557050644767879577e-01 2.951877643546591337e-02 2.009295240400016993e-22 2.502545947370043282e-25
3.749999999999999861e-03 8.047896462666556117e-01 4.311308030984484924e-02 6.887775216568724091e-21 1.055775010622890356e-22
4.000000000000000083e-03 7.445263936688045758e-01 5.912907039167054207e-02 3.690466933172645620e-20 2.220497307356334620e-21
4.250000000000000305e-03 6.770156554119236558e-01 7.529361257378722194e-02 1.580958062370128251e-19 2.210719554564152203e-20
4.500000000000000527e-03 6.056991943757713548e-01 8.835064494085786979e-02 5.869651320216153039e-19 1.523127573608619845e-19
4.750000000000000749e-03 5.345351738471488812e-01 9.425922219906877897e-02 1.874221296377279026e-18 8.132958424684505805e-19
5.000000000000000104e-03 4.669140548304222538e-01 8.873993586473126471e-02 5.051777173932324113e-18 3.545612393370027252e-18
5.250000000000000326e-03 4.049418503521626800e-01 6.939295504910947265e-02 1.148574003945819942e-17 1.303302833476301373e-17
5.500000000000000548e-03 3.493794153215434850e-01 3.704182244322109380e-02 2.155088939886182234e-17 4.129277987756132422e-17
5.750000000000000770e-03 3.000462228178054080e-01 8.823525601176374772e-03 3.290563190374070999e-17 1.143898983656389521e-16
6.000000000000000992e-03 2.563483624087344315e-01 2.555626709278489870e-07 3.896849217742344996e-17 2.805167895728079141e-16
6.250000000000000347e-03 2.176995007224008238e-01 3.935870722851851460e-03 3.149881823837170940e-17 6.152166406698535261e-16
6.500000000000000569e-03 1.837352102582749669e-01 1.135420882320004564e-02 1.288854354967512430e-17 1.215003831711215340e-15
6.750000000000000791e-03 1.543076374462293288e-01 1.779431228487649008e-02 3.460004755286845540e-20 2.180803828210292290e-15
7.000000000000001013e-03 1.293299315061249566e-01 2.234983626509449289e-02 2.772426579404316036e-17 3.579837137926176908e-15
7.250000000000001235e-03 1.086061550718964014e-01 2.421595936509213232e-02 1.292744286792890669e-16 5.414355405155485199e-15
7.499999999999999722e-03 9.175915450668933881e-02 2.323729116377373088e-02 3.223711188068437352e-16 7.582183539552145354e-15
7.750000000000000812e-03 7.826897554932296663e-02 2.051468466987674266e-02 5.824195749391023867e-16 9.876005575462741199e-15
8.000000000000000167e-03 6.756146022444134425e-02 1.716375762029043878e-02 8.353851267855558365e-16 1.203248300628795474e-14
8.250000000000000389e-03 5.908701751725724954e-02 1.341017842003471537e-02 9.895921758076115138e-16 1.370861177535902380e-14
8.500000000000000611e-03 5.236572581234710810e-02 1.044752115101826688e-02 9.992011479292345383e-16 1.453431087575900720e-14
8.750000000000000833e-03 4.700232122977850147e-02 7.930571596247760341e-03 7.590233653893531874e-16 1.433088290492211274e-14
9.000000000000001055e-03 4.268310703987603094e-02 6.256797613229219714e-03 3.355275323655061198e-16 1.292939807116378852e-14
9.250000000000001277e-03 3.916479489330972757e-02 4.995325696012376318e-03 1.956673778067711244e-17 1.032087554217524510e-14
9.500000000000001499e-03 3.626137315169152692e-02 4.138270974170550100e-03 2.397750729979173903e-16 6.893212334992024044e-15
9.750000000000001721e-03 3.383193071192832496e-02 3.504381461260579200e-03 1.756129654080060649e-15 3.300979231870724856e-15
1.000000000000000021e-02 3.177041469516004440e-02 3.148716801397763443e-03 5.307059652241661821e-15 6.383216684439998511e-16
