# time 1 2 D-1 D
0.000000000000000000e+00 9.999999753070339947e-01 8.736150485208795956e-09 6.052638779483188908e-35 1.561423839876629508e-35
2.500000000000000486e-03 9.999997944221924451e-01 6.449415722287045751e-08 4.081030285285918925e-30 1.466662611747839036e-31
5.000000000000000971e-03 9.999966724109032867e-01 1.248030565516712939e-06 9.856241020971800192e-28 3.783142479411006499e-28
7.500000000000001457e-03 9.999802222287196285e-01 8.385052072746336166e-06 3.156396533127850886e-26 8.242868259579679690e-27
1.000000000000000194e-02 9.999250982627611029e-01 3.489359864870679153e-05 3.528987509993594672e-25 3.123177322053094211e-26
1.250000000000000069e-02 9.997785269401147090e-01 1.152507759613118435e-04 1.441232606774866700e-24 9.791388816792033880e-26
1.500000000000000291e-02 9.994395602052006389e-01 3.176442095260228983e-04 3.442243705747957773e-24 2.348337612663922739e-25
1.750000000000000167e-02 9.987275978128004050e-01 7.726950675363432721e-04 2.546425213906410452e-24 4.874554044587821811e-25
2.000000000000000389e-02 9.973427942771780907e-01 1.700301088439775451e-03 9.738287501073409934e-24 8.027192937554253899e-25
2.250000000000000264e-02 9.948350707645013946e-01 3.330588782964138180e-03 5.438791231838136566e-22 6.650262145097744864e-25
2.500000000000000139e-02 9.906206152153365085e-01 5.703464900981150901e-03 7.524543034411915720e-21 9.479260266368815790e-25
2.750000000000000361e-02 9.840936642292295033e-01 7.875316283530523973e-03 6.625106984525512321e-20 6.363726019394142622e-23
3.000000000000000583e-02 9.748376380706842426e-01 8.324539696740173092e-03 4.395344908463588487e-19 9.556665252449057283e-22
3.250000000000000111e-02 9.628352194303724243e-01 7.576861496216133127e-03 2.366068127717533787e-18 8.505053433635364082e-21
3.500000000000000333e-02 9.485153932168955970e-01 7.374430572326982208e-03 1.077169297136520560e-17 5.446971687423781549e-20
3.750000000000000555e-02 9.325734280974015133e-01 7.948618444515224285e-03 4.157655755394214179e-17 2.648803837904546679e-19
4.000000000000000777e-02 9.156842248810747042e-01 9.324668990670435809e-03 1.401842196318113717e-16 1.004037933898843496e-18
4.250000000000000999e-02 8.982895532515244863e-01 1.162206472884276011e-02 4.153780556446212505e-16 3.002767261877897642e-18
4.500000000000000527e-02 8.805361103978306403e-01 1.496161869476130696e-02 1.092045906823267797e-15 7.101469193632018270e-18
4.750000000000000749e-02 8.623265706292759791e-01 1.946574756760074271e-02 2.575857154389999629e-15 1.319261154714929492e-17
5.000000000000000278e-02 8.434123324396948229e-01 2.548916955053230973e-02 5.419203822569308416e-15 1.878246759886795236e-17
5.250000000000000500e-02 8.234821006895962636e-01 3.312928315121384248e-02 1.022079276021745628e-14 1.922279464857461398e-17
5.500000000000000722e-02 8.022330843100533571e-01 4.267286410689418580e-02 1.734830281799899375e-14 1.156950119959356128e-17
5.750000000000000944e-02 7.794265847040106054e-01 5.435384056814254738e-02 2.610446131193420838e-14 2.783979053365055324e-18
6.000000000000001166e-02 7.549330317256901512e-01 6.810534976423851528e-02 3.486495509825562988e-14 1.414092828093859360e-17
6.250000000000000000e-02 7.287650340460201104e-01 8.366921213897153542e-02 4.030715948760487244e-14 8.239549488761932203e-17
6.500000000000000222e-02 7.010935378612372926e-01 1.007736698810466208e-01 3.914658993678754478e-14 2.485570004246820729e-16
6.750000000000000444e-02 6.722400721514385502e-01 1.193677328943071325e-01 2.958649100183272967e-14 5.388746105099243002e-16
7.000000000000000666e-02 6.426442508402535614e-01 1.374144198828512464e-01 1.403060695854351583e-14 9.410026659716918643e-16
7.250000000000000888e-02 6.128118513525848687e-01 1.591524021815590439e-01 2.412369354615705926e-15 1.382737853990137596e-15
7.500000000000001110e-02 5.832563747238339591e-01 1.982883744019173569e-02 1.355809932705507109e-14 1.725267713059406064e-15
7.750000000000001332e-02 5.544471459772913891e-01 2.218902943661357416e-02 7.630188076870356817e-14 1.790224160755759680e-15
8.000000000000001554e-02 5.267736894144076087e-01 2.538212626447841277e-02 2.271727896178777419e-13 1.442550724060206347e-15
8.250000000000001776e-02 5.005288300079641095e-01 2.959050202425772894e-02 4.640781594008244791e-13 7.471231409438584912e-16
8.500000000000001998e-02 4.759076813427490782e-01 3.400188394201893866e-02 7.264567115188481901e-14 1.609731531035376880e-16
8.750000000000000833e-02 4.530170121516842729e-01 3.858155997287679440e-02 4.071895998084269603e-14 6.445139617672957077e-16
9.000000000000001055e-02 4.318896509229336877e-01 4.324655954226243326e-02 5.094102105983619244e-14 3.432859029907681689e-15
9.250000000000001277e-02 4.125004485784988240e-01 4.840500363923944116e-02 8.038855621233235714e-14 9.186489390626137064e-15
9.500000000000001499e-02 3.947814571229496527e-01 5.428911489331317980e-02 1.573696096915259995e-13 1.661993582295916082e-14
9.750000000000001721e-02 3.786361105141272665e-01 5.912274234888065250e-02 2.514810470868509344e-13 2.208078163395236229e-14
1.000000000000000056e-01 3.639509958607425877e-01 6.490934050504376662e-02 4.279139988449027864e-13 2.247312206044958824e-14
