# time 1 2 D-1 D
0.000000000000000000e+00 9.999999753070339947e-01 8.736150485208795956e-09 6.052638779483188908e-35 1.561423839876629508e-35
2.500000000000000052e-04 9.999997944765971480e-01 6.447374324912203103e-08 6.347518908884485557e-30 2.890644970529839799e-31
5.000000000000000104e-04 9.999966723282341929e-01 1.248016245612768316e-06 8.374637713171288054e-28 3.270075847696030973e-28
7.500000000000001240e-04 9.999802211621060533e-01 8.385278045165593119e-06 2.841836764723642310e-26 9.569739665655850191e-27
1.000000000000000021e-03 9.999250935068856316e-01 3.489469274209812958e-05 3.613142566010159779e-25 3.461985704238268418e-26
1.250000000000000026e-03 9.997785108385405239e-01 1.152557751180844026e-04 1.569538509355739336e-24 1.138620885166463068e-25
1.500000000000000248e-03 9.994395161785991633e-01 3.176565936066602278e-04 3.749524742187389590e-24 2.666374428800743139e-25
1.750000000000000253e-03 9.987274909983718807e-01 7.727303317766972711e-04 3.260745097310053661e-24 5.734570243287868476e-25
2.000000000000000042e-03 9.973425555472887893e-01 1.700381641305375932e-03 7.744285165334561942e-24 9.527452040808207666e-25
2.250000000000000264e-03 9.948345983114534885e-01 3.330734776624778501e-03 5.111128994505791103e-22 8.413313237013328983e-25
2.500000000000000052e-03 9.906196951193801947e-01 5.703755417638677570e-03 7.364080227678488324e-21 4.487660516041057707e-25
2.750000000000000274e-03 9.840920843478602187e-01 7.875700746453200701e-03 6.543729162941635992e-20 5.931849906525057080e-23
3.000000000000000496e-03 9.748349484441806156e-01 8.324952939721514192e-03 4.372510359758492578e-19 9.259350024262304371e-22
3.250000000000000284e-03 9.628310515508210488e-01 7.577086086515177205e-03 2.362564067187500831e-18 8.452005474234363192e-21
3.500000000000000507e-03 9.485091541365384682e-01 7.374684751414448299e-03 1.078270294921377174e-17 5.432645513149544450e-20
3.749999999999999861e-03 9.325645858962353651e-01 7.948824422942060014e-03 4.171024064057237055e-17 2.657300739103341854e-19
4.000000000000000083e-03 9.156722086315743914e-01 9.324943232928978656e-03 1.408360013733303581e-16 1.009008423995693356e-18
4.250000000000000305e-03 8.982737799283104785e-01 1.162245070966230753e-02 4.179000986609475419e-16 3.022850705074250962e-18
4.500000000000000527e-03 8.805160487985568274e-01 1.496215584817448679e-02 1.099941753273821629e-15 7.154842815136463907e-18
4.750000000000000749e-03 8.623017121643999916e-01 1.946639428706644498e-02 2.597227685765431563e-15 1.328548483654497623e-17
5.000000000000000104e-03 8.433821847054591148e-01 2.548988849191648545e-02 5.469618843557603463e-15 1.885812928541056222e-17
5.250000000000000326e-03 8.234462787930789673e-01 3.313030796757146512e-02 1.032427797002748409e-14 1.905900561733449895e-17
5.500000000000000548e-03 8.021911926460910669e-01 4.267396789252955736e-02 1.753559241273617370e-14 1.077330605166193952e-17
5.750000000000000770e-03 7.793783915649085126e-01 5.435489148014512745e-02 2.639447097714567854e-14 7.006708617778415289e-19
6.000000000000000992e-03 7.548783167398708249e-01 6.810649846997703094e-02 3.524589965024217353e-14 1.039103269474976629e-17
6.250000000000000347e-03 7.287037549177051154e-01 8.367003577003047365e-02 4.069780024457693737e-14 7.717596404304565788e-17
6.500000000000000569e-03 7.010256995895431942e-01 1.007741495848727131e-01 3.938133470281637349e-14 2.431103593547248987e-16
6.750000000000000791e-03 6.721658687218785566e-01 1.193677330727460489e-01 2.941606840432227959e-14 5.355962162143672090e-16
7.000000000000001013e-03 6.425639471145880854e-01 1.374126643786839352e-01 1.317205705261777757e-14 9.430445895280584396e-16
7.250000000000001235e-03 6.127258546618992163e-01 1.591487317049021799e-01 6.093971960235884539e-16 1.392881643014477890e-15
7.499999999999999722e-03 5.831651634246407534e-01 1.982697141210948075e-02 1.067212641607730630e-14 1.744386466121481322e-15
7.750000000000000812e-03 5.543513309520453625e-01 2.218613987255945580e-02 7.227052536441380712e-14 1.814610372000785990e-15
8.000000000000000167e-03 5.266739568361940016e-01 2.537267579467909415e-02 2.220535852030990205e-13 1.461474469011586518e-15
8.250000000000000389e-03 5.004259446004207801e-01 2.958037007543560387e-02 4.597647595925055596e-13 7.355752523827358070e-16
8.500000000000000611e-03 4.758024940579607676e-01 3.399025651356869793e-02 6.936346792170647750e-14 6.729796136592634067e-17
8.750000000000000833e-03 4.529104666789964817e-01 3.857071112791451983e-02 3.745056909030294549e-14 3.580679211622848285e-16
9.000000000000001055e-03 4.317827584034471533e-01 4.322743828040399167e-02 4.847570303051487161e-14 2.725023190663206477e-15
9.250000000000001277e-03 4.123942834714953154e-01 4.838376643649702769e-02 7.667737840259186863e-14 7.610554679936663668e-15
9.500000000000001499e-03 3.946771351873287204e-01 5.426603243636660828e-02 1.507533446007583149e-13 1.341732375675911503e-14
9.750000000000001721e-03 3.785347655129259747e-01 5.909635931881796617e-02 2.443612484379557920e-13 1.620661232820959858e-14
1.000000000000000021e-02 3.638575360466765329e-01 6.487828322601794928e-02 4.188968054963488841e-13 1.294203100720878767e-14
