# time 1 2 D-1 D
0.000000000000000000e+00 9.999999588342451950e-01 5.788035091272862267e-09 1.005950240688733577e-35 1.128945233707205713e-36
1.250000000000000243e-03 9.992524991092631703e-01 3.611381925512530350e-07 2.634165289367576000e-33 4.183439753670071737e-36
2.500000000000000486e-03 9.968642018849178665e-01 7.291694639623452388e-06 5.316055447486881015e-29 1.037452745997224024e-33
3.750000000000000729e-03 9.926138338783507820e-01 4.269642665779950302e-05 1.854911710583063939e-26 2.496845220688894234e-30
5.000000000000000971e-03 9.862793749746625593e-01 1.536993294696521696e-04 1.233912055564453610e-24 6.324626206718542275e-28
6.250000000000000347e-03 9.776381905753134260e-01 4.198684541448846207e-04 3.163346953349277339e-23 4.720120059976237780e-26
7.500000000000001457e-03 9.664669552392143315e-01 9.564259550304741965e-04 4.235004654108498708e-22 1.593238377826014966e-24
8.750000000000000833e-03 9.525512715811077502e-01 1.867723098544084087e-03 3.507548604543664780e-21 3.022338300928504797e-23
1.000000000000000194e-02 9.357192028856352595e-01 3.136037228962482593e-03 2.081385311005271772e-20 3.689232306914334515e-22
1.125000000000000132e-02 9.159039209260678716e-01 4.290753802941498461e-03 9.167068991923206402e-20 3.154371717927927834e-21
1.250000000000000069e-02 8.932165227390822526e-01 3.926747669015699140e-03 3.145023741785171523e-19 2.002947124537723424e-20
1.375000000000000180e-02 8.679856755618819975e-01 2.146295806390639480e-03 8.821837146636317719e-19 9.866639321432360732e-20
1.500000000000000291e-02 8.407242669619738873e-01 8.349877744795963742e-04 2.093490450775361940e-18 3.893083113640850808e-19
1.625000000000000056e-02 8.120178643745394886e-01 1.885486203396649423e-04 4.318897632321218530e-18 1.261625507111842183e-18
1.750000000000000167e-02 7.823769389166852495e-01 3.245755362985969199e-07 8.049468699765331049e-18 3.425239784395990544e-18
1.875000000000000278e-02 7.521074533096090420e-01 2.533184096073730742e-04 1.374083238208757732e-17 7.909598900492340066e-18
2.000000000000000389e-02 7.212377539291207063e-01 1.107765689872782303e-03 2.216969610817458735e-17 1.573044428172686035e-17
2.125000000000000500e-02 6.895074070104558750e-01 2.834168790119484353e-03 3.415546664142198951e-17 2.718030093596959438e-17
2.250000000000000264e-02 6.564029938731257285e-01 5.883363697942288993e-03 5.042106050182337086e-17 4.130199367958872136e-17
2.375000000000000375e-02 6.212346996699930068e-01 1.066350185615851966e-02 7.172223689744213275e-17 5.511033768479751217e-17
2.500000000000000139e-02 5.833804617055563524e-01 1.756894791943124784e-02 9.745433832074143079e-17 6.507522407909895129e-17
2.625000000000000250e-02 5.418144386863297246e-01 2.738462512695407150e-02 1.258567280538450278e-16 6.828378100722187547e-17
2.750000000000000361e-02 4.968624032523040190e-01 3.976136736918763764e-02 1.534496270065014630e-16 6.336695340516080843e-17
2.875000000000000472e-02 4.487580612172586969e-01 5.415291178891296076e-02 1.756370475683563697e-16 5.284087356850030875e-17
3.000000000000000583e-02 3.992517423787384501e-01 6.902330410658498450e-02 1.879802119293333727e-16 3.923144039238052783e-17
3.125000000000000000e-02 3.502052348195184850e-01 8.287167734905503957e-02 1.882957861743021819e-16 2.606809050229377331e-17
3.250000000000000111e-02 3.046437803680506762e-01 9.263279360249944416e-02 1.775368289215469750e-16 1.517577900845185730e-17
3.375000000000000222e-02 2.632957898262272556e-01 9.827708387402370183e-02 1.574417270930080074e-16 7.811783564611402718e-18
3.500000000000000333e-02 2.276528994063078959e-01 9.906392923855560084e-02 1.323204766299009280e-16 3.116672302414204828e-18
3.625000000000000444e-02 1.975059424641681105e-01 9.506055848370621730e-02 1.049196954719660676e-16 9.166282376669906675e-19
3.750000000000000555e-02 1.722849746481896482e-01 8.812630893613476735e-02 7.837666304351566086e-17 1.032492916171351207e-19
3.875000000000000666e-02 1.512449451443977910e-01 7.915793506591736750e-02 5.541934830716428066e-17 3.588784836922452131e-20
4.000000000000000777e-02 1.335944240747766742e-01 6.915015637924397385e-02 3.647991939402857525e-17 1.932989475120190889e-19
4.125000000000000888e-02 1.186575330505830334e-01 5.892453092636534134e-02 2.253575756215335064e-17 3.484803215797580551e-19
4.250000000000000999e-02 1.058492833763979429e-01 4.834079017286364160e-02 1.327990288009584775e-17 4.203271630953167413e-19
4.375000000000000416e-02 9.471069672680648699e-02 3.337956786236416507e-02 7.333898302364946285e-18 3.663738556988370752e-19
4.500000000000000527e-02 8.489476016894931254e-02 1.162200868354712133e-02 3.741556902660270815e-18 2.891260404511471800e-19
4.625000000000000638e-02 7.615289146716759661e-02 6.422035255611953028e-03 1.901494079639000569e-18 2.155945751267870670e-19
4.750000000000000749e-02 6.831754123968426795e-02 5.421916925724857596e-03 9.198633504452529254e-19 1.302748604750375591e-19
4.875000000000000860e-02 6.128147946225864090e-02 6.278888946936476978e-03 5.093694301077279922e-19 7.782751675761798167e-20
5.000000000000000278e-02 5.497592603514193238e-02 7.203969371369443181e-03 5.645574916610712699e-19 8.659678675324114546e-20
