# time 1 2 D-1 D
0.000000000000000000e+00 9.999999652565468855e-01 8.871621606280800703e-09 9.818977780815493947e-35 3.124335414791018474e-35
2.500000000000000486e-03 9.996315282440678684e-01 2.925212907733368415e-07 8.037300186003191671e-31 1.070685916880465411e-29
5.000000000000000971e-03 9.984478487065575614e-01 6.244592031826666778e-06 8.699346869659705317e-28 5.671375830102924722e-26
7.500000000000001457e-03 9.963151301599325604e-01 3.999844647001109358e-05 3.927402549721310623e-26 9.221813129308061430e-24
1.000000000000000194e-02 9.930686153343089018e-01 1.537911715314573241e-04 1.311469685153418656e-24 3.519364691730253481e-22
1.250000000000000069e-02 9.884943437184697812e-01 4.599698597476993707e-04 1.171237329311679506e-22 5.946814240042242798e-21
1.500000000000000291e-02 9.823007558370517867e-01 1.160212616996144155e-03 2.751996078417371202e-21 5.892895760125807898e-20
1.750000000000000167e-02 9.740817916649351371e-01 2.554608294639615969e-03 4.150012101715091570e-20 3.972077500473627718e-19
2.000000000000000389e-02 9.632851164428589685e-01 5.026955479637030232e-03 3.697340914652355654e-19 1.988678513388916830e-18
2.250000000000000264e-02 9.492201398208444107e-01 8.926938095303401169e-03 2.618618872808793915e-18 7.824619236139237217e-18
2.500000000000000139e-02 9.311602369154702297e-01 1.387118353849227728e-02 1.316022540487525489e-17 2.513817903179988006e-17
2.750000000000000361e-02 9.085767445952880328e-01 1.743571443008251620e-02 5.417342972619110620e-17 6.777291101219843057e-17
3.000000000000000583e-02 8.814508761579820106e-01 1.663306922476406879e-02 1.859027402710347079e-16 1.565133380259836766e-16
3.250000000000000111e-02 8.504779868821299438e-01 1.381944531003306310e-02 5.500763599406860625e-16 3.146400872619011747e-16
3.500000000000000333e-02 8.169666726128240741e-01 1.218097250746776050e-02 1.389458156391705488e-15 5.580753236397714227e-16
3.750000000000000555e-02 7.824402072054968960e-01 1.237243665546625473e-02 3.064976646120898940e-15 8.846060519336753875e-16
4.000000000000000777e-02 7.481812225504712588e-01 1.378544423785722089e-02 6.171618304502508221e-15 1.269605674058155817e-15
4.250000000000000999e-02 7.149667505115407939e-01 1.642367444126329248e-02 1.109840852583443172e-14 1.674590346729852451e-15
4.500000000000000527e-02 6.830485420522955931e-01 2.024932808170873053e-02 1.820644215626592896e-14 2.065169706718644754e-15
4.750000000000000749e-02 6.522841848359467454e-01 2.549154999862664542e-02 2.748493522510629166e-14 2.424287439655346930e-15
5.000000000000000278e-02 6.223059859569664010e-01 3.218346071541641068e-02 3.800491866645293597e-14 2.766920910674735843e-15
5.250000000000000500e-02 5.926643064809219430e-01 4.062545255198991845e-02 4.769052659985007514e-14 3.109213968483437358e-15
5.500000000000000722e-02 5.629306218113089288e-01 5.083865960142402302e-02 5.430775104851750039e-14 3.475255185560488110e-15
5.750000000000000944e-02 5.327665364466178666e-01 6.288730135589830350e-02 5.528844796521684967e-14 3.873811106000860497e-15
6.000000000000001166e-02 5.019679971266168828e-01 7.697015780119416395e-02 4.948868789355662702e-14 4.291225379122691379e-15
6.250000000000000000e-02 4.704887993894968923e-01 9.286489799830362213e-02 3.814348267766163940e-14 4.686931289330853058e-15
6.500000000000000222e-02 4.384431432633510428e-01 1.100719122351141582e-01 2.475337655807581339e-14 4.992994114202339305e-15
6.750000000000000444e-02 4.060859363331408289e-01 1.278542195353084832e-01 1.450612506864817147e-14 5.120966591112990330e-15
7.000000000000000666e-02 3.737734185447860180e-01 1.462364492247435199e-01 1.137435983922473327e-14 4.979981425649248949e-15
7.250000000000000888e-02 3.419125862162069596e-01 1.620071023504738306e-01 1.611363492782905222e-14 4.507540987655400958e-15
7.500000000000001110e-02 3.109101938025915501e-01 1.742017275518453756e-02 2.489620020518202975e-14 3.707606747870081970e-15
7.750000000000001332e-02 2.811321366329005422e-01 2.185695507142277824e-02 3.197670662852013590e-14 2.680710651794673163e-15
8.000000000000001554e-02 2.528784668522749968e-01 2.325111708625041823e-02 3.083754483382009964e-14 1.621425176363585007e-15
8.250000000000001776e-02 2.263739126055912543e-01 2.605903119680315350e-02 1.718236838545181641e-14 7.558489491866477614e-16
8.500000000000001998e-02 2.017694498767924338e-01 2.848579343800978700e-02 5.841890375191790905e-16 2.353766097281270858e-16
8.750000000000000833e-02 1.791496446082687932e-01 3.079169697972648431e-02 9.309145713951170177e-16 5.040322208401198394e-17
9.000000000000001055e-02 1.585416590849736962e-01 3.198157823990842308e-02 2.472340654424416059e-15 4.158179688227391296e-17
9.250000000000001277e-02 1.399238517911805257e-01 3.392204582941132224e-02 9.585406262515368561e-15 3.285759218427738129e-17
9.500000000000001499e-02 1.232336772297713962e-01 3.461306519793838632e-02 3.137638130841159171e-14 2.794331478053642718e-16
9.750000000000001721e-02 1.083754018486431520e-01 3.551429545317605352e-02 8.939108851995264103e-14 4.011711839127865682e-15
1.000000000000000056e-01 9.522907234167794777e-02 3.566353914714837092e-02 2.121803835177396343e-13 2.647192563371147874e-14
