# time 1 2 D-1 D
0.000000000000000000e+00 9.999999739227694029e-01 3.009320434638337280e-09 6.817867234769267546e-36 3.123288490134817909e-35
1.250000000000000243e-03 9.999976041687627104e-01 1.601610494913079916e-06 2.043778071318075187e-22 1.121367067560385970e-23
2.500000000000000486e-03 9.999514182112968497e-01 3.324805080466280163e-05 1.973950815064457526e-21 1.512034192527834070e-21
3.750000000000000729e-03 9.996892004057571501e-01 2.202269163135957351e-04 1.425973630598386986e-19 8.400921660454803498e-21
5.000000000000000971e-03 9.987691369698874500e-01 8.879673283051163057e-04 9.132561888997328508e-19 1.417625194029380553e-20
6.250000000000000347e-03 9.962953212744724008e-01 2.631574914768659932e-03 4.989725450961029965e-18 3.446671984191728580e-22
7.500000000000001457e-03 9.907690424262267648e-01 5.745001535166818427e-03 3.042130622882184772e-17 3.528531367266592818e-19
8.750000000000000833e-03 9.801613280203385070e-01 9.230192946831592207e-03 1.991065359717381682e-16 6.385311285191153281e-18
1.000000000000000194e-02 9.623988327897855521e-01 1.280906623721179104e-02 1.383558954664776846e-15 5.264815925648014593e-17
1.125000000000000132e-02 9.361759412801666791e-01 1.783207420952640301e-02 8.350247283457123012e-15 2.358512631495874099e-16
1.250000000000000069e-02 9.015645108837556654e-01 2.507059461362207489e-02 3.911693901973777665e-14 4.475825570312917857e-16
1.375000000000000180e-02 8.599019676103758503e-01 3.497722644383142315e-02 1.321956006546696236e-13 1.812419952025925120e-18
1.500000000000000291e-02 8.131060665387557229e-01 4.806539382065907334e-02 1.625856335460131823e-13 1.152718604047286313e-14
1.625000000000000056e-02 7.630501915972475180e-01 6.448038368048494839e-02 3.911554061232614758e-13 1.749338381029506607e-13
1.750000000000000167e-02 7.113797786734255002e-01 8.411322294613184092e-02 1.143555131868487794e-11 1.216553984570747040e-12
1.875000000000000278e-02 6.596362984748885827e-01 1.061416104446395725e-01 4.437805198916014649e-11 5.604076628405225264e-12
2.000000000000000389e-02 6.093061233556102962e-01 1.294593573914279983e-01 1.072249088036025225e-10 1.956078480222763185e-11
2.125000000000000500e-02 5.619533235559287521e-01 1.524408902115810260e-01 2.067178612962585209e-10 5.578879798936566224e-11
2.250000000000000264e-02 5.186254301047762416e-01 1.739195213290047337e-01 3.374895480994158005e-10 1.355098196687743989e-10
2.375000000000000375e-02 4.801382102930736862e-01 1.929030476079096057e-01 4.826107984684492442e-10 2.906537270928186720e-10
2.500000000000000139e-02 4.463494454377582299e-01 2.093059170286756254e-01 6.113913325825357568e-10 5.581778192939273535e-10
2.625000000000000250e-02 4.175301759346378705e-01 2.225494355488830123e-01 6.859782374157833973e-10 9.758004406794736348e-10
2.750000000000000361e-02 3.928995030467691829e-01 2.332141251160670392e-01 6.803303627799131409e-10 1.563954908523986893e-09
2.875000000000000472e-02 3.722310410384724322e-01 2.413626327927986537e-01 5.928285479169004776e-10 2.312578493411034750e-09
3.000000000000000583e-02 3.548864256243560167e-01 2.474843386038552140e-01 4.520567970631907762e-10 3.178213020216264861e-09
3.125000000000000000e-02 3.403710952710908844e-01 2.518150853415796475e-01 2.890442979309340933e-10 4.112400682000608809e-09
3.250000000000000111e-02 3.282412192027104880e-01 2.548382500420929841e-01 1.461281366965259100e-10 5.054004470488792996e-09
3.375000000000000222e-02 3.181164663973178874e-01 2.566419181469480337e-01 4.603020153922932323e-11 5.960960087869741345e-09
3.500000000000000333e-02 3.096759214974321162e-01 2.575782835561589157e-01 2.400262476508112147e-12 6.800403731517600640e-09
3.625000000000000444e-02 3.026513979032824930e-01 2.577965520104692487e-01 1.300399046416476689e-11 7.556107599770486680e-09
3.750000000000000555e-02 2.968196320310075298e-01 2.574363593992847199e-01 6.784220887450418734e-11 8.221273058956216837e-09
3.875000000000000666e-02 2.919947702436225256e-01 2.566295132605287410e-01 1.505111360949400834e-10 8.797840276109585424e-09
4.000000000000000777e-02 2.880217452854839655e-01 2.556230831429806005e-01 2.495828938075370524e-10 9.285251214235689766e-09
4.125000000000000888e-02 2.847706961463263298e-01 2.542233525176580411e-01 3.432967363801843806e-10 9.697341658597015124e-09
4.250000000000000999e-02 2.821324004712549849e-01 2.526007284924778329e-01 4.238039739448631966e-10 1.003738962351737770e-08
4.375000000000000416e-02 2.800146276705434145e-01 2.504994486097459894e-01 4.808679565067114550e-10 1.031519891505973354e-08
4.500000000000000527e-02 2.783392288373943146e-01 2.473769801693239678e-01 5.078938425600541349e-10 1.054138332853631962e-08
4.625000000000000638e-02 2.770397479476721658e-01 2.422102626578763740e-01 5.068424382505047239e-10 1.072117590620468542e-08
4.750000000000000749e-02 2.760595780813400735e-01 2.334020207926087442e-01 4.799064239552393998e-10 1.086174427651823447e-08
4.875000000000000860e-02 2.753504615313480119e-01 2.197042637300436474e-01 4.310450204018458099e-10 1.096827640216120103e-08
5.000000000000000278e-02 2.748712140228983802e-01 2.003745456924442558e-01 3.696233823511573112e-10 1.104684698088235599e-08
