# time 1 2 D-1 D
0.000000000000000000e+00 9.999999363220307691e-01 2.911032493207458332e-09 5.381818362191229348e-35 4.455169507364548651e-36
2.500000000000000486e-03 9.990264983133905208e-01 4.450568565484276480e-07 6.537424426588487482e-32 2.416421492657143754e-37
5.000000000000000971e-03 9.959227612854349987e-01 7.409909897023720940e-06 1.478222648327127210e-27 1.121773274627984744e-31
7.500000000000001457e-03 9.904254149251496830e-01 3.970633393627715163e-05 5.646673050487012776e-25 2.496770775312239216e-28
1.000000000000000194e-02 9.822941879873580140e-01 1.312295352617095080e-04 4.113502403765921907e-23 6.542049202965957340e-26
1.250000000000000069e-02 9.713107726492948846e-01 2.992692548903524334e-04 1.191434399309352854e-21 5.207734557831215057e-24
1.500000000000000291e-02 9.572672822189070008e-01 4.305225918661219993e-04 1.919178995854103376e-20 1.923665645345518481e-22
1.750000000000000167e-02 9.399606010815612089e-01 2.834716479237403596e-04 2.059295930212873750e-19 4.124954617507370243e-21
2.000000000000000389e-02 9.192192203234065273e-01 8.116122094709525949e-05 1.615300685055944189e-18 5.853292235434144325e-20
2.250000000000000264e-02 8.949691704841841178e-01 8.825039505804043955e-07 9.933730757212707567e-18 5.965131204352228704e-19
2.500000000000000139e-02 8.672956697800645598e-01 1.098983242917444560e-04 4.913897931809187098e-17 4.607782522774401548e-18
2.750000000000000361e-02 8.364306601066049396e-01 4.691974358598688952e-04 1.977785557030201134e-16 2.799824538087374911e-17
3.000000000000000583e-02 8.026378247478718198e-01 1.170541833035846453e-03 6.619175670040318680e-16 1.373966759178354539e-16
3.250000000000000111e-02 7.660437099143156958e-01 2.425034172935333111e-03 1.845229717379677275e-15 5.549522358284893001e-16
3.500000000000000333e-02 7.264902635895928995e-01 4.556426609868637935e-03 4.331925115616973102e-15 1.870618953511528931e-15
3.750000000000000555e-02 6.834419187805804707e-01 8.064812771939364189e-03 8.721114691287343069e-15 5.320151442274999137e-15
4.000000000000000777e-02 6.359125193297762157e-01 1.385541663942893229e-02 1.512035697695294743e-14 1.290074365696271433e-14
4.250000000000000999e-02 5.824283287081364335e-01 2.322887163227348520e-02 2.280813898658996737e-14 2.699483180883813702e-14
4.500000000000000527e-02 5.211797578890824401e-01 3.785717887366855244e-02 3.569429774564210027e-14 4.944561507464927076e-14
4.750000000000000749e-02 4.492386096587818733e-01 6.077884878539975555e-02 3.953498788855621366e-13 8.053427584333375019e-14
5.000000000000000278e-02 3.672588289915856841e-01 9.141941316909814319e-02 5.838098937751377811e-13 1.184827752760361657e-13
5.250000000000000500e-02 2.818708800329127184e-01 1.234164847648816510e-01 8.121317674456450293e-13 1.597438137920650667e-13
5.500000000000000722e-02 2.031817494056450679e-01 1.469845916353013648e-01 1.065262619283245076e-12 1.998822717098362820e-13
5.750000000000000944e-02 1.409091448116456813e-01 1.530226966052532500e-01 1.328647869989313841e-12 2.346433573907499361e-13
6.000000000000001166e-02 9.729921188023488154e-02 1.406795950615876423e-01 1.585167967635922857e-12 2.608291148855367364e-13
6.250000000000000000e-02 6.771308525080574348e-02 1.170627560846617121e-01 1.822862784143877600e-12 2.768543519961756031e-13
6.500000000000000222e-02 4.783783888563213071e-02 8.930065291997897614e-02 2.027999779425074695e-12 2.828100784445429687e-13
6.750000000000000444e-02 3.422274493442242077e-02 6.387720885719121167e-02 2.194215352421086220e-12 2.800355577849442396e-13
7.000000000000000666e-02 2.472889489871649485e-02 4.381366191535844556e-02 2.316777063707367110e-12 2.706806190514899329e-13
7.250000000000000888e-02 1.798269076941380953e-02 2.840127260318402701e-03 2.395798695072894245e-12 2.572824276641377439e-13
7.500000000000001110e-02 1.311281017418093262e-02 2.142571066727309240e-03 2.435007618562346101e-12 2.422315808045508938e-13
7.750000000000001332e-02 9.554474503503544713e-03 1.814180210667018425e-03 2.416167229488983781e-12 2.275873880113516537e-13
8.000000000000001554e-02 6.931778098580284979e-03 1.566793810857784915e-03 2.190931450640575719e-12 2.150914221177957944e-13
8.250000000000001776e-02 4.988472886466793939e-03 1.348562579514335806e-03 1.362234087167645332e-12 2.061571085815601164e-13
8.500000000000001998e-02 3.541933970016306141e-03 1.167004442145103864e-03 7.392309697664850411e-13 2.019659840568534329e-13
8.750000000000000833e-02 2.471397423671244098e-03 1.011519237578189763e-03 4.965471620806474169e-13 2.038975597719747744e-13
9.000000000000001055e-02 1.670290168538450179e-03 8.893350720758473474e-04 3.579985021070083824e-13 2.134345784355271791e-13
9.250000000000001277e-02 1.063269814331788783e-03 8.067699871618840696e-04 2.675356711134011327e-13 2.321371332136977121e-13
9.500000000000001499e-02 6.109996423247950059e-04 7.472596084374834562e-04 1.988122764396177252e-13 2.603439356491298938e-13
9.750000000000001721e-02 2.685068469341111747e-04 7.132174069328710113e-04 1.344000272978612200e-13 2.967543021297106626e-13
1.000000000000000056e-01 6.509088652482967672e-05 6.420147361366242015e-04 8.296542690901816815e-14 3.324493929237030788e-13
