# time 1 2 D-1 D
0.000000000000000000e+00 9.999999743772226557e-01 8.564975190851989213e-09 1.925929944387235853e-34 4.067210453845115312e-35
2.500000000000000486e-03 9.999964054610185338e-01 2.860485894757783145e-07 3.724456151138476774e-20 5.046902713235334358e-22
5.000000000000000971e-03 9.999425668873622719e-01 5.780451116696386537e-06 4.776166738834573790e-19 1.751794054860039955e-22
7.500000000000001457e-03 9.997071017693266448e-01 3.712533615093328225e-05 1.446794241853671662e-18 2.422084454485243268e-20
1.000000000000000194e-02 9.990614193233150475e-01 1.511262984576694295e-04 1.937622266782180981e-18 3.016474868727678185e-19
1.250000000000000069e-02 9.976532534133560892e-01 4.771824390794548554e-04 5.110106807038924063e-18 1.632029136336245613e-18
1.500000000000000291e-02 9.949424080866621223e-01 1.291323752375002831e-03 2.028874129951090185e-17 9.049739991525564084e-18
1.750000000000000167e-02 9.900645274218236036e-01 3.161761366032015373e-03 8.615822293423606905e-17 7.890324211168348382e-17
2.000000000000000389e-02 9.815693230407086523e-01 7.202504502031548475e-03 3.956140406682663537e-16 9.691568315222374102e-16
2.250000000000000264e-02 9.669672170543904821e-01 1.549879933214507073e-02 3.635064194324189548e-15 1.077440375032844561e-14
2.500000000000000139e-02 9.420840166410167082e-01 3.180156042187499282e-02 7.138441558010218396e-14 9.459322024330173469e-14
2.750000000000000361e-02 9.006158273089378552e-01 6.183747839500167848e-02 1.743061361818593032e-12 6.359021428395701738e-13
3.000000000000000583e-02 8.353838159859144907e-01 1.122247939391520094e-01 3.065989268669200173e-11 3.302737981594247657e-12
3.250000000000000111e-02 7.436265721697340458e-01 1.850429756480599375e-01 1.730987325672063993e-10 1.368966701272306054e-11
3.500000000000000333e-02 6.337641503170117208e-01 2.709438697306296162e-01 5.241740623713431325e-10 4.676077212992568697e-11
3.750000000000000555e-02 5.231591198956418998e-01 3.498535965906176548e-01 1.234754163533429190e-09 1.354595571898266668e-10
4.000000000000000777e-02 4.261093434403615543e-01 3.993996362221361451e-01 2.505591346585073189e-09 3.414217674283914507e-10
4.250000000000000999e-02 3.476130805329699647e-01 3.881981690292166665e-01 4.572408224167181516e-09 7.644673282450649290e-10
4.500000000000000527e-02 2.863475019736433369e-01 3.061424525919286821e-01 7.694679924502352967e-09 1.547085358432138592e-09
4.750000000000000749e-02 2.389821517269514750e-01 2.257560748364268177e-01 1.215968417835939804e-08 2.871246088819502982e-09
5.000000000000000278e-02 2.022895204506440781e-01 1.783498456719514458e-01 1.824381774543012333e-08 4.945985538992614558e-09
5.250000000000000500e-02 1.736971581070660131e-01 1.512694093183434008e-01 2.625345796911556473e-08 7.986269023114259471e-09
5.500000000000000722e-02 1.512682263982757236e-01 1.336172869760038073e-01 3.644865842403031278e-08 1.219605738154079520e-08
5.750000000000000944e-02 1.335600146384940679e-01 1.207260983436541785e-01 4.909022001041020250e-08 1.773015712862856489e-08
6.000000000000001166e-02 1.194932940365562718e-01 1.102094470828391265e-01 6.434555414087416158e-08 2.468560345250219519e-08
6.250000000000000000e-02 1.082546472168521984e-01 1.010516320697100456e-01 8.237946090844034817e-08 3.306827239982323765e-08
6.500000000000000222e-02 9.922656460782168508e-02 9.257679696269394132e-02 1.031737181527444892e-07 4.289225817886521518e-08
6.750000000000000444e-02 9.193721653382296022e-02 8.438610724625210391e-02 1.267074307195053565e-07 5.396997806292970315e-08
7.000000000000000666e-02 8.602383740189402384e-02 7.666064467333688626e-02 1.528655343912499885e-07 6.614276260312522650e-08
7.250000000000000888e-02 8.120572575095034995e-02 6.900369272907565243e-02 1.814190249345646695e-07 7.919596903758503226e-08
7.500000000000001110e-02 7.726419343278249918e-02 6.141492643154353864e-02 2.120836175153892624e-07 9.286758921067668114e-08
7.750000000000001332e-02 7.402763276057679198e-02 5.363660903323611007e-02 2.445454974752851951e-07 1.068707751485480547e-07
8.000000000000001554e-02 7.136038569630218098e-02 4.575227836690727579e-02 2.783844516388256658e-07 1.209813919866393348e-07
8.250000000000001776e-02 6.915443473216620340e-02 3.745547762520889945e-02 3.133017813575757345e-07 1.349082931674337010e-07
8.500000000000001998e-02 6.732319424909929961e-02 2.886216774481172379e-02 3.486892984840776639e-07 1.486265382987490661e-07
8.750000000000000833e-02 6.579685200977843096e-02 2.096000070025148820e-02 3.844331076451981280e-07 1.617514301384163291e-07
9.000000000000001055e-02 6.451885617176879306e-02 1.295095757634462039e-02 4.202161846861650998e-07 1.741270412945316972e-07
9.250000000000001277e-02 6.344324081170830965e-02 7.786345769755185012e-03 4.554039293493122317e-07 1.859150140765277645e-07
9.500000000000001499e-02 6.253256478129516627e-02 4.029148829072618475e-03 4.901717670511826593e-07 1.967495911659550462e-07
9.750000000000001721e-02 6.175630113164244650e-02 2.372928922834356951e-03 5.239998273782723029e-07 2.068257900445822105e-07
1.000000000000000056e-01 6.108957769004094013e-02 1.350049708140513543e-03 5.567338206781377239e-07 2.160610572461983713e-07
