# time 1 2 D-1 D
0.000000000000000000e+00 9.999999560073125071e-01 1.436288450279792407e-08 2.724414787897007198e-37 1.908126370718936750e-36
5.000000000000000104e-04 9.992328227179487765e-01 6.479950584405924976e-07 1.906819062584592375e-32 3.811026727734634149e-36
1.000000000000000021e-03 9.967882967609635880e-01 1.275060037519710937e-05 4.886298260154089989e-28 9.611848076813298446e-33
1.500000000000000248e-03 9.924569044489637282e-01 8.005532739346061361e-05 1.922203880160857892e-25 1.942805750025120296e-29
2.000000000000000042e-03 9.860263284774809511e-01 3.161763486777702400e-04 1.418394664015529672e-23 4.508095830371477079e-27
2.500000000000000052e-03 9.772491283404153295e-01 9.610290811473496536e-04 3.920715178474481478e-22 2.964083887225897773e-25
3.000000000000000496e-03 9.657907977382157449e-01 2.440324887748222815e-03 5.823305812773660274e-21 8.540676689769336541e-24
3.500000000000000507e-03 9.512037604191798668e-01 5.275598109998204388e-03 5.405872965389659960e-20 1.352504257288099635e-22
4.000000000000000083e-03 9.330252637030418406e-01 9.340227318964659797e-03 3.505351030201500455e-19 1.372234536900843772e-21
4.500000000000000527e-03 9.110637673837560513e-01 1.023013300212603262e-02 1.716672727941128630e-18 1.002182517508138575e-20
5.000000000000000104e-03 8.857087161700092359e-01 7.866331462929339671e-03 6.682649161710965987e-18 5.818639261305121764e-20
5.500000000000000548e-03 8.579060771557533993e-01 7.480121067088772203e-03 2.169887473176768397e-17 2.872005354035221783e-19
6.000000000000000992e-03 8.287091199518605844e-01 8.863208936416422726e-03 6.172648581472940313e-17 1.239751352772898357e-18
6.500000000000000569e-03 7.987693642212154721e-01 1.157654041209807243e-02 1.585590686421349334e-16 4.647357309213740820e-18
7.000000000000001013e-03 7.681393619281682295e-01 1.573034301153889217e-02 3.769140178710131280e-16 1.468762243398609582e-17
7.499999999999999722e-03 7.363849334764375199e-01 2.144187060582832330e-02 8.423566894693879464e-16 3.862593288184633759e-17
8.000000000000000167e-03 7.028337064082409436e-01 2.929550664761568224e-02 1.793399396033502472e-15 7.931406802376061933e-17
8.500000000000000611e-03 6.668308566444665075e-01 3.916056732310621569e-02 3.628872213498179756e-15 1.206634927024251198e-16
9.000000000000001055e-03 6.279636870957109318e-01 5.124018711145414406e-02 6.965636115296863377e-15 1.240426443784704774e-16
9.500000000000001499e-03 5.862335327650736172e-01 6.511666361058422725e-02 1.256951907386418480e-14 7.601849992384695466e-17
1.000000000000000021e-02 5.421382633878942814e-01 8.037099832782455822e-02 2.129597121836998400e-14 1.324377488662391870e-17
1.050000000000000065e-02 4.966256111454567801e-01 9.607519580613986532e-02 3.401437657478732956e-14 1.146970887959910762e-17
1.100000000000000110e-02 4.509170236014305444e-01 1.112525651878572552e-01 5.159697830646137707e-14 1.084154726056495366e-16
1.150000000000000154e-02 4.062626772987996682e-01 1.271989990358244338e-01 7.488317523558494883e-14 3.015429843557567934e-16
1.200000000000000198e-02 3.637219738797107804e-01 1.424656693112109629e-01 1.049451209804548271e-13 5.635420160807837293e-16
1.250000000000000069e-02 3.240378370198836455e-01 1.774999735858008298e-01 1.431741189768156498e-13 8.558426726037097005e-16
1.300000000000000114e-02 2.876174189951110627e-01 1.060050313224073920e-01 1.758562651808270937e-13 1.140471572941904580e-15
1.350000000000000158e-02 2.545867847158201358e-01 1.031431290030582759e-01 3.549608413488734353e-14 1.378484084476107929e-15
1.400000000000000203e-02 2.248750374091431359e-01 1.061668589749192870e-01 3.342356584460862605e-14 1.541156459477329584e-15
1.450000000000000247e-02 1.982945968389981384e-01 1.085171440317288100e-01 3.640930656428577855e-14 1.604857000859649691e-15
1.499999999999999944e-02 1.746024599318386772e-01 1.113741972718795548e-01 4.110951822776274729e-14 1.546469716100185171e-15
1.550000000000000162e-02 1.535402881931119956e-01 1.140433532409227402e-01 4.670375674447375764e-14 1.375424139345946960e-15
1.600000000000000033e-02 1.348550812175507707e-01 1.161834943677349102e-01 5.278577719002955993e-14 1.089411185838217634e-15
1.650000000000000078e-02 1.183118534413931389e-01 1.180508798539315618e-01 5.932359754556875123e-14 7.311083189354108782e-16
1.700000000000000122e-02 1.036946040154425458e-01 1.197520314600805519e-01 6.595087577624203317e-14 3.676837099906495957e-16
1.750000000000000167e-02 9.082263113298473522e-02 1.206769394159510067e-01 7.254201548463697112e-14 8.709268097583548371e-17
1.800000000000000211e-02 7.946754448266130089e-02 1.214004773090848061e-01 7.895741119007973751e-14 1.154467452697538602e-17
1.850000000000000255e-02 6.952095314969385098e-02 1.215381518806611522e-01 8.479988443667602187e-14 2.606213514305877995e-16
1.900000000000000300e-02 6.076770336744576062e-02 1.214894819215050215e-01 9.001035167641113672e-14 9.524456429925151701e-16
1.950000000000000344e-02 5.314294381205001555e-02 1.209240613316442114e-01 9.450990081530223383e-14 2.132631897812128751e-15
2.000000000000000042e-02 4.653690471795000200e-02 1.200512753977362873e-01 9.802861102448066745e-14 3.782326832907837389e-15
