# time 1 2 D-1 D
0.000000000000000000e+00 9.999999671639789867e-01 4.058203990520732216e-09 2.445028249710358017e-35 5.446065327359658024e-35
2.500000000000000486e-03 9.990213780278752731e-01 3.988340660864748221e-07 6.322178610105282275e-18 3.724629453424450664e-23
5.000000000000000971e-03 9.958798324211737274e-01 8.253124172712169031e-06 1.931997314139786949e-15 2.924442149060906032e-19
7.500000000000001457e-03 9.902328985068558076e-01 5.325598924539650666e-05 5.919036979928091331e-14 5.666489194534172804e-17
1.000000000000000194e-02 9.816764746900109584e-01 2.151667702145357384e-04 6.932992912707821648e-13 2.537666891052545397e-15
1.250000000000000069e-02 9.697041436472789711e-01 6.743036824444417895e-04 4.664911863232661118e-12 5.061331750445216437e-14
1.500000000000000291e-02 9.536383018322770466e-01 1.786526773840395495e-03 2.217367672923902095e-11 5.969688767441566553e-13
1.750000000000000167e-02 9.325403894620495349e-01 4.175532765941810005e-03 8.039646323742257053e-11 4.817196390498457874e-12
2.000000000000000389e-02 9.051375535970717090e-01 8.817790423479883802e-03 2.369866136885137124e-10 2.886966913517171883e-11
2.250000000000000264e-02 8.698596306300048209e-01 1.697188642885240351e-02 5.834400668282385019e-10 1.349178893301397772e-10
2.500000000000000139e-02 8.251506334319607117e-01 2.994157742436661523e-02 1.219802734820335078e-09 5.070061449768237240e-10
2.750000000000000361e-02 7.701988416968621465e-01 4.809120299365775980e-02 2.180306646408309049e-09 1.565963397415597515e-09
3.000000000000000583e-02 7.059121594788471121e-01 6.993031275458960749e-02 3.368795565678675824e-09 4.052221981509998793e-09
3.250000000000000111e-02 6.354016890852793864e-01 9.111267033927138159e-02 4.557691292517363270e-09 8.961367346172931876e-09
3.500000000000000333e-02 5.632235210170869477e-01 1.037948597761496478e-01 5.575117220710902282e-09 1.730127565185706008e-08
3.750000000000000555e-02 4.937320396042804704e-01 9.631461102628852133e-02 6.542593257714204965e-09 2.979435926119429298e-08
4.000000000000000777e-02 4.298151809876735729e-01 5.860972033741732035e-02 8.678177884322777202e-09 4.668328137109036406e-08
4.250000000000000999e-02 3.727006641503622930e-01 1.446632438479469006e-02 1.740677478819704187e-08 6.769542156820287326e-08
4.500000000000000527e-02 3.224709867477395520e-01 1.935553723263108814e-04 2.419097378756037449e-08 9.212682694345615294e-08
4.750000000000000749e-02 2.786702721045108411e-01 2.727741524420043955e-03 2.906381467777259174e-08 1.189841931654170913e-07
5.000000000000000278e-02 2.406987625840348866e-01 9.284371783925405089e-03 3.405227107223992272e-08 1.471402817100064881e-07
5.250000000000000500e-02 2.079778768178368598e-01 1.569464771687763618e-02 3.886483507083337633e-08 1.754745056456392230e-07
5.500000000000000722e-02 1.799758926159872319e-01 2.077240738675443371e-02 4.329927820123459235e-08 2.029820441322465243e-07
5.750000000000000944e-02 1.561845488335620591e-01 2.432849661560358354e-02 4.723690633636649565e-08 2.288478182550784271e-07
6.000000000000001166e-02 1.361001200791513710e-01 2.661596648867764828e-02 5.060492791826769225e-08 2.524688411225774346e-07
6.250000000000000000e-02 1.192247671198141123e-01 2.774974241373575831e-02 5.345424870419181546e-08 2.734511511507332152e-07
6.500000000000000222e-02 1.050812637335948735e-01 2.793852319286946329e-02 5.623179343177487320e-08 2.916775332633928091e-07
6.750000000000000444e-02 9.323138089366252157e-02 2.748775335362949393e-02 5.833711284658056962e-08 3.070067254660380297e-07
7.000000000000000666e-02 8.328673578736116301e-02 2.654006451155772883e-02 6.007992276211961576e-08 3.197310206775213382e-07
7.250000000000000888e-02 7.491325646877879108e-02 2.518133414371147988e-02 6.178706104433954658e-08 3.298375378964413914e-07
7.500000000000001110e-02 6.783245231446098644e-02 2.369056418535873954e-02 6.327100756287412937e-08 3.376866437098603027e-07
7.750000000000001332e-02 6.181405795448977059e-02 2.209911731275895908e-02 6.451103087425702696e-08 3.435218426342863353e-07
8.000000000000001554e-02 5.666816276894812154e-02 2.042255077562162707e-02 6.603200596677960657e-08 3.476984434025219017e-07
8.250000000000001776e-02 5.224275403313340116e-02 1.883432185813732271e-02 6.731119388833935430e-08 3.502739896754073864e-07
8.500000000000001998e-02 4.841409540106234033e-02 1.725706797096728667e-02 6.871780119421570776e-08 3.517515309635751528e-07
8.750000000000000833e-02 4.508284859223456870e-02 1.578241505045564763e-02 6.973341722293020141e-08 3.522270125677827400e-07
9.000000000000001055e-02 4.216644270381331855e-02 1.441578650013555611e-02 7.129270056053241617e-08 3.519863580599821495e-07
9.250000000000001277e-02 3.959940646237633533e-02 1.312696962612245298e-02 7.258828028815005827e-08 3.509322608398564860e-07
9.500000000000001499e-02 3.732773681290532664e-02 1.192000462817769529e-02 7.383912495375977702e-08 3.495227301787391182e-07
9.750000000000001721e-02 3.530719158011049602e-02 1.082634679501699379e-02 7.504389059155292593e-08 3.477829206661011634e-07
1.000000000000000056e-01 3.350149517229207563e-02 9.830704119962051582e-03 7.680584168836948705e-08 3.457184792512124918e-07
