# time 1 2 D-1 D
0.000000000000000000e+00 9.999999472814580237e-01 4.688120925901419684e-09 4.146098292988531203e-35 4.026426883973201868e-36
5.000000000000000104e-04 9.999949082077196350e-01 1.403157535183423163e-07 2.580052241541017273e-29 8.964675007343367128e-32
1.000000000000000021e-03 9.999273107414000661e-01 2.584798074896369452e-06 3.991218568990210758e-25 6.910343382521490746e-27
1.500000000000000248e-03 9.996588074544756619e-01 1.789664008245272494e-05 7.537119805433645267e-23 1.669907742014902794e-24
2.000000000000000042e-03 9.989770071572900978e-01 7.914332726815510551e-05 9.236653248621869608e-22 6.471641989044888593e-23
2.500000000000000052e-03 9.975616122786229445e-01 2.750187433504449751e-04 1.018801656566280797e-20 6.935120434652950670e-22
3.000000000000000496e-03 9.948794120719748335e-01 8.211405004589394149e-04 5.529080248426305188e-20 4.997650422235024366e-21
3.500000000000000507e-03 9.899550281697057086e-01 2.227217521762429788e-03 2.239594914009831401e-19 2.774872664749521470e-20
4.000000000000000083e-03 9.808862875531939585e-01 5.691906654523579481e-03 8.083293912888990502e-19 1.312660980695549224e-19
4.500000000000000527e-03 9.637781556926038329e-01 1.407639041928998754e-02 3.091727454457044593e-18 5.525953159723066931e-19
5.000000000000000104e-03 9.303813526543771584e-01 3.413113534962089468e-02 1.451490674144545894e-17 2.216697775775281912e-18
5.500000000000000548e-03 8.638652176613788036e-01 8.088151793339140583e-02 3.883629787480657080e-17 8.708080507825899417e-18
6.000000000000000992e-03 7.393447142553782880e-01 1.774467914417802994e-01 1.418689844545897902e-16 3.193569502593324720e-17
6.500000000000000569e-03 5.572399287032379078e-01 3.221753825787162517e-01 5.477928905405850251e-16 1.042000116966721942e-16
7.000000000000001013e-03 3.790586909948602257e-01 4.545431936854379407e-01 1.850533882974451130e-15 2.882405799785012920e-16
7.499999999999999722e-03 2.533343280385034202e-01 5.285666131894360964e-01 5.335892518869393857e-15 6.611247055728440898e-16
8.000000000000000167e-03 1.754051668841618006e-01 5.476123488504616166e-01 1.338034746381477144e-14 1.256025312084252431e-15
8.500000000000000611e-03 1.273282419290764356e-01 2.893377450349249869e-01 3.011044841478760029e-14 1.968163098842244317e-15
9.000000000000001055e-03 9.654328760831970557e-02 1.344959247156273519e-01 6.159955347782581949e-14 2.539799423454143119e-15
9.500000000000001499e-03 7.593618686650957517e-02 8.948799445597219182e-02 1.153461892344656235e-13 2.629289177544654185e-15
1.000000000000000021e-02 6.155692477625113179e-02 6.086792699368658716e-02 2.034679214310470583e-13 1.933983712197169752e-15
1.050000000000000065e-02 5.114854372913921199e-02 2.661056198201995973e-02 3.371525661652919689e-13 7.579311264608101259e-16
1.100000000000000110e-02 4.337015301055303917e-02 2.222488547417715565e-02 5.332874470033772627e-13 3.856201540324312265e-19
1.150000000000000154e-02 3.739387824893359441e-02 1.955076694222388292e-02 8.007367872022804535e-13 1.389468292803097504e-15
1.200000000000000198e-02 3.269033505049739191e-02 1.850851192295738593e-02 1.164331654072635753e-12 7.505003490209208709e-15
1.250000000000000069e-02 2.891021750398594867e-02 1.754525919546743445e-02 1.649990251184836933e-12 2.100538190911274941e-14
1.300000000000000114e-02 2.581647714217409975e-02 1.753816076571288948e-02 2.249880150068162214e-12 4.419069923870746021e-14
1.350000000000000158e-02 2.324413976973672621e-02 1.667944495238577948e-02 2.960379311015935351e-12 8.070795687749383884e-14
1.400000000000000203e-02 2.107575166653727697e-02 1.658167543319697193e-02 3.832203886413379511e-12 1.304397531432725746e-13
1.450000000000000247e-02 1.922594079703126083e-02 1.600140410782963443e-02 4.846575702794501740e-12 1.954797855323461824e-13
1.499999999999999944e-02 1.763146589048667986e-02 1.572624835194408668e-02 5.990294215002301247e-12 2.767420221797082113e-13
1.550000000000000162e-02 1.624465365616787824e-02 1.599921613963285055e-02 7.276707469801731828e-12 3.719025816058540046e-13
1.600000000000000033e-02 1.502897574437961521e-02 1.577814821202172188e-02 8.681434561887227091e-12 4.810818662879788718e-13
1.650000000000000078e-02 1.395601279789376176e-02 1.535830956621036560e-02 1.017413746459910556e-11 6.045000414152832502e-13
1.700000000000000122e-02 1.300333412393886792e-02 1.554577473332790886e-02 1.184532263145601721e-11 7.375466282433147923e-13
1.750000000000000167e-02 1.215299291822020435e-02 1.525288861087993955e-02 1.352478657728225938e-11 8.806965699141949280e-13
1.800000000000000211e-02 1.139044555890606804e-02 1.536965543094361529e-02 1.513203055714858332e-11 1.033161786664323049e-12
1.850000000000000255e-02 1.070376613155797629e-02 1.508538712926985048e-02 1.690590562183521395e-11 1.190304081957003367e-12
1.900000000000000300e-02 1.008306775070593429e-02 1.494519846672141133e-02 1.874995715285660946e-11 1.353618493937771797e-12
1.950000000000000344e-02 9.520073972362940590e-03 1.497375608409076686e-02 2.051420520204284828e-11 1.522323251556203985e-12
2.000000000000000042e-02 9.007819128453992477e-03 1.471406263329468750e-02 2.216966336989233400e-11 1.691734970309992905e-12
