# time 1 2 D-1 D
0.000000000000000000e+00 9.999999586228411896e-01 1.812896991506189528e-08 5.685939643324330000e-35 3.271125271849951626e-35
2.500000000000000486e-03 9.957443182265729442e-01 2.208671575646541877e-03 8.660992898449681956e-24 1.483439331262975765e-24
5.000000000000000971e-03 9.804257251164977260e-01 1.127012642478858115e-02 3.779437869849080951e-20 5.417225594399800949e-21
7.500000000000001457e-03 9.488119684384274111e-01 3.238756993020609071e-02 5.458711050939706212e-18 6.612071650095690927e-19
1.000000000000000194e-02 8.934990421509106939e-01 7.296184913327001531e-02 1.973893077464195528e-16 2.111023197518862676e-17
1.250000000000000069e-02 8.059167501409768564e-01 1.408489968561194849e-01 3.388990502565096980e-15 3.401742739103122474e-16
1.500000000000000291e-02 6.814330011084468453e-01 2.366710935523831938e-01 3.673781197102643833e-14 3.731807358980995899e-15
1.750000000000000167e-02 5.291970160800071321e-01 3.384462722266645129e-01 2.917858855588784812e-13 3.268413507662968914e-14
2.000000000000000389e-02 3.756022567859181316e-01 3.919169057951583657e-01 1.854823496199556205e-12 2.495982357806807712e-13
2.250000000000000264e-02 2.482228792629640746e-01 3.475221618395806789e-01 9.930744185900434790e-12 1.735884194034047550e-12
2.500000000000000139e-02 1.576702455303815587e-01 2.448957156698690352e-01 4.619382731107560603e-11 1.108456802377730423e-11
2.750000000000000361e-02 9.910337585360419477e-02 1.600938372064126813e-01 1.924889893231198602e-10 6.343709938207590290e-11
3.000000000000000583e-02 6.286867549259973764e-02 1.050102951829449544e-01 7.530655628513108418e-10 3.119212382095627422e-10
3.250000000000000111e-02 4.070511795744578831e-02 6.705562438904469347e-02 3.017268112309958441e-09 1.279788844911068682e-09
3.500000000000000333e-02 2.704377846289134427e-02 4.008414032934091986e-02 1.362207598185245366e-08 4.392548954433649383e-09
3.750000000000000555e-02 1.847130216440239295e-02 2.294727474064588157e-02 6.733665150386692623e-08 1.290247040063227673e-08
4.000000000000000777e-02 1.296831003313084728e-02 1.389916288134923628e-02 2.673067177069040832e-07 3.329565502313151195e-08
4.250000000000000999e-02 9.347809254632492501e-03 9.058730232087591414e-03 7.070906382611023519e-07 7.722011205323575131e-08
4.500000000000000527e-02 6.906229030873903968e-03 6.391441893072189427e-03 1.465561930775249408e-06 1.639131279163857327e-07
4.750000000000000749e-02 5.219847382266074379e-03 4.649598701866462964e-03 2.667012140521354322e-06 3.230125778731017191e-07
5.000000000000000278e-02 4.028415779348362355e-03 3.537205025164736911e-03 4.470073380446767723e-06 5.978453895766956315e-07
5.250000000000000500e-02 3.168682031697571573e-03 2.766618083811096720e-03 7.021364618510022676e-06 1.048201539114504826e-06
5.500000000000000722e-02 2.536019186392827422e-03 2.224786152128590405e-03 1.048501898599110407e-05 1.752613085847317645e-06
5.750000000000000944e-02 2.061958797820283382e-03 1.810407656995681805e-03 1.499889666208346625e-05 2.815638824562586156e-06
6.000000000000001166e-02 1.700777420663812265e-03 1.497676268487874813e-03 2.066217908471885915e-05 4.360009634650978469e-06
6.250000000000000000e-02 1.421356589502589893e-03 1.255082879465789069e-03 2.756324561471117001e-05 6.537016009308709835e-06
6.500000000000000222e-02 1.202126754487285341e-03 1.074209817663727322e-03 3.570493641250338117e-05 9.499514118969915434e-06
6.750000000000000444e-02 1.027887200804747511e-03 9.220204140622629500e-04 4.506648683960402238e-05 1.345099040275662590e-05
7.000000000000000666e-02 8.877488348220332779e-04 8.031863606677582500e-04 5.569446373045890516e-05 1.858592037043494061e-05
7.250000000000000888e-02 7.738004300227480396e-04 7.073946901259008406e-04 6.733915221587385741e-05 2.509859817945393680e-05
7.500000000000001110e-02 6.802084296511486062e-04 6.245123878019069336e-04 7.997103252161010369e-05 3.319670633032751803e-05
7.750000000000001332e-02 6.026209885751714849e-04 5.569241189425932787e-04 9.350807027479398628e-05 4.300836782177948949e-05
8.000000000000001554e-02 5.377463130988254826e-04 5.041200232151327697e-04 1.076934806163357789e-04 5.478247244451257331e-05
8.250000000000001776e-02 4.830721080457701651e-04 4.557060928489850690e-04 1.225044030554344918e-04 6.854879344409554995e-05
8.500000000000001998e-02 4.366544740874512328e-04 4.153959881250503055e-04 1.374908789189833698e-04 8.471135849053774741e-05
8.750000000000000833e-02 3.969806505649792856e-04 3.803558565955341146e-04 1.528649574250381005e-04 1.030129497389084580e-04
9.000000000000001055e-02 3.628559459647007039e-04 3.476248491950787757e-04 1.685462611859157725e-04 1.234466570136768995e-04
9.250000000000001277e-02 3.333354717196248748e-04 3.212162216233990309e-04 1.840340951052090476e-04 1.464188003188629864e-04
9.500000000000001499e-02 3.076590424128440734e-04 2.982913473780659359e-04 1.997916701051621674e-04 1.713683401399910189e-04
9.750000000000001721e-02 2.852164657524783884e-04 2.790374498629793251e-04 2.150122509299956346e-04 1.989620256825406586e-04
1.000000000000000056e-01 2.655116466171215679e-04 2.614601588039057694e-04 2.306509001138782851e-04 2.281265425356326752e-04
