# time 1 2 D-1 D
0.000000000000000000e+00 9.999999298643303947e-01 1.736671660944469026e-08 4.108707542474286455e-35 3.477035377504293296e-37
2.500000000000000486e-03 9.986559910709995602e-01 4.276513355457081746e-06 8.005636701500700179e-29 1.764659021465926815e-33
5.000000000000000971e-03 9.943148473295667644e-01 9.379585252182066749e-05 1.747864352111061169e-24 6.525589532584991386e-28
7.500000000000001457e-03 9.863310227561415955e-01 6.669629580745986075e-04 6.338863790271833836e-22 1.222377338913101007e-24
1.000000000000000194e-02 9.735053447545695127e-01 2.968481181517356078e-03 3.947988866184399068e-20 2.443035322680389038e-22
1.250000000000000069e-02 9.534919103626968706e-01 9.958292031196159036e-03 8.725820900615501730e-19 1.309901775106424316e-20
1.500000000000000291e-02 9.227431182524811204e-01 2.661109298594404454e-02 9.157683247799575250e-18 2.775247881990863100e-19
1.750000000000000167e-02 8.791862879159275668e-01 5.702103816545978782e-02 5.387797789604765484e-17 2.831591180272970980e-18
2.000000000000000389e-02 8.271476398854941126e-01 9.809427570274871500e-02 1.994725860579941575e-16 1.600877490362458180e-17
2.250000000000000264e-02 7.766233983069433799e-01 1.300547507703939398e-01 5.158786840085661749e-16 5.670613683771458186e-17
2.500000000000000139e-02 7.355807914849036289e-01 4.010791956810273035e-02 1.038044981745076968e-15 1.419213598642939578e-16
2.750000000000000361e-02 7.060701650907426075e-01 1.604597761877848278e-02 1.788126525789402816e-15 2.803904003051331075e-16
3.000000000000000583e-02 6.863710405848025831e-01 1.184179423680323598e-02 2.842711603349665619e-15 4.786783544242997839e-16
3.250000000000000111e-02 6.738231369638409962e-01 1.049345190807516627e-02 4.376178775341582560e-15 7.546114120922302952e-16
3.500000000000000333e-02 6.661377108042302320e-01 9.940517661081378284e-03 6.599354720407024792e-15 1.152397186399097338e-15
3.750000000000000555e-02 6.616697579212814651e-01 9.658254485219260402e-03 9.767367505151026284e-15 1.743989652219332784e-15
4.000000000000000777e-02 6.593175360656223782e-01 9.471019448515612463e-03 1.401793875015563139e-14 2.632636768750688783e-15
4.250000000000000999e-02 6.583598640054715290e-01 9.300839880514669838e-03 1.922602928286424575e-14 3.977862748615409298e-15
4.500000000000000527e-02 6.583249226612480909e-01 9.104387280830640236e-03 2.500047495704829751e-14 5.987219020340760764e-15
4.750000000000000749e-02 6.588999597606058911e-01 8.878523849408086546e-03 2.986577039342103975e-14 9.381546264251536907e-15
5.000000000000000278e-02 6.598743831223096157e-01 8.615637341623710865e-03 3.046792942455572750e-14 1.644585383058379700e-14
5.250000000000000500e-02 6.611040583635664492e-01 8.317204277146852259e-03 1.833016572608135179e-14 3.456189934631682137e-14
5.500000000000000722e-02 6.624891101456454878e-01 7.986482759710927457e-03 1.736854878202528678e-15 5.455079150805435623e-14
5.750000000000000944e-02 6.639597766939487888e-01 7.629309593657859767e-03 7.123766851267395827e-17 5.685562392533108648e-14
6.000000000000001166e-02 6.654672567895857371e-01 7.235381695574084372e-03 5.978543108780303448e-16 5.427567544988370697e-14
6.250000000000000000e-02 6.669772831525463408e-01 6.834197771639131253e-03 8.745547749413270006e-16 5.012271381271398525e-14
6.500000000000000222e-02 6.684662871641657844e-01 6.439531651925680181e-03 8.168394242898017222e-16 4.450115488662681030e-14
6.750000000000000444e-02 6.699183839728526380e-01 6.062606235260142862e-03 6.281589781181208587e-16 3.862075486645439385e-14
7.000000000000000666e-02 6.713228678352129997e-01 5.675155850414985263e-03 4.125293166781705708e-16 3.246139313125177843e-14
7.250000000000000888e-02 6.726732180745768064e-01 5.334124988537951133e-03 2.328453749199492269e-16 2.650992631120705925e-14
7.500000000000001110e-02 6.739656008923236019e-01 5.011362316389797282e-03 1.337827561570709757e-16 2.123030370174220601e-14
7.750000000000001332e-02 6.751982332322956637e-01 4.722980516263850133e-03 9.908772603775167480e-17 1.640250992574604783e-14
8.000000000000001554e-02 6.763708711586579048e-01 4.459580749278132909e-03 1.021277413648664628e-16 1.251325902592924295e-14
8.250000000000001776e-02 6.774841101895305862e-01 4.225908058880522428e-03 1.292131865014513871e-16 9.349684268922779791e-15
8.500000000000001998e-02 6.785393793526882655e-01 4.031527374161291387e-03 2.201615260424068976e-16 6.956495295273342073e-15
8.750000000000000833e-02 6.795384525032478473e-01 3.857188732589238080e-03 2.756897773472753846e-16 5.327671580707543312e-15
9.000000000000001055e-02 6.804834184921533247e-01 3.715570939836774014e-03 3.719309701029979040e-16 4.250697421748798818e-15
9.250000000000001277e-02 6.813765411338836842e-01 3.565570597649686362e-03 4.774883372020296820e-16 3.779735293505048849e-15
9.500000000000001499e-02 6.822211026772178055e-01 3.450129851702328151e-03 6.468237189761006974e-16 3.563279007208617236e-15
9.750000000000001721e-02 6.830194263316743397e-01 3.338369709682189202e-03 7.315606370490688472e-16 3.557605962117576184e-15
1.000000000000000056e-01 6.837792157142764671e-01 3.248589842001302092e-03 7.862140735628176704e-16 4.009765829866787066e-15
