# time 1 2 D-1 D
0.000000000000000000e+00 9.999999586228411896e-01 1.812896991506189528e-08 5.685939643324330000e-35 3.271125271849951626e-35
5.000000000000000104e-04 9.990127150598292483e-01 5.743648073480025167e-06 3.136430827409579787e-27 2.300556283822347647e-24
1.000000000000000021e-03 9.957647648430594245e-01 1.284534512196702685e-04 8.009881231280955318e-23 1.215513995887182448e-20
1.500000000000000248e-03 9.894959199257681304e-01 9.096733737851544696e-04 3.442952434233156506e-20 1.940310569626322066e-18
2.000000000000000042e-03 9.785144243082416482e-01 3.999329277311093611e-03 2.701247918821732357e-18 7.087412003728477469e-17
2.500000000000000052e-03 9.593372119327155945e-01 1.320434705853219294e-02 7.912530327792137529e-17 1.108675301544822327e-15
3.000000000000000496e-03 9.265176666510256398e-01 3.469336648677084217e-02 1.186414509251022582e-15 9.801924407635850651e-15
3.500000000000000507e-03 8.757979936847749558e-01 7.268959671116820287e-02 1.112439543389028798e-14 5.713095109289497692e-14
4.000000000000000083e-03 8.104377033401575225e-01 1.184911110417347646e-01 7.020233822160888999e-14 2.440031585447205667e-13
4.500000000000000527e-03 7.418447286478004887e-01 1.463055837252692781e-01 3.266821598503040808e-13 8.321154456375195167e-13
5.000000000000000104e-03 6.811897564056026422e-01 1.446978480773114806e-01 1.167357868514488358e-12 2.430409061837073915e-12
5.500000000000000548e-03 6.334542558076494689e-01 1.334276705572300659e-01 3.454179528905248372e-12 6.343445675613206117e-12
6.000000000000000992e-03 5.984981245431808539e-01 1.229989532605778452e-01 9.135060956188610516e-12 1.488968685414811199e-11
6.500000000000000569e-03 5.740439333580570347e-01 1.099907859387863479e-01 2.445300958236723887e-11 3.103587961164235689e-11
7.000000000000001013e-03 5.575083233113284908e-01 9.164388741535557659e-02 7.215069866423414210e-11 5.719503235916842814e-11
7.499999999999999722e-03 5.466901639896153409e-01 7.249380899096906361e-02 2.109728318007678393e-10 9.418505144062618055e-11
8.000000000000000167e-03 5.399059807980671755e-01 5.938403567065073801e-02 4.276441283266632279e-10 1.410780243525456847e-10
8.500000000000000611e-03 5.359309598477592917e-01 5.114247210959817214e-02 5.458956908666189071e-10 1.957532445456483028e-10
9.000000000000001055e-03 5.338957883408331773e-01 4.644501032329587803e-02 5.664755816408010976e-10 2.556150650512026152e-10
9.500000000000001499e-03 5.331908687695741111e-01 4.281575083218136513e-02 5.459156263540656742e-10 3.181131531723449466e-10
1.000000000000000021e-02 5.333909401061132094e-01 4.046833795121361488e-02 5.091809502827315600e-10 3.811083166191765091e-10
1.050000000000000065e-02 5.341995674295441088e-01 3.870307899912400762e-02 4.651760227856188524e-10 4.427879759405019823e-10
1.100000000000000110e-02 5.354100204790332995e-01 3.745804950359268859e-02 4.192002947674302928e-10 5.017359239921191046e-10
1.150000000000000154e-02 5.368779208466836206e-01 3.631759412078727767e-02 3.734105762087865672e-10 5.573417987068701154e-10
1.200000000000000198e-02 5.385023173152483356e-01 3.539157389309852825e-02 3.290206472319142343e-10 6.087082806311043241e-10
1.250000000000000069e-02 5.402125213239621360e-01 3.459531624175266051e-02 2.871969961328333143e-10 6.555903265510945578e-10
1.300000000000000114e-02 5.419592345195317629e-01 3.409697842609550611e-02 2.483957951946980751e-10 6.973239918284646673e-10
1.350000000000000158e-02 5.437082247167392968e-01 3.352250777514181879e-02 2.126366018304229258e-10 7.344466450727034143e-10
1.400000000000000203e-02 5.454359443865839374e-01 3.311971082473581796e-02 1.806222431750435165e-10 7.668381456198797616e-10
1.450000000000000247e-02 5.471264583895272260e-01 3.281641690291337704e-02 1.517075489060237900e-10 7.945574004415366992e-10
1.499999999999999944e-02 5.487692579965484097e-01 3.245329317137887748e-02 1.261506052467673692e-10 8.179121993702636770e-10
1.550000000000000162e-02 5.503577401652169909e-01 3.218296376775364731e-02 1.040717851236645084e-10 8.368719766276126184e-10
1.600000000000000033e-02 5.518880912187293930e-01 3.209554005994747633e-02 8.476333920350466260e-11 8.522062974878925526e-10
1.650000000000000078e-02 5.533585011491092276e-01 3.189875154119402312e-02 6.843383214333644650e-11 8.638366904264926969e-10
1.700000000000000122e-02 5.547684923523367173e-01 3.177428319712526789e-02 5.410715275069224728e-11 8.728474003458385669e-10
1.750000000000000167e-02 5.561186415768260005e-01 3.165589703115222892e-02 4.240032198767912737e-11 8.787339446536842107e-10
1.800000000000000211e-02 5.574102048067252069e-01 3.143830948287931748e-02 3.291771275069887782e-11 8.819629987863842289e-10
1.850000000000000255e-02 5.586448377533846932e-01 3.134883193587856276e-02 2.493213422894791165e-11 8.833081384648609468e-10
1.900000000000000300e-02 5.598245570639605040e-01 3.128454831202139019e-02 1.876494919725988573e-11 8.825887285705761473e-10
1.950000000000000344e-02 5.609518736583408716e-01 3.128786753820745475e-02 1.360002161492675502e-11 8.806463658979076498e-10
2.000000000000000042e-02 5.620495726314683749e-01 3.126515709534261056e-02 9.858261406395752460e-12 8.766542449410110166e-10
