# time 1 2 D-1 D
0.000000000000000000e+00 9.999999298643303947e-01 1.736671660944469026e-08 4.108707542474286455e-35 3.477035377504293296e-37
2.500000000000000486e-03 9.986438066243359390e-01 1.524287021560044159e-05 8.021514557850167844e-29 6.106556690714212194e-34
5.000000000000000971e-03 9.940635234933340447e-01 3.236545901689130223e-04 1.778066682173468113e-24 2.255624391190225889e-28
7.500000000000001457e-03 9.846969290850658973e-01 2.185319285225463710e-03 6.759637146342572900e-22 4.078237845049177388e-25
1.000000000000000194e-02 9.669840555470671228e-01 9.111355608742611675e-03 4.674644554905015590e-20 8.315707018610029165e-23
1.250000000000000069e-02 9.341054371962724812e-01 2.837929754001203286e-02 1.251910803798751237e-18 5.016970283367938237e-21
1.500000000000000291e-02 8.767712502942478503e-01 7.023899347671670734e-02 1.789154291567929234e-17 1.376240299926578016e-19
1.750000000000000167e-02 7.901360600187478100e-01 1.399166623839194212e-01 1.637737941529144338e-16 2.164524660049883536e-18
2.000000000000000389e-02 6.835429623102787788e-01 2.251327827202705412e-01 1.071117187304391143e-15 2.249621673295031194e-17
2.250000000000000264e-02 5.772093722290339013e-01 2.799107914939922281e-01 5.371372682106490406e-15 1.693157821333591235e-16
2.500000000000000139e-02 4.868328096705321073e-01 7.982220143547723301e-02 2.177527922548357809e-14 9.795060104550517938e-16
2.750000000000000361e-02 4.170100225985073350e-01 2.940125317793320162e-02 7.401068926352175015e-14 4.525211393651686602e-15
3.000000000000000583e-02 3.654705834442754653e-01 2.028247506951753876e-02 2.166189339996847509e-13 1.712935783867349324e-14
3.250000000000000111e-02 3.280472015580174205e-01 1.705549400954699257e-02 5.573378100163453535e-13 5.424551468594367143e-14
3.500000000000000333e-02 3.009345941218565801e-01 1.554206785015953794e-02 1.281718332106859111e-12 1.468349258467780197e-13
3.750000000000000555e-02 2.812256627418089905e-01 1.468166807154312227e-02 2.658286876316544973e-12 3.463491360696798061e-13
4.000000000000000777e-02 2.668332535893480628e-01 1.412783640567038396e-02 5.017804213134215182e-12 7.278430124042146447e-13
4.250000000000000999e-02 2.562859138769995604e-01 1.371821589536169513e-02 8.682527950777796748e-12 1.404504819033428790e-12
4.500000000000000527e-02 2.485454533722132042e-01 1.334463227096972619e-02 1.378468800879602210e-11 2.531776484928575713e-12
4.750000000000000749e-02 2.428723389468713800e-01 1.299733650090377154e-02 1.979199810235716444e-11 4.635010007771031122e-12
5.000000000000000278e-02 2.387336995247627824e-01 1.265093048158663115e-02 2.427790582760010444e-11 9.576015516566829502e-12
5.250000000000000500e-02 2.357407095381901518e-01 1.226860884796229095e-02 1.876848414254614543e-11 2.478936463660000927e-11
5.500000000000000722e-02 2.336065067809091622e-01 1.187245822595880962e-02 3.921797487990246961e-12 4.838750899804338535e-11
5.750000000000000944e-02 2.321174016107453442e-01 1.145043422475455590e-02 4.918174437727739798e-13 5.854486140058472037e-11
6.000000000000001166e-02 2.311129763441097384e-01 1.099704235603504547e-02 6.248374173565053732e-14 6.298889940599153896e-11
6.250000000000000000e-02 2.304721512239253922e-01 1.052067199459517759e-02 3.561693255328233253e-14 6.406434899658153998e-11
6.500000000000000222e-02 2.301031084346869537e-01 1.003951825544902726e-02 4.722712756386086587e-14 6.226813822157287022e-11
6.750000000000000444e-02 2.299359570731107083e-01 9.568192838909059944e-03 1.244176824028395481e-13 5.799620814312587411e-11
7.000000000000000666e-02 2.299174309718477749e-01 9.082781867674406123e-03 2.830949901561563224e-13 5.182042890629315186e-11
7.250000000000000888e-02 2.300069221402974706e-01 8.640598006349621552e-03 4.727858653555940643e-13 4.439574127096742458e-11
7.500000000000001110e-02 2.301734240775758777e-01 8.216697523281682111e-03 7.652543488242590711e-13 3.640781541056402622e-11
7.750000000000001332e-02 2.303933202624182663e-01 7.829846125841187846e-03 1.112288514253129790e-12 2.849260553786688888e-11
8.000000000000001554e-02 2.306486731528579193e-01 7.472011034916547709e-03 1.444156205966914004e-12 2.119276955854062783e-11
8.250000000000001776e-02 2.309258629170873600e-01 7.150232932501874618e-03 1.612184377902686835e-12 1.492387382430180270e-11
8.500000000000001998e-02 2.312146557667866531e-01 6.875383053450210939e-03 2.210205292043301062e-12 9.967575202315866487e-12
8.750000000000000833e-02 2.315073792286649057e-01 6.626997382974838396e-03 2.223383270327585528e-12 6.472964800499673899e-12
9.000000000000001055e-02 2.317983709696501138e-01 6.420784747758333244e-03 2.338011315549616606e-12 4.473315914401375845e-12
9.250000000000001277e-02 2.320833550241043486e-01 6.205214788739981877e-03 2.876564351793111584e-12 3.906696076186354774e-12
9.500000000000001499e-02 2.323594741548035136e-01 6.035035064849837531e-03 3.524160796139100016e-12 4.647253241249733577e-12
9.750000000000001721e-02 2.326245607306742513e-01 5.870327610975833131e-03 3.749433191420001179e-12 6.524190815637758552e-12
1.000000000000000056e-01 2.328774016760256638e-01 5.735514348421962873e-03 3.715362646217263021e-12 9.347791249126775165e-12
