# time 1 2 D-1 D
0.000000000000000000e+00 9.999999284899121488e-01 3.338826276784133403e-08 3.795469220713620119e-36 1.970241030460946868e-35
1.250000000000000243e-03 9.989336654741517441e-01 2.583583707758649828e-07 1.755204599464589059e-29 9.386345350190007922e-36
2.500000000000000486e-03 9.955214728791269563e-01 6.177999370310131813e-06 3.925189952047188317e-25 3.938500782183149928e-30
3.750000000000000729e-03 9.894231940287645521e-01 4.344125113878561615e-05 1.487273478055139444e-22 7.099884756188023634e-27
5.000000000000000971e-03 9.802499394638474195e-01 1.951475527229071911e-04 1.038945704285066179e-20 1.361176165086843316e-24
6.250000000000000347e-03 9.674977680054985818e-01 6.844810750249871126e-04 2.778914597336265629e-19 7.119816932527296269e-23
7.500000000000001457e-03 9.503995070332798001e-01 2.009443087644795147e-03 3.884275131170651249e-18 1.495917585845507860e-21
8.750000000000000833e-03 9.276679522174441361e-01 5.205260780736182050e-03 3.330226724847550760e-17 1.490812887088039476e-20
1.000000000000000194e-02 8.972415493013486953e-01 1.176096396236399159e-02 1.903990259894985805e-16 7.362056390554703207e-20
1.125000000000000132e-02 8.565309918830484870e-01 2.279907772073400812e-02 7.539695929862658694e-16 1.669866958470479851e-19
1.250000000000000069e-02 8.039318795540612017e-01 3.679443638076813211e-02 2.105429838419423308e-15 1.269484296316548062e-19
1.375000000000000180e-02 7.411472596454645734e-01 4.986874293516396078e-02 4.160753887556442312e-15 1.776672448874166838e-20
1.500000000000000291e-02 6.735439118028807570e-01 6.036225230102207351e-02 5.773010101614210856e-15 1.075089277941970580e-19
1.625000000000000056e-02 6.073109741260260819e-01 6.982663419857380871e-02 5.215762465806632880e-15 7.214653117755352381e-18
1.750000000000000167e-02 5.465944852158319822e-01 7.906183630250564198e-02 2.505750477259165158e-15 1.069859980927359166e-16
1.875000000000000278e-02 4.930213806803362409e-01 8.669938252325481987e-02 4.910953553200425267e-17 7.337720840101576581e-16
2.000000000000000389e-02 4.466228400957389932e-01 8.909560358100614141e-02 2.721817713000890129e-15 3.237308521388410587e-15
2.125000000000000500e-02 4.067341984660198806e-01 8.472392644380727367e-02 1.476241007257185851e-14 1.063284068191307221e-14
2.250000000000000264e-02 3.724881729329005964e-01 7.771230737755872864e-02 3.748135531646590686e-14 2.808898679436065060e-14
2.375000000000000375e-02 3.430251861631062882e-01 7.246934913631224162e-02 6.724369081417433218e-14 6.236764405250235193e-14
2.500000000000000139e-02 3.175686423857148610e-01 6.731501465551775754e-02 9.603847107548561191e-14 1.191783049777813845e-13
2.625000000000000250e-02 2.954443404173109911e-01 6.014264365379803218e-02 1.124006928182220126e-13 2.003511088222132900e-13
2.750000000000000361e-02 2.760755543819552460e-01 5.063362187019446875e-02 1.168013376218067444e-13 2.989142387069942003e-13
2.875000000000000472e-02 2.589684585652818338e-01 4.016919725804793395e-02 1.057632909473562348e-13 4.007720392972845777e-13
3.000000000000000583e-02 2.436944586182169525e-01 3.033744209861506669e-02 8.565216399515137836e-14 4.873379341812484315e-13
3.125000000000000000e-02 2.298741476177175724e-01 2.207425695973436186e-02 5.633614201319833401e-14 5.413492462988291013e-13
3.250000000000000111e-02 2.171664149573094560e-01 1.522676803001887097e-02 3.149329673389784830e-14 5.508812140447719760e-13
3.375000000000000222e-02 2.052689857097745874e-01 9.976827862050225218e-03 1.265775498027651007e-14 5.132053329784418751e-13
3.500000000000000333e-02 1.939228650752550243e-01 5.863414652467877422e-03 4.797127538880784132e-13 4.341091414372716855e-13
3.625000000000000444e-02 1.829169386852982637e-01 3.059146459729683576e-03 2.089070930181103516e-11 3.277955274929567871e-13
3.750000000000000555e-02 1.721591497790622982e-01 1.239003481153005699e-03 2.502465499286951900e-11 2.126073528870187156e-13
3.875000000000000666e-02 1.616007982435855861e-01 2.883661240410268769e-04 2.971545371287026257e-11 1.091141292791114047e-13
4.000000000000000777e-02 1.512759088189555845e-01 8.932959316235385453e-06 3.504660515094814716e-11 3.800088228946946215e-14
4.125000000000000888e-02 1.412876897209958960e-01 1.415728106728533829e-04 4.113009874579048906e-11 1.616909963385302548e-14
4.250000000000000999e-02 1.317387441637853651e-01 4.675682328355032849e-04 4.814867706129765894e-11 5.763307885343908243e-14
4.375000000000000416e-02 1.227182774629033829e-01 8.006574477875528888e-04 5.635855136283413249e-11 1.723506426382917091e-13
4.500000000000000527e-02 1.142871783402669150e-01 9.753620340347278527e-04 6.629031691267659139e-11 3.667752097899323941e-13
4.625000000000000638e-02 1.064694380197588747e-01 9.539068030909743888e-04 7.936189872139679580e-11 6.457281946427393042e-13
4.750000000000000749e-02 9.926025190045056901e-02 7.147563996611976762e-04 9.722442875774519625e-11 1.008150650265101564e-12
4.875000000000000860e-02 9.263356770587187483e-02 3.819733748740638895e-04 1.302288596721129336e-10 1.453898009182547683e-12
5.000000000000000278e-02 8.655310835619488274e-02 9.639748307192505061e-05 2.582123379153404667e-10 1.980439487935412140e-12
