# lambda 1 2 D-1 D
0.000000000000000000e+00 -1.199999994954098170e+01 -1.000000002618505235e+01 1.000000002569041868e+01 1.199999995542973252e+01
2.500000000000000139e-02 -1.170657683894856760e+01 -9.826517489111747494e+00 9.826603850201845347e+00 1.170654071866472989e+01
5.000000000000000278e-02 -1.142709889909827048e+01 -9.663781241386937282e+00 9.664515355809962571e+00 1.142679343896971567e+01
7.500000000000001110e-02 -1.116289945366541581e+01 -9.512018370447600901e+00 9.514658807182607703e+00 1.116180522871951020e+01
1.000000000000000056e-01 -1.091553978536929748e+01 -9.371379343839496556e+00 9.378070810930054790e+00 1.091277518833322446e+01
1.250000000000000000e-01 -1.068685270643714347e+01 -9.241904025307427162e+00 9.255899938202720278e+00 1.068107391196729594e+01
1.500000000000000222e-01 -1.047897811913307287e+01 -9.123550671818746238e+00 9.149415541895715265e+00 1.046825477259729986e+01
1.750000000000000167e-01 -1.029436652404374364e+01 -9.016430638987321444e+00 9.060001159784130564e+00 1.027604539388843286e+01
2.000000000000000111e-01 -1.013570889418892129e+01 -8.921948530449148151e+00 8.989118690589785743e+00 1.010630207877176368e+01
2.250000000000000056e-01 -1.000574367538955656e+01 -8.848109089580116660e+00 8.938225795752451575e+00 9.960908461151618098e+00
2.500000000000000000e-01 -9.906924185688470885e+00 -8.812570945755535234e+00 8.908638214432212266e+00 9.841610135847989937e+00
2.750000000000000222e-01 -9.841022783841152588e+00 -8.815434014884376168e+00 8.901354957021554881e+00 9.749805257630447031e+00
3.000000000000000444e-01 -9.808848945115478557e+00 -8.850121537995878640e+00 8.916896273468150724e+00 9.686347946556555399e+00
3.250000000000000111e-01 -9.810242745507155249e+00 -8.913324706522983476e+00 8.955218628791888236e+00 9.651437376986718775e+00
3.500000000000000333e-01 -9.844339532268913118e+00 -9.002184505682246041e+00 9.015744205343940720e+00 9.644635178713800272e+00
3.750000000000000000e-01 -9.909938207972899704e+00 -9.113670090055439488e+00 9.097490795109596462e+00 9.664992307578565089e+00
4.000000000000000222e-01 -1.000578845119942351e+01 -9.244710886245774972e+00 9.199244732050415152e+00 9.711223603298646978e+00
4.250000000000000444e-01 -1.013070683800413008e+01 -9.392430204859621767e+00 9.319724182627982856e+00 9.781866270348395176e+00
4.500000000000000111e-01 -1.028353475847712950e+01 -9.554358915817742215e+00 9.457693295435641190e+00 9.875394985835720618e+00
4.750000000000000333e-01 -1.046301745911554093e+01 -9.728594917190122260e+00 9.612023526137164708e+00 9.990291824034329693e+00
5.000000000000000000e-01 -1.066770522151965395e+01 -9.913868288158937503e+00 9.781710507843833113e+00 1.012508724848829900e+01
5.250000000000000222e-01 -1.089594493542659315e+01 -1.010948574150628509e+01 9.965859895412192415e+00 1.027838800938920194e+01
5.500000000000000444e-01 -1.114596055853260381e+01 -1.031517935841112532e+01 1.016365787431638168e+01 1.044890192239273219e+01
5.750000000000000666e-01 -1.141596873065427431e+01 -1.053092480190423075e+01 1.037433853809880802e+01 1.063546250492085932e+01
6.000000000000000888e-01 -1.170427510209872501e+01 -1.075678842488646758e+01 1.059715820124714192e+01 1.083705182127769540e+01
6.250000000000000000e-01 -1.200932807227124854e+01 -1.099282861085639240e+01 1.083138106678930868e+01 1.105281761381307959e+01
6.500000000000000222e-01 -1.232973424047399114e+01 -1.128974228710159089e+01 1.107627717829024228e+01 1.128208100233261924e+01
6.750000000000000444e-01 -1.266425032966348141e+01 -1.162796702373287872e+01 1.133112939577783607e+01 1.152433094280298320e+01
7.000000000000000666e-01 -1.301176493098517462e+01 -1.197617123659192195e+01 1.159525355876741592e+01 1.177919647564911365e+01
7.250000000000000888e-01 -1.337127837473248171e+01 -1.233334349855744172e+01 1.186800682285258013e+01 1.204640438143843362e+01
7.500000000000000000e-01 -1.374188468150757103e+01 -1.269859460895561654e+01 1.214881715758736647e+01 1.232570336368847919e+01
7.750000000000000222e-01 -1.412275688302747412e+01 -1.307114125207965571e+01 1.243720279971580567e+01 1.261678420465408479e+01
8.000000000000000444e-01 -1.451313568626378725e+01 -1.345029242967232719e+01 1.273278559710232116e+01 1.291922332786065297e+01
8.250000000000000666e-01 -1.491232093990301166e+01 -1.383543774907401414e+01 1.303532128238832044e+01 1.323246908589636206e+01
8.500000000000000888e-01 -1.531966524742317404e+01 -1.422603748265602874e+01 1.334474181973587292e+01 1.355589904491721853e+01
8.750000000000000000e-01 -1.573456912705012201e+01 -1.462161382540590893e+01 1.366123738433836721e+01 1.388892978822446977e+01
9.000000000000000222e-01 -1.615647723190065932e+01 -1.502174308434380379e+01 1.399129490705634282e+01 1.423116828552509361e+01
9.250000000000000444e-01 -1.658487526283681746e+01 -1.542604905344529698e+01 1.438025595345118646e+01 1.458261030947564052e+01
9.500000000000000666e-01 -1.701928731431755537e+01 -1.583419677172848949e+01 1.477241271547840640e+01 1.494389998980234679e+01
9.750000000000000888e-01 -1.745927347442783528e+01 -1.624588735639730785e+01 1.516514368391440470e+01 1.531651772301055914e+01
1.000000000000000000e+00 -1.790442757833091036e+01 -1.666085318143827010e+01 1.555571212667269521e+01 1.570222184981246727e+01
