# time 1 2 D-1 D
0.000000000000000000e+00 9.999999284899121488e-01 3.338826276784133403e-08 3.795469220713620119e-36 1.970241030460946868e-35
2.500000000000000486e-03 9.989272585002256788e-01 1.724086170555925887e-06 1.757936899566166596e-29 2.034179198773545168e-36
5.000000000000000971e-03 9.954086597708785566e-01 3.728379258271973315e-05 3.934617629139694217e-25 8.079754020590855771e-32
7.500000000000001457e-03 9.887981781980735851e-01 2.387668971840180884e-04 1.500930819592631013e-22 6.095943173756060754e-30
1.000000000000000194e-02 9.780824133067039794e-01 9.660704573222862399e-04 1.064425352233521267e-20 2.556823112427181667e-26
1.250000000000000069e-02 9.616775953013887435e-01 3.010724428091689046e-03 2.928151918436675689e-19 1.044587285020745949e-23
1.500000000000000291e-02 9.371377467891776059e-01 7.738937062019650252e-03 4.287857495108876794e-18 9.052253523200978418e-22
1.750000000000000167e-02 9.008744235773780140e-01 1.737597973441768959e-02 3.949451276318080722e-17 3.297883215190215067e-20
2.000000000000000389e-02 8.483121376906449518e-01 3.368075227495203466e-02 2.509343558622191238e-16 6.479351822358753246e-19
2.250000000000000264e-02 7.754009380947676222e-01 5.546940626144838959e-02 1.156500305984642477e-15 7.783827426069494973e-18
2.500000000000000139e-02 6.820852891532102058e-01 7.501207199158854699e-02 4.013276779433756622e-15 6.173976528605961222e-17
2.750000000000000361e-02 5.754633878239021616e-01 8.378061688267018914e-02 1.085499245503913584e-14 3.425809999862400518e-16
3.000000000000000583e-02 4.678945912404134377e-01 8.256578340152923023e-02 2.385091815353748046e-14 1.399961769409938995e-15
3.250000000000000111e-02 3.705375359137610958e-01 7.767498584124349348e-02 4.374714921136612748e-14 4.420587099690036081e-15
3.500000000000000333e-02 2.890509991314211824e-01 7.199800619971792603e-02 7.049123454637414105e-14 1.126362548678222493e-14
3.750000000000000555e-02 2.240949827690503215e-01 6.520444704983885398e-02 9.896835935718047116e-14 2.403779387816695601e-14
4.000000000000000777e-02 1.737127672631934017e-01 5.568623908495258512e-02 1.258358482587491914e-13 4.428821358483444533e-14
4.250000000000000999e-02 1.351619421269517340e-01 4.400583287289797779e-02 1.440254203667764828e-13 7.218935081520488033e-14
4.500000000000000527e-02 1.058114474095363244e-01 3.334901105267706889e-02 1.484609332124019805e-13 1.061226647707092599e-13
4.750000000000000749e-02 8.345538305592486994e-02 2.541982114862477091e-02 1.387646430693313162e-13 1.431262668277834490e-13
5.000000000000000278e-02 6.635821830345094152e-02 1.909429597335529985e-02 1.200137317202173610e-13 1.796494423848772424e-13
5.250000000000000500e-02 5.319916257991660902e-02 1.369750571038170529e-02 1.006105950738999217e-13 2.150755952601402702e-13
5.500000000000000722e-02 4.299037519879207736e-02 9.191916922893780123e-03 7.793816916313989541e-14 2.510567344960103799e-13
5.750000000000000944e-02 3.499901970210269470e-02 5.790526760334545157e-03 6.180132864962687964e-14 2.945277096671235979e-13
6.000000000000001166e-02 2.868269004499212488e-02 3.461986439693611178e-03 4.777363931438165287e-14 3.568434140730699021e-13
6.250000000000000000e-02 2.363955537586955036e-02 1.989763499599553429e-03 4.590600535089095676e-14 4.543481314829827193e-13
6.500000000000000222e-02 1.957128781684634722e-02 1.065068056345173280e-03 4.390296464045154766e-14 6.096170739870533316e-13
6.750000000000000444e-02 1.625632323254955214e-02 5.285662807790580519e-04 4.020007449153392351e-14 8.533687829177395297e-13
7.000000000000000666e-02 1.353012983411843589e-02 2.150201647076750277e-04 5.338251010454391208e-13 1.225796583822767109e-12
7.250000000000000888e-02 1.127054286757906906e-02 6.553591354164904105e-05 3.661744973722599995e-11 1.776225869346164207e-12
7.500000000000001110e-02 9.389205743249138744e-03 7.805481791828582634e-06 4.467941367413349545e-11 2.561814773694837732e-12
7.750000000000001332e-02 7.818484031113523761e-03 5.045457749853900860e-06 5.430411225912398615e-11 3.644340486867374931e-12
8.000000000000001554e-02 6.508291510081582257e-03 2.635891185191185644e-05 6.588025027065583430e-11 5.086760351896957210e-12
8.250000000000001776e-02 5.417898591096457356e-03 5.491780072635671681e-05 7.986753704350137456e-11 6.950530277945864839e-12
8.500000000000001998e-02 4.513654764364326798e-03 7.598088076169238038e-05 9.697578571793260789e-11 9.292567264902096441e-12
8.750000000000000833e-02 3.766008635190861223e-03 8.538938416872786765e-05 1.182102803231628747e-10 1.216295989654450232e-11
9.000000000000001055e-02 3.149244446100450245e-03 7.999706177233214957e-05 1.456691992460024890e-10 1.560443940260313431e-11
9.250000000000001277e-02 2.640827759548949882e-03 6.499480709026271314e-05 1.849563456186510979e-10 1.965167495794357096e-11
9.500000000000001499e-02 2.221508927296049051e-03 4.299298367622867215e-05 2.434306242149349251e-10 2.432949718109573917e-11
9.750000000000001721e-02 1.875091001109700827e-03 2.187414897848176685e-05 3.666998845036283427e-10 2.965211576885393805e-11
1.000000000000000056e-01 1.588180442063207454e-03 6.664927168673750126e-06 1.051023779337194487e-09 3.562374814412916566e-11
