# time 1 2 D-1 D
0.000000000000000000e+00 9.999999805468978709e-01 9.864139601677879722e-10 3.312543080617206197e-34 3.773836451238642800e-34
5.000000000000000104e-04 9.999986996831912167e-01 1.024183349527931206e-06 7.918868225648164019e-21 1.240770236656987170e-22
1.000000000000000021e-03 9.999732612836469414e-01 2.168984336286108587e-05 8.230657314981886782e-20 7.281683259137878358e-22
1.500000000000000248e-03 9.998199158325478120e-01 1.476346126007473678e-04 5.777788881167117366e-19 1.946043947992041588e-21
2.000000000000000042e-03 9.992469339006626594e-01 6.168427635468293202e-04 2.724376809719569006e-18 6.047968046584199336e-20
2.500000000000000052e-03 9.976220437349723191e-01 1.911998920668814012e-03 1.279251982086266281e-17 1.002809815774085813e-18
3.000000000000000496e-03 9.938738576614383202e-01 4.751670057616709519e-03 6.317965940692789807e-17 1.524146867587086668e-17
3.500000000000000507e-03 9.866729516765246899e-01 9.843567997814980930e-03 3.194268429597132505e-16 1.967054700337610751e-16
4.000000000000000083e-03 9.750322362280202659e-01 1.761785448740766508e-02 1.581409064813359814e-15 1.918681378376390543e-15
4.500000000000000527e-03 9.589879797765599179e-01 2.797649304981449439e-02 7.071870469057786298e-15 1.337233491530746880e-14
5.000000000000000104e-03 9.397165130355439322e-01 4.032017493729352781e-02 2.604983342964146911e-14 6.571536228402019152e-14
5.500000000000000548e-03 9.189754588630003607e-01 5.247501782497914630e-02 7.395635388936443655e-14 2.290691825494453421e-13
6.000000000000000992e-03 8.984176289324583564e-01 6.000940000706547761e-02 1.567360307506492574e-13 5.715239321750002935e-13
6.500000000000000569e-03 8.792207787496072458e-01 6.092283418523299771e-02 2.436878384776193491e-13 1.017735867998989173e-12
7.000000000000001013e-03 8.620419775038210553e-01 5.877878407841978514e-02 2.753679963057121000e-13 1.244875653622707928e-12
7.499999999999999722e-03 8.471284393974616300e-01 5.677485713216149504e-02 2.231031035301635831e-13 9.061033136189168143e-13
8.000000000000000167e-03 8.344582378660957422e-01 5.540120630308614791e-02 1.381563161722817144e-13 1.990947647290091205e-13
8.500000000000000611e-03 8.238573962589231803e-01 5.426175435776350864e-02 1.018823755798879521e-13 1.245481695424454513e-13
9.000000000000001055e-03 8.150818178452644558e-01 5.335400340390741847e-02 1.856315343362744924e-13 1.531928409081910994e-12
9.500000000000001499e-03 8.078686878245194825e-01 5.243315881217591040e-02 5.704341592226130775e-13 3.536413272663561864e-12
1.000000000000000021e-02 8.019656486531065998e-01 5.141703181126878325e-02 1.484712191540196178e-12 3.947495247914837595e-12
1.050000000000000065e-02 7.971453909249521796e-01 5.027168141414570246e-02 2.993020595695754017e-12 1.995018989541139183e-12
1.100000000000000110e-02 7.932112537649772532e-01 4.889597253631912388e-02 5.269235954734618608e-12 3.563918240501037331e-13
1.150000000000000154e-02 7.899975502937782723e-01 4.735744559847355345e-02 9.337378791101915619e-12 5.431219478399714392e-12
1.200000000000000198e-02 7.873674453264366546e-01 4.550678256315226350e-02 4.317993731971189407e-11 1.288241712203485589e-12
1.250000000000000069e-02 7.852095603891845466e-01 4.350621284698798913e-02 9.588170018816684710e-11 1.469459429789966478e-11
1.300000000000000114e-02 7.834342702584096152e-01 4.115871991022591186e-02 2.106596541267498611e-10 2.042299293948820785e-11
1.350000000000000158e-02 7.819701613538677654e-01 3.850589006976207901e-02 3.939180447627013186e-10 2.997963910859801050e-11
1.400000000000000203e-02 7.807608234876962650e-01 3.589044405823159367e-02 6.630623784448079461e-10 4.148929376260834386e-11
1.450000000000000247e-02 7.797620271314977813e-01 3.303212090807211565e-02 1.031967241072428098e-09 5.223586350446833145e-11
1.499999999999999944e-02 7.789393043872608891e-01 3.020787297649429534e-02 1.503960332513278552e-09 6.437448551543491973e-11
1.550000000000000162e-02 7.782658905288756257e-01 2.774027761097928868e-02 2.076949231638630764e-09 7.935223649525866328e-11
1.600000000000000033e-02 7.777209748524152033e-01 2.549814834493011398e-02 2.748120887979430876e-09 9.364874909113376067e-11
1.650000000000000078e-02 7.772882318233349519e-01 2.354979397785432818e-02 3.510887106909992180e-09 1.030826788016604129e-10
1.700000000000000122e-02 7.769545963807704680e-01 2.203915167698416305e-02 4.342744141400671626e-09 1.163966356557782651e-10
1.750000000000000167e-02 7.767093384945833456e-01 2.084102977526780878e-02 5.228379657525436080e-09 1.340687498461021401e-10
1.800000000000000211e-02 7.765432755831118694e-01 1.973333467578206046e-02 6.161047304342622845e-09 1.485214508076013684e-10
1.850000000000000255e-02 7.764482513623591764e-01 1.900741409377184124e-02 7.131945112739983975e-09 1.557789547177940232e-10
1.900000000000000300e-02 7.764168138553373399e-01 1.837540482003340025e-02 8.117004618738943609e-09 1.693637421930658668e-10
1.950000000000000344e-02 7.764419592015389116e-01 1.792966530915297493e-02 9.116686422463034970e-09 1.812920308726152369e-10
2.000000000000000042e-02 7.765174626815030123e-01 1.764690658287086655e-02 1.012430741986060378e-08 1.925078353982272747e-10
