# time 1 2 D-1 D
0.000000000000000000e+00 9.999999742933743940e-01 9.181679933335603316e-09 4.984096047486499034e-35 2.241902825888266735e-34
1.250000000000000243e-03 9.992331552670431494e-01 7.760304030440666833e-06 7.146811945704826324e-17 5.333639774819081813e-23
2.500000000000000486e-03 9.966595627649973421e-01 1.513547298546414873e-04 2.211288156838161420e-14 2.755655563618793244e-19
3.750000000000000729e-03 9.915220930582849812e-01 9.579102147206365299e-04 6.745087308118496343e-13 3.778608220332829346e-17
5.000000000000000971e-03 9.822687967101434436e-01 3.793280838310634021e-03 7.898156202721392075e-12 1.198363502054411298e-15
6.250000000000000347e-03 9.660223752949957943e-01 1.148694625462813070e-02 5.482503740950690080e-11 1.688993873061102120e-14
7.500000000000001457e-03 9.381818158959988052e-01 2.886754107889058854e-02 2.703432524142417210e-10 1.407865000812044812e-13
8.750000000000000833e-03 8.930218197816239822e-01 6.201871813990603860e-02 1.055122379490521496e-09 8.051010892215368275e-13
1.000000000000000194e-02 8.265063250289403918e-01 1.142987421653920699e-01 3.449784288355338228e-09 3.428413719643536669e-12
1.125000000000000132e-02 7.406402339696200876e-01 1.785948478942478157e-01 9.838116210073900947e-09 1.132503523464018141e-11
1.250000000000000069e-02 6.447811763867380419e-01 2.349615447957580650e-01 2.514281824742488221e-08 2.907576107758142179e-11
1.375000000000000180e-02 5.509123848851515959e-01 2.645129257306374493e-01 5.870946867688943594e-08 5.691488870824482753e-11
1.500000000000000291e-02 4.676418477679440411e-01 2.685080320472596482e-01 1.267532725641595754e-07 6.051500046304427878e-11
1.625000000000000056e-02 3.983309840512337940e-01 2.564742491875071084e-01 2.554374756661616763e-07 1.156907025841243636e-11
1.750000000000000167e-02 3.426351681607148758e-01 2.386996581608175627e-01 4.830145250362624715e-07 1.831153212440924074e-10
1.875000000000000278e-02 2.985701510048097140e-01 2.201971354803576864e-01 8.587363029335941073e-07 3.037984951936038779e-09
2.000000000000000389e-02 2.638183676779814468e-01 1.759963624087470535e-01 1.434289161874573735e-06 1.977931114402720049e-08
2.125000000000000500e-02 2.362994860366938732e-01 3.933638313139849185e-02 2.253389230345007950e-06 7.657171933333501196e-08
2.250000000000000264e-02 2.143303867046408295e-01 2.053976882139104884e-02 3.322670829525752850e-06 2.392140130238841930e-07
2.375000000000000375e-02 1.966119526024570074e-01 1.543062759793043491e-02 4.691722004359535096e-06 5.283957356685187225e-07
2.500000000000000139e-02 1.821619200270127303e-01 1.262571679830081992e-02 6.389670898314930333e-06 9.769830855209623978e-07
2.625000000000000250e-02 1.702427351048278192e-01 1.079860008820879985e-02 8.584746497561712174e-06 1.464322629063528881e-06
2.750000000000000361e-02 1.603003281992033402e-01 9.610948259985010317e-03 1.242256059832975319e-05 8.746113160764650826e-07
2.875000000000000472e-02 1.519165664574509134e-01 8.700312006891180311e-03 1.073677128543559789e-05 6.386644936827512575e-06
3.000000000000000583e-02 1.447737537300990973e-01 7.882827012484099061e-03 1.061840759298905609e-05 1.090777434490294399e-05
3.125000000000000000e-02 1.386286025186042048e-01 7.277340483299143958e-03 1.221724245123756356e-05 1.427731223097563476e-05
3.250000000000000111e-02 1.332932358557892827e-01 6.720450808843215704e-03 1.456709025781549999e-05 1.744651781283918559e-05
3.375000000000000222e-02 1.286213205103731994e-01 6.275443936213030184e-03 1.623372537318403964e-05 2.183596283388424987e-05
3.500000000000000333e-02 1.244979052337865655e-01 5.876909380819225585e-03 1.894202504406811656e-05 2.571360355747300845e-05
3.625000000000000444e-02 1.208319281553201924e-01 5.536183119887304153e-03 2.354842518848273512e-05 2.822764802111677384e-05
3.750000000000000555e-02 1.175506574387443631e-01 5.226298303531393477e-03 2.739379098993916347e-05 3.205935298012592177e-05
3.875000000000000666e-02 1.145955333426940809e-01 4.940202969278831117e-03 3.140027671049666315e-05 3.633221889904810902e-05
4.000000000000000777e-02 1.119190375018415673e-01 4.679929883143515990e-03 4.494763008783394728e-05 3.174144356503479976e-05
4.125000000000000888e-02 1.094823178002451713e-01 4.460833768193030874e-03 5.338798582940964421e-05 3.304218144173281998e-05
4.250000000000000999e-02 1.072533724905828101e-01 4.272448925472234309e-03 5.996643378050136133e-05 3.712313708852485488e-05
4.375000000000000416e-02 1.052056563215530843e-01 4.098544247425205296e-03 6.683011402850847339e-05 4.196943064491832329e-05
4.500000000000000527e-02 1.033170008563082942e-01 3.933321487379568167e-03 7.748678412503189647e-05 4.413118954047749195e-05
4.625000000000000638e-02 1.015687715142380571e-01 3.782695503237075690e-03 8.781932134914384892e-05 4.756956792236011151e-05
4.750000000000000749e-02 9.994518694791697244e-02 3.646907696041112781e-03 9.866588529736053067e-05 5.089910582932910039e-05
4.875000000000000860e-02 9.843281379769501516e-02 3.532818770598766291e-03 1.111497169154495072e-04 5.200276365552620604e-05
5.000000000000000278e-02 9.702033856888137020e-02 3.417631305624370397e-03 1.206991580373440663e-04 5.430758502909625315e-05
