# time 1 2 D-1 D
0.000000000000000000e+00 9.999999586077346070e-01 1.919602507240909126e-08 3.900088217936801836e-35 5.967544008743197458e-35
2.500000000000000052e-04 9.992498406329209937e-01 3.965979072084610244e-06 7.422639027645849880e-28 2.340054555022889718e-25
5.000000000000000104e-04 9.967893933640348259e-01 8.448834148553430255e-05 1.775246498483323751e-23 1.254559050463295191e-21
7.500000000000001240e-04 9.920949083635467458e-01 5.764396203125673589e-04 6.849836578509972281e-21 2.053070722287266333e-19
1.000000000000000021e-03 9.840871352624851465e-01 2.455570763150699120e-03 4.608816792818619009e-19 7.769015166436512718e-18
1.250000000000000026e-03 9.706138384473855796e-01 7.961428250472957907e-03 1.223818038469530877e-17 1.271872293197678868e-16
1.500000000000000248e-03 9.480683734186322598e-01 2.106949014932450043e-02 1.670779675830484080e-16 1.186309316388852405e-15
1.750000000000000253e-03 9.123886533503604568e-01 4.625679728363921162e-02 1.394565381606467451e-15 7.317153050996943904e-15
2.000000000000000042e-03 8.626507763979430754e-01 8.330688574985262163e-02 7.794369732066857903e-15 3.292742256676002840e-14
2.250000000000000264e-03 8.044031349064488801e-01 1.196351815648953598e-01 3.208159608618353711e-14 1.170614547524404077e-13
2.500000000000000052e-03 7.471370903734068092e-01 1.350030580818330772e-01 9.871769500265522972e-14 3.527617242527253573e-13
2.750000000000000274e-03 6.982150069250026014e-01 1.272076396461042924e-01 2.404633638954836217e-13 9.575515872217349089e-13
3.000000000000000496e-03 6.603382012523206779e-01 1.141358057536804721e-01 4.528065079629394044e-13 2.449949084732149823e-12
3.250000000000000284e-03 6.329032638816519674e-01 1.014620536988872918e-01 6.245334284104053068e-13 6.045446830826275360e-12
3.500000000000000507e-03 6.139847713618499236e-01 8.961688963080388648e-02 4.480173969912671470e-13 1.440523618043858402e-11
3.749999999999999861e-03 6.015073677112618977e-01 7.558319754926184908e-02 3.415638774863883870e-15 3.239340601298907409e-11
4.000000000000000083e-03 5.937026287753887077e-01 6.120755920207334583e-02 3.502229412353984624e-12 6.533402925952817717e-11
4.250000000000000305e-03 5.892045928074272076e-01 4.946493628174770257e-02 2.468278475975487218e-11 1.141140457498431249e-10
4.500000000000000527e-03 5.870088946232125959e-01 4.156057528355031755e-02 7.993401631161239826e-11 1.746880133761095926e-10
4.750000000000000749e-03 5.863959588367109177e-01 3.682975116349182509e-02 1.668170635267625111e-10 2.459650902030417961e-10
5.000000000000000104e-03 5.868576505906565322e-01 3.341621988459100162e-02 2.691821788820822943e-10 3.256399123357349041e-10
5.250000000000000326e-03 5.880375559331034729e-01 3.138155271718229972e-02 3.694104473856526689e-10 4.133950199253085727e-10
5.500000000000000548e-03 5.896866249889163303e-01 2.998656629063349913e-02 4.639593470005356875e-10 5.026351382124959851e-10
5.750000000000000770e-03 5.916310604041574717e-01 2.866143973934768066e-02 5.498739314582083877e-10 5.917325287833231802e-10
6.000000000000000992e-03 5.937497624465323254e-01 2.782992191765464376e-02 6.239561554542748939e-10 6.819388433170831026e-10
6.250000000000000347e-03 5.959584873538738004e-01 2.729478084385568437e-02 6.951100980961363098e-10 7.636678809426005117e-10
6.500000000000000569e-03 5.981988493170253829e-01 2.667833460452047334e-02 7.560867430710575130e-10 8.441062729733074574e-10
6.750000000000000791e-03 6.004307539237127012e-01 2.630383385059405221e-02 8.088923351237027362e-10 9.217114680822595543e-10
7.000000000000001013e-03 6.026269330481923703e-01 2.593199197717118917e-02 8.536203617112201171e-10 9.967723344765173244e-10
7.250000000000001235e-03 6.047691479875694220e-01 2.560351041729472255e-02 9.002286206713392237e-10 1.060425667954259687e-09
7.499999999999999722e-03 6.068457775932157849e-01 2.531473863984706058e-02 9.332534684232423866e-10 1.128226629394246975e-09
7.750000000000000812e-03 6.088496808298625718e-01 2.518797044043421043e-02 9.568162936790936310e-10 1.196687380653056863e-09
8.000000000000000167e-03 6.107770426187736357e-01 2.500162710537277150e-02 9.779733840951231070e-10 1.259048984954719965e-09
8.250000000000000389e-03 6.126263641928718640e-01 2.472995012965445438e-02 9.989229748593323710e-10 1.312458580412823010e-09
8.500000000000000611e-03 6.143976768175113401e-01 2.457358745915211307e-02 1.012482200497778971e-09 1.364152486524270629e-09
8.750000000000000833e-03 6.160922585488498582e-01 2.450722569970499240e-02 1.019998115370750801e-09 1.412469980367188470e-09
9.000000000000001055e-03 6.177120283899223407e-01 2.443210277412873055e-02 1.027500563529814005e-09 1.449973887082452986e-09
9.250000000000001277e-03 6.192594609778251380e-01 2.432358804989627130e-02 1.028656872654208509e-09 1.483509237857283443e-09
9.500000000000001499e-03 6.207373633116641809e-01 2.415852838668242769e-02 1.036298553466118772e-09 1.499314687114631970e-09
9.750000000000001721e-03 6.221486306491317286e-01 2.406496512038591370e-02 1.027288622120147590e-09 1.521660842835030353e-09
1.000000000000000021e-02 6.234967642353479444e-01 2.400493117244454841e-02 1.029807282402928314e-09 1.522623561443109635e-09
