# time 1 2 D-1 D
0.000000000000000000e+00 9.999999670819288422e-01 1.356313847834560757e-08 5.493085101392551663e-35 3.996680792795777527e-36
1.250000000000000243e-03 9.972842479866432797e-01 1.566428412171239981e-03 9.118710976024933094e-18 3.314868023510814089e-20
2.500000000000000486e-03 9.875343942207588377e-01 7.801615377901752017e-03 2.014961079341377379e-15 2.947504706674917054e-17
3.750000000000000729e-03 9.675362508530944705e-01 2.182740645566126625e-02 4.344868771888251542e-14 1.455811480762325018e-15
5.000000000000000971e-03 9.328269608680515024e-01 4.803242460463353486e-02 3.551667246893020135e-13 2.176842074167864738e-14
6.250000000000000347e-03 8.779221848481800761e-01 9.174878016400733749e-02 1.674263841014522776e-12 1.672138620557246550e-13
7.500000000000001457e-03 7.979035198886602620e-01 1.569395640861374064e-01 5.437803653869629059e-12 8.322554575157682243e-13
8.750000000000000833e-03 6.921937873541537112e-01 2.408828525807781007e-01 1.326319592899620520e-11 3.024859160267173781e-12
1.000000000000000194e-02 5.688379957993833225e-01 3.283002284359105016e-01 2.517143917393692100e-11 8.572899143349292450e-12
1.125000000000000132e-02 4.437229756287300320e-01 3.901815648155610994e-01 3.678740547713568227e-11 1.960752404317248470e-11
1.250000000000000069e-02 3.325935996637512937e-01 3.963595779249073359e-01 3.823310416615355489e-11 3.659484084089796393e-11
1.375000000000000180e-02 2.436300223591685299e-01 3.509325920717539238e-01 2.117781511245200891e-11 5.498784367114310135e-11
1.500000000000000291e-02 1.771050215105144654e-01 2.874181604068845597e-01 1.056464352395256874e-13 6.308800547994132344e-11
1.625000000000000056e-02 1.291889863783850512e-01 2.414477266280512791e-01 5.908071059960085399e-11 4.703190720905444225e-11
1.750000000000000167e-02 9.521680883890147606e-02 1.408493622082057084e-01 4.155358864602446989e-10 1.066276375837887213e-11
1.875000000000000278e-02 7.117886294816479220e-02 5.794874805204128926e-02 1.480098932382553007e-09 1.460693788545827949e-11
2.000000000000000389e-02 5.406414148319323154e-02 3.725584681512018187e-02 3.856245115539584855e-09 2.516112457582655451e-10
2.125000000000000500e-02 4.174577004491056981e-02 2.700333767274630536e-02 8.197512092907910595e-09 1.285231737153720123e-09
2.250000000000000264e-02 3.276124276308995525e-02 2.079746397630039684e-02 1.523810638061635381e-08 4.391621986218481949e-09
2.375000000000000375e-02 2.611381668966755026e-02 1.671061087006213072e-02 2.729938627398797307e-08 1.104804141575186213e-08
2.500000000000000139e-02 2.112347436967171310e-02 1.372533899505461175e-02 5.084428751593615648e-08 2.191107191780514694e-08
2.625000000000000250e-02 1.732318088887471741e-02 1.137587694072259882e-02 9.620191244876566736e-08 3.861773338681324532e-08
2.750000000000000361e-02 1.438901471174338156e-02 9.683447316239960842e-03 1.789279730975958580e-07 6.390770290206107452e-08
2.875000000000000472e-02 1.209371025008344584e-02 8.349960346132705852e-03 3.199869291358973564e-07 1.038717342907743603e-07
3.000000000000000583e-02 1.027584432563004302e-02 7.303798525312465637e-03 5.525111234172560659e-07 1.680050696008321936e-07
3.125000000000000000e-02 8.819317542545935390e-03 6.455785900856305694e-03 9.570137431621327899e-07 2.725174547431728213e-07
3.250000000000000111e-02 7.639581678981476401e-03 5.765415364354845203e-03 1.563454075262267764e-06 4.421064828267766075e-07
3.375000000000000222e-02 6.674312502754682457e-03 5.139648598224540350e-03 2.214997848224824353e-06 7.179003624908910417e-07
3.500000000000000333e-02 5.877028797655776786e-03 4.637278701896901598e-03 3.444015327758513968e-06 1.163664188885280168e-06
3.625000000000000444e-02 5.212675896523196774e-03 4.209572564520850171e-03 1.112755635015467504e-03 1.882275904879554362e-06
3.750000000000000555e-02 4.654529235440096370e-03 3.862775858778305128e-03 1.292569229733470234e-03 3.041634944186241310e-06
3.875000000000000666e-02 4.182007680608551894e-03 3.548976057210927095e-03 1.490192974600555633e-03 4.922876237472704526e-06
4.000000000000000777e-02 3.779110976181228321e-03 3.267183276936664032e-03 1.700597068002360560e-03 7.984665816286936281e-06
4.125000000000000888e-02 3.433283356175515378e-03 3.046159279046141335e-03 1.922509759084201292e-03 1.305406692584753975e-05
4.250000000000000999e-02 3.134585761052631567e-03 2.824886758252320284e-03 2.154608495490786119e-03 2.209425939725613211e-05
4.375000000000000416e-02 2.875087955148067104e-03 2.638909161623222664e-03 2.391678933386404138e-03 3.874472809633402456e-05
4.500000000000000527e-02 2.648414696112005688e-03 2.470350434040178862e-03 2.627137789362453749e-03 6.932095497664021310e-05
4.625000000000000638e-02 2.449399317107294957e-03 2.323454604524614799e-03 2.833961044160988093e-03 1.402109707180020342e-04
4.750000000000000749e-02 2.273826784778284951e-03 2.197314310988291667e-03 2.952909331033091653e-03 3.100152811848409470e-04
4.875000000000000860e-02 2.118239342308187063e-03 2.082288353278004354e-03 2.780833327870982884e-03 7.812457299955201601e-04
5.000000000000000278e-02 1.979788939105926390e-03 1.977437981872974711e-03 1.946217843768854785e-03 1.924764844975961845e-03
