# time 1 2 D-1 D
0.000000000000000000e+00 9.999999696683279371e-01 3.395262104241650624e-09 2.670300721785910459e-34 3.550360281467939821e-37
2.500000000000000052e-04 9.999965788036258019e-01 2.804567530864848551e-06 9.270615087799264541e-30 1.535036126708814715e-28
5.000000000000000104e-04 9.999267612918545378e-01 6.311186980671868840e-05 1.138785296758977721e-26 6.537702296644438790e-26
7.500000000000001240e-04 9.994850725116962709e-01 4.601800129940402263e-04 4.861477516475832429e-25 1.182524846674470187e-24
1.000000000000000021e-03 9.977454175335396247e-01 2.065725891511342640e-03 4.233574938463775702e-24 2.277956680327057779e-23
1.250000000000000026e-03 9.925872482163333732e-01 6.862515409001338461e-03 3.869184789007160910e-23 1.780247626264409971e-22
1.500000000000000248e-03 9.805042238391996623e-01 1.767991969229188234e-02 5.404131100433844662e-22 6.337192853758166212e-22
1.750000000000000253e-03 9.582007360660599327e-01 3.413960878140789856e-02 8.390968113168469596e-21 5.428052645532968749e-23
2.000000000000000042e-03 9.259866019432938522e-01 4.618985645488812158e-02 1.023067056668786598e-19 3.528197977176932844e-20
2.250000000000000264e-03 8.888405571624616863e-01 4.869032319648725765e-02 8.845126004735741216e-19 9.426442235694690755e-19
2.500000000000000052e-03 8.528764117360775332e-01 5.001991771864763847e-02 5.413276310578960790e-18 9.605620834171817028e-18
2.750000000000000274e-03 8.218590628337487658e-01 5.267826447830541853e-02 2.442381563639058570e-17 5.492138308882660247e-17
3.000000000000000496e-03 7.968794970017638590e-01 5.583753421268230349e-02 8.491348406931529928e-17 1.972111359981235626e-16
3.250000000000000284e-03 7.775352968326614267e-01 5.817829589670381329e-02 2.385161676892427301e-16 4.593116474207539543e-16
3.500000000000000507e-03 7.629065904112237728e-01 5.800380075390777074e-02 5.466176918195929906e-16 6.707463473182177231e-16
3.749999999999999861e-03 7.520280330595480178e-01 5.275967009154255288e-02 9.249568144024200437e-16 5.444181913840162360e-16
4.000000000000000083e-03 7.440558396880525560e-01 4.199897999792572695e-02 9.277611570167934101e-16 1.902001746459285413e-16
4.250000000000000305e-03 7.383036077678193365e-01 3.074373689074728216e-02 4.129588217177933575e-16 5.884214547050097514e-19
4.500000000000000527e-03 7.342313928141586121e-01 2.350991415385959502e-02 5.904620839255944106e-18 3.051689749142213103e-16
4.750000000000000749e-03 7.314216741421291079e-01 6.141525178492508209e-03 3.080765114791020252e-16 1.406622877058635718e-15
5.000000000000000104e-03 7.295545914826202516e-01 5.732273663187185259e-03 1.041262782658869856e-15 3.376574700953784408e-15
5.250000000000000326e-03 7.283865142149776872e-01 5.683880991115044731e-03 1.149140064634141656e-15 5.636404589290861184e-15
5.500000000000000548e-03 7.277323364884472623e-01 5.591206011033904300e-03 2.577433799458012682e-16 6.906709889497188528e-15
5.750000000000000770e-03 7.274517070984720668e-01 5.568901471349615821e-03 1.817325016728104731e-15 5.821836380006495297e-15
6.000000000000000992e-03 7.274385300752947980e-01 5.379993189302962643e-03 1.739295398354375608e-14 2.437170971801651360e-15
6.250000000000000347e-03 7.276127445223997681e-01 5.306175309632401096e-03 7.096615826992154161e-14 2.029808957767947437e-16
6.500000000000000569e-03 7.279141814140485112e-01 5.240619533912626096e-03 2.034836626085570057e-13 8.011375474173120393e-15
6.750000000000000791e-03 7.282979061519370134e-01 5.225933676968970779e-03 4.766875544405983137e-13 4.173683512230406951e-14
7.000000000000001013e-03 7.287306970562152930e-01 5.127341610891379686e-03 1.610283163931817418e-12 1.250170035374665575e-13
7.250000000000001235e-03 7.291883452487754047e-01 5.018035423061137888e-03 1.917866499498055439e-12 2.888346844330073230e-13
7.499999999999999722e-03 7.296536257293515515e-01 4.984786613002545157e-03 2.500148187391681515e-12 5.705065920644578545e-13
7.750000000000000812e-03 7.301146187681222255e-01 4.922377520885846090e-03 3.110864919648463292e-12 1.010801152103153511e-12
8.000000000000000167e-03 7.305635222628673597e-01 4.920689329984315706e-03 3.653637323675776171e-12 1.650535795690965926e-12
8.250000000000000389e-03 7.309956089909281918e-01 4.816831421819576381e-03 4.131574690857170893e-12 2.527555002450871660e-12
8.500000000000000611e-03 7.314084103773952350e-01 4.826281709303054633e-03 4.431114782337718899e-12 3.670946371146622486e-12
8.750000000000000833e-03 7.318010775568373205e-01 4.735626884710546734e-03 4.652549120784510188e-12 5.093091679570673533e-12
9.000000000000001055e-03 7.321738820212441157e-01 4.748405340094123683e-03 4.642717833682830666e-12 6.792458780027238659e-12
9.250000000000001277e-03 7.325277851276453811e-01 4.710501145463906296e-03 4.480263604089062945e-12 8.750774256017530456e-12
9.500000000000001499e-03 7.328641409900261694e-01 4.643144461598605784e-03 4.164769527215245784e-12 1.091665164602820069e-11
9.750000000000001721e-03 7.331844783404619648e-01 4.649262733857894951e-03 3.733407963319697594e-12 1.327769605603852954e-11
1.000000000000000021e-02 7.334963956497587700e-01 4.623850879648448362e-03 3.248377120504044659e-12 1.571293160969674983e-11
