# time 1 2 D-1 D
0.000000000000000000e+00 9.999999623902008361e-01 1.179182460082923134e-08 1.944253880935639305e-35 2.894218620293132864e-36
2.500000000000000486e-03 9.992333526852311687e-01 5.024675668694983096e-07 1.973297424513845497e-33 2.798486572731749967e-36
5.000000000000000971e-03 9.967558500418239875e-01 8.211305755996943664e-06 4.980026420905608261e-29 1.628358141251381456e-34
7.500000000000001457e-03 9.922373410025110418e-01 3.667967024355808824e-05 1.957188743069355075e-26 2.065658090880085049e-31
1.000000000000000194e-02 9.852389084836070676e-01 9.958167946389200487e-05 1.445694902500607820e-24 5.979015412402408278e-29
1.250000000000000069e-02 9.751885470190716498e-01 1.768454680021437576e-04 4.222737621673012886e-23 5.044624930229878378e-27
1.500000000000000291e-02 9.613757611246752655e-01 1.638355308231622060e-04 6.828949565980812299e-22 1.983664913076082568e-25
1.750000000000000167e-02 9.429795000299602270e-01 3.869126845339721340e-05 7.282601920552057103e-21 4.605417353600738067e-24
2.000000000000000389e-02 9.191364908647218224e-01 7.314290277666982490e-05 5.660364008345964489e-20 7.272193523283500593e-23
2.250000000000000264e-02 8.890446596404788515e-01 1.289202559788686685e-03 3.445472718669892544e-19 8.552923715505588954e-22
2.500000000000000139e-02 8.520910097099388958e-01 4.981096988229110484e-03 1.716851885210987329e-18 7.967104003765284530e-21
2.750000000000000361e-02 8.080033467103692191e-01 1.208097606725647838e-02 7.229494343140281731e-18 6.129559109050856668e-20
3.000000000000000583e-02 7.570345220836737221e-01 2.311035969657779590e-02 2.631618699130672858e-17 3.997232662150070106e-19
3.250000000000000111e-02 7.001555545296320737e-01 3.914442907608144812e-02 8.404223286461169357e-17 2.232771605578985572e-18
3.500000000000000333e-02 6.391513997410727121e-01 6.012261389037702047e-02 2.381357447566708121e-16 1.062734631739926792e-17
3.750000000000000555e-02 5.764692301594381840e-01 9.079761425989851809e-02 6.026318736516706087e-16 4.235613522900789750e-17
4.000000000000000777e-02 5.147801168874476252e-01 4.484709261699767330e-02 1.331567763920341564e-15 1.386743589049503983e-16
4.250000000000000999e-02 4.564286420116466791e-01 2.742992239285715894e-02 2.239482756596337106e-15 3.701713683102233160e-16
4.500000000000000527e-02 4.030368717978884963e-01 1.553387332135325316e-02 2.453569225957032927e-15 8.132737555020388840e-16
4.750000000000000749e-02 3.553998545463387115e-01 7.727894473647837006e-03 3.321005283032509472e-15 1.501438472240644895e-15
5.000000000000000278e-02 3.136171463327253606e-01 3.306889237575109681e-03 1.384938015504816884e-14 2.385067562312864411e-15
5.250000000000000500e-02 2.773216317969169342e-01 1.057084112495721958e-03 4.479363627923141535e-14 3.332053716320938021e-15
5.500000000000000722e-02 2.458976328821999013e-01 1.374454098875669856e-04 5.475085553892415860e-14 4.171883564028498477e-15
5.750000000000000944e-02 2.186402704887470405e-01 5.910319532297320864e-05 6.249494173930029051e-14 4.758287556439056534e-15
6.000000000000001166e-02 1.948808219598391900e-01 5.930943423933205750e-04 6.401744006742980595e-14 5.016691361277428128e-15
6.250000000000000000e-02 1.740151710648867867e-01 1.616472094798574680e-03 5.726376553199717735e-14 4.955353075183280577e-15
6.500000000000000222e-02 1.555514291280637174e-01 2.981696729456492865e-03 6.000533283908990916e-14 4.642191685047260160e-15
6.750000000000000444e-02 1.391627663221179922e-01 4.546901921513573676e-03 5.455633916392161008e-14 4.166212440301639764e-15
7.000000000000000666e-02 1.246063103406695877e-01 6.124119545488527529e-03 4.978600247619543938e-14 3.604594962325473162e-15
7.250000000000000888e-02 1.117354365722059151e-01 7.552584636251677419e-03 4.511340698373766567e-14 3.006733345540257740e-15
7.500000000000001110e-02 1.003627856052107109e-01 8.720939864732832683e-03 4.014118872235110252e-14 2.398441072392672894e-15
7.750000000000001332e-02 9.043001399757626124e-02 9.520978686423398410e-03 3.509547605891100001e-14 1.797046058496178090e-15
8.000000000000001554e-02 8.172055815515009980e-02 9.953223888252850371e-03 2.939360646560308242e-14 1.227032057548532859e-15
8.250000000000001776e-02 7.419241954971560193e-02 9.948172269193518089e-03 2.310067801526684883e-14 7.282469899129291820e-16
8.500000000000001998e-02 6.762476146538132227e-02 9.623076033960223027e-03 1.640186356455772631e-14 3.486533278176076256e-16
8.750000000000000833e-02 6.197078363764073339e-02 8.968612969340556546e-03 1.016470177866008204e-14 1.213318407169571265e-16
9.000000000000001055e-02 5.707124773186952882e-02 8.066955408914404727e-03 5.854505201672280029e-15 2.649283666413655638e-17
9.250000000000001277e-02 5.278728134444451991e-02 7.061913764255049394e-03 5.554297984097352137e-15 4.765025553115454148e-18
9.500000000000001499e-02 4.902743667606365013e-02 6.015161230170364311e-03 1.185471497023405148e-14 3.699713667992273587e-17
9.750000000000001721e-02 4.572226772973853048e-02 4.976073603519627631e-03 2.741815557249785924e-14 3.039576177190955140e-16
1.000000000000000056e-01 4.278340839814510910e-02 4.010937912691606329e-03 5.458473116549419491e-14 1.315802275579654389e-15
