# lambda 1 2 D-1 D
0.000000000000000000e+00 -8.999999966625594539e+00 -7.000000007489731502e+00 7.000000012848943243e+00 8.999999967225257080e+00
2.500000000000000139e-02 -8.779530050520145679e+00 -6.885183910220780135e+00 6.885174477914969060e+00 8.779682513379517772e+00
5.000000000000000278e-02 -8.568296833558298076e+00 -6.777361624063294343e+00 6.777280683615051871e+00 8.569582374132698632e+00
7.500000000000001110e-02 -8.366596378038583026e+00 -6.676812314483353106e+00 6.676530725085081386e+00 8.371176802810307294e+00
1.000000000000000056e-01 -8.174772486099479707e+00 -6.583824544272419033e+00 6.583180388699309660e+00 8.186250099062617025e+00
1.250000000000000000e-01 -7.993223566662635449e+00 -6.498684695187060711e+00 6.497628969595574233e+00 8.016938718250067097e+00
1.500000000000000222e-01 -7.822407802410392463e+00 -6.421677332229931423e+00 6.420665448499882189e+00 7.865746832423107904e+00
1.750000000000000167e-01 -7.662846165239654894e+00 -6.353084592709144829e+00 6.353906849593403905e+00 7.735495793546231624e+00
2.000000000000000111e-01 -7.515122713936484899e+00 -6.293185228275840259e+00 6.300316760541823768e+00 7.629163659380246543e+00
2.250000000000000056e-01 -7.379881537854840801e+00 -6.242253872991010866e+00 6.264294992845869103e+00 7.549590788122078067e+00
2.500000000000000000e-01 -7.257819726290724915e+00 -6.200561386847446954e+00 6.250833753038550711e+00 7.499090426182457136e+00
2.750000000000000222e-01 -7.149675963818804547e+00 -6.168377777491743430e+00 6.264085292090530999e+00 7.479085114798035505e+00
3.000000000000000444e-01 -7.056214914988341746e+00 -6.145979663192834508e+00 6.306160438696027271e+00 7.489916210429338861e+00
3.250000000000000111e-01 -6.978208530826801592e+00 -6.133664744622041809e+00 6.376901434211813324e+00 7.530895681135621800e+00
3.500000000000000333e-01 -6.916416594851856559e+00 -6.131774377372156692e+00 6.474633707466880495e+00 7.600544913796312585e+00
3.750000000000000000e-01 -6.871569590350064871e+00 -6.140720831901642640e+00 6.597046255677813775e+00 7.696899822238602695e+00
4.000000000000000222e-01 -6.844356217378290808e+00 -6.161003097989933508e+00 6.741714064691841202e+00 7.817782912253090188e+00
4.250000000000000444e-01 -6.835414491027226092e+00 -6.193172427361576027e+00 6.906326141334343305e+00 7.960999592806908609e+00
4.500000000000000111e-01 -6.845319150492715110e+00 -6.237693862601707551e+00 7.088770680007730363e+00 8.124458922131251981e+00
4.750000000000000333e-01 -6.874551357697516352e+00 -6.294699469720415053e+00 7.287158273683459697e+00 8.306236795190528710e+00
5.000000000000000000e-01 -6.923435402884051015e+00 -6.363771534537956853e+00 7.499818414465986294e+00 8.504601334119003653e+00
5.250000000000000222e-01 -6.992040093502799536e+00 -6.443971222663977372e+00 7.725283347533881795e+00 8.718015902391112348e+00
5.500000000000000444e-01 -7.080072351698559530e+00 -6.534143699424623364e+00 7.962266683760782726e+00 8.945130039348596185e+00
5.750000000000000666e-01 -7.186818886758596037e+00 -6.633278276902013104e+00 8.209640717940144938e+00 9.184764550452145571e+00
6.000000000000000888e-01 -7.311183543477453028e+00 -6.740703137647459542e+00 8.466414874457635520e+00 9.435894243369768120e+00
6.250000000000000000e-01 -7.451815152023996802e+00 -6.856076653051037084e+00 8.731716114936780571e+00 9.697630110005373894e+00
6.500000000000000222e-01 -7.607269097347501230e+00 -6.979266862560322693e+00 9.004772228931440026e+00 9.969201789621294552e+00
6.750000000000000444e-01 -7.776141411008568483e+00 -7.110221372061923617e+00 9.284897667917528352e+00 1.024994064688645246e+01
7.000000000000000666e-01 -7.957147619073479561e+00 -7.248878756532020518e+00 9.571482053914293076e+00 1.053926358495282578e+01
7.250000000000000888e-01 -8.149151449422046056e+00 -7.395128395235758489e+00 9.863981075263509979e+00 1.083665767529479140e+01
7.500000000000000000e-01 -8.351161885924854644e+00 -7.548803172643511417e+00 1.016190943534784985e+01 1.114166574760095507e+01
7.750000000000000222e-01 -8.562315610326862725e+00 -7.709691534649895317e+00 1.046483586704468394e+01 1.145387318522724129e+01
8.000000000000000444e-01 -8.781855653249483140e+00 -7.877558592256878711e+00 1.077237987171654510e+01 1.177289626136956713e+01
8.250000000000000666e-01 -9.009111602404189512e+00 -8.052173520369425574e+00 1.108420933083188942e+01 1.209837238193541964e+01
8.500000000000000888e-01 -9.243483320689666272e+00 -8.233345038166202556e+00 1.140003646456600350e+01 1.242995254312970488e+01
8.750000000000000000e-01 -9.484428400724002728e+00 -8.420964909856760272e+00 1.171960451860926256e+01 1.276729616237724585e+01
9.000000000000000222e-01 -9.731452856757222492e+00 -8.640945528566291500e+00 1.204265226566851155e+01 1.311006822918412951e+01
9.250000000000000444e-01 -9.984104343311816621e+00 -8.871411790792180341e+00 1.236885605017885936e+01 1.345793849984277557e+01
9.500000000000000666e-01 -1.024196721301132484e+01 -9.104736413039233867e+00 1.269779926981204454e+01 1.381058228258597254e+01
9.750000000000000888e-01 -1.050465884033810582e+01 -9.340672458008349111e+00 1.302903573615188293e+01 1.416768226739219472e+01
1.000000000000000000e+00 -1.077182677420332979e+01 -9.579009482997140168e+00 1.336220624883704389e+01 1.452893085780420179e+01
