# time 1 2 D-1 D
0.000000000000000000e+00 9.999999843716521619e-01 2.255022480552439416e-09 6.338265539633774243e-35 7.259853110678446580e-35
2.500000000000000486e-03 9.999995976009697918e-01 8.657711663518745810e-11 3.221630902114291715e-23 4.603126266961491530e-25
5.000000000000000971e-03 9.999929983411005585e-01 1.999661346999859155e-10 1.860896723720956820e-22 5.257679639402767617e-26
7.500000000000001457e-03 9.999639871151598802e-01 2.510478397364068216e-10 5.466759283088821316e-22 7.533804180363431334e-23
1.000000000000000194e-02 9.998846531788546654e-01 2.249090518356160901e-09 2.331295507230610165e-20 1.537349177682567713e-21
1.250000000000000069e-02 9.997116601207506337e-01 1.849463725804857541e-08 2.157568935244009795e-19 8.611145369504820966e-21
1.500000000000000291e-02 9.993784414197323107e-01 1.524946050751910219e-07 1.986809265486972955e-18 5.990833961502838294e-20
1.750000000000000167e-02 9.987823890329874388e-01 5.162322817466645459e-07 1.519504651045783895e-17 5.450494681973668820e-19
2.000000000000000389e-02 9.977668379998395620e-01 1.129469717543020852e-06 7.561684374213046946e-17 5.358850288539731025e-18
2.250000000000000264e-02 9.960989253052863202e-01 2.121321125067148322e-06 1.665713411204693529e-16 4.713161567280553160e-17
2.500000000000000139e-02 9.934462760678647308e-01 3.048195089406573026e-06 2.213136547084903486e-18 3.428904327298405485e-16
2.750000000000000361e-02 9.893575780295426059e-01 2.734145571707488540e-06 3.478885224930919535e-15 1.993236855049737479e-15
3.000000000000000583e-02 9.832535835919906653e-01 3.346138001407055896e-07 4.933909884384358198e-14 9.214958646811927122e-15
3.250000000000000111e-02 9.744345809728106600e-01 4.786788254385295399e-06 2.983388411685532913e-13 3.421685240349531350e-14
3.500000000000000333e-02 9.621070197416603520e-01 5.274686979484141636e-05 1.174908121135578803e-12 1.037937554807953022e-13
3.750000000000000555e-02 9.454268933569236477e-01 2.844389053259832102e-04 3.488737301170659276e-12 2.615443346514582528e-13
4.000000000000000777e-02 9.235557974344108523e-01 1.035033970965945106e-03 8.365146332611332753e-12 5.557662289160968852e-13
4.250000000000000999e-02 8.957329687785994254e-01 3.010371662151532356e-03 1.695581830058999482e-11 1.009064442792239844e-12
4.500000000000000527e-02 8.613844127199348222e-01 7.571920374975780674e-03 2.986972479285978222e-11 1.583083241165991780e-12
4.750000000000000749e-02 8.203057417105951155e-01 1.624481586062965013e-02 4.666587017255789490e-11 2.162546544947717272e-12
5.000000000000000278e-02 7.729327955130805838e-01 3.007703036548298181e-02 6.578258325419555180e-11 2.578508929770607745e-12
5.250000000000000500e-02 7.206156500196050363e-01 4.921918137862165560e-02 8.475396203065818684e-11 2.671610024713459241e-12
5.500000000000000722e-02 6.656819020962884137e-01 7.170479631779158591e-02 1.001827601375675291e-10 2.367138908424684814e-12
5.750000000000000944e-02 6.110675311178046520e-01 9.547771920279315983e-02 1.108615090877004585e-10 1.723886052713530638e-12
6.000000000000001166e-02 5.595996257771093108e-01 1.183618766842692155e-01 1.142085946586802657e-10 9.331282801134939258e-13
6.250000000000000000e-02 5.133412750204829900e-01 1.382510109853692659e-01 1.127614571126418897e-10 2.746346852537656434e-13
6.500000000000000222e-02 4.733260549405639006e-01 1.546893454901575871e-01 1.059330281844171059e-10 4.898914492990372329e-14
6.750000000000000444e-02 4.396334815342847202e-01 1.672832930665285878e-01 9.731614814333245335e-11 5.141083795120724214e-13
7.000000000000000666e-02 4.118085374692124212e-01 1.763963715618747374e-01 8.648831251608909759e-11 1.845443445414060836e-12
7.250000000000000888e-02 3.890867360011704967e-01 1.828995112519070654e-01 7.527539612137646576e-11 4.124989587233514092e-12
7.500000000000001110e-02 3.706573803615495488e-01 1.871624353777177341e-01 6.704750863979036674e-11 7.352603653594718208e-12
7.750000000000001332e-02 3.557583655542670975e-01 1.900816954912532275e-01 6.184544773756877664e-11 1.146928253805227072e-11
8.000000000000001554e-02 3.437267836132156251e-01 1.920775287187590774e-01 5.940019225902577080e-11 1.638117437296454385e-11
8.250000000000001776e-02 3.340096238068185341e-01 1.933419756386179078e-01 6.218240647319405084e-11 2.197919687894655999e-11
8.500000000000001998e-02 3.261565168633777656e-01 1.953600900839403964e-01 7.782524561927939550e-11 2.815191188238111721e-11
8.750000000000000833e-02 3.198057974720147634e-01 1.983209769227591013e-01 9.289638248342183949e-11 3.479287662692302604e-11
9.000000000000001055e-02 3.146693108682451223e-01 4.442810331993416427e-03 1.221980075811991174e-10 4.180124320876709419e-11
9.250000000000001277e-02 3.105183434778492901e-01 6.066665307634521755e-03 1.627227051118911824e-10 4.908116491114034940e-11
9.500000000000001499e-02 3.071715180228551390e-01 6.243078723746534053e-03 2.139090265833990682e-10 5.654048883696040447e-11
9.750000000000001721e-02 3.044847903347866480e-01 7.221415245210541234e-03 2.243346518299353232e-10 6.409041463999548354e-11
1.000000000000000056e-01 3.023439579400971078e-01 7.471257196992292515e-03 2.222189211695318817e-10 7.164073394476207555e-11
