# time 1 2 D-1 D
0.000000000000000000e+00 9.999999734844635668e-01 8.946769078696519017e-09 3.439790344093718286e-35 3.013497317768016255e-34
2.500000000000000052e-04 9.956023897786845378e-01 1.462338761792215339e-03 3.040446444447591752e-16 1.044366970042955061e-18
5.000000000000000104e-04 9.801599436333661153e-01 7.685923003794178400e-03 6.610350959621294035e-14 9.267441286796736358e-16
7.500000000000001240e-04 9.492039585488863951e-01 2.269599811136858991e-02 1.377612358828541458e-12 4.508820151156228913e-14
1.000000000000000021e-03 8.964320426688253685e-01 5.273137739547233832e-02 1.036765357039919457e-11 6.506401630431087312e-13
1.250000000000000026e-03 8.141432752437134379e-01 1.057460257056778014e-01 4.190440055969190172e-11 4.651100784333142956e-12
1.500000000000000248e-03 6.971261509892233699e-01 1.870303967536054712e-01 1.014270539529289491e-10 2.010668163154021846e-11
1.750000000000000253e-03 5.520970808875445002e-01 2.888274339532148072e-01 1.338604504104959835e-10 5.483934611220804397e-11
2.000000000000000042e-03 4.034182670565186202e-01 3.832398894757798047e-01 4.009135998078928980e-11 7.939467365651121509e-11
2.250000000000000264e-03 2.785011405379279048e-01 4.350433806473522624e-01 1.560087372859254742e-10 1.103667675891739386e-11
2.500000000000000052e-03 1.882358889090589293e-01 4.188748167473660966e-01 2.689597389091528267e-09 4.950568277104747901e-10
2.750000000000000274e-03 1.281166548588304199e-01 3.370273741741288132e-01 1.257330663507151461e-08 8.377926738177320542e-09
3.000000000000000496e-03 8.915502926524815352e-02 2.369125782185222406e-01 3.181685456324100969e-08 5.552865451203690514e-08
3.250000000000000284e-03 6.380616092690732932e-02 1.543485526318812973e-01 4.951006068443517647e-08 2.304873807987160901e-07
3.500000000000000507e-03 4.700123634920796989e-02 9.963506979340509828e-02 4.714107605638531848e-08 7.034586413631010223e-07
3.749999999999999861e-03 3.558322514743064019e-02 6.522924495933198064e-02 1.870701346905559947e-08 1.746262208294154250e-06
4.000000000000000083e-03 2.762186459052407353e-02 5.065251337198618115e-02 1.496730744305882938e-09 3.751971612039932704e-06
4.250000000000000305e-03 2.192950026994855417e-02 2.310471921131007633e-02 1.044284509874323160e-07 7.247045642018680888e-06
4.500000000000000527e-03 1.776278766043489984e-02 1.507608565268070758e-02 5.198033881664865398e-07 1.289128561923397185e-05
4.750000000000000749e-03 1.464640462172448442e-02 1.189614041894772149e-02 1.485349336208655154e-06 2.146616105588661507e-05
5.000000000000000104e-03 1.226946237112789238e-02 9.629542048651275332e-03 3.493152849053557285e-06 3.385219416223503032e-05
5.250000000000000326e-03 1.042403321848515106e-02 8.264501782086434295e-03 8.368052514147095622e-06 5.099668048840434509e-05
5.500000000000000548e-03 8.968055417526118664e-03 7.102760322940137802e-03 4.261298584998287069e-04 7.387397604108763584e-05
5.750000000000000770e-03 7.802505459718237814e-03 6.261089026376086275e-03 5.232630046783065102e-04 1.034414922605986990e-04
6.000000000000000992e-03 6.857060577199504230e-03 5.607108257111258036e-03 6.258098798974768857e-04 1.405951398264464875e-04
6.250000000000000347e-03 6.080909863223936569e-03 5.019159839081714300e-03 7.306005859470864018e-04 1.861280946265595490e-04
6.500000000000000569e-03 5.436749203467194751e-03 4.568984365757850982e-03 8.365274643461250229e-04 2.406963681989341384e-04
6.750000000000000791e-03 4.896783333894899615e-03 4.159172887037331651e-03 9.417692316098217773e-04 3.047938010669333075e-04
7.000000000000001013e-03 4.440017307774705123e-03 3.854765200338190929e-03 1.045126806523711703e-03 3.787379531173882662e-04
7.250000000000001235e-03 4.050391098070525199e-03 3.555268592829725297e-03 1.146825487361503556e-03 4.626668825987115957e-04
7.499999999999999722e-03 3.715474950860940626e-03 3.313821526537841754e-03 1.243665869131701856e-03 5.565454042861361222e-04
7.750000000000000812e-03 3.425543697802779612e-03 3.088649341051052152e-03 1.337754536627831607e-03 6.601821436722925306e-04
8.000000000000000167e-03 3.172911045217542431e-03 2.907482340828156792e-03 1.426246211662693169e-03 7.732478408537630469e-04
8.250000000000000389e-03 2.951444752566801527e-03 2.746368093412495087e-03 1.508608761582912660e-03 8.953040057686882398e-04
8.500000000000000611e-03 2.756209354744875752e-03 2.589936978903213845e-03 1.587543353635158987e-03 1.025813039559269257e-03
8.750000000000000833e-03 2.583199945318538724e-03 2.449310047209226227e-03 1.660502650984978712e-03 1.164192042694056715e-03
9.000000000000001055e-03 2.429141875083346176e-03 2.333958158817739902e-03 1.729050394457955003e-03 1.309805090794354063e-03
9.250000000000001277e-03 2.291338196722854121e-03 2.218831844377454343e-03 1.791043775499139056e-03 1.461972079385673350e-03
9.500000000000001499e-03 2.167552662212877956e-03 2.133295715703319422e-03 1.850993204729677218e-03 1.620134228456941803e-03
9.750000000000001721e-03 2.055919240285018247e-03 2.034083645491454023e-03 1.901081698646268003e-03 1.783502195609284373e-03
1.000000000000000021e-02 1.954872022205157277e-03 1.949935484635479180e-03 1.952343125979150119e-03 1.951600474731382843e-03
