# time 1 2 D-1 D
0.000000000000000000e+00 9.999999734844635668e-01 8.946769078696519017e-09 3.439790344093718286e-35 3.013497317768016255e-34
5.000000000000000104e-04 9.999854908227461259e-01 1.264774714950254113e-05 3.093689377354444075e-20 7.755228692844086090e-22
1.000000000000000021e-03 9.996938211123685969e-01 2.753123104482575918e-04 7.441752021007048980e-19 1.689504105966774052e-20
1.500000000000000248e-03 9.979686443252141492e-01 1.867787165998884219e-03 8.934137364380333837e-18 4.503992378164355387e-21
2.000000000000000042e-03 9.916416140010007041e-01 7.836407857303577182e-03 8.051919433377082275e-17 3.461507167694611006e-19
2.500000000000000052e-03 9.739887422107590398e-01 2.478602244124057316e-02 8.995209312894228317e-16 4.354266634928104471e-18
3.000000000000000496e-03 9.345048158191905374e-01 6.312511583317413633e-02 9.364961553938790728e-15 3.727571000152258868e-17
3.500000000000000507e-03 8.646950974624669772e-01 1.309845412343987880e-01 7.576302073891147854e-14 2.214943557984950226e-16
4.000000000000000083e-03 7.697921506566891559e-01 2.212747628758387208e-01 4.649574154096520219e-13 7.102399646722241388e-16
4.500000000000000527e-03 6.693883684033504755e-01 3.078903141356100215e-01 2.223702714278536319e-12 3.114973738033382509e-16
5.000000000000000104e-03 5.812578312017168125e-01 3.560051518261863057e-01 8.600817497715724451e-12 1.039257188115249071e-14
5.500000000000000548e-03 5.118201538017473906e-01 3.419797700688053110e-01 2.766185581889062398e-11 2.928861874030449784e-13
6.000000000000000992e-03 4.597198445772965880e-01 2.868814078620593455e-01 7.616925598265215234e-11 2.437842982561799344e-12
6.500000000000000569e-03 4.212102665774455357e-01 2.230848950040568712e-01 1.866114372885045822e-10 1.047029176508984153e-11
7.000000000000001013e-03 3.926997051679967377e-01 1.706869332573962561e-01 4.234891750004305974e-10 2.823454848868724311e-11
7.499999999999999722e-03 3.714010463939730333e-01 1.315416236934073557e-01 9.057787063687827741e-10 5.558922377948984655e-11
8.000000000000000167e-03 3.552997316661689609e-01 1.136019819935936148e-01 1.813332693584329075e-09 8.738917396288587570e-11
8.500000000000000611e-03 3.429717889562703403e-01 3.172517284649431502e-02 3.367608267537489585e-09 1.152785391395931696e-10
9.000000000000001055e-03 3.334130364468743668e-01 2.124437769804233059e-02 5.773675053871161359e-09 1.304983340688408621e-10
9.500000000000001499e-03 3.259109479111547691e-01 1.836074332890387517e-02 9.111478972723947753e-09 1.269166847974164422e-10
1.000000000000000021e-02 3.199550536602536743e-01 1.614379732099970738e-02 1.366260632159918619e-08 1.035757129459299107e-10
1.050000000000000065e-02 3.151757634929755469e-01 1.524801280630058362e-02 2.077475281995152990e-08 6.603157189946890785e-11
1.100000000000000110e-02 3.113025937780489194e-01 1.424102902669720748e-02 1.859827023830951179e-07 2.630035817541376780e-11
1.150000000000000154e-02 3.081355071691394554e-01 1.362929388473287963e-02 2.133189619368452238e-07 1.542617487360924512e-12
1.200000000000000198e-02 3.055250590029183200e-01 1.331008523598945295e-02 2.401792406959434651e-07 1.191810314114609427e-11
1.250000000000000069e-02 3.033584709619041586e-01 1.284258782157287476e-02 2.647478082192458238e-07 7.808458573979287817e-11
1.300000000000000114e-02 3.015497835615892352e-01 1.258084673151059658e-02 2.872044302792282824e-07 2.188723606755393373e-10
1.350000000000000158e-02 3.000327818337284458e-01 1.224986999848350251e-02 3.072971005282792763e-07 4.493714761956068832e-10
1.400000000000000203e-02 2.987558999693172845e-01 1.208423302190051243e-02 3.251359073598793522e-07 7.798576227967436420e-10
1.450000000000000247e-02 2.976785247103240772e-01 1.187735993590134480e-02 3.412649685413514574e-07 1.215464080246416935e-09
1.499999999999999944e-02 2.967683078231283522e-01 1.174705911575088177e-02 3.549754941563347329e-07 1.755962090526943837e-09
1.550000000000000162e-02 2.959991444098447611e-01 1.163477762041372626e-02 3.670624546535804298e-07 2.396926263360510782e-09
1.600000000000000033e-02 2.953497600206965723e-01 1.150894661720310540e-02 3.774316323530130539e-07 3.130161110981566487e-09
1.650000000000000078e-02 2.948026083431554145e-01 1.146302061812437198e-02 3.862149049653266738e-07 3.944857146125542967e-09
1.700000000000000122e-02 2.943430676882830554e-01 1.137865428378939843e-02 3.937493880027287618e-07 4.828225757908914829e-09
1.750000000000000167e-02 2.939588519501120101e-01 1.127821716536320587e-02 4.000105096099169660e-07 5.767607636670307625e-09
1.800000000000000211e-02 2.936395651014103714e-01 1.126473316480493779e-02 4.051171704906817610e-07 6.748970373546100027e-09
1.850000000000000255e-02 2.933763327600015236e-01 1.119111840945528555e-02 4.093713266440293367e-07 7.758827283645399908e-09
1.900000000000000300e-02 2.931615588130694339e-01 1.118751618801152280e-02 4.127752737519913239e-07 8.788615779689352748e-09
1.950000000000000344e-02 2.929887095825937648e-01 1.111868239289074724e-02 4.152361278542765455e-07 9.822159329753072564e-09
2.000000000000000042e-02 2.928521447484313533e-01 1.108034104864442405e-02 4.172953379449227288e-07 1.085532365402878816e-08
