# time 1 2 D-1 D
0.000000000000000000e+00 9.999999510583071904e-01 1.749367950918580810e-10 1.261004677182396861e-34 3.903008586714625957e-35
5.000000000000000104e-04 9.999970051521828163e-01 9.039116157230693653e-08 9.161475596196295377e-25 6.499411587451144591e-27
1.000000000000000021e-03 9.999557199182828038e-01 1.427125585154682636e-06 9.945829985985241136e-22 2.153496118915561711e-23
1.500000000000000248e-03 9.997909486967490045e-01 9.606244849689493274e-06 3.506146347282862094e-20 9.130369178424814402e-22
2.000000000000000042e-03 9.993744837675647696e-01 4.270466569395720946e-05 6.844844860718473072e-20 2.656267960279153420e-22
2.500000000000000052e-03 9.985186750874198713e-01 1.504452191964898982e-04 2.879574333418261115e-19 5.786330435204371125e-22
3.000000000000000496e-03 9.969165018841437131e-01 4.590096236289997007e-04 1.607294530513254695e-18 6.660946805977795497e-21
3.500000000000000507e-03 9.940071105345865687e-01 1.266026428267062178e-03 1.462751191944715779e-17 1.315669724449507242e-19
4.000000000000000083e-03 9.887074786381584435e-01 3.251653851761341328e-03 1.541322055515527841e-16 1.880641036622315021e-18
4.500000000000000527e-03 9.789083985958116907e-01 7.857933581368131692e-03 1.510650725200099175e-15 2.220680156835506823e-17
5.000000000000000104e-03 9.606172818181890616e-01 1.802210312618379717e-02 1.103774745205964917e-14 1.840005439062969942e-16
5.500000000000000548e-03 9.268738848324357127e-01 3.897565747152192950e-02 6.138050210564012255e-14 1.055850440977685323e-15
6.000000000000000992e-03 8.677892039665348056e-01 7.794675952234264571e-02 2.685006972858299902e-13 4.165695533786341285e-15
6.500000000000000569e-03 7.755319456345337592e-01 1.386509194788639321e-01 9.451964804401999139e-13 1.128767898703840457e-14
7.000000000000001013e-03 6.553142056270373494e-01 2.092809535189666392e-01 2.752641748621302038e-12 2.042551807134167430e-14
7.499999999999999722e-03 5.279802903210653042e-01 2.569499688881353716e-01 6.795929969339166545e-12 2.120678302247931142e-14
8.000000000000000167e-03 4.140184723029231018e-01 2.534906873380176062e-01 1.465778422542375294e-11 5.295089505141000124e-15
8.500000000000000611e-03 3.217601920705767671e-01 2.167086103491413784e-01 2.830599723752903248e-11 1.585293138267367282e-14
9.000000000000001055e-03 2.505857799589154000e-01 1.853084101299611319e-01 4.987785079040624942e-11 2.519323718785030209e-13
9.500000000000001499e-03 1.968807892931967451e-01 1.648108652129955665e-01 8.139947173818834401e-11 1.214256808301328444e-12
1.000000000000000021e-02 1.567637902890991752e-01 1.491156471335847444e-01 1.243423949133775688e-10 3.850515340679925188e-12
1.050000000000000065e-02 1.268597981803079033e-01 1.346998160293500224e-01 1.804838483051120360e-10 9.656477082542366913e-12
1.100000000000000110e-02 1.044655463099930653e-01 1.198901131168341599e-01 2.494395602587116174e-10 2.066566528982549110e-11
1.150000000000000154e-02 8.752989548279391241e-02 1.041940271466341716e-01 3.316290021026211143e-10 3.932597793096804231e-11
1.200000000000000198e-02 7.455040935135262559e-02 8.809962139760403599e-02 4.247255753822431351e-10 6.829996178403252868e-11
1.250000000000000069e-02 6.444990477034261145e-02 7.256438089899804045e-02 5.287541448285256834e-10 1.102043135280517142e-10
1.300000000000000114e-02 5.646281558150356705e-02 5.906296423056200257e-02 6.418519208228124613e-10 1.673774915727995429e-10
1.350000000000000158e-02 5.004526260293123974e-02 4.897215334187938335e-02 7.598031441496062717e-10 2.416373954039595271e-10
1.400000000000000203e-02 4.480874484643477401e-02 4.131319818102401065e-02 8.818455926018533038e-10 3.341546035068248628e-10
1.450000000000000247e-02 4.047352888231042084e-02 3.612961227637987577e-02 1.006387727054813809e-09 4.454471072545817012e-10
1.499999999999999944e-02 3.683592619988648037e-02 3.229429701811326742e-02 1.131531818425818592e-09 5.753354335466980851e-10
1.550000000000000162e-02 3.374589263330738526e-02 2.976543551940026913e-02 1.253075456072474093e-09 7.230508332248900485e-10
1.600000000000000033e-02 3.109159675630098971e-02 2.790386068888566981e-02 1.375789810063731209e-09 8.873542520890005397e-10
1.650000000000000078e-02 2.878840988389520447e-02 2.649579533035650164e-02 1.489306553672215220e-09 1.066609260728705084e-09
1.700000000000000122e-02 2.677189187346472321e-02 2.560085439862254397e-02 1.601333934775734114e-09 1.258967455939296654e-09
1.750000000000000167e-02 2.499149727646991781e-02 2.492176721402879908e-02 1.707361862599312711e-09 1.462472458288871660e-09
1.800000000000000211e-02 2.341000642823085412e-02 2.445879842631516407e-02 1.808836385503878783e-09 1.675051290702138075e-09
1.850000000000000255e-02 2.199269404949308684e-02 2.414170065558043227e-02 1.905231527833635521e-09 1.894744414027212372e-09
1.900000000000000300e-02 2.071614652877364071e-02 2.394731516784886355e-02 1.994676470202714024e-09 2.119758388623252781e-09
1.950000000000000344e-02 1.956265391436621398e-02 2.380701955250147037e-02 2.078344651846358856e-09 2.348307355011652529e-09
2.000000000000000042e-02 1.851281644628170048e-02 2.374976989389569401e-02 2.156559406846951601e-09 2.578772375093210548e-09
