# time 1 2 D-1 D
0.000000000000000000e+00 9.999999388690805624e-01 5.637822278446681058e-09 9.165449592844435509e-36 1.685528320483060643e-35
2.500000000000000052e-04 9.990194408731530862e-01 3.070044431644380063e-06 6.432787218901645490e-30 1.249253177505280338e-34
5.000000000000000104e-04 9.958502310938950330e-01 6.589336755519076554e-05 1.413042317131751992e-25 6.918316890026330364e-29
7.500000000000001240e-04 9.900196301977222113e-01 4.567499249784679523e-04 5.083013849095614423e-23 1.321655706903267117e-25
1.000000000000000021e-03 9.806895595562264978e-01 1.954791521828157502e-03 3.160890861832313869e-21 2.631297713000801891e-23
1.250000000000000026e-03 9.663515335895438430e-01 6.213636440062991935e-03 6.946344511040954968e-20 1.396155016054671469e-21
1.500000000000000248e-03 9.449050944933778950e-01 1.558403641733753509e-02 7.315199735180792137e-19 2.921990106150451026e-20
1.750000000000000253e-03 9.150592763369755911e-01 3.100073797301762177e-02 4.293180271636340361e-18 2.945502242399381707e-19
2.000000000000000042e-03 8.785903946606155035e-01 4.920256592513245347e-02 1.569959502063317791e-17 1.629529214000061850e-18
2.250000000000000264e-03 8.403398835707198700e-01 6.389051477595221462e-02 3.880775524996531319e-17 5.608324156745555108e-18
2.500000000000000052e-03 8.052302437458060957e-01 6.901587805404166276e-02 7.070143512616566330e-17 1.360861984989332636e-17
2.750000000000000274e-03 7.759595229190154875e-01 6.106105661658520894e-02 1.027342978695413465e-16 2.652238778622719307e-17
3.000000000000000496e-03 7.530413247796038378e-01 4.934306352894571313e-02 1.264976662154788410e-16 4.699907169669469425e-17
3.250000000000000284e-03 7.358040077004761592e-01 4.217919908877301727e-02 1.363413085269656755e-16 8.031005415130688666e-17
3.500000000000000507e-03 7.231911455479260731e-01 3.856890072176544226e-02 1.305908790065762773e-16 1.326185300926174638e-16
3.749999999999999861e-03 7.141660252281052390e-01 3.678032783888637164e-02 1.098977502265072901e-16 2.078410710794926411e-16
4.000000000000000083e-03 7.078566506238429534e-01 3.621247998086141867e-02 8.562640249635811755e-17 3.002320535440821336e-16
4.250000000000000305e-03 7.035773285826046886e-01 3.572832466527425810e-02 6.671504998844850639e-17 4.024839768138572236e-16
4.500000000000000527e-03 7.008054904895361092e-01 3.556233860112266443e-02 6.213831384445944269e-17 4.931572229395393117e-16
4.750000000000000749e-03 6.991483648464863476e-01 3.547862509175889190e-02 6.722120505420201965e-17 5.643483062779458897e-16
5.000000000000000104e-03 6.983122540147901347e-01 3.545942973568702583e-02 7.441711211960222333e-17 6.139913188778045415e-16
5.250000000000000326e-03 6.980776460802099459e-01 3.539964797347071312e-02 8.824075817073687750e-17 6.152865374455416949e-16
5.500000000000000548e-03 6.982803364817818936e-01 3.537332052625571238e-02 1.078363716313787915e-16 5.776528213700399915e-16
5.750000000000000770e-03 6.987973519126102762e-01 3.530726236804716811e-02 1.192589828033897166e-16 5.304109522357195672e-16
6.000000000000000992e-03 6.995364713493076314e-01 3.516258783418636097e-02 1.268759565000816926e-16 4.605578862056201837e-16
6.250000000000000347e-03 7.004285239917729111e-01 3.513680734851527127e-02 1.424984695942698570e-16 3.687998415834239205e-16
6.500000000000000569e-03 7.014216813996744238e-01 3.515807796761852982e-02 1.528224498947713924e-16 2.873536835043095694e-16
6.750000000000000791e-03 7.024767063099127684e-01 3.510946343199333741e-02 1.101984084015337103e-16 2.709490709092572655e-16
7.000000000000001013e-03 7.035654587078717936e-01 3.506600046319113817e-02 1.112499249205314067e-16 2.092915045738947557e-16
7.250000000000001235e-03 7.046663389430212199e-01 3.502184105055133195e-02 1.171864434397777486e-16 1.490157663070942534e-16
7.499999999999999722e-03 7.057635659418443064e-01 3.494889208478214881e-02 1.242072531534022243e-16 9.983349646484511996e-17
7.750000000000000812e-03 7.068457140859111254e-01 3.491450046682288005e-02 1.313634588433976031e-16 6.384091448361945470e-17
8.000000000000000167e-03 7.079046521366909595e-01 3.496124880939027041e-02 1.384103878241663101e-16 3.936332492876389971e-17
8.250000000000000389e-03 7.089346997370694625e-01 3.493768745232764261e-02 1.473166926792242422e-16 2.275172037615208467e-17
8.500000000000000611e-03 7.099320720698398812e-01 3.497784223411745663e-02 1.574328277150346426e-16 1.301072447152824348e-17
8.750000000000000833e-03 7.108944462438957501e-01 3.499223734791274965e-02 1.705475171108820165e-16 7.676540843607045910e-18
9.000000000000001055e-03 7.118204610302455437e-01 3.500571806031599342e-02 1.872959830084558246e-16 4.892582359912513265e-18
9.250000000000001277e-03 7.127096393765801619e-01 3.503937122465196341e-02 2.111396353275558609e-16 3.756810261734473826e-18
9.500000000000001499e-03 7.135620166005179899e-01 3.507278353672465404e-02 2.463958488326205860e-16 3.704989839720993293e-18
9.750000000000001721e-03 7.143798768328247784e-01 3.518467944573108047e-02 2.905820869328284341e-16 4.701105546276265483e-18
1.000000000000000021e-02 7.151973980787394991e-01 3.517951398757634268e-02 3.243921643843559755e-16 6.828535239409004278e-18
