# time 1 2 D-1 D
0.000000000000000000e+00 9.999999388690805624e-01 5.637822278446681058e-09 9.165449592844435509e-36 1.685528320483060643e-35
2.500000000000000486e-03 9.990194446157233399e-01 3.070613178926586737e-06 6.445365673225335589e-30 1.892970299610502577e-34
5.000000000000000971e-03 9.958503438411776543e-01 6.589567453789459410e-05 1.412739368864819436e-25 6.926356731354495423e-29
7.500000000000001457e-03 9.900202423312762789e-01 4.567536372173859084e-04 5.080502429081172838e-23 1.321289845672258138e-25
1.000000000000000194e-02 9.806914898608309894e-01 1.954793873012433420e-03 3.158178672577331198e-21 2.629070764066230838e-23
1.250000000000000069e-02 9.663560277512781571e-01 6.213643730284696028e-03 6.937218094283203992e-20 1.394227019965113721e-21
1.500000000000000291e-02 9.449135326342072982e-01 1.558410404044608365e-02 7.301594532235853244e-19 2.916226131326950137e-20
1.750000000000000167e-02 9.150726537383400139e-01 3.100117589848862265e-02 4.284188283363721678e-18 2.930296817916470677e-19
2.000000000000000389e-02 8.786082359216577098e-01 4.920328807414554861e-02 1.565633366359059130e-17 1.623253870256928785e-18
2.250000000000000264e-02 8.403606800421185019e-01 6.389120330050193641e-02 3.866036529301017259e-17 5.589866225827814774e-18
2.500000000000000139e-02 8.052514685488826318e-01 6.901579254629229554e-02 7.033140099526768768e-17 1.356104373460602994e-17
2.750000000000000361e-02 7.759780619450770134e-01 6.105973577575173061e-02 1.019960572550243495e-16 2.640654856997692720e-17
3.000000000000000583e-02 7.530538848996649604e-01 4.934070832262522216e-02 1.252600262878893919e-16 4.672944026258907177e-17
3.250000000000000111e-02 7.358072797155440492e-01 4.217656204679656046e-02 1.344289730207879588e-16 7.981435672787224079e-17
3.500000000000000333e-02 7.231823688608274292e-01 3.856533984206891169e-02 1.281423696619842841e-16 1.314717594301143077e-16
3.750000000000000555e-02 7.141427657427853459e-01 3.677530882701066789e-02 1.075613348319697037e-16 2.053358327287756635e-16
4.000000000000000777e-02 7.078165528946345209e-01 3.620609684775508152e-02 8.416409025511209382e-17 2.955882444791401979e-16
4.250000000000000999e-02 7.035179756803104922e-01 3.571958222691773432e-02 6.638842527174497309e-17 3.944582313103646986e-16
4.500000000000000527e-02 7.007247582520731433e-01 3.555278076847118857e-02 6.063657625659118963e-17 4.860241708660217527e-16
4.750000000000000749e-02 6.990443976179950836e-01 3.546582594653013149e-02 6.427504959634559162e-17 5.590192406942010466e-16
5.000000000000000278e-02 6.981833248309290418e-01 3.544529774367773806e-02 7.333530351610633537e-17 6.036401249789055246e-16
5.250000000000000500e-02 6.979220969040934586e-01 3.538197096429235994e-02 8.667947526379029806e-17 6.111487618215097156e-16
5.500000000000000722e-02 6.980965729206093373e-01 3.535375007101405898e-02 9.893136704925232370e-17 5.920181268812817445e-16
5.750000000000000944e-02 6.985837692179930336e-01 3.528421106779861677e-02 1.095279834881372355e-16 5.425990875370093581e-16
6.000000000000001166e-02 6.992914487183040650e-01 3.513693848366159639e-02 1.094063662412911239e-16 4.986443868668472724e-16
6.250000000000000000e-02 7.001504575079627868e-01 3.510822010629924966e-02 1.195511202692767436e-16 4.164645463767853664e-16
6.500000000000000222e-02 7.011087530039535887e-01 3.512529281116621993e-02 1.205611474310631180e-16 3.488996415494769664e-16
6.750000000000000444e-02 7.021277163411330235e-01 3.507292791591626324e-02 1.359382700208188646e-16 2.727068415963817974e-16
7.000000000000000666e-02 7.031783357241830901e-01 3.502566264606488122e-02 1.328106880089020408e-16 2.117926739451141671e-16
7.250000000000000888e-02 7.042391256349991302e-01 3.497786526613082259e-02 1.451315808336728294e-16 1.617030951275163130e-16
7.500000000000001110e-02 7.052943010051782036e-01 3.490092209003371748e-02 1.446245597038636510e-16 1.121648723950436517e-16
7.750000000000001332e-02 7.063322820983013450e-01 3.486126284722801394e-02 1.505374083873869453e-16 8.552314022457661679e-17
8.000000000000001554e-02 7.073449104884524941e-01 3.490414852605272511e-02 1.587569767475440316e-16 5.720059387620346071e-17
8.250000000000001776e-02 7.083263299059783247e-01 3.487571622465057697e-02 1.546225415778285997e-16 3.700663693176375397e-17
8.500000000000001998e-02 7.092726974131584594e-01 3.491074677071651089e-02 1.705006403681768587e-16 2.765962893936419115e-17
8.750000000000000833e-02 7.101815345411228719e-01 3.491982079863951288e-02 1.693640340014818735e-16 1.438248703730886578e-17
9.000000000000001055e-02 7.110513932360988942e-01 3.492543366678953209e-02 1.844531850016962363e-16 1.057456402032244340e-17
9.250000000000001277e-02 7.118817030893926923e-01 3.495320991928461962e-02 1.935608167780647567e-16 7.253015586722886651e-18
9.500000000000001499e-02 7.126727727112955879e-01 3.498183947476793398e-02 2.210614506353733207e-16 9.528106354943021148e-18
9.750000000000001721e-02 7.134259634345517798e-01 3.508656499338623502e-02 2.734139123354082398e-16 2.827551286689589860e-17
1.000000000000000056e-01 7.141448756421752142e-01 3.507956774545709783e-02 2.716891699398897700e-16 3.017188674408164691e-17
