# time 1 2 D-1 D
0.000000000000000000e+00 9.999999751356835054e-01 2.554661070843842052e-09 1.498850806214421097e-34 7.020052263110699928e-35
1.250000000000000243e-03 9.994369691920197418e-01 6.110531347876088381e-06 4.343873998388857791e-17 8.404767305007494900e-24
2.500000000000000486e-03 9.975323953894713602e-01 1.210535071742203131e-04 1.350282785971329772e-14 2.804186944153253375e-20
3.750000000000000729e-03 9.936829595819612893e-01 7.400352655335008930e-04 4.136617705088709694e-13 2.599013490118300508e-18
5.000000000000000971e-03 9.866779081683995090e-01 2.788763179133876662e-03 4.843388374773571318e-12 4.478089286636041819e-17
6.250000000000000347e-03 9.743446086656376570e-01 7.985039461743895922e-03 3.315591403675089641e-11 1.780127875710659383e-16
7.500000000000001457e-03 9.532902136924332748e-01 1.883392901799631897e-02 1.604339521291923660e-10 5.607755403792190473e-17
8.750000000000000833e-03 9.192204564810239065e-01 3.810093313228640755e-02 6.081109617032210448e-10 2.840263382722927586e-14
1.000000000000000194e-02 8.685197280833737432e-01 6.689283710234575353e-02 1.921579771479245337e-09 6.221942354241167637e-13
1.125000000000000132e-02 8.010068178202889300e-01 1.026749803681111101e-01 5.267126525894788066e-09 6.865753299983989318e-12
1.250000000000000069e-02 7.217433012156616590e-01 1.389834706217727145e-01 1.284291020759699127e-08 5.228282858991738291e-11
1.375000000000000180e-02 6.393500344209041009e-01 1.692885995695467827e-01 2.842565749150534239e-08 3.075709038503511969e-10
1.500000000000000291e-02 5.619137500996455037e-01 1.901393365841876903e-01 5.764733351599067054e-08 1.462763041992153374e-09
1.625000000000000056e-02 4.942098472230015416e-01 2.001034065056545574e-01 1.077767772508834277e-07 5.682969516023146608e-09
1.750000000000000167e-02 4.376396367190439340e-01 1.967743192669714480e-01 1.866961267858607573e-07 1.793363457349428070e-08
1.875000000000000278e-02 3.915202853357915846e-01 1.765656575047508947e-01 3.007199065556400992e-07 4.602689604867304672e-08
2.000000000000000389e-02 3.543114017290072693e-01 1.412767086776438585e-01 4.449315507286858336e-07 9.809786579621300462e-08
2.125000000000000500e-02 3.243369230673706638e-01 1.058291956129101125e-01 5.657789104407248922e-07 1.797964236038414534e-07
2.250000000000000264e-02 3.000984102871178671e-01 8.066637906988002871e-02 5.419942418230688267e-07 2.935524241480044325e-07
2.375000000000000375e-02 2.803642878863202292e-01 6.509872664207615178e-02 4.124095309926099728e-07 4.391692991634823146e-07
2.500000000000000139e-02 2.641617159031988127e-01 5.520902945042134580e-02 3.133642795666444009e-07 6.145276191654974561e-07
2.625000000000000250e-02 2.507359884506393244e-01 4.852130537245530340e-02 2.572096514896011003e-07 8.161566469293933292e-07
2.750000000000000361e-02 2.395054660671330216e-01 4.397532465999257068e-02 2.325926313769426931e-07 1.039749542259189656e-06
2.875000000000000472e-02 2.300219608920928971e-01 4.064979612207957060e-02 2.174333325756062145e-07 1.280638298997642901e-06
3.000000000000000583e-02 2.219389951697637309e-01 3.830069459523675196e-02 5.560188417060587158e-07 1.534203925445961375e-06
3.125000000000000000e-02 2.149873358328174000e-01 3.640359543319920954e-02 6.445189987948217522e-07 1.796178958593504935e-06
3.250000000000000111e-02 2.089564984820301285e-01 3.487907206492930207e-02 6.383014225375238937e-07 2.062835928396260925e-06
3.375000000000000222e-02 2.036808544465747439e-01 3.368624836360255281e-02 6.291711133520401038e-07 2.331073236600741085e-06
3.500000000000000333e-02 1.990292008503214138e-01 3.269187709003931741e-02 6.179373674209109648e-07 2.598423366014213455e-06
3.625000000000000444e-02 1.948969506988315614e-01 3.178598213574265058e-02 6.083753870774811154e-07 2.863008359650279358e-06
3.750000000000000555e-02 1.912001928044362864e-01 3.112849163150558859e-02 5.925625845442805649e-07 3.123463612048620503e-06
3.875000000000000666e-02 1.878711877881120151e-01 3.051603231651542694e-02 5.819222786106402565e-07 3.378853683965335680e-06
4.000000000000000777e-02 1.848549081001682748e-01 2.996601481481170684e-02 5.681205411111429896e-07 3.628586715577724391e-06
4.125000000000000888e-02 1.821064002109258062e-01 2.949885414136647552e-02 5.585166992268790895e-07 3.872337499887113638e-06
4.250000000000000999e-02 1.795887101155254628e-01 2.907460770317699464e-02 5.475987024870597304e-07 4.109981022607414541e-06
4.375000000000000416e-02 1.772712978739076906e-01 2.869825789277980627e-02 5.360292544829788847e-07 4.341536878879592055e-06
4.500000000000000527e-02 1.751287546375183968e-01 2.837033041113278670e-02 5.270392805301396793e-07 4.567125047973228767e-06
4.625000000000000638e-02 1.731398510470096574e-01 2.811965646391266505e-02 5.220892085887497028e-07 4.786932736082955888e-06
4.750000000000000749e-02 1.712867304905668075e-01 2.785272018395942850e-02 5.158676664932412912e-07 5.001188278480286857e-06
4.875000000000000860e-02 1.695543038836462846e-01 2.761184303028830014e-02 5.103230668229164743e-07 5.210145409981467419e-06
5.000000000000000278e-02 1.679298153635213342e-01 2.739555164087525974e-02 5.098466479628874562e-07 5.414047363992388176e-06
