# time 1 2 D-1 D
0.000000000000000000e+00 9.999999738292602025e-01 7.584990112772022604e-09 2.075427111872906052e-35 9.077755124225114211e-35
1.250000000000000243e-03 9.999959674650050756e-01 3.365442273664050886e-06 1.148302620403539757e-27 1.090587283479593306e-27
2.500000000000000486e-03 9.999129167730266277e-01 7.353701601751577526e-05 6.667189928178060076e-24 5.850694710970358923e-25
3.750000000000000729e-03 9.994008649045953430e-01 5.145895766587169550e-04 1.492686636073248247e-22 9.143675449829511826e-24
5.000000000000000971e-03 9.974278638850604395e-01 2.228025806302647710e-03 9.972869551606557828e-22 1.876352409483691480e-22
6.250000000000000347e-03 9.915842690698050133e-01 7.290093639932223625e-03 4.218707196373729518e-21 1.379924115311288571e-21
7.500000000000001457e-03 9.773943865078348336e-01 1.922892926258707239e-02 1.758136629440054979e-20 5.679551577562124559e-21
8.750000000000000833e-03 9.489684632083773552e-01 4.159067674344373022e-02 7.885303368508390935e-20 9.752394723256312837e-21
1.000000000000000194e-02 9.028144025922079097e-01 7.329395664858746884e-02 3.896123051678242132e-19 1.360212551862715867e-21
1.125000000000000132e-02 8.427265472669368540e-01 1.056932847787298291e-01 1.952044201457884908e-18 4.930081403814930193e-19
1.250000000000000069e-02 7.787976101635863957e-01 1.288720279571747840e-01 8.890954333347942792e-18 6.652540625463432136e-18
1.375000000000000180e-02 7.205703073255802504e-01 1.409847025955172084e-01 3.401342824383055158e-17 4.285972904153315048e-17
1.500000000000000291e-02 6.726988238175142243e-01 1.436730156535108160e-01 1.052429826565957707e-16 1.810324556853461403e-16
1.625000000000000056e-02 6.356246475836038190e-01 1.401261737004691199e-01 2.644444941264833672e-16 5.908235296166340705e-16
1.750000000000000167e-02 6.078022341345368229e-01 1.317583505999879168e-01 6.093630873507997214e-16 1.702099547827796034e-15
1.875000000000000278e-02 5.872267626598877133e-01 1.196440145913051506e-01 1.753769770858903214e-15 4.551222797588928799e-15
2.000000000000000389e-02 5.720925072910109099e-01 1.059524264374950009e-01 6.671106737701100999e-15 1.040968797160886536e-14
2.125000000000000500e-02 5.609695452648221226e-01 9.217907213682503820e-02 1.997581359302776650e-14 2.110696692811888195e-14
2.250000000000000264e-02 5.527877120247117748e-01 8.035357626750674886e-02 4.309713265419685772e-14 3.887560387224948909e-14
2.375000000000000375e-02 5.467658032274218538e-01 7.033926715194802060e-02 7.351469215477172796e-14 6.168719006208553803e-14
2.500000000000000139e-02 5.423385992297412583e-01 6.262565853241916503e-02 1.065745195488977177e-13 8.137460538702655331e-14
2.625000000000000250e-02 5.390974102214337593e-01 5.633069758659985105e-02 1.346019969599180301e-13 8.937308358338750017e-14
2.750000000000000361e-02 5.367454798528926707e-01 5.123603858342748452e-02 1.519668067450652559e-13 7.928858474150983698e-14
2.875000000000000472e-02 5.350656266750920542e-01 4.717418306528031041e-02 1.536233065137530773e-13 5.486374229362302904e-14
3.000000000000000583e-02 5.338977515367566706e-01 4.396104070571407729e-02 1.392205477371865731e-13 2.791766117277392438e-14
3.125000000000000000e-02 5.331227540597222037e-01 4.110737940487083075e-02 1.123183230462562920e-13 1.683896121982885344e-14
3.250000000000000111e-02 5.326512395705453873e-01 3.883067242874744390e-02 8.074612393742409498e-14 4.158459710427385929e-14
3.375000000000000222e-02 5.324155135720493037e-01 3.679976561760673476e-02 5.083908108604754887e-14 1.182519607171855098e-13
3.500000000000000333e-02 5.323638921341597996e-01 3.501885939550654359e-02 2.965995522128285363e-14 2.543355677575762482e-13
3.625000000000000444e-02 5.324565770728220127e-01 3.355894372940575188e-02 1.677067363138265638e-14 4.476580972026897857e-13
3.750000000000000555e-02 5.326626657768552819e-01 3.222817939462721548e-02 1.256966056869229730e-14 6.852515323155143577e-13
3.875000000000000666e-02 5.329579618324936652e-01 3.100430587822270920e-02 1.310170047239874043e-14 9.473948636763354928e-13
4.000000000000000777e-02 5.333233659717527830e-01 2.999192924378898603e-02 1.442956597901913098e-14 1.209450011884415933e-12
4.125000000000000888e-02 5.337436447963410657e-01 2.899837080219040686e-02 3.077192676474584840e-14 1.446770064156273009e-12
4.250000000000000999e-02 5.342065508824569431e-01 2.817313891330133768e-02 1.044558989560325445e-13 1.638282564715173754e-12
4.375000000000000416e-02 5.347021539765316467e-01 2.738885042464656375e-02 3.550216923404021484e-13 1.769593065549947282e-12
4.500000000000000527e-02 5.352223317725232077e-01 2.669048148771426335e-02 9.894844411810775984e-13 1.832542824408004647e-12
4.625000000000000638e-02 5.357603697971831114e-01 2.605113520145648648e-02 2.446744350223435923e-12 1.830265780971901134e-12
4.750000000000000749e-02 5.363106896536176116e-01 2.548668923090780317e-02 5.029647680005698372e-12 1.777246670455799521e-12
4.875000000000000860e-02 5.368686898233259175e-01 2.495051761822689174e-02 9.106987796569615048e-12 1.695094618620590502e-12
5.000000000000000278e-02 5.374306564217792292e-01 2.444133664874214434e-02 1.445503109949863674e-11 1.615774013215181634e-12
