# time 1 2 D-1 D
0.000000000000000000e+00 9.999999711494074184e-01 4.921498106877679052e-09 2.305144421962505269e-35 1.524616173016506898e-35
2.500000000000000486e-03 9.994393874424910562e-01 1.422600037019522384e-06 6.896197615440174777e-17 7.793309603389847796e-23
5.000000000000000971e-03 9.976163399756866612e-01 2.935633640417221023e-05 2.146678459394476412e-14 3.863688195812418687e-19
7.500000000000001457e-03 9.942273314074853152e-01 1.953385531230257674e-04 6.660813053459212486e-13 5.974548833808897722e-17
1.000000000000000194e-02 9.887448983614697262e-01 8.231325350152872465e-04 7.995088193865699446e-12 2.215571043967467492e-15
1.250000000000000069e-02 9.801925250371948950e-01 2.692391575671315013e-03 5.673711059692778850e-11 3.728602057073097101e-14
1.500000000000000291e-02 9.667582631993745235e-01 7.481481098196077033e-03 2.874269846558502339e-10 3.774827610953877475e-13
1.750000000000000167e-02 9.453013697928938086e-01 1.831999368278626472e-02 1.147476923149422335e-09 2.668606763523306857e-12
2.000000000000000389e-02 9.112323737955135838e-01 3.998133530890047443e-02 3.829033053214500479e-09 1.439124707219221944e-11
2.250000000000000264e-02 8.600161839128137586e-01 7.732558733946807983e-02 1.109141473244891208e-08 6.269780538144232611e-11
2.500000000000000139e-02 7.911364001713950822e-01 1.307549688761214801e-01 2.861033051202477476e-08 2.297311545666891318e-10
2.750000000000000361e-02 7.113327509796198989e-01 1.919781948647995840e-01 6.695405656841311573e-08 7.293732925180976470e-10
3.000000000000000583e-02 6.316864377223055937e-01 2.440100555235510393e-01 1.441371900218314701e-07 2.051749339437909297e-09
3.250000000000000111e-02 5.609961698300289790e-01 2.701152106317193380e-01 2.882103024944123322e-07 5.289445200052643314e-09
3.500000000000000333e-02 5.028238881352509182e-01 2.616953849293954248e-01 5.392743341213504226e-07 1.258759308243275765e-08
3.750000000000000555e-02 4.568795948107603477e-01 2.273871280108799853e-01 9.482073245778011683e-07 2.827805042224125185e-08
4.000000000000000777e-02 4.212472620551969138e-01 1.869757745242553171e-01 1.570776942239378987e-06 6.008245815411375570e-08
4.250000000000000999e-02 3.937415972332803382e-01 1.525494164557801569e-01 2.436389863926484479e-06 1.393149999509082472e-07
4.500000000000000527e-02 3.724485715476004710e-01 1.279125340603374239e-01 3.503437534492987772e-06 3.514617891368069678e-07
4.750000000000000749e-02 3.558501446544858338e-01 1.112301107346391760e-01 4.443449738357126346e-06 1.041967914925462490e-06
5.000000000000000278e-02 3.427930348813834627e-01 9.956340162029812813e-02 4.517031212816254574e-06 2.938277403659236611e-06
5.250000000000000500e-02 3.324165628483642387e-01 9.143159027374640757e-02 4.400481949089440859e-06 5.327993585156061990e-06
5.500000000000000722e-02 3.240819281320139744e-01 8.545005272968754506e-02 4.797543518160754903e-06 7.455780203680143864e-06
5.750000000000000944e-02 3.173145340029017714e-01 8.125943359734132121e-02 5.543330626972838372e-06 9.428780920266869242e-06
6.000000000000001166e-02 3.117601129431732954e-01 7.797103810942236646e-02 6.287538158238525405e-06 1.154084084426921676e-05
6.250000000000000000e-02 3.071525810786347455e-01 7.559793655127410028e-02 7.326035931291745924e-06 1.344531991611894002e-05
6.500000000000000222e-02 3.032906043587148548e-01 7.373512925378379601e-02 8.476246746785425068e-06 1.528161049353905451e-05
6.750000000000000444e-02 3.000206187061012497e-01 7.231187806253054629e-02 9.744577243820714345e-06 1.700797244882353503e-05
7.000000000000000666e-02 2.972245782353160060e-01 7.128860282535254278e-02 1.097169888541555902e-05 1.875559629298766937e-05
7.250000000000000888e-02 2.948110401673366132e-01 7.046421413165721015e-02 1.203161748087542551e-05 2.062860620577744295e-05
7.500000000000001110e-02 2.927086038455545824e-01 6.973646283014359182e-02 1.327520691517050282e-05 2.225954734083443446e-05
7.750000000000001332e-02 2.908611239402186799e-01 6.930889410116841676e-02 1.436520075703551631e-05 2.397344962661041780e-05
8.000000000000001554e-02 2.892241421294730053e-01 6.892139920211924620e-02 1.571836552298491065e-05 2.534485157216300841e-05
8.250000000000001776e-02 2.877621728742941754e-01 6.867138483605031429e-02 1.698675279160441571e-05 2.671583628511865692e-05
8.500000000000001998e-02 2.864467388815050142e-01 6.842544267183647833e-02 1.802170707910730692e-05 2.823145855036097624e-05
8.750000000000000833e-02 2.852548424877548450e-01 6.832543368186118349e-02 1.913838115468828504e-05 2.957473978517755308e-05
9.000000000000001055e-02 2.841677966283627232e-01 6.819918119878817797e-02 1.998180329047769156e-05 3.110019840901791775e-05
9.250000000000001277e-02 2.831703261297570662e-01 6.820019741454026729e-02 2.120834625363252085e-05 3.215205510701699902e-05
9.500000000000001499e-02 2.822498788007717363e-01 6.821758765887989129e-02 2.219588820239567931e-05 3.335380945416089612e-05
9.750000000000001721e-02 2.813960879536477888e-01 6.820963556806325379e-02 2.309045668754416991e-05 3.456138984529614420e-05
1.000000000000000056e-01 2.806003450181187575e-01 6.829319920197214622e-02 2.408500172749641194e-05 3.558420897307537238e-05
