# time 1 2 D-1 D
0.000000000000000000e+00 9.999999413545472837e-01 3.185184145771145862e-09 1.766825980442847856e-36 1.997321596362386383e-36
2.500000000000000052e-04 9.990050590708902112e-01 1.651688753622885972e-06 2.680262121847153683e-29 1.698071958711725794e-34
5.000000000000000104e-04 9.957995659013915146e-01 3.616695326567908632e-05 6.076000314902849443e-25 9.028683562648271444e-29
7.500000000000001240e-04 9.899664040596133363e-01 2.523672746141212425e-04 2.329177391573495031e-22 1.811617224723382102e-25
1.000000000000000021e-03 9.808527978050008977e-01 1.117280041314305935e-03 1.610551193338355776e-20 4.002239203167700961e-23
1.250000000000000026e-03 9.672732347969659195e-01 3.825839324659059768e-03 4.149896195346368977e-19 2.493281340367586751e-21
1.500000000000000248e-03 9.470575851037311699e-01 1.093947811911698265e-02 5.394513956758872374e-18 6.502983169851087351e-20
1.750000000000000253e-03 9.169930896617592975e-01 2.669078898821769172e-02 4.138986294875477895e-17 8.566093303223967291e-19
2.000000000000000042e-03 8.746773488242775008e-01 5.507715570712047592e-02 2.044823323564995411e-16 6.280346908069792214e-18
2.250000000000000264e-03 8.225199303052058708e-01 9.492773357004018198e-02 7.015996309155221566e-16 2.734897207521545875e-17
2.500000000000000052e-03 7.687422719927167192e-01 1.270831823421754159e-01 1.792781994172545210e-15 7.355707050174708143e-17
2.750000000000000274e-03 7.219258879305519017e-01 9.589440065804356872e-02 3.711395081007307157e-15 1.227718766128609329e-16
3.000000000000000496e-03 6.860434492125883077e-01 7.325041510732338557e-02 6.756525240294741539e-15 1.121952293665161707e-16
3.250000000000000284e-03 6.607655554503982787e-01 2.963257173653324403e-02 1.150360332738742166e-14 2.262275305051053817e-17
3.500000000000000507e-03 6.439088389724416661e-01 1.644243538932687113e-02 1.869904769493154623e-14 5.940606792116287153e-17
3.749999999999999861e-03 6.331148893364851871e-01 1.287326816006421210e-02 2.776946434411198462e-14 6.514267229182682664e-16
4.000000000000000083e-03 6.264784351708806431e-01 1.096274892981827925e-02 3.169056607739646956e-14 2.121094892465845701e-15
4.250000000000000305e-03 6.226282519529227066e-01 9.834737574616239653e-03 2.680244851339278916e-14 4.503552487195605722e-15
4.500000000000000527e-03 6.206280108112603999e-01 9.002393324222692991e-03 2.217182623784637610e-14 7.584798997159882908e-15
4.750000000000000749e-03 6.198524767750337450e-01 8.375649252327648994e-03 1.915344045343049713e-14 1.100989143444159855e-14
5.000000000000000104e-03 6.198855605292729054e-01 7.797980750360107745e-03 1.720773714545016778e-14 1.443244364058971772e-14
5.250000000000000326e-03 6.204507055911873126e-01 7.377214837197487544e-03 1.656933491054447859e-14 1.759577542541025004e-14
5.500000000000000548e-03 6.213619165709145520e-01 6.981392262003132190e-03 2.116915108738482143e-14 2.039298222000097651e-14
5.750000000000000770e-03 6.224932899653758955e-01 6.633819624971682045e-03 1.572973038067293389e-14 2.276337205162691772e-14
6.000000000000000992e-03 6.237587145016658674e-01 6.348605302788331954e-03 1.234678964759428473e-14 2.472228487744824616e-14
6.250000000000000347e-03 6.250990974809562672e-01 6.083298469196566152e-03 1.040044079668805397e-14 2.629612060041968357e-14
6.500000000000000569e-03 6.264736472888918772e-01 5.821934217300478789e-03 8.852862392158764027e-15 2.752138563128725741e-14
6.750000000000000791e-03 6.278541946807536522e-01 5.594773685371860761e-03 7.549063107516496931e-15 2.848852524580288680e-14
7.000000000000001013e-03 6.292216660521996463e-01 5.415138435525366535e-03 6.358015520358260331e-15 2.918396123935716198e-14
7.250000000000001235e-03 6.305629154303428185e-01 5.228734908947325899e-03 5.284681185098222157e-15 2.963862802512371285e-14
7.499999999999999722e-03 6.318693059180749971e-01 5.055025392790832295e-03 4.342918937233022420e-15 2.991510018040619599e-14
7.750000000000000812e-03 6.331353160020962711e-01 4.910979013664070955e-03 3.506787060948082688e-15 2.998632805761264365e-14
8.000000000000000167e-03 6.343576087407046815e-01 4.785681726829226108e-03 2.782383248477190668e-15 2.997079262861114564e-14
8.250000000000000389e-03 6.355345040957400826e-01 4.658616987531221700e-03 2.175260986596957385e-15 2.978273043633584937e-14
8.500000000000000611e-03 6.366654554939191746e-01 4.534358410723975281e-03 1.680793190449330499e-15 2.957240512121011553e-14
8.750000000000000833e-03 6.377506272603836734e-01 4.442202185341650143e-03 1.249465784038578668e-15 2.936595907442187046e-14
9.000000000000001055e-03 6.387908698721495027e-01 4.341154613140209458e-03 9.110014450883001084e-16 2.902164416926629429e-14
9.250000000000001277e-03 6.397873408727655642e-01 4.256446673855614204e-03 6.419893638569422455e-16 2.852673527778597689e-14
9.500000000000001499e-03 6.407413899157502479e-01 4.178427733735761568e-03 4.418887060788905516e-16 2.820571115352584018e-14
9.750000000000001721e-03 6.416546381253283027e-01 4.105188293277756313e-03 2.852366845100429110e-16 2.788669841506145267e-14
1.000000000000000021e-02 6.425288330212676202e-01 4.043801170996445815e-03 1.608627234447654262e-16 2.736216674602120258e-14
