# time 1 2 D-1 D
0.000000000000000000e+00 9.999999711494074184e-01 4.921498106877679052e-09 2.305144421962505269e-35 1.524616173016506898e-35
5.000000000000000104e-04 9.986290384946916454e-01 6.083852858308176972e-04 6.275256048215191260e-17 3.303716070106005266e-20
1.000000000000000021e-03 9.938340269407781591e-01 3.012972657112913608e-03 1.800438827913603736e-14 3.561802561007445384e-17
1.500000000000000248e-03 9.842344010683724553e-01 8.408112943682237092e-03 5.232623223589838220e-13 2.166998411329336924e-15
2.000000000000000042e-03 9.677731500405402087e-01 1.876502687506934400e-02 5.990475939168116146e-12 4.067642505260063605e-14
2.500000000000000052e-03 9.414079385339632067e-01 3.692454856399256247e-02 4.138267248599745270e-11 4.010273171360645776e-13
3.000000000000000496e-03 9.008224128772217565e-01 6.714918391557742061e-02 2.089308761424303275e-10 2.630476099218775254e-12
3.500000000000000507e-03 8.405582349510688500e-01 1.144230618347081979e-01 8.524217731752621987e-10 1.301216419359406874e-11
4.000000000000000083e-03 7.555602311122615600e-01 1.826748833999614630e-01 2.985625761129749105e-09 5.225391292143209528e-11
4.500000000000000527e-03 6.452915424162513069e-01 2.698252128564004870e-01 9.330027954843567303e-09 1.783446696608781753e-10
5.000000000000000104e-03 5.187910599869209882e-01 3.610218845793051190e-01 2.666789798666505266e-08 5.324507618848892561e-10
5.500000000000000548e-03 3.937533744451015005e-01 4.298253021071291036e-01 7.093266987383567135e-08 1.414440796751493377e-09
6.000000000000000992e-03 2.866809734615404781e-01 4.464909786180832896e-01 1.776151444211412730e-07 3.370535363324434989e-09
6.500000000000000569e-03 2.045140019980332957e-01 4.013017920855633802e-01 4.214573466495370225e-07 7.070895626987577189e-09
7.000000000000001013e-03 1.455522802504547741e-01 3.105791460927429526e-01 9.512695227262263362e-07 1.278845549351029631e-08
7.499999999999999722e-03 1.045711157573207400e-01 2.121208869663231689e-01 2.044088944664795678e-06 1.835226463973881819e-08
8.000000000000000167e-03 7.632897609663617799e-02 1.360600544394573730e-01 4.177087576797326545e-06 1.757167090660399107e-08
8.500000000000000611e-03 5.676537007876626684e-02 8.661894005855858003e-02 8.103651204403005187e-06 7.405706136185835691e-10
9.000000000000001055e-03 4.304375879939644628e-02 5.716755986190150129e-02 1.477198435838606702e-05 9.596089691424448362e-08
9.500000000000001499e-03 3.326510037103427159e-02 3.964244698166540654e-02 2.440394842372393559e-05 1.502688387301121209e-06
1.000000000000000021e-02 2.617517337197808325e-02 2.867329919186814569e-02 3.348025201868216612e-05 9.457430349716480764e-06
1.050000000000000065e-02 2.094469567033160895e-02 2.157820635682918334e-02 4.249806656271088785e-05 2.538303875706975548e-05
1.100000000000000110e-02 1.702052134529820002e-02 1.674008348322362713e-02 5.688258228703656943e-05 4.587123352748604684e-05
1.150000000000000154e-02 1.402899243825366134e-02 1.339408229581647188e-02 7.801407403875784707e-05 7.155956762340750252e-05
1.200000000000000198e-02 1.171401881799673597e-02 1.093031768316886365e-02 1.040947132413989760e-04 1.061874432454382015e-04
1.250000000000000069e-02 9.897413900403858114e-03 9.116472345642771813e-03 1.399490864747597780e-04 1.467367840430194588e-04
1.300000000000000114e-02 8.453310485004882080e-03 7.722243834551165316e-03 1.851968582149227593e-04 1.952156342343191369e-04
1.350000000000000158e-02 7.291481661670965245e-03 6.636854073465730218e-03 2.414762798683985469e-04 2.514034053346220188e-04
1.400000000000000203e-02 6.346329598994639859e-03 5.783926311121826216e-03 3.072149334054093237e-04 3.180600290512757629e-04
1.450000000000000247e-02 5.569517677517354243e-03 5.090676638703113543e-03 3.791885203055705218e-04 3.993573388943596016e-04
1.499999999999999944e-02 4.924973135225287589e-03 4.514749715511542569e-03 4.666861596938162867e-04 4.867131915792846089e-04
1.550000000000000162e-02 4.385451136110004623e-03 4.049823726969176835e-03 5.617050873767111350e-04 5.886040238989086269e-04
1.600000000000000033e-02 3.930141116983792288e-03 3.654179070419106765e-03 6.771947887213031073e-04 6.923341207902181755e-04
1.650000000000000078e-02 3.542977925435523458e-03 3.322083037763902662e-03 8.028652087358407238e-04 8.082451876951338198e-04
1.700000000000000122e-02 3.211435789611007986e-03 3.033989938199130321e-03 9.330092921209796929e-04 9.419143352653460517e-04
1.750000000000000167e-02 2.925656582769488919e-03 2.790662158335113427e-03 1.078695650845826626e-03 1.081983248062709383e-03
1.800000000000000211e-02 2.677813056442461623e-03 2.575375225847689048e-03 1.223296884446991792e-03 1.244651915274260509e-03
1.850000000000000255e-02 2.461638851691986402e-03 2.391714425793922336e-03 1.399997682314432649e-03 1.396191966434220813e-03
1.900000000000000300e-02 2.272077973393117362e-03 2.229430650002740561e-03 1.577598770443903488e-03 1.567162966022133796e-03
1.950000000000000344e-02 2.105020928382646782e-03 2.083679900660527669e-03 1.761228170730347927e-03 1.751719841178713162e-03
2.000000000000000042e-02 1.957104634697626362e-03 1.956916648460962829e-03 1.962657394465792526e-03 1.937313535062181596e-03
