# time 1 2 D-1 D
0.000000000000000000e+00 9.999999466137030613e-01 1.778911953338375648e-09 1.242724319446779310e-35 3.215160720491272317e-37
2.500000000000000486e-03 9.991394881868396194e-01 7.310042668667619967e-08 3.751234360351689423e-30 1.126577829410622897e-34
5.000000000000000971e-03 9.963735210386763796e-01 1.483686223173970592e-06 8.609650154822447238e-26 3.420930026717970300e-29
7.500000000000001457e-03 9.913952218295132290e-01 9.855013011986703980e-06 3.534940437044959260e-23 7.936687656632205796e-26
1.000000000000000194e-02 9.838537281776624788e-01 4.223808190361952477e-05 2.969777092035208619e-21 2.265636189145538882e-23
1.250000000000000069e-02 9.733368539579381196e-01 1.433699077162935577e-04 1.041788079605627626e-19 1.963713194416031573e-21
1.500000000000000291e-02 9.593305251149619739e-01 4.230603573798553149e-04 2.168600575563145218e-18 7.962015572635173394e-20
1.750000000000000167e-02 9.411358761497008452e-01 1.140380086924877101e-03 2.982952661248624029e-17 1.837509269103389403e-18
2.000000000000000389e-02 9.177085120503397642e-01 2.877472482590572381e-03 2.959905180353728375e-16 2.636070722615828940e-17
2.250000000000000264e-02 8.873681819272730698e-01 6.870512356009644134e-03 2.167681874136719348e-15 2.449399108837922380e-16
2.500000000000000139e-02 8.473601968555312114e-01 1.554242389045326113e-02 1.248984855993739074e-14 1.525087743300218441e-15
2.750000000000000361e-02 7.935205850260462768e-01 3.299364486774380295e-02 5.663919155912050782e-14 6.655776806821249517e-15
3.000000000000000583e-02 7.211394739254631814e-01 6.420720229631785014e-02 1.859440703495896552e-13 2.148594320330804091e-14
3.250000000000000111e-02 6.288969714953238643e-01 1.104285430274184326e-01 4.388121740323439031e-13 5.412995828943466916e-14
3.500000000000000333e-02 5.243293182972662558e-01 1.551952225989773615e-01 8.359874954164919847e-13 1.116313539790125472e-13
3.750000000000000555e-02 4.221913729991570996e-01 1.189337481027380045e-01 1.371449994494897118e-12 1.961735466461471236e-13
4.000000000000000777e-02 3.344824957989633307e-01 5.230054532819563423e-02 2.017124638517496821e-12 3.035135739726408008e-13
4.250000000000000999e-02 2.649842609236645607e-01 3.198055222557628918e-02 2.696417679341391010e-12 4.244118567029776312e-13
4.500000000000000527e-02 2.118733904672573387e-01 2.349704400774042801e-02 3.452993226181073415e-12 5.477469553994228821e-13
4.750000000000000749e-02 1.716391467004569349e-01 1.889458235067508624e-02 4.111378376778915791e-12 6.634087669978662623e-13
5.000000000000000278e-02 1.408864554465425190e-01 1.586644663226344232e-02 4.763067990135911056e-12 7.640935636178760987e-13
5.250000000000000500e-02 1.171012101065863065e-01 1.359500819719306093e-02 5.413150482914481957e-12 8.458296852112681501e-13
5.500000000000000722e-02 9.847927883633031398e-02 1.173216827268877549e-02 5.893313581103158382e-12 9.074932563127371511e-13
5.750000000000000944e-02 8.357523667084315599e-02 1.025164621833843555e-02 6.315937765685326496e-12 9.500654155433856765e-13
6.000000000000001166e-02 7.154189515893635831e-02 8.966593005011935444e-03 6.663540062538732625e-12 9.758633647872852222e-13
6.250000000000000000e-02 6.172400704753731870e-02 7.797731048340967967e-03 6.996545134459131123e-12 9.877379740187721769e-13
6.500000000000000222e-02 5.355845089418601046e-02 6.783288531842901481e-03 7.216474987769390973e-12 9.886256156890598399e-13
6.750000000000000444e-02 4.661362936879011321e-02 5.973777770889120327e-03 7.396758956394973582e-12 9.813441725452083712e-13
7.000000000000000666e-02 4.083854368735170826e-02 5.130918084327565701e-03 7.507002640236926308e-12 9.681725047309711940e-13
7.250000000000000888e-02 3.576954333877833264e-02 4.496957665466889270e-03 7.646803744732205923e-12 9.510801285837871599e-13
7.500000000000001110e-02 3.152721368892501264e-02 3.782448217430553049e-03 7.769779953115462696e-12 9.316069239828864683e-13
7.750000000000001332e-02 2.771739695133389539e-02 3.243242880690189525e-03 7.732745704679233584e-12 9.108966956189766236e-13
8.000000000000001554e-02 2.444816077835415200e-02 2.658305130530043501e-03 7.874968333733725670e-12 8.898616086026108406e-13
8.250000000000001776e-02 2.145715050937363824e-02 2.193589054289928151e-03 7.793995359673690514e-12 8.692883115601476944e-13
8.500000000000001998e-02 1.878244282926519459e-02 1.725057181055289360e-03 7.924907830608990929e-12 8.494952571323731617e-13
8.750000000000000833e-02 1.630192020717206522e-02 1.294977515207400938e-03 7.951742774528406267e-12 8.307485017252164458e-13
9.000000000000001055e-02 1.406490407272032242e-02 7.797662284417251595e-04 7.872310347260428103e-12 8.133691891853978981e-13
9.250000000000001277e-02 1.185550491877288351e-02 3.358867576291976894e-04 7.995582420344470732e-12 7.974373034874136970e-13
9.500000000000001499e-02 9.576096864782512180e-03 4.487282023475567915e-05 8.020347513932479747e-12 7.827694804131808039e-13
9.750000000000001721e-02 7.016610069114734283e-03 1.877927231573891349e-04 7.961155980316483744e-12 7.695584934665858728e-13
1.000000000000000056e-01 4.870717004426817522e-03 2.323040277249847061e-04 8.034111797577996398e-12 7.578370617134474160e-13
