# time 1 2 D-1 D
0.000000000000000000e+00 9.999999615643891948e-01 3.728694379798150916e-09 7.802362120682164932e-35 7.413402060254608955e-35
5.000000000000000104e-04 9.999997940764756565e-01 5.302636457307377672e-11 2.315977726471805806e-30 1.739086586691971782e-32
1.000000000000000021e-03 9.999968523576063806e-01 5.526807932998655728e-08 8.013416832376017159e-28 2.405791499079368012e-29
1.500000000000000248e-03 9.999834390841843001e-01 4.679597523257702114e-07 5.136310277494164216e-26 2.367359046483202481e-27
2.000000000000000042e-03 9.999453104153612770e-01 2.040837518175345507e-06 6.194147713802052586e-25 3.672528129577595275e-27
2.500000000000000052e-03 9.998601252847604259e-01 6.487150136764248051e-06 3.345203590848987294e-24 7.327151441794836002e-26
3.000000000000000496e-03 9.996956303977332370e-01 1.700182865298995087e-05 1.312992325002291672e-23 4.953513090166709567e-25
3.500000000000000507e-03 9.994077904806065726e-01 3.947775705794344945e-05 4.278957213377794366e-23 2.344602990123705602e-24
4.000000000000000083e-03 9.989389294486067383e-01 8.351982261605246291e-05 1.294384512688145103e-22 8.972873615989970398e-24
4.500000000000000527e-03 9.982154268382289475e-01 1.668816623493830941e-04 3.873240011467525223e-22 3.120338602348381350e-23
5.000000000000000104e-03 9.971434580787209567e-01 3.199246660393515688e-04 1.165032018683081999e-21 1.035365895186816244e-22
5.500000000000000548e-03 9.955994849711727879e-01 5.987104166094849933e-04 3.904449479141784573e-21 3.421780002484049444e-22
6.000000000000000992e-03 9.934093934332270948e-01 1.104354554865572642e-03 1.545351286198640171e-20 1.188401798046487740e-21
6.500000000000000569e-03 9.903055318931064388e-01 2.028116840583816909e-03 7.343777833102344351e-20 4.336002416259329445e-21
7.000000000000001013e-03 9.858429138088795618e-01 3.729720496133835141e-03 3.347569593936562591e-19 1.604200134356186691e-20
7.499999999999999722e-03 9.792424849495595662e-01 6.885371625547912454e-03 1.256544833317678176e-18 5.889618848088251317e-20
8.000000000000000167e-03 9.691114035745873601e-01 1.277158593398576916e-02 4.024205986098476547e-18 2.060657220349948708e-19
8.500000000000000611e-03 9.529882869973559378e-01 2.369186234691949763e-02 1.130308244745154500e-17 6.635050782516795099e-19
9.000000000000001055e-03 9.267688442650107161e-01 4.356885777531317727e-02 2.819253741446626588e-17 1.953431869403100424e-18
9.500000000000001499e-03 8.845607114719298281e-01 7.807655842503866128e-02 6.281102153178661772e-17 5.217527506287016330e-18
1.000000000000000021e-02 8.205662290815395332e-01 1.326730856558905325e-01 1.256951013055513096e-16 1.258155464502926943e-17
1.050000000000000065e-02 7.344244469625038629e-01 2.058955188774403700e-01 2.278066427273307911e-16 2.754190427834662851e-17
1.100000000000000110e-02 6.357051119185698207e-01 2.493030303411405968e-01 3.763038090860726188e-16 5.509806546228425068e-17
1.150000000000000154e-02 5.390485243436973217e-01 9.959574880995898660e-02 5.696475562290148635e-16 1.015863720519124513e-16
1.200000000000000198e-02 4.542822615876158099e-01 5.772464750780340742e-02 7.981177729231872397e-16 1.715140484941054155e-16
1.250000000000000069e-02 3.835355638530748568e-01 5.367420580077646164e-02 1.039174347537224067e-15 2.706210775948238919e-16
1.300000000000000114e-02 3.248843174908671028e-01 5.831595955433090117e-02 1.262358662453759646e-15 4.038070202632044196e-16
1.350000000000000158e-02 2.750500686691751406e-01 6.621178887238855781e-02 1.450531829130882744e-15 5.614020315655089031e-16
1.400000000000000203e-02 2.327708538526927218e-01 7.548648746857225533e-02 1.573360318117800296e-15 7.492205160361223353e-16
1.450000000000000247e-02 1.974395477045728375e-01 8.378559796667246762e-02 1.626638021718369303e-15 9.533296368328070034e-16
1.499999999999999944e-02 1.665183758619710463e-01 9.195604525772799187e-02 1.606639819278852789e-15 1.167712553472961842e-15
1.550000000000000162e-02 1.417765346877887245e-01 9.709794904811160088e-02 1.524592447518504648e-15 1.376767885251657546e-15
1.600000000000000033e-02 1.215056168090690308e-01 1.001616220581257322e-01 1.407572067783842937e-15 1.552609520894147495e-15
1.650000000000000078e-02 1.058466653692549525e-01 1.004915115509800727e-01 1.249375822640851275e-15 1.702593711237296426e-15
1.700000000000000122e-02 9.306342705427637918e-02 9.946956196710367293e-02 1.083836948293326483e-15 1.794969257105686883e-15
1.750000000000000167e-02 8.274652599746420978e-02 9.725683086085835927e-02 9.471188461618910468e-16 1.797390397288981416e-15
1.800000000000000211e-02 7.426712993702119792e-02 9.430430105596472601e-02 8.165122410351619365e-16 1.739092011562729960e-15
1.850000000000000255e-02 6.803629608067965351e-02 9.006989108966015345e-02 7.260884043900542492e-16 1.596220715413874495e-15
1.900000000000000300e-02 6.271608980406222222e-02 8.579149513253085668e-02 6.483420927165594938e-16 1.409803289253409961e-15
1.950000000000000344e-02 5.808829097730603547e-02 8.160749171544198766e-02 6.105424072815494441e-16 1.167843941660462020e-15
2.000000000000000042e-02 5.454013170556903239e-02 7.706392299479271346e-02 5.823453603427073414e-16 9.161781924504255743e-16
