# time 1 2 D-1 D
0.000000000000000000e+00 9.999999231140618283e-01 6.382792849077126294e-09 1.961652402668697303e-35 1.529847639452332500e-35
2.500000000000000486e-03 9.999991991488312859e-01 8.896859863882809806e-08 7.310238341754675229e-34 1.429626127565488688e-35
5.000000000000000971e-03 9.999857246747620998e-01 1.865973726387509727e-06 3.629812634403533864e-29 4.466269332832996645e-31
7.500000000000001457e-03 9.999164235356010622e-01 1.377524142299940609e-05 2.604022253630894811e-28 5.219342198334302721e-30
1.000000000000000194e-02 9.996880983692219003e-01 6.661453961751794266e-05 2.987509701135722479e-28 1.293461504972521833e-27
1.250000000000000069e-02 9.990798352432569418e-01 2.525336355345484253e-04 8.541586748189987207e-27 1.908286336661240530e-27
1.500000000000000291e-02 9.976383603257747978e-01 7.972405403866170224e-04 4.298435984426315725e-26 4.017099899709784121e-27
1.750000000000000167e-02 9.944619125773996871e-01 2.248826758160555380e-03 1.759583785532177212e-25 4.012296489498887222e-27
2.000000000000000389e-02 9.878306383539814384e-01 5.714749114392726065e-03 5.714793207341610562e-25 4.202475722950792719e-27
2.250000000000000264e-02 9.746874048242327726e-01 1.325356803163154837e-02 1.012413704020221045e-24 1.371820557003050482e-25
2.500000000000000139e-02 9.502306154579084341e-01 2.807104266174596796e-02 1.017728307125969633e-24 1.586152895925278352e-24
2.750000000000000361e-02 9.084681230574462862e-01 5.335103199316184458e-02 4.665000569485372461e-23 1.082374510616365384e-23
3.000000000000000583e-02 8.449464104643010787e-01 9.101548290405606090e-02 7.740601518211272140e-22 5.053555488715721970e-23
3.250000000000000111e-02 7.610271038487190776e-01 1.366095821194631410e-01 7.081945465878293206e-21 1.362011665418621045e-22
3.500000000000000333e-02 6.652890715093441321e-01 1.834651437846167299e-01 4.514435353294942328e-20 8.327173516462058503e-23
3.750000000000000555e-02 5.691323070515296179e-01 2.239496406212043988e-01 2.204698501781534951e-19 6.098020356320512779e-22
4.000000000000000777e-02 4.811496674096630843e-01 2.530283651644865683e-01 8.583269131284461803e-19 2.350772000257368747e-20
4.250000000000000999e-02 4.052332802740426509e-01 2.650006337898946351e-01 2.729729545356434861e-18 2.365441594014969258e-19
4.500000000000000527e-02 3.418441560563111326e-01 2.577756841964964907e-01 7.175914938724891070e-18 1.417279417120742908e-18
4.750000000000000749e-02 2.897741504134929147e-01 2.404239263842584129e-01 1.598012344165313602e-17 5.822237443085190904e-18
5.000000000000000278e-02 2.472854117520885964e-01 2.339856159938024857e-02 3.114573287776656347e-17 1.788230912278079749e-17
5.250000000000000500e-02 2.126429437556055790e-01 1.261382386856033100e-02 5.463766585309495237e-17 4.418403311192711901e-17
5.500000000000000722e-02 1.843099356616646478e-01 1.249386265611724008e-02 8.817100641454847375e-17 9.308567954052928589e-17
5.750000000000000944e-02 1.609955082274772686e-01 1.323918355659155915e-02 1.336727357072910225e-16 1.711930056690560358e-16
6.000000000000001166e-02 1.416465121264542937e-01 1.439144014837826294e-02 1.899949957328730258e-16 2.847954815941029395e-16
6.250000000000000000e-02 1.254212163607308916e-01 1.573253209876038228e-02 2.583705101517910894e-16 4.356587745956655336e-16
6.500000000000000222e-02 1.116509400927380852e-01 1.719490146868205005e-02 3.401784660197029231e-16 6.245187524399091784e-16
6.750000000000000444e-02 9.982495592350154601e-02 1.897166795335365405e-02 4.309422188080419718e-16 8.450141170690831991e-16
7.000000000000000666e-02 8.954658542258715770e-02 2.062490120857575493e-02 5.326390380871653326e-16 1.097835962621740411e-15
7.250000000000000888e-02 8.049057257891090167e-02 2.250113315427752433e-02 6.507468760189722665e-16 1.371044153245113964e-15
7.500000000000001110e-02 7.250991396851939885e-02 2.433635509512746542e-02 2.465850361082664318e-16 1.659798578778601070e-15
7.750000000000001332e-02 6.524152015221751366e-02 2.626516348234475551e-02 2.660664260253768912e-16 1.972424280916247574e-15
8.000000000000001554e-02 5.875526789031621649e-02 2.812083358913801054e-02 2.874956180561865171e-16 2.288221122601503650e-15
8.250000000000001776e-02 5.292491001122556771e-02 2.984790366398799161e-02 2.912336018238114504e-16 2.622269589649041685e-15
8.500000000000001998e-02 4.769915280324463214e-02 3.148915423886559928e-02 2.597341244513603837e-16 2.977050008439867546e-15
8.750000000000000833e-02 4.282364150315176587e-02 3.313718932875904521e-02 2.051388642439685508e-16 3.327085883064559099e-15
9.000000000000001055e-02 3.852386712068093383e-02 3.453123557744666033e-02 1.297443094041705007e-16 3.705203536890069404e-15
9.250000000000001277e-02 3.457368104178658308e-02 3.585311073468513965e-02 4.886832841044324046e-17 4.058201297900024775e-15
9.500000000000001499e-02 3.113135760720004558e-02 3.688485698391036349e-02 2.295950763804949247e-18 4.361674984133484833e-15
9.750000000000001721e-02 2.794198192926129407e-02 3.787660751135356330e-02 3.124769742146406917e-17 4.600741223061699797e-15
1.000000000000000056e-01 2.509343353303934016e-02 3.869684985686687451e-02 1.795323759734206054e-16 4.678803027750177837e-15
