# lambda 1 2 D-1 D
0.000000000000000000e+00 -1.499999993966505585e+01 -1.300000003604917254e+01 1.300000000051788263e+01 1.499999994075298204e+01
2.500000000000000139e-02 -1.463416676689614526e+01 -1.278247565794016616e+01 1.278279575964609727e+01 1.463478287456916682e+01
5.000000000000000278e-02 -1.428658548613779011e+01 -1.258220877023018325e+01 1.258482712498042311e+01 1.429185118038338764e+01
7.500000000000001110e-02 -1.395738517438979720e+01 -1.239965605454602660e+01 1.240864645549967271e+01 1.397660532886685480e+01
1.000000000000000056e-01 -1.364704937391731399e+01 -1.223553622066185831e+01 1.225709675780688990e+01 1.369696380055775187e+01
1.250000000000000000e-01 -1.335646122058372676e+01 -1.209085152981312028e+01 1.213321871909506022e+01 1.346458605840531497e+01
1.500000000000000222e-01 -1.308698813839529684e+01 -1.196692190625310026e+01 1.204084679149292292e+01 1.329597054143480328e+01
1.750000000000000167e-01 -1.284063529555890248e+01 -1.186541947160674404e+01 1.198844333009844298e+01 1.321173724758542711e+01
2.000000000000000111e-01 -1.262032663314487912e+01 -1.178837970375448840e+01 1.199776821692634066e+01 1.323164102546875931e+01
2.250000000000000056e-01 -1.243044260228206355e+01 -1.173810629786830972e+01 1.209442157761122516e+01 1.336666842597173854e+01
2.500000000000000000e-01 -1.227791162829619154e+01 -1.171670219104263211e+01 1.228218897100758511e+01 1.361532348420380956e+01
2.750000000000000222e-01 -1.217443913713684722e+01 -1.172455453874814069e+01 1.255444712842608723e+01 1.396700218482957112e+01
3.000000000000000444e-01 -1.213959213060121378e+01 -1.175766919040549219e+01 1.290363096052427672e+01 1.440750208356732465e+01
3.250000000000000111e-01 -1.219605401862566829e+01 -1.181198856260316710e+01 1.332201863047496992e+01 1.492268109835861445e+01
3.500000000000000333e-01 -1.234828681930887484e+01 -1.190312753461014950e+01 1.380123845022845686e+01 1.550002908421927117e+01
3.750000000000000000e-01 -1.258087529948555527e+01 -1.205993788738452821e+01 1.433223183957708891e+01 1.612905707678271483e+01
4.000000000000000222e-01 -1.287701782942457385e+01 -1.228993101660121212e+01 1.490639462598860199e+01 1.680118065363657820e+01
4.250000000000000444e-01 -1.322415758443692013e+01 -1.258121614134528699e+01 1.551641861566474745e+01 1.750943900238666018e+01
4.500000000000000111e-01 -1.361308579208274949e+01 -1.292126567676596594e+01 1.615638021105511513e+01 1.824819537836635064e+01
4.750000000000000333e-01 -1.403686496958085428e+01 -1.330092955915991126e+01 1.682152606710730680e+01 1.901287164583133205e+01
5.000000000000000000e-01 -1.449013326464750406e+01 -1.371341097329298009e+01 1.750802922329555500e+01 1.979972982212000687e+01
5.250000000000000222e-01 -1.496865269598549375e+01 -1.415346181988919128e+01 1.821278657276951307e+01 2.060569828060456743e+01
5.500000000000000444e-01 -1.546900947612978783e+01 -1.461693157290629941e+01 1.893326148485192917e+01 2.142823555069442065e+01
5.750000000000000666e-01 -1.598841045322526355e+01 -1.510048677991724020e+01 1.966736341481626482e+01 2.226522413780933363e+01
6.000000000000000888e-01 -1.652453856996123349e+01 -1.560141609788286488e+01 2.041335572848143087e+01 2.311488772560568705e+01
6.250000000000000000e-01 -1.707544939202603018e+01 -1.611748953278038243e+01 2.116978490854575767e+01 2.397572639373871795e+01
6.500000000000000222e-01 -1.763949495722160066e+01 -1.664685432173692448e+01 2.193542555308405895e+01 2.484646567128133654e+01
6.750000000000000444e-01 -1.821526646444499065e+01 -1.718795686019087654e+01 2.270923759992546209e+01 2.572601622752786099e+01
7.000000000000000666e-01 -1.880155058485349429e+01 -1.773948340370520071e+01 2.349033268138276043e+01 2.661344177114197151e+01
7.250000000000000888e-01 -1.939729542098324799e+01 -1.830031439343807875e+01 2.427794745152924349e+01 2.750793331561902022e+01
7.500000000000000000e-01 -2.000158416015248974e+01 -1.886948927398170639e+01 2.507142232377454150e+01 2.840878841169361380e+01
7.750000000000000222e-01 -2.061361301970614335e+01 -1.944617822559801112e+01 2.587018438524739139e+01 2.931539427940813880e+01
8.000000000000000444e-01 -2.123267474302002711e+01 -2.002966050331939840e+01 2.667373355079442376e+01 3.022721402164811622e+01
8.250000000000000666e-01 -2.185814417572753854e+01 -2.061930660397879223e+01 2.748163133607476993e+01 3.114377528835836983e+01
8.500000000000000888e-01 -2.248946675083162461e+01 -2.121456396349505980e+01 2.829349158840065570e+01 3.206466090208972020e+01
8.750000000000000000e-01 -2.312614885030568956e+01 -2.181494537675394696e+01 2.910897286951058405e+01 3.298950106290125461e+01
9.000000000000000222e-01 -2.376774973082809339e+01 -2.242001942519669200e+01 2.992777215252937140e+01 3.391796683256864497e+01
9.250000000000000444e-01 -2.441387471730622138e+01 -2.302940259361202635e+01 3.074961950731484706e+01 3.484976466101917936e+01
9.500000000000000666e-01 -2.506416941091555373e+01 -2.364275267832631044e+01 3.157427371990425513e+01 3.578463176645822585e+01
9.750000000000000888e-01 -2.571831478041247721e+01 -2.425976331799548547e+01 3.240151849541260276e+01 3.672233221842682838e+01
1.000000000000000000e+00 -2.637602290745311961e+01 -2.488015934815625485e+01 3.323115937198367931e+01 3.766265360258516637e+01
