# time 1 2 D-1 D
0.000000000000000000e+00 9.999999757950520651e-01 9.761789191962557932e-09 2.968123235826275958e-35 9.579103464850824110e-35
1.250000000000000243e-03 9.999993467081765841e-01 7.882731224558571044e-09 2.028540449944770537e-20 1.903082898089921474e-22
2.500000000000000486e-03 9.999901291243159518e-01 2.459373772321477012e-07 6.660991748292221793e-20 6.090984710041287476e-22
3.750000000000000729e-03 9.999517023554556072e-01 1.862950971668117054e-06 4.292011146897993767e-20 7.131684477447364365e-20
5.000000000000000971e-03 9.998501461454742945e-01 8.599065656628288704e-06 2.803297876505047729e-19 2.878100892589822264e-19
6.250000000000000347e-03 9.996332997449913771e-01 3.066073257247891009e-05 5.313150722177357680e-19 1.108196795516256813e-18
7.500000000000001457e-03 9.992175288832353397e-01 9.361190748774125250e-05 6.758025748636034461e-17 4.115479856203556008e-18
8.750000000000000833e-03 9.984603469526043273e-01 2.570721525556144164e-04 1.511101666378081366e-15 2.290008713184278123e-17
1.000000000000000194e-02 9.971079639768644087e-01 6.544259773027333521e-04 1.985164099124064301e-14 1.896805211083365682e-16
1.125000000000000132e-02 9.946986991580016868e-01 1.570316663601146892e-03 1.925838489814911581e-13 1.673959295276385916e-15
1.250000000000000069e-02 9.903929948261863681e-01 3.585733403624195501e-03 1.398335819974009290e-12 1.360070100870906869e-14
1.375000000000000180e-02 9.826958665814912175e-01 7.813501579426673782e-03 7.531273041582443905e-12 9.319271640100774307e-14
1.500000000000000291e-02 9.690670652420872999e-01 1.625610529604269369e-02 3.202208426083875036e-11 5.227189737558938350e-13
1.625000000000000056e-02 9.455568510125705872e-01 3.210374270788075163e-02 1.124103127330458063e-10 2.403457525742598290e-12
1.750000000000000167e-02 9.070343987704263533e-01 5.945306620891495364e-02 3.290193228889067180e-10 9.142310894254336986e-12
1.875000000000000278e-02 8.490201554466894063e-01 1.014512668616801561e-01 8.137487571362836225e-10 2.927621492464474504e-11
2.000000000000000389e-02 7.717585849855564950e-01 1.562665210493721091e-01 1.739317365543014392e-09 8.053992862078156035e-11
2.125000000000000500e-02 6.834483869745815454e-01 2.139397657070722936e-01 3.314233774152434353e-09 1.939360430426117195e-10
2.250000000000000264e-02 5.942717331930662539e-01 2.627843456839510927e-01 5.740034366177103225e-09 4.160313220682441429e-10
2.375000000000000375e-02 5.136647365908104668e-01 2.924099351520645373e-01 9.209981192857439386e-09 8.075178367695993665e-10
2.500000000000000139e-02 4.452019187408882694e-01 2.995529412716415041e-01 1.381957763360638127e-08 1.437180390622195201e-09
2.625000000000000250e-02 3.886429726040468990e-01 2.869431712763376718e-01 1.963550039853874657e-08 2.372757125646855546e-09
2.750000000000000361e-02 3.422249728717747796e-01 2.608511874928947649e-01 2.657008315114892233e-08 3.670069136411831350e-09
2.875000000000000472e-02 3.039881069470642960e-01 2.306620206190207467e-01 3.484939412292499781e-08 5.363576958299276029e-09
3.000000000000000583e-02 2.722181629445986628e-01 2.033910678359392432e-01 4.421342583896755254e-08 7.460619247787594608e-09
3.125000000000000000e-02 2.455462981671136247e-01 6.967380977051783331e-02 5.458584304439536860e-08 9.939444620160254313e-09
3.250000000000000111e-02 2.229049582663182594e-01 3.700572284600152362e-02 6.600237922799843530e-08 1.275223562735508914e-08
3.375000000000000222e-02 2.034591042436442454e-01 3.548686412416603847e-02 7.791981531753984338e-08 1.583069965524092272e-08
3.500000000000000333e-02 1.865453129076740379e-01 3.573618161336996474e-02 9.076157401470844148e-08 1.909376416410188646e-08
3.625000000000000444e-02 1.716256526917378511e-01 3.668514532656314692e-02 1.037962504183925782e-07 2.245659820023072862e-08
3.750000000000000555e-02 1.582427622980977777e-01 3.805418058978479040e-02 1.178896795028039645e-07 2.583773889735738357e-08
3.875000000000000666e-02 1.459642516152052649e-01 4.001510412136854294e-02 1.315771342720841324e-07 2.916489931510872794e-08
4.000000000000000777e-02 1.344017937924425476e-01 4.259173413611885839e-02 1.457281222904508920e-07 3.237859330032785405e-08
4.125000000000000888e-02 1.233409802312358944e-01 4.582232067692353084e-02 1.596445285599294419e-07 3.543397300979994573e-08
4.250000000000000999e-02 1.122376018253274099e-01 5.004081022639806503e-02 1.741488166633866495e-07 3.830046121760305884e-08
4.375000000000000416e-02 1.004196914848029670e-01 5.575063818460374715e-02 1.878960583861060483e-07 4.096015014947577087e-08
4.500000000000000527e-02 8.757970443360126034e-02 6.313330575147600709e-02 2.013396422533894297e-07 4.340556524515625822e-08
4.625000000000000638e-02 7.224833378018637176e-02 7.355494321718093753e-02 2.151257119790742935e-07 4.563723763146758163e-08
4.750000000000000749e-02 5.320058820903335317e-02 8.815585361401449827e-02 2.277029342701011876e-07 4.766137994667756978e-08
4.875000000000000860e-02 3.264976423607123673e-02 1.046530579014162687e-01 2.409704566561062479e-07 4.948784537762834432e-08
5.000000000000000278e-02 1.401165796061608522e-02 1.195740124350668787e-01 2.524949959398898544e-07 5.113233711955786911e-08
