# time 1 2 D-1 D
0.000000000000000000e+00 9.999999545285130909e-01 1.328843112818379350e-08 1.013543922715608705e-33 8.732527127067996856e-35
2.500000000000000486e-03 9.999993121591613798e-01 2.384940729626684437e-08 3.563227774198609189e-25 3.778791658838018248e-27
5.000000000000000971e-03 9.999894142917362672e-01 5.150302619962024577e-07 2.267705973168319940e-22 5.480525492536486666e-24
7.500000000000001457e-03 9.999471990387158726e-01 3.549914058210051947e-06 2.151395956274374108e-20 6.908054108045110937e-22
1.000000000000000194e-02 9.998325914346950505e-01 1.546401517095783953e-05 3.327589064930285436e-20 3.455730836417376719e-22
1.250000000000000069e-02 9.995799541599390547e-01 5.234944955586692133e-05 1.012051631228034955e-19 7.303730472522894592e-22
1.500000000000000291e-02 9.990779665329220238e-01 1.527668583603600922e-04 4.125282825417219196e-19 3.762183248624608340e-21
1.750000000000000167e-02 9.981286146564822825e-01 4.072872337240678151e-04 2.125236687062995870e-18 2.880515643003910664e-20
2.000000000000000389e-02 9.963653969580134051e-01 1.017820847926121904e-03 1.359845791858759417e-17 2.396483461073851978e-19
2.250000000000000264e-02 9.930885271608259623e-01 2.451500149862014845e-03 1.125187623498693697e-16 2.365757769146241943e-18
2.500000000000000139e-02 9.869326526726445170e-01 5.725344580020245641e-03 9.364479333905113906e-16 2.257202255912266461e-17
2.750000000000000361e-02 9.752240555897191410e-01 1.305707220267511050e-02 6.556848967073289189e-15 1.754886683750739222e-16
3.000000000000000583e-02 9.529110919065685303e-01 2.887633938576094836e-02 3.668629346999573952e-14 1.055506521337010079e-15
3.250000000000000111e-02 9.115656877281862469e-01 6.090383598204936882e-02 1.637004740169745976e-13 4.856965689679829464e-15
3.500000000000000333e-02 8.411682887592855096e-01 1.183701079737681100e-01 5.961532738109545384e-13 1.721044920516529829e-14
3.750000000000000555e-02 7.395038977696237747e-01 2.025031920555047660e-01 1.813079645124415701e-12 4.803531836089831065e-14
4.000000000000000777e-02 6.212633658330347641e-01 2.960269058256194130e-01 4.732172716609781008e-12 1.085033194861320938e-13
4.250000000000000999e-02 5.092327846859834306e-01 3.631407194543690986e-01 1.077145036394076962e-11 2.024296384459930053e-13
4.500000000000000527e-02 4.164035898284191850e-01 3.422051715624713220e-01 2.206409210955956755e-11 3.162087831764022442e-13
4.750000000000000749e-02 3.440517883691048273e-01 2.391308971934382743e-01 4.060562756772160177e-11 4.154270309056813047e-13
5.000000000000000278e-02 2.885693952503978199e-01 1.643432272973785468e-01 6.916158237397961777e-11 4.543311369912784142e-13
5.250000000000000500e-02 2.458486528880916844e-01 1.168889663542309887e-01 1.086917835545517992e-10 3.981350756378334393e-13
5.500000000000000722e-02 2.125687439389252475e-01 8.196159690305289403e-02 1.606789133444811438e-10 2.504909900835319758e-13
5.750000000000000944e-02 1.862704056704190259e-01 5.963665867690337574e-02 2.241563718303885064e-10 7.544268882669963496e-14
6.000000000000001166e-02 1.651639974486281415e-01 4.711894260866360262e-02 3.005803597364695224e-10 6.797379670464344123e-15
6.250000000000000000e-02 1.479419930178208498e-01 4.025641202697756438e-02 3.840963930566046695e-10 2.407804976842385016e-13
6.500000000000000222e-02 1.336232518800828661e-01 3.701150379087699005e-02 4.732928921702894661e-10 1.014839264908729470e-12
6.750000000000000444e-02 1.214969746921143318e-01 3.558427219475922970e-02 5.593399774770876213e-10 2.578777242769762568e-12
7.000000000000000666e-02 1.109722423746392211e-01 3.561774797932849845e-02 6.580659411726032660e-10 5.165866797715679599e-12
7.250000000000000888e-02 1.016463018934211648e-01 3.657700770949581098e-02 7.541320310750938864e-10 8.964482589709886178e-12
7.500000000000001110e-02 9.318414259427332258e-02 3.839281772037240331e-02 8.440614534880781882e-10 1.410500288362707073e-11
7.750000000000001332e-02 8.528564137699450043e-02 4.095659018206649488e-02 9.311270904070747412e-10 2.064641046574270606e-11
8.000000000000001554e-02 7.781246076101536180e-02 4.414002798892155410e-02 9.954585734769443439e-10 2.858194719031600856e-11
8.250000000000001776e-02 7.038964416916143607e-02 4.812250252788928540e-02 1.085646823883434479e-09 3.784404866602909108e-11
8.500000000000001998e-02 6.323046886952055079e-02 5.253367865138472426e-02 1.160794322035292675e-09 4.831990520553708027e-11
8.750000000000000833e-02 5.634853936090534338e-02 5.724044769037297392e-02 1.232057973562349093e-09 5.986382075034094473e-11
9.000000000000001055e-02 4.939728651874905618e-02 6.249348710154492559e-02 1.273207344731487508e-09 7.231290445805237862e-11
9.250000000000001277e-02 4.276532586507517802e-02 6.782653578686403950e-02 1.353283697952817986e-09 8.549878333625643213e-11
9.500000000000001499e-02 3.638754160177887914e-02 7.324122955256526235e-02 1.409318658672879155e-09 9.925757617779405681e-11
9.750000000000001721e-02 3.060600982997613642e-02 7.834302502448815819e-02 1.437602012559196249e-09 1.134358956426531874e-10
1.000000000000000056e-01 2.532816017891727570e-02 8.318080677637365583e-02 1.469650230861507137e-09 1.278949076533117515e-10
