# time 1 2 D-1 D
0.000000000000000000e+00 9.999999545285130909e-01 1.328843112818379350e-08 1.013543922715608705e-33 8.732527127067996856e-35
2.500000000000000052e-04 9.999972267134048520e-01 1.072550006650210814e-07 3.908168566116843943e-25 4.307805704646112275e-27
5.000000000000000104e-04 9.999567465886898265e-01 2.245992603697701597e-06 1.716494742887651748e-22 4.048445253387169492e-24
7.500000000000001240e-04 9.997868978225290526e-01 1.443403040317971377e-05 9.960495178296476695e-21 2.838209891993438364e-22
1.000000000000000021e-03 9.993421640322343036e-01 5.846558698280021930e-05 1.765739679439444321e-20 1.292626693209389873e-22
1.250000000000000026e-03 9.984179948297571272e-01 1.826857797841562492e-04 6.044419903984321121e-20 1.901641866058297190e-22
1.500000000000000248e-03 9.967260333192941024e-01 4.876702945113596879e-04 2.139495909718237931e-19 6.145155401380895144e-22
1.750000000000000253e-03 9.938375850216994989e-01 1.178453249318730037e-03 1.001909444321947154e-18 4.312837938570899603e-21
2.000000000000000042e-03 9.890743613952847069e-01 2.644493958589354959e-03 6.230048044391571684e-18 4.094081534504903968e-20
2.250000000000000264e-03 9.813057402557867626e-01 5.681845921853413521e-03 4.530012533528010879e-17 3.385415117588518272e-19
2.500000000000000052e-03 9.685777729511778622e-01 1.178260601327660133e-02 3.399571471201471319e-16 2.575520845463609718e-18
2.750000000000000274e-03 9.474673782490536933e-01 2.385624228539457228e-02 2.156565724006037859e-15 1.420700672235043852e-17
3.000000000000000496e-03 9.121573059529135552e-01 4.703507029282490842e-02 1.104765685140001345e-14 5.268263543301902001e-17
3.250000000000000284e-03 8.539878316650928447e-01 8.926914846347205890e-02 4.521577968447290891e-14 1.104252122713933737e-16
3.500000000000000507e-03 7.644185390999272967e-01 1.582563133594574178e-01 1.515552119760996008e-13 6.789856114650745602e-17
3.749999999999999861e-03 6.452908838170369199e-01 2.508380859295467613e-01 4.264290154585514281e-13 1.001471740809888548e-16
4.000000000000000083e-03 5.157522916279442260e-01 3.441140621008180189e-01 1.033564417616256293e-12 3.634259618053062179e-15
4.250000000000000305e-03 3.997810787758065976e-01 3.977230386914086258e-01 2.194022661366478518e-12 2.655811294266255526e-14
4.500000000000000527e-03 3.084298730213368422e-01 3.489591082526608545e-01 4.226505929782613305e-12 1.150527802126185913e-13
4.750000000000000749e-03 2.405349085835396805e-01 2.233141134726824018e-01 7.362199036604027003e-12 3.695805500437374686e-13
5.000000000000000104e-03 1.907945529590169276e-01 1.414210023820446083e-01 1.196623869352130835e-11 9.728621870145368742e-13
5.250000000000000326e-03 1.541406200746071598e-01 9.417538329493009563e-02 1.807483029964623994e-11 2.197447406660912076e-12
5.500000000000000548e-03 1.267591365589243180e-01 6.266014001543454559e-02 2.593631363098376341e-11 4.391210635987378466e-12
5.750000000000000770e-03 1.059668165056522338e-01 4.363878938931063656e-02 3.545826770225962925e-11 7.941569574158745415e-12
6.000000000000000992e-03 8.990063147366275653e-02 3.315504664396212720e-02 4.711136113829568995e-11 1.321482968441294294e-11
6.250000000000000347e-03 7.726098964635677580e-02 2.730400275759887682e-02 6.015992589381496515e-11 2.050179759254831515e-11
6.500000000000000569e-03 6.712209619228146074e-02 2.422660653428761190e-02 7.472254931047143095e-11 2.996782406051757256e-11
6.750000000000000791e-03 5.883786207678907976e-02 2.250297187148757663e-02 8.973847072387409109e-11 4.162542338862358198e-11
7.000000000000001013e-03 5.190924627992262591e-02 2.177842849723920365e-02 1.079840285894619555e-10 5.533344685520446094e-11
7.250000000000001235e-03 4.600140103705809003e-02 2.164515079173597728e-02 1.272482080165870388e-10 7.079045431512732636e-11
7.499999999999999722e-03 4.085269543096785305e-02 2.200872393824738343e-02 1.471497928004273038e-10 8.763220210795662460e-11
7.750000000000000812e-03 3.625119487733044488e-02 2.276277983185898482e-02 1.682083365212222485e-10 1.054180251141625568e-10
8.000000000000000167e-03 3.208131727598211719e-02 2.381294595073136025e-02 1.876005318074331294e-10 1.237026955781313498e-10
8.250000000000000389e-03 2.813547128863695332e-02 2.521475451742751991e-02 2.119665674685706314e-10 1.420721432450074690e-10
8.500000000000000611e-03 2.449282203943181635e-02 2.677087176554654793e-02 2.354805215865912873e-10 1.601538524535018594e-10
8.750000000000000833e-03 2.113438442822692526e-02 2.841155980089721603e-02 2.593954898222618647e-10 1.776437319403735668e-10
9.000000000000001055e-03 1.789321580618449814e-02 3.023429596556180543e-02 2.801240918316198590e-10 1.943156359878401044e-10
9.250000000000001277e-03 1.492583168581567733e-02 3.202770784014968841e-02 3.063881831029660525e-10 2.099949553660730073e-10
9.500000000000001499e-03 1.219075934433012931e-02 3.378957712416459647e-02 3.297732262993910725e-10 2.245784976876750963e-10
9.750000000000001721e-03 9.804081705160094459e-03 3.536871229775937625e-02 3.498298789306157897e-10 2.380077066283659376e-10
1.000000000000000021e-02 7.712746769991755610e-03 3.679005371918100259e-02 3.702968341212154329e-10 2.502695259645077510e-10
