# time 1 2 D-1 D
0.000000000000000000e+00 9.999999432443656966e-01 4.722281730425111284e-09 1.859362583216820232e-35 1.099905127906495595e-36
2.500000000000000052e-04 9.999962707142645568e-01 2.235484432106401619e-06 9.640904283959357713e-34 5.402797033344819630e-37
5.000000000000000104e-04 9.999211827733277547e-01 5.142898165912009712e-05 1.772579915755544927e-28 6.995645498814955299e-31
7.500000000000001240e-04 9.994690695437192796e-01 3.544463686003325627e-04 8.268714482806668618e-28 2.608615325035710421e-28
1.000000000000000021e-03 9.977714285756623669e-01 1.512839083173603402e-03 2.074702160935218584e-26 2.991526464816872207e-27
1.250000000000000026e-03 9.928800655542170395e-01 4.951624768494146747e-03 2.475927067249161759e-25 5.105097254650744127e-27
1.500000000000000248e-03 9.813110119155266098e-01 1.307003148202921447e-02 1.421802700248665562e-24 5.680037524337890004e-27
1.750000000000000253e-03 9.585485394553734384e-01 2.926121630694640541e-02 4.963491774409811797e-24 4.287951081297174593e-28
2.000000000000000042e-03 9.216345511004139235e-01 5.539237092179942479e-02 8.597083516733249162e-24 1.519608391396005402e-25
2.250000000000000264e-03 8.727171801060118472e-01 8.938906002303534382e-02 7.531673859398855019e-25 5.802579030217047844e-24
2.500000000000000052e-03 8.191842025363146318e-01 1.234226501288746836e-01 9.287374899600043425e-23 8.751078548142596282e-23
2.750000000000000274e-03 7.691456091678501306e-01 1.415504562583732029e-01 1.385307376325649462e-21 6.395215417927145303e-22
3.000000000000000496e-03 7.273760373473573404e-01 1.265616605566467490e-01 7.517568027176094444e-21 2.420716158140830433e-21
3.250000000000000284e-03 6.949594503676029822e-01 9.759794448094195884e-02 2.104227177014517730e-20 5.384890713208081963e-21
3.500000000000000507e-03 6.708824031567240942e-01 7.432949048604177433e-02 2.846175586499377938e-20 8.773333825864742656e-21
3.749999999999999861e-03 6.534577296030128490e-01 5.797630629129818525e-02 9.437933077745262595e-21 1.496946256323138848e-20
4.000000000000000083e-03 6.410494230174974550e-01 4.599522640620154479e-02 2.042522738015411331e-21 3.265634509990618455e-20
4.250000000000000305e-03 6.323171502090920715e-01 3.736973536504423210e-02 2.974648499427382792e-21 7.709028919330208988e-20
4.500000000000000527e-03 6.262411386944829461e-01 3.109695010345659566e-02 3.335786837041234572e-21 1.598741841490852013e-19
4.750000000000000749e-03 6.220724403146843384e-01 2.622469079517994114e-02 8.009876211438077603e-23 2.686305583000541445e-19
5.000000000000000104e-03 6.192694102707867465e-01 2.255724278689294829e-02 1.937311612232075329e-20 3.651782035449921799e-19
5.250000000000000326e-03 6.174430503110522883e-01 1.985041522304627909e-02 1.531968624296376296e-19 4.060207734545282566e-19
5.500000000000000548e-03 6.163143697580137914e-01 1.750088692688573505e-02 5.563361458936895897e-19 3.695262995464761860e-19
5.750000000000000770e-03 6.156828544553081262e-01 1.580655229176215065e-02 1.389551960903283204e-18 2.751356911529181544e-19
6.000000000000000992e-03 6.154041542918516905e-01 1.422686543636745606e-02 2.715642397566362608e-18 1.629842122810596513e-19
6.250000000000000347e-03 6.153744053224962096e-01 1.314380239078050822e-02 4.461974211749986371e-18 6.180465019722865304e-20
6.500000000000000569e-03 6.155186800251413182e-01 1.204003968333463258e-02 6.370308108095089817e-18 1.446107914667389580e-20
6.750000000000000791e-03 6.157830937133728089e-01 1.130014610280136340e-02 7.997040109612599119e-18 5.542894940170958241e-21
7.000000000000001013e-03 6.161289471487447766e-01 1.057334342533259967e-02 9.059145329253186314e-18 2.830237886796811076e-20
7.250000000000001235e-03 6.165286181588255365e-01 1.002934632338130586e-02 9.349031689169325140e-18 2.323314430253530453e-20
7.499999999999999722e-03 6.169625554065930606e-01 9.543496254388271136e-03 8.589720010402732720e-18 1.968279202735380857e-20
7.750000000000000812e-03 6.174169848628981994e-01 9.120070494389072302e-03 7.269392536180403426e-18 4.864516310131463891e-21
8.000000000000000167e-03 6.178823697210057420e-01 8.657691949054016275e-03 5.392939992060142470e-18 1.009395269644418368e-19
8.250000000000000389e-03 6.183521723273858184e-01 8.347687360845798890e-03 3.377339173702563695e-18 3.689802524346313418e-19
8.500000000000000611e-03 6.188219485046677626e-01 8.142791795369247812e-03 1.867670554359950308e-18 1.588390857027571686e-18
8.750000000000000833e-03 6.192887741625129339e-01 7.870122436003299665e-03 8.736382760007686973e-19 5.493039832716387136e-18
9.000000000000001055e-03 6.197507068906423777e-01 7.684390238280823168e-03 1.597667005307912769e-19 1.004800932508903461e-17
9.250000000000001277e-03 6.202065270737076030e-01 7.526868671906211151e-03 1.810487855749574808e-20 1.745363411791521151e-17
9.500000000000001499e-03 6.206554626699504196e-01 7.350028109107545685e-03 4.369776926896442208e-19 3.505898168662973622e-17
9.750000000000001721e-03 6.210970526224659505e-01 7.146376577384437427e-03 7.496031303228494135e-18 6.010748537041008300e-17
1.000000000000000021e-02 6.215310795476887140e-01 7.046619859723520299e-03 1.993664324024664392e-17 8.364857121448647978e-17
