# time 1 2 D-1 D
0.000000000000000000e+00 9.999999577968154973e-01 2.116041612222529834e-08 1.058745721266556441e-34 1.111544703072670595e-35
5.000000000000000104e-04 9.949944922104335676e-01 2.348374559011878315e-03 5.434662999076051323e-24 2.349239960411686997e-25
1.000000000000000021e-03 9.771234106540844788e-01 1.156682291511281976e-02 2.592693980650102198e-20 1.303397401342026639e-22
1.500000000000000248e-03 9.410135285467587929e-01 3.186723378279342905e-02 4.048549198555227143e-18 8.991162075564379135e-21
2.000000000000000042e-03 8.799787893331220134e-01 6.838165308726464053e-02 1.559653525143697638e-16 3.358284252907187842e-18
2.500000000000000052e-03 7.874833367496480996e-01 1.252306046542444040e-01 2.790014467997088605e-15 1.499740134565764726e-16
3.000000000000000496e-03 6.615808031896189823e-01 2.012104878007409947e-01 3.130718934029120872e-14 2.898184007392301316e-15
3.500000000000000507e-03 5.121305311948450845e-01 2.821552331597912966e-01 2.527337613393444068e-13 3.450646831566108310e-14
4.000000000000000083e-03 3.629205459927397626e-01 3.438599220425634928e-01 1.609354538994640644e-12 3.002040190083077154e-13
4.500000000000000527e-03 2.390185482043719056e-01 3.659140037613446972e-01 8.494333346173535320e-12 2.111005646146791386e-12
5.000000000000000104e-03 1.508585218084865232e-01 2.057032583211212962e-01 3.816838589374096134e-11 1.281586399520805160e-11
5.500000000000000548e-03 9.410791463496993858e-02 6.711899678948993198e-02 1.469407970134451487e-10 7.003805835157790841e-11
6.000000000000000992e-03 5.930047951664026845e-02 3.755051554489612781e-02 4.774064521115563720e-10 3.496672887682458851e-10
6.500000000000000569e-03 3.820929851947618694e-02 2.442534977104541052e-02 1.282980049002422316e-09 1.560893030729397760e-09
7.000000000000001013e-03 2.531351969044852782e-02 1.691462155986808366e-02 2.887913190951386488e-09 5.945737791631487265e-09
7.499999999999999722e-03 1.726983250496667843e-02 1.214803513704970812e-02 5.892949397952552434e-09 1.895314019203533537e-08
8.000000000000000167e-03 1.212656219215612306e-02 8.975335168356721877e-03 1.223198494433326946e-08 5.155421110332402106e-08
8.500000000000000611e-03 8.750101356922902404e-03 6.744845597816922014e-03 2.818997930084455603e-08 1.233480496415930662e-07
9.000000000000001055e-03 6.474940623118270733e-03 5.169629030230713136e-03 8.067443479451271999e-08 2.661011861407228193e-07
9.500000000000001499e-03 4.903164263485013975e-03 4.080102503263406157e-03 2.903281051953732724e-07 5.270481129053840195e-07
1.000000000000000021e-02 3.791637558281250701e-03 3.221284399890839666e-03 9.098753459733350827e-07 9.715207070248017373e-07
1.050000000000000065e-02 2.988371880362084530e-03 2.579719388694597191e-03 1.918142538056968727e-06 1.684549008302353315e-06
1.100000000000000110e-02 2.396172406093812022e-03 2.159602062676602239e-03 3.400547267874645300e-06 2.771168175815906712e-06
1.150000000000000154e-02 1.951502777670846046e-03 1.836693093273461573e-03 5.471624780658399502e-06 4.355302711880519366e-06
1.200000000000000198e-02 1.611951226925659609e-03 7.951771846001789946e-04 8.207903454287520086e-06 6.577268609895717499e-06
1.250000000000000069e-02 1.348643469055905075e-03 8.644825422034461710e-04 1.164245391410822310e-05 9.590100035688908103e-06
1.300000000000000114e-02 1.141554916328450320e-03 7.673333762857148608e-04 1.548501485757669812e-05 1.355503540569890237e-05
1.350000000000000158e-02 9.765567245911643650e-04 7.173059655883888726e-04 4.604671318923614202e-05 1.863656717132790766e-05
1.400000000000000203e-02 8.435183091736997950e-04 6.238381925444178413e-04 5.761512520163396885e-05 2.499746429696523219e-05
1.450000000000000247e-02 7.350662392908767582e-04 5.576358336082552422e-04 6.815682404795492960e-05 3.279412689573145596e-05
1.499999999999999944e-02 6.457585319918848635e-04 5.078534184149632175e-04 8.058693161472631184e-05 4.217254723777860622e-05
1.550000000000000162e-02 5.715261054588868924e-04 4.629631102813187913e-04 9.459996115610156081e-05 5.326504880341709008e-05
1.600000000000000033e-02 5.092891267923470300e-04 4.244071854267683587e-04 1.081021940361994100e-04 6.618787879774801349e-05
1.650000000000000078e-02 4.566900328784437215e-04 3.927901892949005130e-04 1.228470586477129996e-04 8.103964918504397283e-05
1.700000000000000122e-02 4.119049404507239614e-04 3.663848701083277626e-04 1.396561290984628693e-04 9.790055707386538433e-05
1.750000000000000167e-02 3.735087988332316485e-04 3.387730671829381987e-04 1.547127928600487386e-04 1.168322795522531407e-04
1.800000000000000211e-02 3.403779915381080186e-04 3.167668236725802917e-04 1.718154041021213610e-04 1.378784293084898776e-04
1.850000000000000255e-02 3.116186378780674208e-04 2.926528091121970718e-04 1.886885251874261882e-04 1.610654111261408661e-04
1.900000000000000300e-02 2.865137704026873497e-04 2.749082373589035598e-04 2.061530131829690017e-04 1.864035885607586394e-04
1.950000000000000344e-02 2.644840070188561967e-04 2.605878507582731871e-04 2.259805385775969368e-04 2.138886243637929763e-04
2.000000000000000042e-02 2.450575353717866930e-04 2.446791394025584865e-04 2.423804583358061507e-04 2.435028806406518869e-04
