# time 1 2 D-1 D
0.000000000000000000e+00 9.999999577968154973e-01 2.116041612222529834e-08 1.058745721266556441e-34 1.111544703072670595e-35
5.000000000000000104e-04 9.999950909691647238e-01 3.881632144344567873e-06 4.057807905345667509e-28 1.054643006802146864e-27
1.000000000000000021e-03 9.998898786513432668e-01 9.137675823670652242e-05 5.060790588216627693e-24 1.419598291359070582e-24
1.500000000000000248e-03 9.992325010659386386e-01 6.577670790294645785e-04 8.821873698510195475e-23 7.484939153812504722e-26
2.000000000000000042e-03 9.966804811315056467e-01 2.916460384635571283e-03 5.580958610917898438e-22 2.711857570985810224e-23
2.500000000000000052e-03 9.891409652191217594e-01 9.707305003352127010e-03 2.388734130463946604e-21 3.745953909364509598e-22
3.000000000000000496e-03 9.712281801338872311e-01 2.600331046219940198e-02 8.836799026032835081e-21 2.155628934837141414e-21
3.500000000000000507e-03 9.371333133133362692e-01 5.692850296617372324e-02 3.031062764752308368e-20 5.567070408552112289e-21
4.000000000000000083e-03 8.861532921024006804e-01 1.026241169601936065e-01 1.058328830551272118e-19 2.676667968298030636e-21
4.500000000000000527e-03 8.260938796344984292e-01 1.546181814212315153e-01 3.977664280059591259e-19 1.387273136661101465e-20
5.000000000000000104e-03 7.679566821105532348e-01 1.174031739923701301e-01 1.625469409149593552e-18 2.400541943499494987e-19
5.500000000000000548e-03 7.186962093200884860e-01 5.434796500707785721e-02 6.856618290079072189e-18 9.042634787178986268e-19
6.000000000000000992e-03 6.799967556103282407e-01 4.473404706865723168e-02 2.768968051749386203e-17 1.593745623230762282e-18
6.500000000000000569e-03 6.506643594083166837e-01 4.235579277417984845e-02 1.029457760631960590e-16 2.254952024515893224e-18
7.000000000000001013e-03 6.287028143544070025e-01 4.176951004756666863e-02 3.204436645795877403e-16 5.722297297994674346e-18
7.499999999999999722e-03 6.122520218109683832e-01 4.156111207297458893e-02 7.827460107624022909e-16 2.351815042791660726e-17
8.000000000000000167e-03 5.998445834201403537e-01 4.134832140838622105e-02 1.464410890310032693e-15 8.771014988757141754e-17
8.500000000000000611e-03 5.903963448033665573e-01 4.092677977480698587e-02 2.051497182038603166e-15 2.567056304801532379e-16
9.000000000000001055e-03 5.831264390529445896e-01 4.032468294319336427e-02 1.894870186305320576e-15 6.101735926971269300e-16
9.500000000000001499e-03 5.774760864576604646e-01 3.965055882449482899e-02 6.170965908911471066e-16 1.232476462045293778e-15
1.000000000000000021e-02 5.730444173312952971e-01 3.868447021881479125e-02 2.320943073882272761e-17 2.193184497813787817e-15
1.050000000000000065e-02 5.695417416680482736e-01 3.759731834533471678e-02 6.781209670540171776e-16 3.533999889101652948e-15
1.100000000000000110e-02 5.667566752086524717e-01 3.665007817148433628e-02 4.390039646004600068e-15 5.265425744773239593e-15
1.150000000000000154e-02 5.645333863272028463e-01 3.563089762526883142e-02 9.134149849695471644e-15 7.367162657601819362e-15
1.200000000000000198e-02 5.627559031548209356e-01 2.862643621870994068e-02 1.399345435247456854e-14 9.818099259151571484e-15
1.250000000000000069e-02 5.613369886631719430e-01 7.454169994468642924e-04 1.617450947431024399e-14 1.258098033657894091e-14
1.300000000000000114e-02 5.602103583865066794e-01 7.369247497549529131e-04 1.448430550123664015e-14 1.562462857955223022e-14
1.350000000000000158e-02 5.593251001770819242e-01 9.348259590823501273e-04 2.215014052654179021e-13 1.889764378304759219e-14
1.400000000000000203e-02 5.586416264548409449e-01 7.855936296987502945e-04 3.325797350047869958e-13 2.234841911476364046e-14
1.450000000000000247e-02 5.581287533723631178e-01 7.339498784363936287e-04 4.546669963909690884e-13 2.589082327997645794e-14
1.499999999999999944e-02 5.577614676584088382e-01 7.365876643091528531e-04 5.867325746528755918e-13 2.942412620215832130e-14
1.550000000000000162e-02 5.575193542378180656e-01 7.215050315750025931e-04 7.190336088201319305e-13 3.284794907646032767e-14
1.600000000000000033e-02 5.573854271925192672e-01 7.097630465702754960e-04 8.419517629751260711e-13 3.600325395658288719e-14
1.650000000000000078e-02 5.573452695938169166e-01 7.170149824996130015e-04 9.502915186564512962e-13 3.872389484633100371e-14
1.700000000000000122e-02 5.573863513571287731e-01 7.392285078593038503e-04 1.035801810534235087e-12 4.077940296889832992e-14
1.750000000000000167e-02 5.574976747444422287e-01 7.121865087518550576e-04 1.095111286608671391e-12 4.199853001482512976e-14
1.800000000000000211e-02 5.576695328567072840e-01 7.146064109557789638e-04 1.124713680766484725e-12 4.238627715801529959e-14
1.850000000000000255e-02 5.578931747204568525e-01 6.624238045288341611e-04 1.122967102560820064e-12 4.169251250169195741e-14
1.900000000000000300e-02 5.581607723621808681e-01 6.590231986261026621e-04 1.091527736013020672e-12 3.990300379361816050e-14
1.950000000000000344e-02 5.584653288289916917e-01 6.766319503243343287e-04 1.027675661175153563e-12 3.711475078149345146e-14
2.000000000000000042e-02 5.588006190034175980e-01 6.528943138200502417e-04 9.476260211968501292e-13 3.345417303090074040e-14
