# time 1 2 D-1 D
0.000000000000000000e+00 9.999999600623279417e-01 7.036163487486954229e-10 1.719279874222600869e-35 5.057495567790772674e-37
2.500000000000000486e-03 9.956378555380072104e-01 1.933737250202530612e-03 7.836148459732579035e-29 1.540094677547501164e-31
5.000000000000000971e-03 9.799023582727790505e-01 9.966766036402865264e-03 1.328527585605779037e-24 8.550820355251178313e-27
7.500000000000001457e-03 9.474423921488399625e-01 2.879333639781904777e-02 3.953077441882596687e-22 4.694317855671956498e-24
1.000000000000000194e-02 8.908807990577590763e-01 6.235085254313103148e-02 2.469305222225524626e-20 3.782715596441038590e-22
1.250000000000000069e-02 8.017452767437249772e-01 1.167807396170262024e-01 7.020901465273124012e-19 1.008364763833059122e-20
1.500000000000000291e-02 6.748356836579104678e-01 1.867282976291016472e-01 1.243961107661018104e-17 1.171609201101999527e-19
1.750000000000000167e-02 5.173401910963921768e-01 2.537227452142529760e-01 1.707837064301753471e-16 4.990582879055774779e-19
2.000000000000000389e-02 3.550060673291343671e-01 2.865632651768862948e-01 1.961353578495942373e-15 6.590129294068295118e-20
2.250000000000000264e-02 2.197090661866394623e-01 2.759409074383759042e-01 1.988840918401823994e-14 1.306698976711704954e-16
2.500000000000000139e-02 1.266917093767900848e-01 2.256317936659452961e-01 1.787519036617313761e-13 5.276675371193358437e-15
2.750000000000000361e-02 7.085034553370858634e-02 1.506308441773278606e-01 1.385807968085159810e-12 1.069488187588534815e-13
3.000000000000000583e-02 3.967620072339087672e-02 5.760722085465058012e-02 8.924435345323934698e-12 1.368858550932044594e-12
3.250000000000000111e-02 2.269408763560875480e-02 1.947443275205661822e-02 4.689821666531953737e-11 1.161016640342668448e-11
3.500000000000000333e-02 1.339247694379381258e-02 8.322376589890963586e-03 2.071118764294542797e-10 6.893558140665497679e-11
3.750000000000000555e-02 8.185895477522657157e-03 4.376832729360587322e-03 8.014883474747383391e-10 3.073143098161295014e-10
4.000000000000000777e-02 5.184537816754047554e-03 2.597032328604838205e-03 2.833131832903488117e-09 1.095316164310227814e-09
4.250000000000000999e-02 3.397772636154879934e-03 1.674469481043011892e-03 9.416812377858230175e-09 3.275514248089756350e-09
4.500000000000000527e-02 2.299108880023999647e-03 1.149246317491177481e-03 3.028535512601137123e-08 8.515946895665354789e-09
4.750000000000000749e-02 1.602199353555814080e-03 8.187663031809969778e-04 9.279328484450673802e-08 1.975959542279407317e-08
5.000000000000000278e-02 1.147007021488148735e-03 6.074034638167491798e-04 2.231272650011706709e-07 4.173019255665876898e-08
5.250000000000000500e-02 8.415133253700723612e-04 4.639875226410163089e-04 4.101578493564724334e-07 8.143099019485892352e-08
5.500000000000000722e-02 6.312930976525529293e-04 3.616726260598274634e-04 6.562826870972938611e-07 1.485631711349522437e-07
5.750000000000000944e-02 4.832757125168172727e-04 2.884171132948144616e-04 9.884537662700744862e-07 2.557958188975047004e-07
6.000000000000001166e-02 3.768397706268074450e-04 2.348008142820239583e-04 1.424664406851485318e-06 4.188368609032494142e-07
6.250000000000000000e-02 2.988166303563471776e-04 1.936664458036533774e-04 1.975462205891839707e-06 6.562832926600368996e-07
6.500000000000000222e-02 2.406026944752753804e-04 1.618716554706237510e-04 2.671813694710148082e-06 9.892554592252231992e-07
6.750000000000000444e-02 1.964608705040030276e-04 1.374049402859199684e-04 3.495688736227869708e-06 1.440852115863870993e-06
7.000000000000000666e-02 1.624880076719526932e-04 1.176273255943114987e-04 4.479470748363015699e-06 2.035471171409894451e-06
7.250000000000000888e-02 1.359826309307411512e-04 1.017781764558937067e-04 5.640111896050077819e-06 2.798065851646935229e-06
7.500000000000001110e-02 1.150412869449877481e-04 8.904007966040327509e-05 6.928101193528391208e-06 3.753379447633492569e-06
7.750000000000001332e-02 9.830359053441052629e-05 7.843962986256458342e-05 8.421436718998701775e-06 4.925232620102495261e-06
8.000000000000001554e-02 8.478147773953948407e-05 6.960344022492661199e-05 1.005553946144902191e-05 6.335870335788288082e-06
8.250000000000001776e-02 7.374894128208015224e-05 6.224952487096810599e-05 1.183458688541903219e-05 8.005436168219060884e-06
8.500000000000001998e-02 6.466459774769928203e-05 5.598082859427286871e-05 1.379526001547275978e-05 9.951534609417639763e-06
8.750000000000000833e-02 5.712092600620328477e-05 5.074478124151479946e-05 1.588429856052447388e-05 1.218894319476864521e-05
9.000000000000001055e-02 5.080702306944801400e-05 4.624575463341101209e-05 1.807709114382707755e-05 1.472940768496185703e-05
9.250000000000001277e-02 4.548376333711082420e-05 4.233394763800386407e-05 2.047322996453334253e-05 1.758155894782578152e-05
9.500000000000001499e-02 4.096513155804409960e-05 3.892561795128248809e-05 2.291969948482684683e-05 2.075091708555774903e-05
9.750000000000001721e-02 3.710521374498828667e-05 3.600380348823016753e-05 2.560073893280103794e-05 2.423993236089477116e-05
1.000000000000000056e-01 3.378875651526464007e-05 3.341915768616977183e-05 2.823833343124221431e-05 2.804802839678823689e-05
