# time 1 2 D-1 D
0.000000000000000000e+00 9.999999715371128417e-01 9.562669125433901058e-09 2.656617232858369233e-35 5.149840750952441572e-35
2.500000000000000052e-04 9.999913510202653733e-01 7.521661878025352025e-06 9.198044247271287023e-21 3.082865444899356772e-22
5.000000000000000104e-04 9.998288198306964913e-01 1.512062767322349484e-04 2.774597211414140557e-19 1.837947801798224312e-21
7.500000000000001240e-04 9.989277967781017287e-01 9.545851203505111146e-04 2.757086186716777690e-18 3.683719621846246172e-21
1.000000000000000021e-03 9.958314768812113194e-01 3.722687451645095586e-03 1.581511845657443296e-17 1.991259419302023408e-19
1.250000000000000026e-03 9.876545637486765505e-01 1.102708823102047792e-02 1.032511898237198076e-16 3.005317708780688336e-18
1.500000000000000248e-03 9.697535722492102161e-01 2.676581570264258136e-02 7.234622220154324465e-16 3.181239026221931912e-17
1.750000000000000253e-03 9.365738944389063736e-01 5.495676500391885599e-02 5.227039245360162305e-15 3.262314650001061120e-16
2.000000000000000042e-03 8.846857331753603670e-01 9.571710128727926870e-02 3.325604328184354991e-14 2.870368788546634971e-15
2.250000000000000264e-03 8.166534841324449845e-01 1.413567105252978295e-01 1.785830400400467602e-13 2.115037598681411293e-14
2.500000000000000052e-03 7.412030522319302817e-01 1.784921525360007588e-01 8.119553318806605295e-13 1.325397590360903565e-13
2.750000000000000274e-03 6.683307156404157956e-01 1.990146788973645164e-01 3.143458192541557772e-12 7.195130877304473446e-13
3.000000000000000496e-03 6.045680985348630410e-01 2.030490773433736296e-01 1.045396720860673605e-11 3.442599326074582646e-12
3.250000000000000284e-03 5.521436331282348897e-01 1.960313251101505061e-01 3.004185101993033792e-11 1.449607115434611064e-11
3.500000000000000507e-03 5.105405963355643673e-01 1.787891580760956889e-01 7.524447304702486289e-11 5.288512627367872389e-11
3.749999999999999861e-03 4.781245309929340603e-01 1.498995226851099483e-01 1.685950350387953924e-10 1.648816416147959035e-10
4.000000000000000083e-03 4.530789028984865685e-01 1.152362245188200962e-01 3.485370321474607236e-10 4.405598259988067061e-10
4.250000000000000305e-03 4.337891139688631048e-01 8.614350203715620546e-02 6.816550578713973304e-10 1.025550854513426125e-09
4.500000000000000527e-03 4.189422859606794503e-01 6.682340465261886464e-02 1.291859541371146724e-09 2.121090770487836467e-09
4.750000000000000749e-03 4.075127433392942700e-01 5.491952952364491380e-02 2.445743158432451264e-09 3.967180697621906776e-09
5.000000000000000104e-03 3.987129739695536301e-01 4.710999131036557042e-02 4.764969581118876475e-09 6.807627499136071085e-09
5.250000000000000326e-03 3.919420892753204266e-01 4.171329331438067278e-02 9.049283211087702419e-09 1.084466022477481841e-08
5.500000000000000548e-03 3.867418768794502193e-01 3.814347369251932379e-02 1.451291799626839402e-08 1.619479608799102490e-08
5.750000000000000770e-03 3.827622452967542332e-01 3.544591960454164525e-02 1.940220748388872752e-08 2.285741110129187859e-08
6.000000000000000992e-03 3.797348399741871106e-01 3.327238679540052424e-02 2.269980519204913223e-08 3.070159948915001314e-08
6.250000000000000347e-03 3.774532535575654824e-01 3.172053648374379559e-02 2.427823727544678658e-08 3.947362393843271462e-08
6.500000000000000569e-03 3.757582006705382227e-01 3.038211908216125953e-02 2.387650694664436002e-08 4.882134193882476001e-08
6.750000000000000791e-03 3.745263649235708314e-01 2.938125633866749478e-02 2.189676691568328579e-08 5.833025390495908019e-08
7.000000000000001013e-03 3.736619662512787321e-01 2.847980518974463360e-02 1.878792053901005476e-08 6.753985873172970952e-08
7.250000000000001235e-03 3.730903469725648236e-01 2.775644277144688823e-02 1.486713817156880420e-08 7.610412484186508433e-08
7.499999999999999722e-03 3.727530626566696870e-01 2.707697829057018057e-02 1.073355379670318604e-08 8.356420980048970126e-08
7.750000000000000812e-03 3.726041158431042111e-01 2.654496433014959939e-02 6.837656423498744777e-09 8.967740960721658948e-08
8.000000000000000167e-03 3.726070605552804227e-01 2.608752818356201847e-02 3.607265949252170457e-09 9.418622102230277597e-08
8.250000000000000389e-03 3.727328038019678824e-01 2.565461354922016213e-02 1.291684347575109251e-09 9.705397242577954159e-08
8.500000000000000611e-03 3.729579039580542266e-01 2.528532757295576944e-02 1.236551289317534783e-10 9.822465500303667959e-08
8.750000000000000833e-03 3.732633076594542576e-01 2.497257913891813216e-02 1.920895500936276603e-10 9.778827391373503117e-08
9.000000000000001055e-03 3.736333660971901671e-01 2.471543915060461782e-02 1.480793223694225099e-09 9.589719234795915944e-08
9.250000000000001277e-03 3.740551348384371089e-01 2.447612144712362978e-02 3.931426236950435862e-09 9.274966634921814431e-08
9.500000000000001499e-03 3.745178447352123241e-01 2.422301179357563838e-02 7.411636281723199022e-09 8.855306702541885367e-08
9.750000000000001721e-03 3.750124446978447823e-01 2.405879830280219234e-02 1.177050879077739831e-08 8.355188166413879852e-08
1.000000000000000021e-02 3.755342213385088335e-01 2.386856985558960184e-02 1.673518267936298619e-08 7.805986962096751675e-08
