# time 1 2 D-1 D
0.000000000000000000e+00 9.999999522150878617e-01 2.274991188040328257e-08 2.200690728632406065e-35 1.911812991917829711e-35
2.500000000000000486e-03 9.999975723067314748e-01 1.675845815386186435e-06 2.571636780432463579e-29 7.518155704478207482e-29
5.000000000000000971e-03 9.999500291054834733e-01 3.586318664877151722e-05 3.336385116881185938e-26 6.583397540662822514e-26
7.500000000000001457e-03 9.996683209141294935e-01 2.497489055420490552e-04 3.982770015475748754e-24 8.121909253114985459e-25
1.000000000000000194e-02 9.986242020280151621e-01 1.080598871862947829e-03 3.662574872253102075e-23 1.600394907734757471e-23
1.250000000000000069e-02 9.956315284889813988e-01 3.588651960185554324e-03 3.787868912091411708e-22 1.285149033000990784e-22
1.500000000000000291e-02 9.884889082858019371e-01 9.854103152780751065e-03 5.344761028677428835e-21 4.853821666208122618e-22
1.750000000000000167e-02 9.740467446162530685e-01 2.289864905441712367e-02 7.230013136607243310e-20 1.763833434566299997e-22
2.000000000000000389e-02 9.495908699808927045e-01 4.503645283802151789e-02 7.594350519208359084e-19 1.394844716640623749e-20
2.250000000000000264e-02 9.155036955985813574e-01 7.358708797264068568e-02 5.892961156073478409e-18 4.092691940481101779e-19
2.500000000000000139e-02 8.763986612853523761e-01 9.628559133873967890e-02 3.417614550104450387e-17 4.093641806650379939e-18
2.750000000000000361e-02 8.384731585126544706e-01 9.890575988313406175e-02 1.500911379160414762e-16 2.211232413017847643e-17
3.000000000000000583e-02 8.060045991362513318e-01 9.119911914239269002e-02 5.032805253823885595e-16 7.248996989723865309e-17
3.250000000000000111e-02 7.804006892859656208e-01 6.871867330633588122e-02 1.283697336483275261e-15 1.530482296544484688e-16
3.500000000000000333e-02 7.611983790661236426e-01 3.425203066884734832e-02 2.445054205840055014e-15 2.224324751356382680e-16
3.750000000000000555e-02 7.472226916242495909e-01 2.835716875298221334e-02 3.457508322601402898e-15 2.409153439025720871e-16
4.000000000000000777e-02 7.372431891750310662e-01 2.612934092432250485e-02 3.626208206699582417e-15 2.027004814907874480e-16
4.250000000000000999e-02 7.302207594132331669e-01 2.501332791201378233e-02 3.074965285583445875e-15 1.214735024217009602e-16
4.500000000000000527e-02 7.253520855742305873e-01 2.453465194325659890e-02 2.639976471564015550e-15 3.208228390467393962e-17
4.750000000000000749e-02 7.220405667514585568e-01 2.400166617654697979e-02 3.086347453288906871e-15 2.139357238595817096e-17
5.000000000000000278e-02 7.198506507892638018e-01 2.331183259328537677e-02 5.059107859631547400e-15 2.441098106952985223e-16
5.250000000000000500e-02 7.184664619277933983e-01 2.281840104476027045e-02 8.960889259240911973e-15 8.891399048049349179e-16
5.500000000000000722e-02 7.176590606749697621e-01 2.219157467091693522e-02 1.494327991521298706e-14 2.120672604805636238e-15
5.750000000000000944e-02 7.172622111965878400e-01 2.172264057586474617e-02 2.305783328123570683e-14 4.082089862838543266e-15
6.000000000000001166e-02 7.171548242133199969e-01 2.122597878008094033e-02 3.414149646267166891e-14 7.060504238467703438e-15
6.250000000000000000e-02 7.172486493086827064e-01 2.071357668607161709e-02 5.048018950209058597e-14 1.188319942895363163e-14
6.500000000000000222e-02 7.174793623726701819e-01 2.013925238558661110e-02 7.608809374362034137e-14 2.040934363675075744e-14
6.750000000000000444e-02 7.178001742045729827e-01 1.955538114052472395e-02 1.156264868511811915e-13 3.643202080116423697e-14
7.000000000000000666e-02 7.181772961159653690e-01 1.892246487525965290e-02 1.736003894380362468e-13 6.556187755438954230e-14
7.250000000000000888e-02 7.185865829376905101e-01 1.811517147062986430e-02 2.517480872215805875e-13 1.167036711389045964e-13
7.500000000000001110e-02 7.190111342621737789e-01 1.735039925175281897e-02 3.487443825462351773e-13 2.010128112387361173e-13
7.750000000000001332e-02 7.194394764268463582e-01 1.629164126081561123e-02 4.581628406802527393e-13 3.327927005393689469e-13
8.000000000000001554e-02 7.198641040548585668e-01 1.533872492685897475e-02 5.718498964154988199e-13 5.256196172328454586e-13
8.250000000000001776e-02 7.202803240219174397e-01 1.436578696121286643e-02 6.782553821867597681e-13 7.947409976671576866e-13
8.500000000000001998e-02 7.206857576743962435e-01 1.363326614708326202e-02 7.589790190458733793e-13 1.157919713117449547e-12
8.750000000000000833e-02 7.210792609784026919e-01 1.279450342925452823e-02 8.049849249807360264e-13 1.622215242283676365e-12
9.000000000000001055e-02 7.214606068046822696e-01 1.210995635532809492e-02 8.156354252421707867e-13 2.185845150458747227e-12
9.250000000000001277e-02 7.218301615908259139e-01 1.181754179523457696e-02 7.746196404618495089e-13 2.860993581505363092e-12
9.500000000000001499e-02 7.221887338874352080e-01 1.147729395208844060e-02 6.981918475734314775e-13 3.619988290213526850e-12
9.750000000000001721e-02 7.225368743823645801e-01 1.111530353997791480e-02 5.870146895196923480e-13 4.460210210972503317e-12
1.000000000000000056e-01 7.228753895070633151e-01 1.111744376145135278e-02 4.647483078415015020e-13 5.350230278265908655e-12
