# time 1 2 D-1 D
0.000000000000000000e+00 9.999999803746250082e-01 9.989454106145194395e-09 7.640713280344870940e-35 2.832118539436136865e-34
2.500000000000000052e-04 9.999995558521026506e-01 2.106273015596102142e-08 9.146280585537125398e-26 1.196995274892689997e-24
5.000000000000000104e-04 9.999919751888247665e-01 2.190561547932752889e-07 2.806123516216733842e-22 3.841746109455193117e-25
7.500000000000001240e-04 9.999538721114780149e-01 9.807739491252876526e-07 1.811044517958115087e-20 1.816759183107913472e-22
1.000000000000000021e-03 9.998382219496300127e-01 2.607038709556127428e-06 1.060724160263864778e-19 1.383065039598064437e-21
1.250000000000000026e-03 9.995740259104821668e-01 4.755318019200330341e-06 2.124277593087728730e-19 5.311714372011010855e-21
1.500000000000000248e-03 9.990761743939000628e-01 6.049630236200239069e-06 2.787047333406069520e-20 1.993246587853629666e-20
1.750000000000000253e-03 9.982621780727402028e-01 4.109400344948022537e-06 2.489693590188445092e-18 1.042659355955713197e-19
2.000000000000000042e-03 9.970643513481454168e-01 1.460249493451322425e-07 4.981617115606958683e-17 7.367531220900181387e-19
2.250000000000000264e-03 9.954243472596535636e-01 9.665891813987071969e-06 4.177642377102732256e-16 5.485437626366539385e-18
2.500000000000000052e-03 9.932625541596465935e-01 8.543072184125433187e-05 2.324134824964147534e-15 3.694435205025189794e-17
2.750000000000000274e-03 9.904217929697377576e-01 3.582321649435319722e-04 9.728526745005923686e-15 2.130980553071020286e-16
3.000000000000000496e-03 9.865892059915561951e-01 1.101940473481159049e-03 3.255893530180332474e-14 1.038731156041746448e-15
3.250000000000000284e-03 9.812060070244182919e-01 2.804088219441505051e-03 8.990570030424780758e-14 4.299868651295784936e-15
3.500000000000000507e-03 9.734441925508757754e-01 6.199410905811198434e-03 2.138491133493869185e-13 1.526267498798507477e-14
3.749999999999999861e-03 9.618838156916577065e-01 1.258309762710205226e-02 4.424566840333720031e-13 4.697655019915748556e-14
4.000000000000000083e-03 9.454449336448219610e-01 2.286421939181647670e-02 8.175476668547556947e-13 1.266901934739934718e-13
4.250000000000000305e-03 9.225212756042198148e-01 3.850518903923239727e-02 1.387676149242178966e-12 2.980165391304681019e-13
4.500000000000000527e-03 8.922678410671134319e-01 6.014669833375014402e-02 2.228248134795287476e-12 6.285031182920443389e-13
4.750000000000000749e-03 8.565300712024190855e-01 8.578658978044774452e-02 3.496087747125273745e-12 1.208002009083682933e-12
5.000000000000000104e-03 8.158905793063669920e-01 1.146517115548613269e-01 5.427463248606402855e-12 2.220057428857912480e-12
5.250000000000000326e-03 7.742697226204026117e-01 1.426664744155028419e-01 8.253418831570874706e-12 4.091187069844646902e-12
5.500000000000000548e-03 7.337493761538070869e-01 1.675688626541384785e-01 1.213254834629779352e-11 7.574746032148003652e-12
5.750000000000000770e-03 6.962714425314879829e-01 1.873653249622902750e-01 1.725895480563242913e-11 1.360356907766850226e-11
6.000000000000000992e-03 6.626984429609227290e-01 2.011663102976461448e-01 2.361653589838435341e-11 2.346355654847631904e-11
6.250000000000000347e-03 6.335030871935517505e-01 2.085097054202983136e-01 3.130218974083185017e-11 3.820617449818660193e-11
6.500000000000000569e-03 6.083372699156223140e-01 2.100286414216273045e-01 4.069968937709854254e-11 5.885441152973983085e-11
6.750000000000000791e-03 5.868411564758313492e-01 2.064041439006203682e-01 5.146914307856648120e-11 8.590798780325971089e-11
7.000000000000001013e-03 5.683822161805710538e-01 1.988032080324391715e-01 6.508126350570077904e-11 1.195776806550598051e-10
7.250000000000001235e-03 5.526597966316475485e-01 1.880704763200871932e-01 8.103675343850125606e-11 1.596870792418525090e-10
7.499999999999999722e-03 5.391940064055932291e-01 1.752413716235924346e-01 1.000112284064639226e-10 2.057208766073912047e-10
7.750000000000000812e-03 5.276240967349082878e-01 1.610973440454899486e-01 1.226981778463198412e-10 2.569221439525484998e-10
8.000000000000000167e-03 5.176485702298093683e-01 1.462290561961058222e-01 1.480388156363046870e-10 3.123806364956960893e-10
8.250000000000000389e-03 5.090181779449040045e-01 1.310806683782218818e-01 1.755057040428460671e-10 3.711002172005052258e-10
8.500000000000000611e-03 5.015266641330491382e-01 1.161787942208322016e-01 2.035611178106146515e-10 4.320699425067891265e-10
8.750000000000000833e-03 4.950023208807853847e-01 1.015725514044600458e-01 2.273112517773499533e-10 4.943163252606635039e-10
9.000000000000001055e-03 4.893009529814863479e-01 8.751406578068966768e-02 2.426770941647704733e-10 5.569354381238333916e-10
9.250000000000001277e-03 4.843004585423283381e-01 7.441893090583190373e-02 2.452213113891896623e-10 6.191429868254909915e-10
9.500000000000001499e-03 4.798968661154754956e-01 6.192479228659615587e-02 2.315872956753147702e-10 6.802887784737637567e-10
9.750000000000001721e-03 4.760014407897216748e-01 5.122080598597979900e-02 2.039824656001092181e-10 7.397968949545279089e-10
1.000000000000000021e-02 4.725385947019511979e-01 4.147022290637117359e-02 1.630524845781044143e-10 7.972197677217948450e-10
