# time 1 2 D-1 D
0.000000000000000000e+00 9.999999362351749133e-01 3.932041661450063611e-08 3.073018887481634960e-35 1.201759589709398488e-35
5.000000000000000104e-04 9.999993756228493513e-01 1.031365310062364770e-07 1.847837314544770197e-34 3.886829755164918719e-37
1.000000000000000021e-03 9.999878307754687112e-01 2.018714054377449095e-06 2.640948432377073593e-32 2.145203871086430250e-33
1.500000000000000248e-03 9.999246939843903226e-01 1.111011569085879791e-05 1.250286051720870261e-30 3.784956766698609152e-31
2.000000000000000042e-03 9.997105574374568482e-01 3.798800048368869420e-05 1.076280088105024448e-28 7.902787448143758577e-31
2.500000000000000052e-03 9.991468218413848135e-01 8.601635536859373471e-05 7.333265787195687570e-28 8.841781698202260497e-30
3.000000000000000496e-03 9.978871880045022680e-01 1.373864465649266410e-04 2.455861840195140858e-27 2.733133337809644266e-29
3.500000000000000507e-03 9.953927021048332158e-01 1.136982715081723169e-04 7.522537598682149270e-27 7.749157712632242353e-29
4.000000000000000083e-03 9.909067577136787541e-01 9.945857692305796029e-06 1.904799814763583630e-26 1.265091511942896921e-28
4.500000000000000527e-03 9.834637870954912042e-01 1.343094054607092962e-04 3.835226565517607527e-26 5.007553362445788719e-29
5.000000000000000104e-03 9.719418276643821963e-01 1.202672583022626604e-03 4.278236522983844152e-26 6.470688190474310226e-28
5.500000000000000548e-03 9.551737159815145706e-01 4.231567063597255381e-03 3.468115050010463238e-28 2.632363816990232671e-26
6.000000000000000992e-03 9.321452271971444326e-01 1.004754473415182987e-02 9.276034807886794836e-25 3.905030959323690226e-25
6.500000000000000569e-03 9.022920445242402776e-01 1.982852487639909927e-02 1.265806051222230305e-23 3.834549962409115698e-24
7.000000000000001013e-03 8.658183904763862015e-01 3.404286260886427162e-02 8.688410496549379780e-23 2.841586687373543542e-23
7.499999999999999722e-03 8.238549225729072667e-01 7.228745981751605321e-02 3.931769766972058940e-22 1.634837939693074251e-22
8.000000000000000167e-03 7.782926878352485200e-01 4.897717836782686934e-02 1.395467470421367918e-21 7.370086073213191471e-22
8.500000000000000611e-03 7.313310995821206140e-01 3.292456445372807933e-02 3.275678292279927955e-21 2.629156742971233946e-21
9.000000000000001055e-03 6.849748607534326128e-01 1.841199768438890952e-02 4.361640850875641251e-22 7.537977307588630769e-21
9.500000000000001499e-03 6.407053473100623453e-01 8.171190628597013034e-03 2.857687504737787980e-20 1.775408427617836731e-20
1.000000000000000021e-02 5.993888634953384864e-01 2.593907096599602346e-03 4.986755938963880240e-19 3.500305813963678373e-20
1.050000000000000065e-02 5.613506295043747540e-01 2.774135499282428174e-04 4.239740807340536206e-19 5.844139283188391103e-20
1.100000000000000110e-02 5.265173535211724598e-01 2.007761843765938029e-04 5.651330760494714605e-19 8.247497007241835504e-20
1.150000000000000154e-02 4.945667743307020636e-01 1.943743957379273028e-03 7.012483436103583451e-19 9.611100255048673161e-20
1.200000000000000198e-02 4.650170516671103815e-01 5.261745678582094125e-03 7.194029114722329782e-19 8.692983467937889236e-20
1.250000000000000069e-02 4.375626003605949110e-01 1.003200422566330983e-02 5.334647944427063976e-19 4.943308409746426658e-20
1.300000000000000114e-02 4.118179679189546971e-01 1.607683889980921627e-02 2.051867907084866131e-18 5.604633299076368281e-21
1.350000000000000158e-02 3.875111316641848824e-01 2.322703791719515215e-02 1.270386185787223603e-18 3.542474081548357898e-20
1.400000000000000203e-02 3.645968623405765330e-01 3.123537393496097353e-02 1.915857658103622239e-17 2.826305844111839310e-19
1.450000000000000247e-02 3.435640446623952626e-01 3.909724526377280490e-02 6.680563502462536988e-17 1.080581630874680257e-18
1.499999999999999944e-02 3.244681172283935822e-01 4.670293992646652737e-02 1.483235164192465525e-16 2.699312658455465955e-18
1.550000000000000162e-02 3.070081029324690514e-01 5.383428743413375822e-02 2.554830051861443655e-16 5.923175670031141737e-18
1.600000000000000033e-02 2.917718140572656549e-01 5.979039458122496070e-02 3.752716898862128033e-16 1.157981325908521772e-17
1.650000000000000078e-02 2.785050417365826370e-01 6.436461344389736439e-02 4.951268112531666882e-16 1.999496523098726960e-17
1.700000000000000122e-02 2.675042773824563014e-01 6.723150887747687821e-02 5.853526525957177707e-16 3.052873434824626921e-17
1.750000000000000167e-02 2.581429155159324917e-01 6.887810773243464857e-02 6.564883153606435911e-16 4.862728797905683360e-17
1.800000000000000211e-02 2.500494960878035244e-01 6.948326021471178116e-02 6.955799697800683010e-16 6.895083258077423079e-17
1.850000000000000255e-02 2.436461393325868308e-01 6.860736183020073320e-02 6.889424208108804458e-16 9.641169433891480366e-17
1.900000000000000300e-02 2.385879497628107249e-01 6.660857311914786250e-02 6.517149634425425342e-16 1.289028097595284942e-16
1.950000000000000344e-02 2.343634945354545196e-01 6.406566646707710644e-02 5.916840171050148289e-16 1.642055949145901425e-16
2.000000000000000042e-02 2.312087287011199699e-01 6.061889375329762575e-02 5.141639935615680768e-16 2.017360125282381917e-16
