# time 1 2 D-1 D
0.000000000000000000e+00 9.999999557115271109e-01 7.658672024778635929e-09 4.007639350360755857e-35 1.517237190900211970e-36
1.250000000000000243e-03 9.999960317817105926e-01 2.802544344134322255e-06 3.495247886644258254e-32 1.697140221596440024e-33
2.500000000000000486e-03 9.999096606796725739e-01 6.855433273600013762e-05 5.490098069864243059e-28 4.729098681860014286e-29
3.750000000000000729e-03 9.993494245311551616e-01 5.207851281291227177e-04 5.836452909606951504e-26 2.701738692178122026e-28
5.000000000000000971e-03 9.970903512560017612e-01 2.406729470384701055e-03 5.663292999987324377e-25 5.679969222149930458e-28
6.250000000000000347e-03 9.902352400404772492e-01 8.079645195543759886e-03 2.330853087778556791e-24 2.563716508240265698e-28
7.500000000000001457e-03 9.738799817881927945e-01 2.030410671413835494e-02 5.289648894197900855e-24 1.114163493359398288e-26
8.750000000000000833e-03 9.434359041710556060e-01 3.691564952758153578e-02 3.841374066429734180e-24 4.239626294140184229e-25
1.000000000000000194e-02 8.995406634876157437e-01 4.909801954892088760e-02 2.250804265372646149e-24 2.392838604996948378e-24
1.125000000000000132e-02 8.491523580171668195e-01 5.677647061518575206e-02 7.926777029318062701e-23 7.130434397505684153e-25
1.250000000000000069e-02 8.002502726378540876e-01 6.296384636346206987e-02 2.707166805261529779e-22 2.977477422524183453e-22
1.375000000000000180e-02 7.574648447462845047e-01 6.848217445052763586e-02 2.211476118331899989e-22 3.434013416255875172e-21
1.500000000000000291e-02 7.220846895259547260e-01 7.111194939972081963e-02 5.195260038128875603e-23 1.261796477346689735e-20
1.625000000000000056e-02 6.936478168854008919e-01 7.033472764936349320e-02 2.138764075872023466e-22 1.833890216200449239e-20
1.750000000000000167e-02 6.710968534513944705e-01 6.596055129005330697e-02 1.759539420981996079e-20 1.118853071553717664e-20
1.875000000000000278e-02 6.533134312179260661e-01 5.969376075956900340e-02 1.359238785122774955e-19 1.228125294904236848e-21
2.000000000000000389e-02 6.393091443850702493e-01 5.322690674977432340e-02 2.810366844548061309e-19 8.586229172395834497e-21
2.125000000000000500e-02 6.282706326127398544e-01 4.761437312140848199e-02 1.262092415016177530e-19 1.039990339555650447e-19
2.250000000000000264e-02 6.195499396830287386e-01 4.293395613352660178e-02 1.418881143898975848e-19 5.215023715835887062e-19
2.375000000000000375e-02 6.126397419428840641e-01 3.913239616404132898e-02 4.541682542512466396e-18 1.823652403947827266e-18
2.500000000000000139e-02 6.071458668528824099e-01 3.615251856295741834e-02 9.276404659773930533e-18 5.042402938656421403e-18
2.625000000000000250e-02 6.027630176686334940e-01 3.371072984282941915e-02 1.902157108472896529e-17 1.167893662517100058e-17
2.750000000000000361e-02 5.992545647694164090e-01 3.174594533896953757e-02 3.357653297230311297e-17 2.367570556128128885e-17
2.875000000000000472e-02 5.964374576587465615e-01 3.006745860883016860e-02 5.132929992919748739e-17 4.285020484781333867e-17
3.000000000000000583e-02 5.941693407353904055e-01 2.869283814652191442e-02 7.127578074574646888e-17 7.118823627438223726e-17
3.125000000000000000e-02 5.923396252972951137e-01 2.755994553921977536e-02 9.162772100989851133e-17 1.096568664325474802e-16
3.250000000000000111e-02 5.908619140682640491e-01 2.661052612511707188e-02 1.100884756280841833e-16 1.589960692820571110e-16
3.375000000000000222e-02 5.896686520283876964e-01 2.575645652191059509e-02 1.251337197355522983e-16 2.204966375429438103e-16
3.500000000000000333e-02 5.887069962232482911e-01 2.505779379109680099e-02 1.349239566033571365e-16 2.920323190821330330e-16
3.625000000000000444e-02 5.879353772169633174e-01 2.447372854886651142e-02 1.410456380378242788e-16 3.726855692928504969e-16
3.750000000000000555e-02 5.873213482137460417e-01 2.397185384319414428e-02 1.384779733393822734e-16 4.629370485971171035e-16
3.875000000000000666e-02 5.868392601654756069e-01 2.354584248533896085e-02 1.295232784760703272e-16 5.578589124255848333e-16
4.000000000000000777e-02 5.864687715561063275e-01 2.322127578862429390e-02 1.187196619446017608e-16 6.544413310752810133e-16
4.125000000000000888e-02 5.861936578599253878e-01 2.293093656808076197e-02 1.031544023426943991e-16 7.549969905769932691e-16
4.250000000000000999e-02 5.860008194452303032e-01 2.266420230870513225e-02 8.532223989743847053e-17 8.480611135023006494e-16
4.375000000000000416e-02 5.858793804557625995e-01 2.246394456311044327e-02 6.831196306345885180e-17 9.375069903164571458e-16
4.500000000000000527e-02 5.858201927739568049e-01 2.230408367814367548e-02 5.122653239602056265e-17 1.021964803501991862e-15
4.625000000000000638e-02 5.858153507057516363e-01 2.220697092217763235e-02 3.471160474523194274e-17 1.094019628118309024e-15
4.750000000000000749e-02 5.858578311411776207e-01 2.208897713919032862e-02 2.314008724565784409e-17 1.152741502724523419e-15
4.875000000000000860e-02 5.859413047642435535e-01 2.200188802115037381e-02 1.312462067345283328e-17 1.205385478924453310e-15
5.000000000000000278e-02 5.860711642002177646e-01 2.193130024812293619e-02 5.641881916846155346e-18 1.241998555532924580e-15
