# time 1 2 D-1 D
0.000000000000000000e+00 9.999999692466330359e-01 1.457350395187346172e-08 4.462176555721404449e-35 8.825611585973733541e-35
2.500000000000000486e-03 9.999993704920981941e-01 4.357408537618361302e-07 5.920846229621693917e-22 4.090448749399081156e-23
5.000000000000000971e-03 9.999867260947015168e-01 9.992829874091041655e-06 1.199806829622410996e-20 5.624615312517671329e-22
7.500000000000001457e-03 9.999113049238474993e-01 7.038292385510052567e-05 4.766107910020788758e-20 8.357665987929126715e-21
1.000000000000000194e-02 9.996256414862291217e-01 3.093148936947037308e-04 1.714277642796270077e-19 1.262523092961547040e-20
1.250000000000000069e-02 9.987669164712923431e-01 1.054619546287284201e-03 8.676887876120830346e-19 1.323591089985757292e-20
1.500000000000000291e-02 9.965380778699787223e-01 3.041471073610274578e-03 5.263936016871346146e-18 8.221347406253787127e-21
1.750000000000000167e-02 9.913842106637281715e-01 7.715589125306928156e-03 3.507019032736073298e-17 7.505154660699179525e-19
2.000000000000000389e-02 9.807355115046938465e-01 1.741601718377994504e-02 2.062549580944560389e-16 1.089214753433643269e-17
2.250000000000000264e-02 9.613721660204977981e-01 3.483199228278902049e-02 1.009251487547027854e-15 1.059845988608665326e-16
2.500000000000000139e-02 9.310979016953763177e-01 6.091543958476353798e-02 4.057989815438217292e-15 7.233105996686953840e-16
2.750000000000000361e-02 8.910750877980812001e-01 9.237845384726123266e-02 1.364473132678888263e-14 3.855643869423687179e-15
3.000000000000000583e-02 8.461679737824344683e-01 1.217128255373308571e-01 3.898607947618696068e-14 1.655068087036280187e-14
3.250000000000000111e-02 8.022610524210362914e-01 1.434574843530049826e-01 9.546542244543429851e-14 5.952220410938260983e-14
3.500000000000000333e-02 7.634119497718542258e-01 1.567922822088500534e-01 2.046297356336730183e-13 1.837499385420361206e-13
3.750000000000000555e-02 7.311706343873008995e-01 1.655153262153295779e-01 3.802941865733367644e-13 4.969085337998531131e-13
4.000000000000000777e-02 7.053851247807984004e-01 1.035241809993134483e-02 6.124321417425570254e-13 1.195345185898017927e-12
4.250000000000000999e-02 6.851524836494023996e-01 5.857784946809319743e-03 8.335281469984822773e-13 2.583312725610708278e-12
4.500000000000000527e-02 6.694044058667601993e-01 4.868175028156453490e-03 9.249131157079901111e-13 5.036626920690202367e-12
4.750000000000000749e-02 6.571666840804286647e-01 4.432105510860494084e-03 7.787247510285127117e-13 8.959629280382695929e-12
5.000000000000000278e-02 6.476381726880577894e-01 4.139999722454199005e-03 4.352193162133478578e-13 1.468030441755859767e-11
5.250000000000000500e-02 6.401914132848072203e-01 3.883559351931159531e-03 1.456572530510290930e-13 2.233535204273525488e-11
5.500000000000000722e-02 6.343463686182863048e-01 3.697143704026710151e-03 1.549183687191139147e-13 3.187275622414924417e-11
5.750000000000000944e-02 6.297394089475194523e-01 3.542614038325750045e-03 5.963606665296534439e-13 4.302591831937131456e-11
6.000000000000001166e-02 6.260963186164634209e-01 3.382157675021641233e-03 1.476077391803162187e-12 5.539708533377285211e-11
6.250000000000000000e-02 6.232088467996620418e-01 3.257259676009919679e-03 2.647128060255525725e-12 6.858034858684026559e-11
6.500000000000000222e-02 6.209201358815568117e-01 3.120361034950253076e-03 3.937649813669301162e-12 8.211162336638910695e-11
6.750000000000000444e-02 6.191095729047468854e-01 3.007414541909440419e-03 5.329968516000250413e-12 9.555707274285153347e-11
7.000000000000000666e-02 6.176846065024090837e-01 2.898128382184128778e-03 6.631326970192155717e-12 1.084029888526738420e-10
7.250000000000000888e-02 6.165734211762001760e-01 2.801760938741487683e-03 7.293280916477342799e-12 1.199689268103883428e-10
7.500000000000001110e-02 6.157192499718084910e-01 2.711519067903866900e-03 8.481570862280654431e-12 1.293534054716332005e-10
7.750000000000001332e-02 6.150782133788302852e-01 2.627154116071314053e-03 8.996847667173804966e-12 1.353477131482221785e-10
8.000000000000001554e-02 6.146140709838330274e-01 2.551784177224079245e-03 8.821173678119737293e-12 1.364303504933010968e-10
8.250000000000001776e-02 6.142997074646437961e-01 2.475423335122765942e-03 1.008943165554575719e-11 1.310248507873170455e-10
8.500000000000001998e-02 6.141090411824019490e-01 2.411759333534083463e-03 9.026480218006422033e-12 1.177299174542157706e-10
8.750000000000000833e-02 6.140281960470209688e-01 2.346608909125910865e-03 9.303048761452178369e-12 9.606409018314260658e-11
9.000000000000001055e-02 6.140312596207803120e-01 2.293733829905584415e-03 1.003920568438210659e-11 6.754859040306249655e-11
9.250000000000001277e-02 6.141201312831735537e-01 2.241318297603116152e-03 1.038823739854816826e-11 3.668940979334623019e-11
9.500000000000001499e-02 6.142726624868490859e-01 2.191998252456194961e-03 1.206465014560627587e-11 1.112797697970244169e-11
9.750000000000001721e-02 6.144851706167687722e-01 2.144137098311821310e-03 8.499783332753643568e-12 4.576965123337714343e-14
1.000000000000000056e-01 6.147419081049619871e-01 2.104813202141102985e-03 1.178683774681543118e-11 1.020158791495807499e-11
