# time 1 2 D-1 D
0.000000000000000000e+00 9.999999412907081275e-01 3.630033410306450210e-08 1.787091204585661580e-34 1.070212416111213421e-34
2.500000000000000486e-03 9.999964754920238619e-01 2.809445925875261368e-06 3.152700076997914829e-29 3.623481924683568331e-29
5.000000000000000971e-03 9.999225235316193672e-01 6.603089569461862947e-05 8.172296710220192268e-28 3.582561437272364875e-26
7.500000000000001457e-03 9.994528656644621201e-01 4.859113381485004150e-04 1.829438312877109656e-24 1.501510138448570406e-25
1.000000000000000194e-02 9.976133526698698351e-01 2.175084908670176734e-03 1.816727457730124947e-23 1.315646623776857849e-25
1.250000000000000069e-02 9.922629257176047712e-01 7.132229784871422541e-03 1.105764083560111734e-22 1.225279860879455505e-24
1.500000000000000291e-02 9.801933103574836936e-01 1.802861379513278142e-02 5.879433758717955394e-22 2.124106440983263817e-23
1.750000000000000167e-02 9.591194753837872788e-01 3.502676405455407843e-02 2.975300159578807756e-21 2.324490462829018665e-23
2.000000000000000389e-02 9.305816579053989290e-01 5.183073467198795470e-02 1.451456623877831475e-20 7.864350912581578895e-22
2.250000000000000264e-02 8.996203506659549154e-01 6.289203839221113590e-02 6.987148255466541560e-20 2.906068683243358686e-20
2.500000000000000139e-02 8.711150439624718578e-01 2.194937969420654097e-02 3.268520132292943550e-19 2.993634690160157915e-19
2.750000000000000361e-02 8.474854984775642697e-01 1.057031239993725183e-02 1.399771266933955157e-18 1.563609941048146674e-18
3.000000000000000583e-02 8.290441909966804745e-01 9.645380100064913226e-03 5.117703086337510596e-18 4.845026275954472803e-18
3.250000000000000111e-02 8.151131787257528405e-01 9.558847074906466970e-03 1.501150746567298504e-17 9.516245044118817836e-18
3.500000000000000333e-02 8.047721208573059837e-01 9.609054377340692232e-03 3.399209497013564637e-17 1.220644280319947168e-17
3.750000000000000555e-02 7.971773316662784659e-01 9.533602062331504937e-03 5.972594882444814492e-17 1.019880265733193304e-17
4.000000000000000777e-02 7.916491280104684947e-01 9.304198795390862184e-03 8.344623333430065468e-17 4.989456079817090658e-18
4.250000000000000999e-02 7.876673478082077962e-01 8.893111698002522519e-03 9.558272399316063727e-17 7.230435224373851368e-19
4.500000000000000527e-02 7.848408806480254851e-01 8.318257368826065951e-03 9.124015309405433176e-17 5.116855319776229059e-19
4.750000000000000749e-02 7.828760381901080923e-01 7.647051241697287380e-03 7.562158836755586389e-17 4.182509317803946421e-18
5.000000000000000278e-02 7.815512684982388603e-01 6.993419025096125549e-03 7.173883143997829927e-17 9.674853423765789835e-18
5.250000000000000500e-02 7.806985466585709688e-01 6.285352386806965924e-03 1.582222981631990517e-16 1.797790250889122354e-17
5.500000000000000722e-02 7.801899500906182006e-01 5.641463676748221037e-03 6.094734980882374870e-16 3.906740754936169312e-17
5.750000000000000944e-02 7.799280192440827264e-01 5.046646269674181541e-03 5.509859460833452114e-15 9.436090269918525028e-17
6.000000000000001166e-02 7.798388395189560507e-01 4.508978820771318390e-03 1.129551743491174841e-14 2.119969605392346218e-16
6.250000000000000000e-02 7.798667446652899349e-01 4.057594566024517492e-03 2.165673324486649297e-14 4.151343947292024419e-16
6.500000000000000222e-02 7.799702896300904076e-01 3.691226902316349385e-03 3.785967725642074916e-14 7.071325563349170780e-16
6.750000000000000444e-02 7.801191932326826395e-01 3.353231790156189964e-03 6.119970697636667667e-14 1.062783200560448499e-15
7.000000000000000666e-02 7.802918604036322980e-01 3.060922288332442766e-03 9.172649806789996253e-14 1.427585380162538118e-15
7.250000000000000888e-02 7.804735262484949754e-01 2.824895895513076030e-03 1.294326926875227275e-13 1.729950805519988799e-15
7.500000000000001110e-02 7.806547133104597691e-01 2.646108805927865123e-03 1.732383964464520180e-13 1.927928542573193688e-15
7.750000000000001332e-02 7.808297263711958536e-01 2.469819594151785331e-03 2.208114416205441222e-13 1.942957408804881245e-15
8.000000000000001554e-02 7.809960135138325210e-01 2.348576511137673642e-03 2.711105162650664285e-13 1.809521537902813664e-15
8.250000000000001776e-02 7.811530269899007450e-01 2.232034530948810453e-03 3.209659946420630000e-13 1.596928086463227374e-15
8.500000000000001998e-02 7.813014597611951384e-01 2.141253409465193602e-03 3.687470213864180934e-13 1.317999014182650467e-15
8.750000000000000833e-02 7.814428552727793464e-01 2.051788507360359590e-03 4.135672327903090441e-13 1.099218912150986183e-15
9.000000000000001055e-02 7.815791747735305606e-01 1.986128596222231941e-03 4.530209579847356944e-13 1.081367169220966107e-15
9.250000000000001277e-02 7.817120026074864114e-01 1.941274355985689922e-03 4.871610449257526374e-13 1.277713328964651026e-15
9.500000000000001499e-02 7.818429244731440741e-01 1.902482492587842956e-03 5.152072336993208708e-13 1.764724500684462646e-15
9.750000000000001721e-02 7.819730098853181488e-01 1.855959910410118294e-03 5.370596958451500019e-13 2.573575770501006225e-15
1.000000000000000056e-01 7.821115681926158469e-01 1.831963746792167206e-03 5.537562623333496814e-13 3.674823979476253254e-15
