# time 1 2 D-1 D
0.000000000000000000e+00 9.999999753857545803e-01 1.323551543057799155e-08 3.039475742921188382e-34 1.253106365335329041e-34
2.500000000000000486e-03 9.999977830057864558e-01 3.166767713708568461e-07 3.107938912153385858e-20 6.571941623935548923e-22
5.000000000000000971e-03 9.999633416417915699e-01 7.754587730296019812e-06 2.515245453675689338e-20 4.362752465175133737e-21
7.500000000000001457e-03 9.998033273736040005e-01 5.880612106420517540e-05 2.524196082591436203e-19 1.749279695044505560e-19
1.000000000000000194e-02 9.993041789084925464e-01 2.795807626775723316e-04 2.012609772515719803e-18 1.145701199578575086e-18
1.250000000000000069e-02 9.979813874678392649e-01 1.030125872376878859e-03 1.078860444174874376e-18 4.177518830115142756e-18
1.500000000000000291e-02 9.947551255546946969e-01 3.214076828719194569e-03 6.451037535806250409e-17 1.426571512276943958e-17
1.750000000000000167e-02 9.873761626590631391e-01 8.841079832887630344e-03 2.017138839249366592e-15 5.286123847314815242e-17
2.000000000000000389e-02 9.717382567849328634e-01 2.170447582175010284e-02 3.790108485658619977e-14 2.396380759606989559e-16
2.250000000000000264e-02 9.419888115825049146e-01 4.727075271177668542e-02 6.737262058774611863e-13 1.475884880789845938e-15
2.500000000000000139e-02 8.933147479151114512e-01 8.987432099941347619e-02 6.127183245142743752e-12 9.696080174480779976e-15
2.750000000000000361e-02 8.271672233198144042e-01 1.472401561898481759e-01 3.105779692874606294e-11 5.887732163620701171e-14
3.000000000000000583e-02 7.526155985760084599e-01 2.064343520144373001e-01 1.276320836953720413e-10 2.938770711319498069e-13
3.250000000000000111e-02 6.801948665208318312e-01 2.275042205467080192e-01 4.297285108290181472e-10 1.203440839268188475e-12
3.500000000000000333e-02 6.159700751065784186e-01 1.371211306952756226e-01 1.097824775869242862e-09 4.077781440850137663e-12
3.750000000000000555e-02 5.612674932604845290e-01 7.757245820174560325e-02 2.226095094392286289e-09 1.172957494298871989e-11
4.000000000000000777e-02 5.150078794765425849e-01 6.017283699013700055e-02 3.932452352206020720e-09 2.925627121551771158e-11
4.250000000000000999e-02 4.754810630622475776e-01 5.527721318037748244e-02 6.336108087898834192e-09 6.457584387031591917e-11
4.500000000000000527e-02 4.411062463557234858e-01 5.526913783251672513e-02 9.510378595753207131e-09 1.282642896661489093e-10
4.750000000000000749e-02 4.106298685756624156e-01 5.760718275475772837e-02 1.349251872149600467e-08 2.325573316479740912e-10
5.000000000000000278e-02 3.831122311364713595e-01 6.146565537439647314e-02 1.821151695050089286e-08 3.895682062307225320e-10
5.250000000000000500e-02 3.578630748355172142e-01 6.646478854820708770e-02 2.356910115907618547e-08 6.090963765155701185e-10
5.500000000000000722e-02 3.343980815358078562e-01 7.215590761064445691e-02 2.939087913848223984e-08 8.967386318387524444e-10
5.750000000000000944e-02 3.122914812924179606e-01 7.857001073358280130e-02 3.555783654353871341e-08 1.252613163971506390e-09
6.000000000000001166e-02 2.912780076605125390e-01 8.561035271767969412e-02 4.179014537709578145e-08 1.670781063754020927e-09
6.250000000000000000e-02 2.713521665141232497e-01 9.297721309281892221e-02 4.800186538800137669e-08 2.140391085090714895e-09
6.500000000000000222e-02 2.522888335743969090e-01 1.005640583605692945e-01 5.388544282517578918e-08 2.647033397388476197e-09
6.750000000000000444e-02 2.337859256020503040e-01 1.085626079602929062e-01 5.941666292056479729e-08 3.174584814419969018e-09
7.000000000000000666e-02 2.160489027508862847e-01 1.166972228157422270e-01 6.444147915424949564e-08 3.707266571822579965e-09
7.250000000000000888e-02 1.993620157867839748e-01 1.244250366884335490e-01 6.880865766145995723e-08 4.231230907868965812e-09
7.500000000000001110e-02 1.829655521728573708e-01 1.324815103618887380e-01 7.255272967875277684e-08 4.735408391650477148e-09
7.750000000000001332e-02 1.678069577112603072e-01 1.398128304992112547e-01 7.567083352686572247e-08 5.212009865595690183e-09
8.000000000000001554e-02 1.530926344260323813e-01 1.471556173487548469e-01 7.811372288298748872e-08 5.656422931113732332e-09
8.250000000000001776e-02 1.394826010622604584e-01 1.537986118885626419e-01 7.993026368781853603e-08 6.066744131534259226e-09
8.500000000000001998e-02 1.269486716042159957e-01 1.597256216758516367e-01 8.119309710498041546e-08 6.443231148210572842e-09
8.750000000000000833e-02 1.149104436006161134e-01 1.655015480969320996e-01 8.195625800527475771e-08 6.787450545464249757e-09
9.000000000000001055e-02 1.040301810328814469e-01 1.704054779033694900e-01 8.229818952364329618e-08 7.101777076820220196e-09
9.250000000000001277e-02 9.400736007513983694e-02 1.747455566761491053e-01 8.222024519190040274e-08 7.388877662386612673e-09
9.500000000000001499e-02 8.496938030615919235e-02 1.783687692637439259e-01 8.196438250273635626e-08 7.651291122080799279e-09
9.750000000000001721e-02 7.674340972206618317e-02 1.814325298404796671e-01 8.136436863548661231e-08 7.891362140242471404e-09
1.000000000000000056e-01 6.915832422013762359e-02 1.840957064288093470e-01 8.067422009551232414e-08 8.111369026717701319e-09
