# time 1 2 D-1 D
0.000000000000000000e+00 9.999999753857545803e-01 1.323551543057799155e-08 3.039475742921188382e-34 1.253106365335329041e-34
2.500000000000000052e-04 9.999977828577960581e-01 3.166787146711653968e-07 3.540599199541178102e-20 8.619407040970981505e-22
5.000000000000000104e-04 9.999633395548979120e-01 7.754981228703885607e-06 7.019198569735553326e-20 1.647840060218944178e-21
7.500000000000001240e-04 9.998033167549681410e-01 5.880853637911105219e-05 1.259361488487404042e-19 1.780518754670925034e-19
1.000000000000000021e-03 9.993041397463540143e-01 2.795895893009383518e-04 1.385668341857185140e-18 1.079203800543875412e-18
1.250000000000000026e-03 9.979812604741902238e-01 1.030158116533427858e-03 2.279227385355869944e-19 4.487859423560504904e-18
1.500000000000000248e-03 9.947547713691092808e-01 3.214175915201719202e-03 6.372126088832614377e-17 1.412158821248455368e-17
1.750000000000000253e-03 9.873752974579026453e-01 8.841340728162321722e-03 2.002417067666519111e-15 5.491063354204344456e-17
2.000000000000000042e-03 9.717362991711421261e-01 2.170515912614103329e-02 3.796398395515071319e-14 2.409673015094946032e-16
2.250000000000000264e-03 9.419848498228294842e-01 4.727225159946352867e-02 6.748069197522212671e-13 1.486943176525458473e-15
2.500000000000000052e-03 8.933074732702130927e-01 8.987716466517332858e-02 6.141015708089521006e-12 9.742846265301497138e-15
2.750000000000000274e-03 8.271550371298185267e-01 1.472449599915122975e-01 3.115184574796621284e-11 5.889614493213560905e-14
3.000000000000000496e-03 7.525969736226306717e-01 2.064411968825130839e-01 1.280801282937840334e-10 2.943219467505958174e-13
3.250000000000000284e-03 6.801683781779499505e-01 2.275127392841824747e-01 4.316079811657929094e-10 1.202972954226284822e-12
3.500000000000000507e-03 6.159343006535383802e-01 1.371273664774723677e-01 1.103410151244055513e-09 4.079960385396180553e-12
3.749999999999999861e-03 5.612212791481411278e-01 7.757634144542469024e-02 2.239806310160788448e-09 1.173141597736244743e-11
4.000000000000000083e-03 5.149499521369389488e-01 6.017467093975648745e-02 3.960712790137145186e-09 2.928086758961831265e-11
4.250000000000000305e-03 4.754104299197746686e-01 5.527794024419581398e-02 6.389554615169920794e-09 6.465415695109502062e-11
4.500000000000000527e-03 4.410220079728958686e-01 5.526857434274595748e-02 9.603500204462846860e-09 1.285127214303340101e-10
4.750000000000000749e-03 4.105313857599504623e-01 5.760570110191722687e-02 1.364509486449338262e-08 2.331817650473032222e-10
5.000000000000000104e-03 3.829990932456829866e-01 6.146173479788610838e-02 1.844768305596917009e-08 3.909577523523173235e-10
5.250000000000000326e-03 3.577351576724611681e-01 6.645729962842239491e-02 2.391759884177667146e-08 6.118708076096315265e-10
5.500000000000000548e-03 3.342560016285258118e-01 7.214463333513836119e-02 2.988339794319724078e-08 9.017629171980380439e-10
5.750000000000000770e-03 3.121360498248643700e-01 7.855269120882195366e-02 3.622923859876532340e-08 1.261109190064457751e-09
6.000000000000000992e-03 2.911066451084278195e-01 8.558898911531091780e-02 4.267433825455530179e-08 1.684220517670155271e-09
6.250000000000000347e-03 2.711698292700867596e-01 9.294730310636868664e-02 4.913387663733964636e-08 2.160488875972650151e-09
6.500000000000000569e-03 2.520970850975276512e-01 1.005243057056672690e-01 5.529503740546126660e-08 2.675627380727768915e-09
6.750000000000000791e-03 2.335820936929493274e-01 1.085153023413259060e-01 6.113217506468205035e-08 3.213571493280046909e-09
7.000000000000001013e-03 2.158394167552085685e-01 1.166362844963483303e-01 6.648572532192858189e-08 3.758404720437234543e-09
7.250000000000001235e-03 1.991433358080554883e-01 1.243546304543917264e-01 7.119603469955203261e-08 4.296137663505042945e-09
7.499999999999999722e-03 1.827402367188903920e-01 1.323996636165351293e-01 7.529266365875630974e-08 4.815487617741133561e-09
7.750000000000000812e-03 1.675773882058699260e-01 1.397178506466405512e-01 7.876643917532907989e-08 5.308452879435451107e-09
8.000000000000000167e-03 1.528609825191309390e-01 1.470461944090318274e-01 8.155919670261192944e-08 5.770154263474441393e-09
8.250000000000000389e-03 1.392489698925938879e-01 1.536756469708195627e-01 8.371307384191466136e-08 6.198496333076839775e-09
8.500000000000000611e-03 1.267186543056561532e-01 1.595846778040554137e-01 8.529524925172831911e-08 6.593528691959624614e-09
8.750000000000000833e-03 1.146833610818837751e-01 1.653445178391690640e-01 8.635367938020277596e-08 6.956700196891517543e-09
9.000000000000001055e-03 1.038049003094541900e-01 1.702344944427959805e-01 8.696202602320642282e-08 7.290278848286593611e-09
9.250000000000001277e-03 9.378101582356246357e-02 1.745650063051953915e-01 8.711383428101895798e-08 7.596828520535150847e-09
9.500000000000001499e-03 8.474922969536713424e-02 1.781728009301210003e-01 8.705579560842075472e-08 7.878848691917383668e-09
9.750000000000001721e-03 7.651689957498419847e-02 1.812351249699792055e-01 8.660650417998087260e-08 8.138583056132875439e-09
1.000000000000000021e-02 6.893459042949623417e-02 1.838887980422910240e-01 8.603115119034758951e-08 8.377937448308607280e-09
