# time 1 2 D-1 D
0.000000000000000000e+00 9.999999606456052570e-01 6.357532067284741573e-09 1.995181255330053438e-34 9.166964125192987943e-35
5.000000000000000104e-04 9.999964504858663839e-01 3.193292735338877415e-09 5.567489185767930930e-25 4.889254834650504052e-27
1.000000000000000021e-03 9.999498095505329198e-01 1.427337558316602497e-07 3.553489802866047408e-21 9.908209969249916216e-23
1.500000000000000248e-03 9.997667441378772502e-01 1.198073671482860776e-06 4.982706394555951751e-20 1.177672273247288995e-21
2.000000000000000042e-03 9.993124521142213723e-01 6.063545440406755523e-06 1.205413445588820730e-19 3.796515841271455526e-22
2.500000000000000052e-03 9.984055545522122488e-01 2.324943547105011655e-05 4.663243605176519259e-19 3.252050396453562054e-22
3.000000000000000496e-03 9.967852892622995897e-01 7.694265184853631254e-05 3.948293652005050184e-18 2.138756736905772654e-20
3.500000000000000507e-03 9.940409957878908465e-01 2.310918513735091544e-04 4.300739154335779366e-17 6.719943281701964405e-19
4.000000000000000083e-03 9.894819501520430993e-01 6.461863013481922591e-04 5.244084361121080615e-16 1.392040592538202181e-17
4.500000000000000527e-03 9.818939257235117513e-01 1.750048805606429798e-03 5.275732939282247513e-15 1.713928853203453040e-16
5.000000000000000104e-03 9.690409538613693474e-01 4.614970938670043960e-03 4.120265920449441648e-14 1.351292833654828661e-15
5.500000000000000548e-03 9.465390924319793120e-01 1.201115585722189669e-02 2.420282760855363137e-13 7.020349787707141676e-15
6.000000000000000992e-03 9.052927148824229109e-01 3.086350764849414910e-02 1.037256803063878741e-12 2.561990848549606620e-14
6.500000000000000569e-03 8.277213604941618952e-01 7.575479194629604340e-02 3.323198244969445787e-12 6.895786284706697274e-14
7.000000000000001013e-03 6.948398298560664044e-01 1.611429037274784704e-01 8.519874460799344001e-12 1.424616607936568613e-13
7.499999999999999722e-03 5.264585833079152843e-01 2.596443183708980751e-01 1.837685651875695381e-11 2.311532447375272155e-13
8.000000000000000167e-03 3.820167107767459269e-01 3.026227205345133342e-01 3.458716830836643163e-11 2.951746457051375034e-13
8.500000000000000611e-03 2.830503791121615209e-01 2.698761118439932938e-01 5.829174175242128566e-11 2.872638668035622715e-13
9.000000000000001055e-03 2.204899455467187463e-01 2.022395634124191932e-01 8.957873256235812620e-11 1.888567250465268826e-13
9.500000000000001499e-03 1.790740338206856797e-01 1.429730183381446029e-01 1.278344073545719816e-10 5.002736932812976970e-14
1.000000000000000021e-02 1.508002769868284076e-01 1.025221498355495670e-01 1.711342495596959400e-10 1.113775892744645247e-14
1.050000000000000065e-02 1.303556222137905729e-01 7.634597584486806088e-02 2.171818524358436905e-10 3.039897094711611437e-13
1.100000000000000110e-02 1.149223007645693295e-01 5.917736759406538871e-02 2.640941401632066137e-10 1.221991499920890134e-12
1.150000000000000154e-02 1.028085879377676898e-01 4.725047823017730630e-02 3.088985348854740801e-10 3.079228656791726792e-12
1.200000000000000198e-02 9.296643743769894552e-02 3.871846896446740766e-02 3.501858975783391560e-10 6.167019711932321804e-12
1.250000000000000069e-02 8.471995302095483571e-02 3.232097238948339335e-02 3.870608648592114630e-10 1.072630327910583448e-11
1.300000000000000114e-02 7.762103423122232448e-02 2.723338703472008224e-02 4.181528871854410891e-10 1.691656581783872151e-11
1.350000000000000158e-02 7.136692839829839041e-02 6.320230458562200830e-03 4.428328021065043242e-10 2.481754587392579031e-11
1.400000000000000203e-02 6.575151602796809602e-02 5.621065303211315173e-03 4.621898041755495418e-10 3.443953381120170746e-11
1.450000000000000247e-02 6.063525565201025730e-02 5.037684280787549200e-03 4.757769623966417647e-10 4.571403983167230828e-11
1.499999999999999944e-02 5.592571051295888718e-02 4.460009365678383429e-03 4.839660191167756134e-10 5.853344171768487271e-11
1.550000000000000162e-02 5.156415337318771136e-02 3.888544106704610714e-03 4.880837555116303494e-10 7.274565780620615679e-11
1.600000000000000033e-02 4.751569521383188638e-02 3.241658176205914569e-03 4.879182308817217803e-10 8.817492121596058074e-11
1.650000000000000078e-02 4.375864634710145001e-02 2.620770631258386840e-03 4.846202591849003062e-10 1.046569003050827933e-10
1.700000000000000122e-02 4.027713492983434063e-02 1.939592386265686069e-03 4.781155119959672294e-10 1.220149630390618235e-10
1.750000000000000167e-02 3.709325921380340202e-02 1.245487745668618198e-03 4.698734525734774986e-10 1.400603116693580260e-10
1.800000000000000211e-02 3.408545314691750067e-02 6.297642305416630134e-04 4.595551013300829563e-10 1.586048081824549858e-10
1.850000000000000255e-02 3.121587147347752375e-02 1.382777940866017222e-04 4.481972228160958492e-10 1.775099680265278345e-10
1.900000000000000300e-02 2.822246937653949406e-02 3.158995556345924326e-05 4.358037498534800926e-10 1.966603172055001677e-10
1.950000000000000344e-02 2.464664199356091101e-02 7.640554672914783279e-04 4.223422464290075342e-10 2.159559672993979724e-10
2.000000000000000042e-02 2.033005364033956680e-02 2.486343347114110258e-03 4.087753605236929244e-10 2.352184159874789217e-10
