# time 1 2 D-1 D
0.000000000000000000e+00 9.999999389202165467e-01 1.381516563816827428e-09 7.028951122688410346e-36 1.671891036289524107e-36
5.000000000000000104e-04 9.986667051902164971e-01 3.975094033316141489e-08 8.078928701257523880e-30 8.397566912353187224e-36
1.000000000000000021e-03 9.943928284156582365e-01 1.068557747296725343e-06 1.805057273088562078e-25 5.908490326475808287e-30
1.500000000000000248e-03 9.867401041349741497e-01 6.857848502808052260e-06 6.919115417843057076e-23 1.361011357293850368e-26
2.000000000000000042e-03 9.752322497452420302e-01 2.859604353145506415e-05 4.894362135015275143e-21 3.609587389864348379e-24
2.500000000000000052e-03 9.593384890769827145e-01 9.095514261454088975e-05 1.345913577153777498e-19 2.859795248119622391e-22
3.000000000000000496e-03 9.384379279327664802e-01 2.441069778076973432e-04 1.989330998808568664e-18 1.024275085494636778e-20
3.500000000000000507e-03 9.117712190014207740e-01 6.005523147579283454e-04 1.789422360437372875e-17 2.045307226805220915e-19
4.000000000000000083e-03 8.784022434046959704e-01 1.349677324367068009e-03 1.017685768993598250e-16 2.549934935406984842e-18
4.500000000000000527e-03 8.372300524462646942e-01 2.862057360095556988e-03 4.138821379271463800e-16 2.116262117144953377e-17
5.000000000000000104e-03 7.870911393647244125e-01 5.708367733581431493e-03 1.435739914176257392e-15 1.219292522869006923e-16
5.500000000000000548e-03 7.269588411186856947e-01 1.082873617807266452e-02 4.493239692547515533e-15 5.051577442460499568e-16
6.000000000000000992e-03 6.562400847799232384e-01 1.949902728259349238e-02 1.275256612488638389e-14 1.556622754213325952e-15
6.500000000000000569e-03 5.754887339965146786e-01 3.248438309750489167e-02 3.259510400367236123e-14 3.686612818840480620e-15
7.000000000000001013e-03 4.866474485736654310e-01 5.013896932301745157e-02 7.484348550827010857e-14 6.923654197002479663e-15
7.499999999999999722e-03 3.952529636638247301e-01 6.941080562078209837e-02 1.540055940725845083e-13 1.064156545196014413e-14
8.000000000000000167e-03 3.097408915072254465e-01 8.461700820317107075e-02 2.848246566439656220e-13 1.381889216497232322e-14
8.500000000000000611e-03 2.372153496001458695e-01 9.111638933011810548e-02 4.746040017946845643e-13 1.561586115870816876e-14
9.000000000000001055e-03 1.799405978993621480e-01 8.848859737162631522e-02 7.103569780632291233e-13 1.575306114149764003e-14
9.500000000000001499e-03 1.364697890052591900e-01 7.969487495904920005e-02 2.831336621559783597e-16 1.451165016574429481e-14
1.000000000000000021e-02 1.040698740223615498e-01 6.794701709732027528e-02 2.791339111535453338e-15 1.249426646052320020e-14
1.050000000000000065e-02 7.994147729142903058e-02 5.591970224198521133e-02 5.795571214295418825e-15 1.036897977665630573e-14
1.100000000000000110e-02 6.189597756106776649e-02 4.509887035448128384e-02 8.912141268403715765e-15 8.668146987986399408e-15
1.150000000000000154e-02 4.831289519882323719e-02 3.599985765464890769e-02 1.396865863725325527e-14 7.733135272830590042e-15
1.200000000000000198e-02 3.801420574597186991e-02 2.852371798597000407e-02 2.380377982153496995e-14 7.762300235093489376e-15
1.250000000000000069e-02 3.014549899318654316e-02 1.007742388106252487e-03 4.400354784738305698e-14 8.935167541889287206e-15
1.300000000000000114e-02 2.408578905819153126e-02 8.238224819598799790e-04 8.555680189692807648e-14 1.144042283579890322e-14
1.350000000000000158e-02 1.938218240281757571e-02 6.382687143669209728e-04 1.702196247318874751e-13 1.531433503752961146e-14
1.400000000000000203e-02 1.570286766076608650e-02 4.637215536263974394e-04 3.399653576128348978e-13 2.013758060691589625e-14
1.450000000000000247e-02 1.280333994949523629e-02 3.219640574818581364e-04 6.732518345016937702e-13 2.455258258006586261e-14
1.499999999999999944e-02 1.050218618794158433e-02 2.200343852322896726e-04 1.276679693390039506e-12 2.621462632110053632e-14
1.550000000000000162e-02 8.663772102029001707e-03 1.593221260465249058e-04 2.305936067148212121e-12 2.253003252082664747e-14
1.600000000000000033e-02 7.185872155977706711e-03 1.125285896410432439e-04 4.018727087092276817e-12 1.274601445944545346e-14
1.650000000000000078e-02 5.990815593841400562e-03 7.932778393447696599e-05 6.536875834744187135e-12 1.768178739781542820e-15
1.700000000000000122e-02 5.019122448319856059e-03 5.568106316839740392e-05 1.016003317696808007e-11 5.584886958806701619e-15
1.750000000000000167e-02 4.224901522882920646e-03 3.910443631953748356e-05 1.484881682791175363e-11 5.722594691974475331e-14
1.800000000000000211e-02 3.572497214710312029e-03 2.791809742947760491e-05 2.098607104907892011e-11 2.118160969842502618e-13
1.850000000000000255e-02 3.034026272075731733e-03 2.024238839659159512e-05 2.835602878949986746e-11 5.488199005090840477e-13
1.900000000000000300e-02 2.587551361072563342e-03 1.509807418356425478e-05 3.690899418431496834e-11 1.169802458410160286e-12
1.950000000000000344e-02 2.215716819766969537e-03 1.118590829496928070e-05 4.679364800407660445e-11 2.191542896172013131e-12
2.000000000000000042e-02 1.904720172840188063e-03 8.092936997936142830e-06 5.796766079252260539e-11 3.739195606540078416e-12
