# time 1 2 D-1 D
0.000000000000000000e+00 9.999999683985003607e-01 1.890114990100793094e-08 7.208248908677350083e-34 2.852219492835198837e-34
2.500000000000000486e-03 9.996382740203652029e-01 2.570959109182029642e-07 5.105089768726496772e-21 2.385018335353718796e-27
5.000000000000000971e-03 9.984807317818079619e-01 5.105392162693820370e-06 1.665497573538169200e-18 1.213328240111750178e-23
7.500000000000001457e-03 9.964132029229428866e-01 2.934448153000917054e-05 5.398880126512688567e-17 2.304402554957757910e-21
1.000000000000000194e-02 9.933120678591185193e-01 1.007679982280425225e-04 6.633451639859442580e-16 1.041023027161566592e-19
1.250000000000000069e-02 9.890382172738335642e-01 2.434265707770974442e-04 4.805529211903003828e-15 2.070939771057119746e-18
1.500000000000000291e-02 9.834281608814955389e-01 3.829938220688201725e-04 2.428485073387466472e-14 2.419037618204177926e-17
1.750000000000000167e-02 9.762892915291618845e-01 2.546043512238478201e-04 9.473301150554923374e-14 1.922005571720906332e-16
2.000000000000000389e-02 9.674144401569854113e-01 2.743661824056742326e-05 3.045653603530332144e-13 1.125419649735843336e-15
2.250000000000000264e-02 9.566281113858703389e-01 5.103083054699598947e-05 8.421775014406311872e-13 5.109943423808344090e-15
2.500000000000000139e-02 9.438523768298217043e-01 4.241707448615915951e-04 2.029613326398237121e-12 1.853976057486734084e-14
2.750000000000000361e-02 9.291417173987751577e-01 1.310204486650053948e-03 4.379795479946397276e-12 5.485342249705614166e-14
3.000000000000000583e-02 9.126312753766233632e-01 2.997904821723079358e-03 8.544315071854097302e-12 1.340511345054718057e-13
3.250000000000000111e-02 8.944046201716843170e-01 5.941476969102073985e-03 1.519953321338164508e-11 2.729444455629548178e-13
3.500000000000000333e-02 8.743665649877052637e-01 1.065525268166381441e-02 2.473614534556557795e-11 4.659460838228157539e-13
3.750000000000000555e-02 8.522258700455853653e-01 1.779243429769756038e-02 3.703553427067848239e-11 6.692449385243748429e-13
4.000000000000000777e-02 8.276434560921485106e-01 2.780432755407283296e-02 5.126789761213666770e-11 8.109928326841070995e-13
4.250000000000000999e-02 8.004806416320837670e-01 4.083019872251435201e-02 6.561271388894944828e-11 8.288633155029897083e-13
4.500000000000000527e-02 7.710473744925431250e-01 5.653174541385160706e-02 7.794428638636763418e-11 7.135327335744297768e-13
4.750000000000000749e-02 7.401540295922922619e-01 7.395623882974314278e-02 8.593722538271998729e-11 5.128150217279142048e-13
5.000000000000000278e-02 7.089388808832671751e-01 9.176742693690632946e-02 8.808195068301352252e-11 3.016768482899885453e-13
5.250000000000000500e-02 6.785648749472511509e-01 1.087082990685056677e-01 8.408440913629903541e-11 1.386463382299982513e-13
5.500000000000000722e-02 6.499538326338524241e-01 1.237153037575676878e-01 7.455825699950296229e-11 4.445711235535265305e-14
5.750000000000000944e-02 6.236694009185246301e-01 1.358769898799931652e-01 6.077857548453204963e-11 7.942513666053570960e-15
6.000000000000001166e-02 5.999361536329740341e-01 1.444752472078155159e-01 4.369829083553347267e-11 4.718261656467629934e-15
6.250000000000000000e-02 5.787290733547477695e-01 1.479416776918252296e-01 2.098191886450512182e-11 1.283397028930575084e-14
6.500000000000000222e-02 5.598733137427085449e-01 1.264602846522951962e-01 3.867551893666786859e-12 1.948045468066590864e-14
6.750000000000000444e-02 5.431235711359623242e-01 1.090656065449720690e-03 8.605164058716757375e-13 2.051205882058301325e-14
7.000000000000000666e-02 5.282164163220030018e-01 6.918848720971300034e-03 4.191636849105637619e-13 1.695591085058826353e-14
7.250000000000000888e-02 5.148998118839169802e-01 9.218333552464876360e-03 3.059641739453293484e-13 1.150477044389147067e-14
7.500000000000001110e-02 5.029471510422737213e-01 1.043849108365800873e-02 2.719985777289943391e-13 6.426582223591521974e-15
7.750000000000001332e-02 4.921618484060842902e-01 1.149667535360299718e-02 2.696994279964309952e-13 2.834865119358480902e-15
8.000000000000001554e-02 4.823769011639191251e-01 1.250056223631749487e-02 2.978701735193674760e-13 8.347190176578495511e-16
8.250000000000001776e-02 4.734521389379187650e-01 1.346019706606182455e-02 3.593744753997284382e-13 6.095087591353377653e-17
8.500000000000001998e-02 4.652705587705119328e-01 1.417294312838307882e-02 4.685412220510135122e-13 2.739353187320124182e-16
8.750000000000000833e-02 4.577346796295531650e-01 1.508607083356875572e-02 6.348951118461377138e-13 1.743350771931426015e-15
9.000000000000001055e-02 4.507631449854725414e-01 1.592523918689757109e-02 8.653450012550263395e-13 5.519646384274716873e-15
9.250000000000001277e-02 4.442878770970848934e-01 1.673026756171009863e-02 1.169364649823999791e-12 1.340028953867913283e-14
9.500000000000001499e-02 4.382516434497235602e-01 1.737607862340176390e-02 1.550997330982413564e-12 2.791171605469452367e-14
9.750000000000001721e-02 4.326060745623667159e-01 1.811277025614982383e-02 2.015641944732691571e-12 5.211342746225579165e-14
1.000000000000000056e-01 4.273119433136018941e-01 1.874911870204396674e-02 2.566381740565348798e-12 8.954417289920557842e-14
