# time 1 2 D-1 D
0.000000000000000000e+00 9.999999389202165467e-01 1.381516563816827428e-09 7.028951122688410346e-36 1.671891036289524107e-36
1.250000000000000243e-03 9.959126407858280849e-01 1.879785661746493269e-05 9.599188918037448635e-30 2.891724023834371752e-34
2.500000000000000486e-03 9.830269594725111748e-01 9.345097409221951861e-05 2.602904025249223843e-25 4.959498452659822877e-29
3.750000000000000729e-03 9.604619947762368382e-01 2.382605955395628537e-04 1.234568681729586820e-22 7.350099579494333123e-26
5.000000000000000971e-03 9.274934480624097421e-01 5.133022288605950658e-04 1.103064740903496075e-20 1.652986346255929977e-23
6.250000000000000347e-03 8.836687239902433211e-01 9.534764928060030127e-04 3.898653781111995165e-19 1.314706920276000258e-21
7.500000000000001457e-03 8.289280042986334474e-01 1.613542244610427544e-03 7.406820984025194096e-18 5.332588382176876688e-20
8.750000000000000833e-03 7.637232498664234814e-01 2.683971022097721062e-03 8.299986493541044048e-17 1.322867678896583578e-18
1.000000000000000194e-02 6.891329439710687232e-01 4.255093942180852157e-03 5.428010563012588720e-16 2.203543749188227466e-17
1.125000000000000132e-02 6.069602359240180434e-01 6.627142201980775783e-03 2.321751121522541883e-15 2.586675301691844558e-16
1.250000000000000069e-02 5.197754653890435117e-01 9.960705151649422440e-03 8.301183285606571643e-15 2.202338946417654045e-15
1.375000000000000180e-02 4.308260771089683083e-01 1.456642080427212986e-02 2.870109112578126429e-14 1.393054908811153414e-14
1.500000000000000291e-02 3.437818861005522697e-01 2.061040766054378359e-02 1.036334030792267605e-13 6.698129295507955552e-14
1.625000000000000056e-02 2.625428536340157493e-01 2.732350496451150385e-02 3.912008892436921839e-13 2.494341718238070555e-13
1.750000000000000167e-02 1.905176596410217693e-01 3.402057733259864630e-02 1.495084224113371175e-12 7.260001166356227591e-13
1.875000000000000278e-02 1.310069667572810737e-01 3.855054467112038058e-02 5.486351129165455167e-12 1.640478584636261628e-12
2.000000000000000389e-02 8.599229356148188619e-02 3.915514941492777290e-02 1.884972367747797248e-11 2.765349645404273299e-12
2.125000000000000500e-02 5.480413201341294283e-02 3.573701986963628840e-02 5.938101854708296143e-11 3.033689715850834351e-12
2.250000000000000264e-02 3.451972297866878064e-02 2.979592095551661032e-02 1.659557979998872504e-10 1.145918174062600181e-12
2.375000000000000375e-02 2.177316668478523204e-02 2.330667000974029693e-02 2.671548256535964925e-10 1.108060444439686150e-12
2.500000000000000139e-02 1.387190482729077495e-02 1.738440810912199319e-02 7.965111740583768146e-10 3.196366054230106194e-11
2.625000000000000250e-02 8.958446086020777424e-03 1.258280332116255319e-02 2.032861457922497261e-09 2.002439654695821936e-10
2.750000000000000361e-02 5.874221155721605532e-03 8.950173575505575990e-03 4.952416629473723114e-09 8.074632545163990341e-10
2.875000000000000472e-02 3.913863424994712230e-03 6.294530938658253125e-03 1.132484942116387469e-08 2.583274718025036234e-09
3.000000000000000583e-02 2.650257092062135306e-03 4.345757849648665232e-03 2.542690892009403925e-08 7.106686690853882759e-09
3.125000000000000000e-02 1.823631052266528815e-03 1.247582120324433044e-03 5.630197645527916604e-08 1.751079802440942380e-08
3.250000000000000111e-02 1.274635247897947486e-03 9.497813358569502347e-04 1.196821019720446292e-07 3.958667291521230708e-08
3.375000000000000222e-02 9.044742111315975030e-04 7.154319227909040077e-04 2.447585680141394907e-07 8.341129775584300504e-08
3.500000000000000333e-02 6.511587404938483023e-04 5.333271237165508908e-04 4.854254528780886088e-07 1.656096579775201315e-07
3.625000000000000444e-02 4.752898742050905832e-04 3.970328503524118741e-04 9.428392878375633291e-07 3.122998852070521387e-07
3.750000000000000555e-02 3.514875754284379084e-04 2.980187389859159089e-04 1.703678801788443001e-06 5.626351116082104337e-07
3.875000000000000666e-02 2.631776257579660242e-04 2.290004286605362217e-04 2.882309619912801430e-06 9.726171872917261906e-07
4.000000000000000777e-02 1.993878243669155309e-04 1.767230993873347559e-04 4.721974986690945486e-06 1.618575927145336958e-06
4.125000000000000888e-02 1.527564469946428641e-04 1.376851413265917535e-04 7.054038464447256597e-06 2.599184695567092048e-06
4.250000000000000999e-02 1.182797191935697261e-04 1.082182646927540293e-04 1.006011753075613731e-05 4.035008768410193442e-06
4.375000000000000416e-02 9.251384643934409838e-05 8.583192491790695149e-05 1.325623502947930390e-05 6.064332482940119742e-06
4.500000000000000527e-02 7.306006121390060202e-05 6.884663668774776890e-05 1.698236310278865163e-05 8.835059241039644711e-06
4.625000000000000638e-02 5.822843663911377363e-05 5.574002679681746235e-05 2.059745939541460561e-05 1.249356817087693963e-05
4.750000000000000749e-02 4.681548124572558001e-05 4.558092454654091608e-05 2.390654931411561205e-05 1.717264565032916793e-05
4.875000000000000860e-02 3.795515984539365382e-05 3.754300818694758952e-05 2.705743164047761130e-05 2.298110421693578010e-05
5.000000000000000278e-02 3.101841805509505164e-05 3.108525558363910314e-05 2.996070979773400741e-05 2.999727178567539396e-05
