# time 1 2 D-1 D
0.000000000000000000e+00 9.999999411073920985e-01 2.847574727069518147e-08 2.969288685669705965e-35 1.892270398335409332e-37
5.000000000000000104e-04 9.999985917217530940e-01 2.386560875058831667e-11 1.860576367973689411e-29 8.168147943145957632e-32
1.000000000000000021e-03 9.999778016604351505e-01 2.083525327153039940e-08 1.215088595835739474e-25 2.784923705919157107e-27
1.500000000000000248e-03 9.998872477252066515e-01 2.116810207736645890e-07 3.621272028040538259e-23 9.937013575973099311e-25
2.000000000000000042e-03 9.996345597474216582e-01 1.149318320506468863e-06 2.174819255327000332e-22 6.293958128983844763e-24
2.500000000000000052e-03 9.990615958574443622e-01 4.613503869753561503e-06 3.010447322083123981e-21 4.626029552604901107e-22
3.000000000000000496e-03 9.978970677388582233e-01 1.575487131442096907e-05 2.292755077106625148e-20 4.003541424190800156e-21
3.500000000000000507e-03 9.956698866432873718e-01 5.024607509953245456e-05 1.117937221351137410e-19 2.560843578777462648e-20
4.000000000000000083e-03 9.915528074517843127e-01 1.555117377831883522e-04 4.190082812324925711e-19 1.297144236795178377e-19
4.500000000000000527e-03 9.840727679564535979e-01 4.766414507831892924e-04 1.607707695256384069e-18 5.811834624053476118e-19
5.000000000000000104e-03 9.705302348358794129e-01 1.502274349715811705e-03 7.980657436014704056e-18 2.452408776754771218e-18
5.500000000000000548e-03 9.455378371434535190e-01 4.996819892818493182e-03 4.324882749362109992e-17 1.040955476556700266e-17
6.000000000000000992e-03 8.972470590921534095e-01 1.717558078640919403e-02 2.172318736066450552e-16 4.445956683553088237e-17
6.500000000000000569e-03 7.960464423688118352e-01 5.951957786994433591e-02 9.999355859032712166e-16 1.799035206427380371e-16
7.000000000000001013e-03 5.958581823885710227e-01 1.685678100075321262e-01 3.875951000559675531e-15 6.484736530668589762e-16
7.499999999999999722e-03 3.655480027438846591e-01 2.712718639641510388e-01 1.276799987677914642e-14 2.016190703183207583e-15
8.000000000000000167e-03 2.238165615226082039e-01 2.650066481877716984e-01 3.618392511729975786e-14 5.373109142936541438e-15
8.500000000000000611e-03 1.507089609571972966e-01 2.039348015407816961e-01 8.919554050666935130e-14 1.235824960833828982e-14
9.000000000000001055e-03 1.097049832252177115e-01 1.469759873112245485e-01 1.939363322383421259e-13 2.484563698604973890e-14
9.500000000000001499e-03 8.419376727282677775e-02 1.062578594177874536e-01 3.790588959533430545e-13 4.428346859901506808e-14
1.000000000000000021e-02 6.743886128086307163e-02 7.895032076587657488e-02 6.733260951124984284e-13 7.092010477706430063e-14
1.050000000000000065e-02 5.581397111213121792e-02 6.061435821216198949e-02 1.101939693645438870e-12 1.032755601281389751e-13
1.100000000000000110e-02 4.739299064994215160e-02 4.781646137992685147e-02 1.684249819482544682e-12 1.381316005436638546e-13
1.150000000000000154e-02 4.108581605481426147e-02 3.849678998185906281e-02 2.426241819767326746e-12 1.710749169850968288e-13
1.200000000000000198e-02 3.622321512552909711e-02 3.157778711388740944e-02 3.325262274901514223e-12 1.974202489786842011e-13
1.250000000000000069e-02 3.237987120204062486e-02 1.083751489461147986e-02 4.354590143722866425e-12 2.131953941075112139e-13
1.300000000000000114e-02 2.927591759764617413e-02 1.201259017967758538e-02 5.484060448599076552e-12 2.159283659608132259e-13
1.350000000000000158e-02 2.672168633559905693e-02 1.213586984030471175e-02 6.700294707249904254e-12 2.051808341152859037e-13
1.400000000000000203e-02 2.458529527512021487e-02 1.213226535342367719e-02 7.967352459923342672e-12 1.823421853818844973e-13
1.450000000000000247e-02 2.277291859417813341e-02 1.226900011473504651e-02 9.257199486824411425e-12 1.500838845149594477e-13
1.499999999999999944e-02 2.121640857152470513e-02 1.239881412481971291e-02 1.051867229758453463e-11 1.126807067334718429e-13
1.550000000000000162e-02 1.986529734257302601e-02 1.262898386381068778e-02 1.175950590951529032e-11 7.469864311469576663e-14
1.600000000000000033e-02 1.868152755776181922e-02 1.284333829748288310e-02 1.293888943240261750e-11 4.085856006399963783e-14
1.650000000000000078e-02 1.763590625975667084e-02 1.307473658649751201e-02 1.407660284437620424e-11 1.539922009506035276e-14
1.700000000000000122e-02 1.670569280856702005e-02 1.331299600570382338e-02 1.512465127682535104e-11 1.865130554162560937e-15
1.750000000000000167e-02 1.587282497417056085e-02 1.354225360010239722e-02 1.613440277747948639e-11 3.007073090001475571e-15
1.800000000000000211e-02 1.512290723381264600e-02 1.379647369992745808e-02 1.705106851207229543e-11 2.070367978006772178e-14
1.850000000000000255e-02 1.444421204950580712e-02 1.403520378657463138e-02 1.789409673612472741e-11 5.610277752849365327e-14
1.900000000000000300e-02 1.382707753315008496e-02 1.427657097009351998e-02 1.868747212348817491e-11 1.096888436957542377e-13
1.950000000000000344e-02 1.326356636565688418e-02 1.452044111064369931e-02 1.935976637819118519e-11 1.812271945500353629e-13
2.000000000000000042e-02 1.274752412676897866e-02 1.475645723487857899e-02 2.000883960472199563e-11 2.709285260519688064e-13
