# time 1 2 D-1 D
0.000000000000000000e+00 9.999999691759708931e-01 6.380507885768243075e-09 1.468787538192140881e-34 2.860683052161118879e-34
1.250000000000000243e-03 9.999981996265049355e-01 1.741544623030866599e-08 1.019009830930603601e-20 1.558540898216593157e-22
2.500000000000000486e-03 9.999728788602755269e-01 2.485723044106891142e-07 9.327666193255193627e-20 4.282068785268009311e-24
3.750000000000000729e-03 9.998704179952774274e-01 1.525707964342919960e-06 3.988550706869358135e-20 3.105419610558458375e-20
5.000000000000000971e-03 9.996132128526301619e-01 6.060407443870859592e-06 1.053655194108018311e-19 2.236382229870949724e-19
6.250000000000000347e-03 9.991045105806463100e-01 1.874970900383011259e-05 2.043919951331923902e-19 8.659443415168267603e-19
7.500000000000001457e-03 9.982253658095733284e-01 4.877086845337795274e-05 2.024932878955262144e-18 3.169352742138688517e-18
8.750000000000000833e-03 9.968218522101842671e-01 1.129515830476857167e-04 7.807898058978253974e-17 1.181513199407549840e-17
1.000000000000000194e-02 9.946815392761193531e-01 2.360250801575976319e-04 1.137968751265877461e-15 6.306505566394783544e-17
1.125000000000000132e-02 9.914989934284461626e-01 4.591278030095887115e-04 1.198727338690499556e-14 4.560785923099896027e-16
1.250000000000000069e-02 9.868310038068228707e-01 8.352193359392818183e-04 1.145981216908053333e-13 3.409951878778174146e-15
1.375000000000000180e-02 9.800440716005711650e-01 1.427144799008365312e-03 1.037471002143924913e-12 2.318409971934950435e-14
1.500000000000000291e-02 9.702665463083145481e-01 2.297117383661774655e-03 7.863346418944221609e-12 1.342943646369099100e-13
1.625000000000000056e-02 9.563586415774696370e-01 3.459499591608095406e-03 4.083098258429599026e-11 6.469467021741745662e-13
1.750000000000000167e-02 9.368835642249876416e-01 4.859178163031273832e-03 1.449165730828757761e-10 2.610941711904726782e-12
1.875000000000000278e-02 9.106576303094655600e-01 5.852297999493882852e-03 3.867871614196090523e-10 8.957941219684875442e-12
2.000000000000000389e-02 8.762545484905295279e-01 5.879451341167388559e-03 8.423315626169272606e-10 2.651533112961072545e-11
2.125000000000000500e-02 8.334189209916464947e-01 3.577179475004836021e-03 1.581743772745998512e-09 6.882000248354455944e-11
2.250000000000000264e-02 7.807239960748079133e-01 2.982131006122026775e-05 2.653160837364969822e-09 1.590862069321501011e-10
2.375000000000000375e-02 7.006810985916304135e-01 1.459915822745548944e-02 4.063777866983169762e-09 3.319821705655125974e-10
2.500000000000000139e-02 5.299405023923131619e-01 1.148208151153616574e-01 5.773434225092196403e-09 6.331584198926733220e-10
2.625000000000000250e-02 3.444140049591203900e-01 2.300223242930743428e-01 7.694331779039262300e-09 1.115921668894819911e-09
2.750000000000000361e-02 2.417925293054664082e-01 2.669758824597455726e-01 9.692154771345619604e-09 1.834928414426345760e-09
2.875000000000000472e-02 1.900116825183607305e-01 2.603469875309394888e-01 1.162708530647055041e-08 2.838700796634394796e-09
3.000000000000000583e-02 1.578113379824125917e-01 2.421852392686652811e-01 1.337552154171562303e-08 4.162530209822841489e-09
3.125000000000000000e-02 1.358755909967193365e-01 2.213474461508271596e-01 1.479480030677734586e-08 5.822766083149613903e-09
3.250000000000000111e-02 1.197506624871168823e-01 2.013817115678919467e-01 1.578517453702804506e-08 7.814292711977975978e-09
3.375000000000000222e-02 1.072734667262452146e-01 1.833855633120114736e-01 1.634793958671724868e-08 1.011150116519820343e-08
3.500000000000000333e-02 9.709986495344719026e-02 1.675617878242518788e-01 1.641999979248831071e-08 1.267006559793187446e-08
3.625000000000000444e-02 8.864802469428403886e-02 1.533419777799411299e-01 1.605655273697957661e-08 1.543262683659576411e-08
3.750000000000000555e-02 8.149304440373637826e-02 1.408452713671702883e-01 1.525599356736694633e-08 1.833462229749070007e-08
3.875000000000000666e-02 7.534590496914712887e-02 1.293496942292980401e-01 1.415574724553651439e-08 2.130973262952893938e-08
4.000000000000000777e-02 6.999920067210400887e-02 1.181785742400299488e-01 1.281075598451500656e-08 2.429475991162231912e-08
4.125000000000000888e-02 6.530054856430037025e-02 1.072113999703026149e-01 1.129208411191853920e-08 2.723328964428020514e-08
4.250000000000000999e-02 6.113490805769519060e-02 9.607677118435244135e-02 9.714683041329577543e-09 3.007804831785660621e-08
4.375000000000000416e-02 5.741350404737369933e-02 8.267992661293187273e-02 8.174392252520648693e-09 3.279190027345284897e-08
4.500000000000000527e-02 5.406656877785075144e-02 6.657816633010206486e-02 6.709579045585438827e-09 3.534758616028235086e-08
4.625000000000000638e-02 5.103842894836780469e-02 4.572894497441009481e-02 5.368202911222458452e-09 3.772685690236471083e-08
4.750000000000000749e-02 4.828408474809670059e-02 2.458110734096131608e-02 4.215261617421761120e-09 3.991912217568669106e-08
4.875000000000000860e-02 4.576677252930477779e-02 8.869764186240455817e-03 3.231098768927934883e-09 4.191960882428519084e-08
5.000000000000000278e-02 4.345618315677204913e-02 2.855853126578211665e-03 2.434332849009059017e-09 4.372832694682531096e-08
