# time 1 2 D-1 D
0.000000000000000000e+00 9.999999479514933842e-01 2.797558914100821411e-09 5.867048425297505537e-36 2.273138029635893238e-36
2.500000000000000052e-04 9.999977174062970597e-01 5.075445986825252859e-08 6.415990757191537240e-30 1.044092835495657015e-32
5.000000000000000104e-04 9.999653982490055437e-01 1.075924620633558932e-06 6.492234912616629176e-26 7.378009098942179557e-28
7.500000000000001240e-04 9.998279763135350384e-01 8.140662405881993955e-06 2.668582879692259408e-23 4.181620962745195128e-25
1.000000000000000021e-03 9.994520280714502825e-01 3.551444676898125912e-05 1.044948849619030367e-22 6.357998528755547104e-24
1.250000000000000026e-03 9.986087184222031121e-01 1.270878513715395226e-04 2.478598735694619123e-21 1.750221668005230769e-22
1.500000000000000248e-03 9.968891618215782735e-01 3.741999383207823197e-04 1.645172469606536699e-20 1.343243421879791899e-21
1.750000000000000253e-03 9.935413078762955763e-01 1.011197409104403703e-03 7.401399781418202699e-20 8.163055896724785619e-21
2.000000000000000042e-03 9.871824658787888840e-01 2.526071694190823273e-03 2.916819706583804349e-19 4.162975145762106771e-20
2.250000000000000264e-03 9.753338396558659529e-01 5.920210838307712713e-03 1.135224109613072663e-18 1.852515712874163572e-19
2.500000000000000052e-03 9.537604718835510642e-01 1.335770562806430466e-02 5.247792785593396330e-18 7.378133769967684928e-19
2.750000000000000274e-03 9.157910895969141318e-01 2.860017167840808033e-02 2.832095985784612783e-17 2.725074191362609305e-18
3.000000000000000496e-03 8.524551916722371558e-01 5.783325414093354322e-02 1.068221905564274555e-16 9.406466964377724641e-18
3.250000000000000284e-03 7.560239381397770853e-01 1.072232098486015223e-01 3.994997972937610631e-16 2.961950929650838005e-17
3.500000000000000507e-03 6.292209822751789750e-01 1.752020719194792575e-01 1.345126427798949963e-15 8.239861078138417686e-17
3.749999999999999861e-03 4.950169946324468606e-01 2.425198431782012720e-01 3.750184364709564818e-15 1.987279633965796881e-16
4.000000000000000083e-03 3.785840209599858897e-01 2.892705532942939084e-01 8.888393199896395221e-15 4.140926723084210880e-16
4.250000000000000305e-03 2.913601269102206182e-01 3.078629824120929781e-01 1.881119448462578911e-14 7.455834273155050103e-16
4.500000000000000527e-03 2.294041535841437329e-01 3.039090427538702066e-01 3.708066454247628654e-14 1.164092796370353982e-15
4.750000000000000749e-03 1.855781985326621086e-01 2.725357572764691150e-01 6.717090331984527041e-14 1.580097028126570643e-15
5.000000000000000104e-03 1.538544370123650917e-01 1.395179243968265870e-01 1.148751866443374041e-13 1.859894521263865127e-15
5.250000000000000326e-03 1.301346574560685032e-01 5.379746857790584924e-02 1.839544167585016010e-13 1.871972157844855211e-15
5.500000000000000548e-03 1.117855976973519266e-01 3.332076820993556260e-02 2.782720474027193749e-13 1.551753561082359732e-15
5.750000000000000770e-03 9.712301800027094145e-02 2.560931822321766901e-02 4.019871230588849258e-13 9.639957858222199151e-16
6.000000000000000992e-03 8.505320339084150583e-02 2.329595077174847345e-02 5.578061491486446726e-13 3.290039510876226956e-16
6.250000000000000347e-03 7.485038480723073262e-02 2.120952569582122693e-02 7.435591842979876351e-13 2.869827719657675695e-19
6.500000000000000569e-03 6.602260377012039716e-02 2.110691249877996722e-02 9.528329197083676598e-13 4.791171873849161363e-16
6.750000000000000791e-03 5.823086666552876323e-02 1.991001056561639282e-02 1.190407546877635902e-12 2.338850823482938419e-15
7.000000000000001013e-03 5.124009319629132392e-02 2.001618928904912165e-02 1.450856606596169835e-12 6.102919847482814473e-15
7.250000000000001235e-03 4.488892342658093448e-02 1.960313010848793031e-02 1.721048300984613369e-12 1.232671451311758408e-14
7.499999999999999722e-03 3.907073542092110580e-02 2.048101955634958060e-02 2.007237799691531687e-12 2.147593901703993773e-14
7.750000000000000812e-03 3.372092379950665519e-02 1.970071071719204855e-02 2.292406500064834241e-12 3.375502874790770106e-14
8.000000000000000167e-03 2.880725141979803214e-02 1.975615838615576991e-02 2.582020595005084291e-12 4.930954939250506966e-14
8.250000000000000389e-03 2.432113658243780299e-02 1.984846440262323652e-02 2.863070613726274445e-12 6.832190066636252411e-14
8.500000000000000611e-03 2.026869808289529992e-02 1.991748335428670733e-02 3.128986689101104693e-12 9.052867048541599690e-14
8.750000000000000833e-03 1.666143063265149854e-02 1.945418314247382083e-02 3.400963361901452434e-12 1.155019215078752533e-13
9.000000000000001055e-03 1.350733471952936422e-02 1.818618715529419366e-02 3.635660786343869620e-12 1.435223724336980859e-13
9.250000000000001277e-03 1.080391815450638428e-02 1.740607681685536062e-02 3.870041617656499807e-12 1.739052964287569605e-13
9.500000000000001499e-03 8.534385635613159563e-03 1.646478446198195583e-02 4.079703495602837590e-12 2.061947900575361180e-13
9.750000000000001721e-03 6.667535437226701500e-03 1.560448298528686363e-02 4.272977054563791061e-12 2.401674479056710478e-13
1.000000000000000021e-02 5.160787718011400349e-03 1.444470554091371005e-02 4.450095880047509647e-12 2.756368712450551484e-13
