# time 1 2 D-1 D
0.000000000000000000e+00 9.999999723581061151e-01 9.306113781464049422e-09 4.029594634618801043e-35 4.657896365133314250e-34
2.500000000000000052e-04 9.990449136846205613e-01 3.163541582572508337e-07 5.529153642724132525e-17 8.414241732660309607e-22
5.000000000000000104e-04 9.959277705778690759e-01 6.810634705274456106e-06 1.788082395207412693e-14 5.083347190323519341e-18
7.500000000000001240e-04 9.901840610931801345e-01 4.518547946642998726e-05 5.737343768867930410e-13 9.580735184802274809e-16
1.000000000000000021e-03 9.812332934922084471e-01 1.872125460424809752e-04 7.200311092151558757e-12 4.267670192744532749e-14
1.250000000000000026e-03 9.683312923110608539e-01 5.991137167220099424e-04 5.384565346865614435e-11 8.323335606626987607e-13
1.500000000000000248e-03 9.504646470078175202e-01 1.625874127595210682e-03 2.888620946737334441e-10 9.159151760644029668e-12
1.750000000000000253e-03 9.261873649198514302e-01 3.928429950960252159e-03 1.232244558393952453e-09 6.427090634760594821e-11
2.000000000000000042e-03 8.934094858751882029e-01 8.671370903474558481e-03 4.519126995800869486e-09 3.107889187344686869e-10
2.250000000000000264e-03 8.492012524597348788e-01 1.772789531389052167e-02 1.638553726289372827e-08 1.106407529507039508e-09
2.500000000000000052e-03 7.899563589292718513e-01 3.353302502078635977e-02 5.370215223833221688e-08 3.077720634710603039e-09
2.750000000000000274e-03 7.124379806360022771e-01 5.812831980232907592e-02 1.033726069216335828e-07 7.033150004928505722e-09
3.000000000000000496e-03 6.175484385583803748e-01 8.954556404379657164e-02 1.655897026436471746e-07 1.373996358775196406e-08
3.250000000000000284e-03 5.120023296069657892e-01 1.206614563397647166e-01 2.436424279733472576e-07 2.367339873767100880e-08
3.500000000000000507e-03 4.099972459672746594e-01 1.384836206223793442e-01 3.355981105216543334e-07 3.685870016307825711e-08
3.749999999999999861e-03 3.209866172585533195e-01 1.376184392230326570e-01 4.373958797382515953e-07 5.286173096613773779e-08
4.000000000000000083e-03 2.497470635749297618e-01 1.202465918517606619e-01 5.461960223963550153e-07 7.090416194020547216e-08
4.250000000000000305e-03 1.938617016017910033e-01 9.643199909160130034e-02 6.585219681599104917e-07 9.003786442805903022e-08
4.500000000000000527e-03 1.506826363261516977e-01 7.290306773373449178e-02 7.709678724091947720e-07 1.093147882438021236e-07
4.750000000000000749e-03 1.173997319519040350e-01 5.351480893291978708e-02 8.828648336544352982e-07 1.279134274501974051e-07
5.000000000000000104e-03 9.148823996266487735e-02 3.896223187546291739e-02 9.915011198692735844e-07 1.452087668123624709e-07
5.250000000000000326e-03 7.114113967504047398e-02 2.844084833016063962e-02 1.096208389679732320e-06 1.607923814983140428e-07
5.500000000000000548e-03 5.512221998181748156e-02 2.100891029040901151e-02 1.198140578267439257e-06 1.744560232469954308e-07
5.750000000000000770e-03 4.257819237002879315e-02 1.563207424972266196e-02 1.297725398557715606e-06 1.861576475066061260e-07
6.000000000000000992e-03 3.272047779146306651e-02 1.179063819673038457e-02 1.393253676327701330e-06 1.959759226746837015e-07
6.250000000000000347e-03 2.497361847853070763e-02 8.983228504010992016e-03 1.486874770180190660e-06 2.040704723510058660e-07
6.500000000000000569e-03 1.892350933819107739e-02 6.892739369464185098e-03 1.576851474297616079e-06 2.106476964253168194e-07
6.750000000000000791e-03 1.422379554983175566e-02 5.342345436495268829e-03 1.666392274502429635e-06 2.159312516772001285e-07
7.000000000000001013e-03 1.061387119292251172e-02 4.133255044471712512e-03 1.755685994828309701e-06 2.201429462625938760e-07
7.250000000000001235e-03 7.805013209018249291e-03 3.261348991248406558e-03 1.843158129151199018e-06 2.234925388670951541e-07
7.499999999999999722e-03 5.697493000062914606e-03 2.543974427567830595e-03 1.928723692467483652e-06 2.261659086284233774e-07
7.750000000000000812e-03 4.088114323431775617e-03 2.005417976110885053e-03 2.015978164629540550e-06 2.283259825621771866e-07
8.000000000000000167e-03 2.897620793012238398e-03 1.576176231134114765e-03 2.101002854535022706e-06 2.301125223014769497e-07
8.250000000000000389e-03 2.009530586587079948e-03 1.254360311353824387e-03 2.188223569164827442e-06 2.316411116251096352e-07
8.500000000000000611e-03 1.374110189026283343e-03 9.835784237850417073e-04 2.274631175728984408e-06 2.329996926174578783e-07
8.750000000000000833e-03 9.167988827729738879e-04 7.752761349102016983e-04 2.360025232306238733e-06 2.342686938045405763e-07
9.000000000000001055e-03 5.979525104226235573e-04 6.155983822490016270e-04 2.447578261794026785e-06 2.355048741569845962e-07
9.250000000000001277e-03 3.797718527874672633e-04 4.835214219475704109e-04 2.533425137515127517e-06 2.367533483563040330e-07
9.500000000000001499e-03 2.349829755184730019e-04 3.838746094214808132e-04 2.621082802038429741e-06 2.380475426534851460e-07
9.750000000000001721e-03 1.407104469687815392e-04 2.997591876508126142e-04 2.707816459245687230e-06 2.394130420266287783e-07
1.000000000000000021e-02 8.174232995503993881e-05 2.358435438820094825e-04 2.795569595146571744e-06 2.408682723421573086e-07
