# time 1 2 D-1 D
0.000000000000000000e+00 9.999999553050519241e-01 1.967891941000152798e-08 1.680736516485091690e-35 6.219099799819164847e-36
5.000000000000000104e-04 9.963325780033703838e-01 6.148487282769871706e-05 1.529337589439744845e-22 2.233616595594577665e-24
1.000000000000000021e-03 9.857057126922028623e-01 3.225817513200982109e-04 1.310565103165683169e-18 2.771550283233168731e-20
1.500000000000000248e-03 9.684320309513667624e-01 9.640958284011862892e-04 3.599191890707245525e-16 1.118969987464814543e-17
2.000000000000000042e-03 9.444279017370017515e-01 2.313356733004479082e-03 2.415527989753821670e-14 1.119586474157922892e-15
2.500000000000000052e-03 9.131105184346830494e-01 4.979142284844364878e-03 7.450014958994866902e-13 5.103466200163428443e-14
3.000000000000000496e-03 8.731638657854805530e-01 1.010218601944015866e-02 1.382583450166996784e-11 1.327451111765868724e-12
3.500000000000000507e-03 8.220724784231829840e-01 1.987638315557053656e-02 1.802477357722936786e-10 2.123670391376199732e-11
4.000000000000000083e-03 7.553829292476293977e-01 3.824143597515126947e-02 1.782562009675808432e-09 2.164948290592666727e-10
4.500000000000000527e-03 6.663693443749677536e-01 7.132619927069393240e-02 1.302897515594649050e-08 1.480050245159688280e-09
5.000000000000000104e-03 5.495308995729951684e-01 1.240045907920371421e-01 7.478302242374786161e-08 7.252396783518072378e-09
5.500000000000000548e-03 4.135173617777510024e-01 1.872114180018220053e-01 1.496605915792865254e-07 2.717425130658508365e-08
6.000000000000000992e-03 2.862226245979869188e-01 2.333746383687961556e-01 3.268140321875585198e-07 8.220223644515823783e-08
6.500000000000000569e-03 1.906910504948778062e-01 2.415101646948125402e-01 6.941778141648995777e-07 2.095899181818307162e-07
7.000000000000001013e-03 1.271657464870317167e-01 2.161966740315229285e-01 1.350624293950870255e-06 4.657983158950863746e-07
7.499999999999999722e-03 8.639055850193369523e-02 1.750147368574420104e-01 2.402039351286236741e-06 9.261768022645659158e-07
8.000000000000000167e-03 5.999721708508615192e-02 1.260361118193468744e-01 3.939653235903285708e-06 1.681471526951378683e-06
8.500000000000000611e-03 4.254266578512889280e-02 1.862646079050288284e-02 6.104468800241294345e-06 2.832136132887007131e-06
9.000000000000001055e-03 3.073365610635317088e-02 7.573454487651081271e-03 8.951620802451703030e-06 4.481751042418487727e-06
9.500000000000001499e-03 2.257564816847696526e-02 4.215397237769376304e-03 1.259452320443467208e-05 6.730710141322050435e-06
1.000000000000000021e-02 1.683408539606714299e-02 2.569102768501810123e-03 1.702543246085424722e-05 9.670953613162057311e-06
1.050000000000000065e-02 1.272536483481940400e-02 1.702468491339580300e-03 2.229433945865018834e-05 1.338211949479220106e-05
1.100000000000000110e-02 9.740334355903060293e-03 1.204560352115530012e-03 2.842341478236136299e-05 1.792916493651089139e-05
1.150000000000000154e-02 7.541260102729868166e-03 9.076073927612134714e-04 3.538707037451972065e-05 2.336130366918726112e-05
1.200000000000000198e-02 5.900024025487027660e-03 7.195680030943103636e-04 4.325190775337107719e-05 2.971200633499310355e-05
1.250000000000000069e-02 4.659855918876412532e-03 5.937430342748107291e-04 5.184665097276099804e-05 3.699978081250543437e-05
1.300000000000000114e-02 3.712361636295334090e-03 5.128138926423543315e-04 6.115163335223285340e-05 4.522947193510274246e-05
1.350000000000000158e-02 2.980698051358965633e-03 4.537907552499903453e-04 7.119751257149639916e-05 5.439386605833297178e-05
1.400000000000000203e-02 2.408466729269639200e-03 4.128238348948096333e-04 8.191148405881205853e-05 6.447542631399542576e-05
1.450000000000000247e-02 1.957593522828400892e-03 3.831022944442378370e-04 9.310714325992565236e-05 7.544803563797176742e-05
1.499999999999999944e-02 1.598147917128537893e-03 3.604781114447169667e-04 1.051460582971340736e-04 8.727868329733718257e-05
1.550000000000000162e-02 1.310748134649267031e-03 3.425652068877713162e-04 1.174287958463768788e-04 9.992897569494189642e-05
1.600000000000000033e-02 1.079516972924825539e-03 3.274056653782931670e-04 1.300740638692305577e-04 1.133564972800308506e-04
1.650000000000000078e-02 8.892244437576548449e-04 3.167108928004014746e-04 1.433941255197398144e-04 1.275160206682218712e-04
1.700000000000000122e-02 7.363425133388118524e-04 3.047953531487919052e-04 1.569228967675344842e-04 1.423605385014174881e-04
1.750000000000000167e-02 6.093939409666375732e-04 2.954533352740512436e-04 1.709540665913626494e-04 1.578421338251580382e-04
1.800000000000000211e-02 5.055925164542840900e-04 2.857724921692958789e-04 1.850039474689312913e-04 1.739126740994353406e-04
1.850000000000000255e-02 4.198985429332602911e-04 2.762929508079082401e-04 1.994139258540022532e-04 1.905243897975652590e-04
1.900000000000000300e-02 3.503431108672350734e-04 2.655561859889802559e-04 2.139639787655781456e-04 2.076303712213696051e-04
1.950000000000000344e-02 2.923644160638807577e-04 2.553762068300384773e-04 2.285251792148342280e-04 2.251850461482452252e-04
2.000000000000000042e-02 2.445091715742220197e-04 2.450490466200279925e-04 2.432308120347483765e-04 2.431441214072686124e-04
