# time 1 2 D-1 D
0.000000000000000000e+00 9.999999596750852593e-01 1.379440043502802635e-08 7.201372266725040182e-36 2.854045182498819275e-35
1.250000000000000243e-03 9.992619712635129048e-01 1.588236020969046033e-06 1.391422707824220167e-27 1.473798032412140283e-25
2.500000000000000486e-03 9.968709550395510322e-01 3.235917215513589037e-05 3.222468981259280323e-23 8.048199050458467110e-22
3.750000000000000729e-03 9.924646939906600629e-01 2.156190509168414186e-04 1.115818424085981734e-20 1.368591831904116455e-19
5.000000000000000971e-03 9.854410381198808189e-01 9.007357979963119890e-04 7.504617933510864179e-19 5.533871342268656688e-18
6.250000000000000347e-03 9.747115860096464690e-01 2.930023376422942211e-03 1.897526539617276093e-17 1.002208809357909882e-16
7.500000000000001457e-03 9.582977797158614974e-01 8.053829021975366168e-03 2.490925315494275971e-16 1.077251673246032065e-15
8.750000000000000833e-03 9.329055479238270721e-01 1.931577256216427188e-02 1.967937694231395668e-15 7.996560068511526663e-15
1.000000000000000194e-02 8.941340362494579752e-01 4.085213572912928248e-02 1.044805892511639703e-14 4.507693072872959716e-14
1.125000000000000132e-02 8.385717025618155684e-01 7.584464912641539214e-02 3.869756145119810673e-14 2.063108042386346022e-13
1.250000000000000069e-02 7.677600574738147055e-01 1.224678572577292818e-01 1.012695613016895323e-13 8.068293777631772966e-13
1.375000000000000180e-02 6.898981200895848431e-01 1.729909146370776363e-01 1.900710068488648212e-13 2.801355368513128312e-12
1.500000000000000291e-02 6.155407604594825832e-01 2.172370707572518767e-01 2.658154442607517342e-13 8.855628807990113176e-12
1.625000000000000056e-02 5.517685873233043603e-01 2.478157060918422805e-01 3.571989249463616166e-13 2.581395172589036145e-11
1.750000000000000167e-02 5.006774419605719562e-01 2.598254429206007798e-01 1.038836247589143836e-12 6.906903628004075522e-11
1.875000000000000278e-02 4.612166821488283275e-01 2.527224174745048013e-01 6.401099902691544134e-12 1.657577808286755761e-10
2.000000000000000389e-02 4.312176727280445099e-01 2.265824266514318841e-01 3.505791183986597874e-11 3.459428301349593654e-10
2.125000000000000500e-02 4.084927403734524565e-01 1.892265979537829101e-01 1.220762510712739342e-10 6.284117973225079252e-10
2.250000000000000264e-02 3.912217491661205138e-01 1.597831067168264674e-01 2.818168990195257170e-10 1.025073045640936013e-09
2.375000000000000375e-02 3.780053424844182497e-01 1.381189322067433445e-01 4.795649621634508933e-10 1.533604648770846824e-09
2.500000000000000139e-02 3.678040444937606401e-01 1.252311706690796000e-01 6.428928576247092656e-10 2.139716801677765001e-09
2.625000000000000250e-02 3.598559948161182964e-01 1.181716571254809028e-01 7.081999329679835878e-10 2.818218386403069913e-09
2.750000000000000361e-02 3.536042520717080362e-01 1.128724117581701991e-01 6.633099250196531233e-10 3.542145542544416870e-09
2.875000000000000472e-02 3.486402444385363064e-01 1.091217157338745664e-01 5.304948791753307282e-10 4.287173812999182787e-09
3.000000000000000583e-02 3.446623558315983771e-01 1.057732671612368752e-01 3.593361163230258977e-10 5.033852006470374421e-09
3.125000000000000000e-02 3.414461257359366342e-01 1.027036229873184436e-01 1.987569330812234500e-10 5.767795197302514389e-09
3.250000000000000111e-02 3.388230633427660732e-01 1.003243302495997330e-01 7.961714037987142170e-11 6.478890583274263603e-09
3.375000000000000222e-02 3.366655546940150456e-01 9.849218036443788127e-02 1.897639223820045130e-11 7.160624319201401210e-09
3.500000000000000333e-02 3.348761278834698762e-01 9.674741951630981551e-02 9.209657693372500537e-12 7.809274596316907679e-09
3.625000000000000444e-02 3.333797774109934497e-01 9.519030962480740099e-02 4.021399118907004844e-11 8.423231130279410801e-09
3.750000000000000555e-02 3.321181570693923502e-01 9.401679277041372074e-02 9.647634925775973300e-11 9.002254727856177589e-09
3.875000000000000666e-02 3.310456915775147335e-01 9.338863168137298554e-02 1.706038369054820483e-10 9.547065617679713844e-09
4.000000000000000777e-02 3.301265145458677774e-01 9.244202130974706055e-02 2.535364808002800994e-10 1.005905615462705790e-08
4.125000000000000888e-02 3.293321589973600139e-01 9.163792204147121201e-02 3.414991577270078591e-10 1.053999484037007871e-08
4.250000000000000999e-02 3.286399552140185643e-01 9.039229541188517625e-02 4.283051705201167798e-10 1.099186215075435397e-08
4.375000000000000416e-02 3.280317550041166319e-01 8.997581508581159460e-02 5.209537396216336893e-10 1.141669140521122279e-08
4.500000000000000527e-02 3.274928734107238615e-01 8.977626868693336371e-02 6.123137240932671288e-10 1.181640926912661307e-08
4.625000000000000638e-02 3.270114947080516865e-01 8.896946489639780131e-02 7.039040978327414896e-10 1.219308427843034484e-08
4.750000000000000749e-02 3.265779799940408679e-01 8.885647333873039622e-02 8.010466913020967238e-10 1.254839540181932874e-08
4.875000000000000860e-02 3.261844282504243742e-01 8.835151837385783746e-02 8.978690701509385576e-10 1.288410976835885101e-08
5.000000000000000278e-02 3.258244927996097884e-01 8.806644079434651495e-02 1.002132528633624427e-09 1.320179279678104467e-08
