# time 1 2 D-1 D
0.000000000000000000e+00 9.999999564648613948e-01 2.652983995683409452e-08 3.181859332874461116e-34 2.366284821884649604e-34
2.500000000000000486e-03 9.955046612589889543e-01 7.539679131455075860e-05 2.316277364533972128e-22 2.306053955907438466e-24
5.000000000000000971e-03 9.821379221071729893e-01 3.239375155206622361e-04 1.789334719905667296e-18 2.651892437633819420e-20
7.500000000000001457e-03 9.601106273882482611e-01 8.014161018766797259e-04 4.429981277513912272e-16 9.720335425739621310e-18
1.000000000000000194e-02 9.296455643518167777e-01 1.684594581896490823e-03 2.649795427434574145e-14 8.675085595244915402e-16
1.250000000000000069e-02 8.909400648830614333e-01 3.086988392816642640e-03 7.150630254031242439e-13 3.516974277420025254e-14
1.500000000000000291e-02 8.441090034402106701e-01 5.229728351291978473e-03 1.136792374205684836e-11 8.354090348221822196e-13
1.750000000000000167e-02 7.891145008491813329e-01 8.616189400362272641e-03 1.214086357595601916e-10 1.292206686030355385e-11
2.000000000000000389e-02 7.257099434244628222e-01 1.386048862082027780e-02 9.403395499652672473e-10 1.353157481053744143e-10
2.250000000000000264e-02 6.534646538042051533e-01 2.172415723110195443e-02 5.609091930475086045e-09 9.826220890236374349e-10
2.500000000000000139e-02 5.720114209558592178e-01 3.310591437859203290e-02 2.832595231468124291e-08 5.138246823396375486e-09
2.750000000000000361e-02 4.817791455236851705e-01 4.884269036265734970e-02 9.985533386682725365e-08 2.035971457699851593e-08
3.000000000000000583e-02 3.854891268947438498e-01 6.849703833236149564e-02 2.392517491085580917e-07 6.438292525439927244e-08
3.250000000000000111e-02 2.898802661975981576e-01 8.865223131239913235e-02 5.066211507455663499e-07 1.699145265868813335e-07
3.500000000000000333e-02 2.051414925662238264e-01 1.029019113443379596e-01 9.769550248054157137e-07 3.878899110093300771e-07
3.750000000000000555e-02 1.387777047797471019e-01 1.065564138982536962e-01 1.732957743617793743e-06 7.876904789091850168e-07
4.000000000000000777e-02 9.236399056867883317e-02 9.947890215526880575e-02 2.858925642539151623e-06 1.454203354006674701e-06
4.250000000000000999e-02 6.178741649334587582e-02 8.580804119929576201e-02 4.444446743397282177e-06 2.482592618889803735e-06
4.500000000000000527e-02 4.205321871449158727e-02 6.834432978017807025e-02 6.559386828842186552e-06 3.972035742160934245e-06
4.750000000000000749e-02 2.925023601753823366e-02 4.848305784135065188e-02 9.278641277442023404e-06 6.019578386880229951e-06
5.000000000000000278e-02 2.079696814789256873e-02 2.953839244394451322e-02 1.263852611588238658e-05 8.714875466908077691e-06
5.250000000000000500e-02 1.509184610923356047e-02 1.588305535531046517e-02 1.670814016981693922e-05 1.213623600601508175e-05
5.500000000000000722e-02 1.115430911155051476e-02 5.987850796176090624e-03 2.146588455064384396e-05 1.634799379120028013e-05
5.750000000000000944e-02 8.378725325520438791e-03 3.096153199395373836e-03 2.700731360231925070e-05 2.139918486326019398e-05
6.000000000000001166e-02 6.384194330690003312e-03 2.055838513827799689e-03 3.321844772509063051e-05 2.732315872991479736e-05
6.250000000000000000e-02 4.925985493100383354e-03 1.535285196529142518e-03 4.023512983997751827e-05 3.413811773617796174e-05
6.500000000000000222e-02 3.843388805491943644e-03 1.233082563037172586e-03 4.801156295010889036e-05 4.184799915213169172e-05
6.750000000000000444e-02 3.028636213011593088e-03 1.021912236526273431e-03 5.636811570307759820e-05 5.044400187067457489e-05
7.000000000000000666e-02 2.408023222716512788e-03 8.664324313368072968e-04 6.567269093085295422e-05 5.990589775903246866e-05
7.250000000000000888e-02 1.930217214411097081e-03 7.512062170413390336e-04 7.575270800831724607e-05 7.020393459528880594e-05
7.500000000000001110e-02 1.558857364565155706e-03 6.616902766520640390e-04 8.644104793994905633e-05 8.130005211433152443e-05
7.750000000000001332e-02 1.267787212930677034e-03 5.930752015365557640e-04 9.774383027933152305e-05 9.314982561771168780e-05
8.000000000000001554e-02 1.037919068259818365e-03 5.321416763956474724e-04 1.097599313006296763e-04 1.057034551143577815e-04
8.250000000000001776e-02 8.551423914127451306e-04 4.803199883063723349e-04 1.225349079513436289e-04 1.189077429777107457e-04
8.500000000000001998e-02 7.089007634792810365e-04 4.361903949074394144e-04 1.361548325508263595e-04 1.327061588066314867e-04
8.750000000000000833e-02 5.912131314713213980e-04 3.954962115041553449e-04 1.499419248234498431e-04 1.470398809007694425e-04
9.000000000000001055e-02 4.959878710771498979e-04 3.629982624893658108e-04 1.644117491865449635e-04 1.618490984071410937e-04
9.250000000000001277e-02 4.185370594409356477e-04 3.302549403235130509e-04 1.795218938966169420e-04 1.770740639866433958e-04
9.500000000000001499e-02 3.552263344182460150e-04 3.054389903011903878e-04 1.952140530066465217e-04 1.926552538006083689e-04
9.750000000000001721e-02 3.032202045750442831e-04 2.810051736772402027e-04 2.110251682881182428e-04 2.085332787491608832e-04
1.000000000000000056e-01 2.602942248235836308e-04 2.585034382902987905e-04 2.278359257428757656e-04 2.246485411835683987e-04
