# time 1 2 D-1 D
0.000000000000000000e+00 9.999999485327282223e-01 2.062951813026555296e-08 5.249064412776342108e-35 1.413329918772252880e-35
2.500000000000000052e-04 9.999912785839135676e-01 3.039751287411154030e-07 8.656408635804596268e-25 1.132842921432333139e-26
5.000000000000000104e-04 9.998632776539934097e-01 7.832838566121776364e-06 1.539205825766176528e-21 4.371357178194336515e-23
7.500000000000001240e-04 9.993188090333663398e-01 5.341621872296509177e-05 2.575687745816326269e-20 6.350751143511705923e-22
1.000000000000000021e-03 9.978749769610372189e-01 2.211820651058940079e-04 9.365593044812766045e-20 8.942851319636137027e-22
1.250000000000000026e-03 9.948473529579141550e-01 7.100058402835225484e-04 3.194977083882382189e-19 1.600916347245397956e-21
1.500000000000000248e-03 9.892733426471919111e-01 1.937170849164941483e-03 1.450265641730323399e-18 8.693700343178932675e-21
1.750000000000000253e-03 9.797180331561854416e-01 4.763928377893648404e-03 7.130036089459520596e-18 5.023672289435086025e-20
2.000000000000000042e-03 9.638773086790901612e-01 1.085487005115588939e-02 4.072094930845232333e-17 2.715549847447781734e-19
2.250000000000000264e-03 9.378897387027393950e-01 2.332354079567951904e-02 2.177657583419950616e-16 4.129941526560431720e-19
2.500000000000000052e-03 8.954560954832497810e-01 4.750523647113140402e-02 1.020277165020623390e-15 1.932947091899708268e-18
2.750000000000000274e-03 8.277934159982756057e-01 9.082490056561923208e-02 4.011192905277275808e-15 1.433894852085317988e-16
3.000000000000000496e-03 7.276032109189964903e-01 1.586699896146987754e-01 1.330043296293951357e-14 1.977470047449048416e-15
3.250000000000000284e-03 5.993365564281146751e-01 2.439753159135671645e-01 3.800726657438734009e-14 1.443297692982322283e-14
3.500000000000000507e-03 4.644113296914078592e-01 3.213709126371015468e-01 9.450716314787029069e-14 7.036669822267658500e-14
3.749999999999999861e-03 3.465129804352696241e-01 3.629727706972495915e-01 2.096467281253466947e-13 2.566967931652209438e-13
4.000000000000000083e-03 2.555187921187183631e-01 3.528293147453378520e-01 4.217907186735979494e-13 7.492543705982815229e-13
4.250000000000000305e-03 1.893916018857221828e-01 2.930587699256927414e-01 7.919306786877955607e-13 1.834972526395614090e-12
4.500000000000000527e-03 1.421909702668158748e-01 2.142633623454869296e-01 1.392476324500038829e-12 3.900505923712587462e-12
4.750000000000000749e-03 1.083766900375435216e-01 1.544744146543814700e-01 2.320402973774630260e-12 7.387385073801001776e-12
5.000000000000000104e-03 8.383398902935249031e-02 1.175462006307615576e-01 3.706025242901840981e-12 1.271849182500855626e-11
5.250000000000000326e-03 6.572778766256312521e-02 9.591037252469687691e-02 5.700651751641389827e-12 2.022898024453775346e-11
5.500000000000000548e-03 5.214563096719199153e-02 8.141567221221911177e-02 8.398193466862198517e-12 3.010070038153943727e-11
5.750000000000000770e-03 4.179561717123973091e-02 6.053048645544963080e-02 1.198711783719837905e-11 4.234101409660627170e-11
6.000000000000000992e-03 3.379510643673971915e-02 3.855722279090357391e-02 1.658190414785905768e-11 5.677890545743662820e-11
6.250000000000000347e-03 2.753167141199707596e-02 2.812982239324937975e-02 2.221459596905326405e-11 7.310262955917537092e-11
6.500000000000000569e-03 2.257314466322713278e-02 2.306495217489197905e-02 2.901905898298486569e-11 9.089304049506239382e-11
6.750000000000000791e-03 1.860935107077058698e-02 1.949214701466507257e-02 3.689155195720694091e-11 1.096841680397618531e-10
7.000000000000001013e-03 1.541399422057448433e-02 1.732006556404902878e-02 4.575943267368331765e-11 1.289923442853352490e-10
7.250000000000001235e-03 1.281938922048458072e-02 1.569170718166677803e-02 5.567556415689842325e-11 1.483709324646882469e-10
7.499999999999999722e-03 1.069945928659522642e-02 1.439219517309762129e-02 6.642140151883676345e-11 1.674190326659471998e-10
7.750000000000000812e-03 8.958118543883187776e-03 1.330246785189444746e-02 7.775506319439024679e-11 1.858016395898282090e-10
8.000000000000000167e-03 7.521216182751390249e-03 1.245939406154017957e-02 8.968804998978656965e-11 2.032612754092331812e-10
8.250000000000000389e-03 6.330869509873259318e-03 1.155983758191000965e-02 1.021302912818342968e-10 2.196029157862013408e-10
8.500000000000000611e-03 5.341422557956703593e-03 1.074678435889041966e-02 1.146716623410948852e-10 2.346940016410389916e-10
8.750000000000000833e-03 4.516525380381474983e-03 1.006297169029509928e-02 1.272768587811739201e-10 2.484738490532792862e-10
9.000000000000001055e-03 3.826998972834652971e-03 9.453722601814842225e-03 1.397884207877611737e-10 2.609108510674843288e-10
9.250000000000001277e-03 3.249252558735143872e-03 8.832507938496120953e-03 1.520390133710319847e-10 2.720085969407502004e-10
9.500000000000001499e-03 2.764097401896806715e-03 8.260874411613258750e-03 1.643068416083246794e-10 2.818071431202777924e-10
9.750000000000001721e-03 2.355846488783997199e-03 7.781339857298959217e-03 1.760524237478002623e-10 2.903500881133912981e-10
1.000000000000000021e-02 2.011621525085860972e-03 7.302731987854209697e-03 1.874409230633328226e-10 2.976940111287678298e-10
