# time 1 2 D-1 D
0.000000000000000000e+00 9.999999547810151102e-01 2.010177582715217873e-08 1.656023584468976857e-36 1.270021774961409837e-35
2.500000000000000486e-03 9.999904245890552934e-01 2.476539750195065242e-07 1.447976046396136686e-29 3.431269586176959500e-32
5.000000000000000971e-03 9.998528593448676727e-01 5.511427318845784915e-06 1.682640265932135873e-25 2.197533017455702071e-27
7.500000000000001457e-03 9.992801995328070008e-01 3.753401738435544008e-05 8.055081467051115575e-24 1.243246902231529339e-25
1.000000000000000194e-02 9.977914993778017605e-01 1.604938969328456729e-04 1.442852115192670989e-22 1.156513870238073822e-23
1.250000000000000069e-02 9.947159659011484134e-01 5.391840753296562021e-04 1.720147043834302317e-21 1.297918764371323219e-22
1.500000000000000291e-02 9.890802005187685486e-01 1.562114807087105128e-03 1.057324935953750263e-20 9.558485659219730311e-22
1.750000000000000167e-02 9.792864192427206405e-01 4.148045281460515862e-03 5.704422732047384581e-20 6.130195204806335334e-21
2.000000000000000389e-02 9.623353575673984084e-01 1.043195046748116375e-02 3.015317221577284197e-19 3.544673405874626030e-20
2.250000000000000264e-02 9.320630403530366648e-01 2.549668298583500012e-02 1.625561499602178909e-18 1.877017306213256968e-19
2.500000000000000139e-02 8.757042333814151203e-01 6.059653228342661013e-02 8.395409589481541735e-18 8.822556740572752303e-19
2.750000000000000361e-02 7.714594619762096261e-01 1.358508334843840926e-01 4.288578102435630414e-17 3.659125498395747269e-18
3.000000000000000583e-02 6.063562812491991583e-01 2.623876552889998215e-01 2.078225993549792457e-16 1.259401487669115025e-17
3.250000000000000111e-02 4.205048555900787743e-01 3.977123133809467026e-01 8.771189075923398582e-16 3.478563484813602724e-17
3.500000000000000333e-02 2.746736084393197053e-01 4.782377404537689336e-01 3.088771315852230158e-15 7.396645059887229326e-17
3.750000000000000555e-02 1.809102926682425450e-01 4.858630503556357616e-01 9.116863237073575132e-15 1.152368170420690855e-16
4.000000000000000777e-02 1.236205951946948295e-01 4.216342721399548576e-01 2.299806374182611334e-14 1.168133807432596683e-16
4.250000000000000999e-02 8.810807711703258494e-02 1.474407877097195507e-01 5.093818995470712150e-14 4.854276753744698369e-17
4.500000000000000527e-02 6.532382327231928132e-02 4.270508586400077744e-02 1.010194177259026287e-13 1.589834699865910725e-17
4.750000000000000749e-02 5.013323891763747653e-02 2.543371354033205009e-02 1.818616385965055821e-13 4.571966483431768640e-16
5.000000000000000278e-02 3.962099432849109509e-02 1.944768464024296609e-02 3.034987604068391113e-13 2.384630406527879393e-15
5.250000000000000500e-02 3.209118810946656741e-02 1.649239247859284746e-02 4.725545794779647193e-13 7.609758123768171969e-15
5.500000000000000722e-02 2.652643176788319068e-02 1.487159375046660792e-02 6.964905800815281464e-13 1.862528876021362156e-14
5.750000000000000944e-02 2.229684823947521155e-02 1.390458048353432341e-02 9.764064630795297390e-13 3.862509490010794592e-14
6.000000000000001166e-02 1.899919946833073664e-02 1.334077276902113397e-02 1.316121070449438591e-12 7.078001401362336259e-14
6.250000000000000000e-02 1.637412924653793012e-02 1.298129383449961663e-02 1.709542318465013993e-12 1.186791338517790157e-13
6.500000000000000222e-02 1.424380880164747079e-02 1.276610238299959524e-02 2.151846757301820642e-12 1.851072755981310980e-13
6.750000000000000444e-02 1.247996663434945870e-02 1.270591051208843497e-02 2.642484592562271928e-12 2.710452714226747685e-13
7.000000000000000666e-02 1.099005596698223765e-02 1.270067215682327624e-02 3.167789001852645873e-12 3.783303380713528013e-13
7.250000000000000888e-02 9.735983820029721347e-03 1.274346474047046915e-02 3.716413198773212133e-12 5.063514862404844421e-13
7.500000000000001110e-02 8.656816258692572041e-03 1.281830960421830382e-02 4.288384261249670850e-12 6.525149943085843728e-13
7.750000000000001332e-02 7.724281110221106056e-03 1.292579168593736838e-02 4.864844367127284084e-12 8.197736694357599374e-13
8.000000000000001554e-02 6.923072365680818692e-03 1.303112989139329492e-02 5.443008284906919308e-12 1.001442059708227064e-12
8.250000000000001776e-02 6.203677125910318953e-03 1.317159020097372242e-02 6.008621434753417781e-12 1.189289868638249837e-12
8.500000000000001998e-02 5.573432163431935212e-03 1.329588225365290269e-02 6.581693921771654870e-12 1.375990494496253994e-12
8.750000000000000833e-02 5.016924932464223753e-03 1.342320573032342382e-02 7.131056763703452733e-12 1.582764494078016878e-12
9.000000000000001055e-02 4.517939724768879790e-03 1.355497747255450004e-02 7.631152095462444056e-12 1.822082555659240681e-12
9.250000000000001277e-02 4.083705451649917960e-03 1.366803843290925399e-02 8.087573617916755997e-12 2.017769543241468639e-12
9.500000000000001499e-02 3.686300528957922162e-03 1.378771519925636041e-02 8.543535803034020296e-12 2.181860201290816425e-12
9.750000000000001721e-02 3.336605772291934262e-03 1.388888205187742420e-02 9.036235733376586071e-12 2.372086482715530625e-12
1.000000000000000056e-01 3.017689259379821923e-03 1.399001685589243427e-02 9.447503164305796357e-12 2.600692273437123011e-12
