# time 1 2 D-1 D
0.000000000000000000e+00 9.999999773675646297e-01 4.889341331682132907e-09 5.285022601297005705e-35 1.121421610684462283e-34
2.500000000000000052e-04 9.990791029181427252e-01 4.430605206468484944e-07 1.612281144679670389e-16 6.263951661907389645e-22
5.000000000000000104e-04 9.959807087338092835e-01 9.669962342359553350e-06 5.022766223065984484e-14 3.859291389494856255e-18
7.500000000000001240e-04 9.899768529283387020e-01 6.348759759238739630e-05 1.503635789169795570e-12 7.659601244430596682e-16
1.000000000000000021e-03 9.800665874759442175e-01 2.619656191547143861e-04 1.710137697333897473e-11 3.582766023189108619e-14
1.250000000000000026e-03 9.649881791862833236e-01 8.372739430225926635e-04 1.130921432545178491e-10 7.253543183636194154e-13
1.500000000000000248e-03 9.431849532080424092e-01 2.268408053444629334e-03 5.189906697848111042e-10 8.128801266052111640e-12
1.750000000000000253e-03 9.126990294932687542e-01 5.503058024757188395e-03 1.852298751137336862e-09 5.636190266546797807e-11
2.000000000000000042e-03 8.709787127507664373e-01 1.223953166499032290e-02 5.491270269112853720e-09 2.582969969570843907e-10
2.250000000000000264e-03 8.146648563821210498e-01 2.536699365916235405e-02 1.364549733416690577e-08 8.343754169933993080e-10
2.500000000000000052e-03 7.397588953605280793e-01 4.896961794881384694e-02 2.840231551225648218e-08 2.038179054585999532e-09
2.750000000000000274e-03 6.433964948572016285e-01 8.678681504742029318e-02 5.554399003537656370e-08 4.020918507770690747e-09
3.000000000000000496e-03 5.288610283125428912e-01 1.371057712315160715e-01 1.077486857304948090e-07 6.757657551970154850e-09
3.250000000000000284e-03 4.092971711121936029e-01 1.891914229330937669e-01 1.233197348868824954e-07 1.007290906107793221e-08
3.500000000000000507e-03 3.024465577969766006e-01 2.279758781322225591e-01 1.403291917719189557e-07 1.371857528100332631e-08
3.749999999999999861e-03 2.183199253833448816e-01 2.463833798370226313e-01 1.565497202060354165e-07 1.744903540778344628e-08
4.000000000000000083e-03 1.566852105307790788e-01 2.474600009908356768e-01 1.710785622301014687e-07 2.106757827947077351e-08
4.250000000000000305e-03 1.127943042771013399e-01 2.380123513890818332e-01 1.833858512045091574e-07 2.444261316879063929e-08
4.500000000000000527e-03 8.169011846825049994e-02 2.257151291692236217e-01 1.939608339753560319e-07 2.750374987701770386e-08
4.750000000000000749e-03 5.953483672893212370e-02 2.032550677335500655e-01 2.028893861555522887e-07 3.022827145559207092e-08
5.000000000000000104e-03 4.362864301780830512e-02 1.358255217892815336e-01 2.109631348687564481e-07 3.262627063378545827e-08
5.250000000000000326e-03 3.211955869086020182e-02 7.984694818038513831e-02 2.177338936911161169e-07 3.472664745660823820e-08
5.500000000000000548e-03 2.373570616996555430e-02 4.473830300471493687e-02 2.244926602286011773e-07 3.656736668487348899e-08
5.750000000000000770e-03 1.759457007914104476e-02 2.551718772336216898e-02 2.306613033042576664e-07 3.818938961982628562e-08
6.000000000000000992e-03 1.307618503492024437e-02 1.766867355717026758e-02 2.364554335811208678e-07 3.963202155438763385e-08
6.250000000000000347e-03 9.739909321489628041e-03 1.295002745837843874e-02 2.423360959435662291e-07 4.093116429707577307e-08
6.500000000000000569e-03 7.269387034557608061e-03 1.032426336482535241e-02 2.483110819125871384e-07 4.211798601990196804e-08
6.750000000000000791e-03 5.435605775073693198e-03 8.223449293632972834e-03 2.542996322630446351e-07 4.321894967326784228e-08
7.000000000000001013e-03 4.071684531971733051e-03 6.819711251235157680e-03 2.604667617876872304e-07 4.425582028024418404e-08
7.250000000000001235e-03 3.055388656603679007e-03 5.585440373838256901e-03 2.671394481427439556e-07 4.524682170168573372e-08
7.499999999999999722e-03 2.296830813560745387e-03 4.683002357833298927e-03 2.736478904668678194e-07 4.620574747711049718e-08
7.750000000000000812e-03 1.729709822294371547e-03 4.007987239472852320e-03 2.802490759976868802e-07 4.714331917890938570e-08
8.000000000000000167e-03 1.305007512921433363e-03 3.348019355641127914e-03 2.872903453982978224e-07 4.806943034741677371e-08
8.250000000000000389e-03 9.864166741441905001e-04 2.865802432163814910e-03 2.943177164684462553e-07 4.899071539282906243e-08
8.500000000000000611e-03 7.470037880186028347e-04 2.428698181757180021e-03 3.017830308039844824e-07 4.991161829580929749e-08
8.750000000000000833e-03 5.667622222168188992e-04 2.034942765932966011e-03 3.094232010428369363e-07 5.083650365832571048e-08
9.000000000000001055e-03 4.308112610302276173e-04 1.748420272008150908e-03 3.169258893265617303e-07 5.176803588237372142e-08
9.250000000000001277e-03 3.280684264889391528e-04 1.493022741389681950e-03 3.248621690947807552e-07 5.270785286476833190e-08
9.500000000000001499e-03 2.502689930552108133e-04 1.264924576730343557e-03 3.329796855242980187e-07 5.365716654894794004e-08
9.750000000000001721e-03 1.912402317784873452e-04 1.080684804541485675e-03 3.410615409514549433e-07 5.461673099152097082e-08
1.000000000000000021e-02 1.463644622566283304e-04 9.201002834134899182e-04 3.491133552583062721e-07 5.558695365081948717e-08
