# time 1 2 D-1 D
0.000000000000000000e+00 9.999999592250521374e-01 4.776469290366659480e-09 3.623352281758013094e-35 3.070301704739061598e-36
5.000000000000000104e-04 9.989728982897591036e-01 7.417062350661614159e-07 1.097401563037117543e-31 2.369976838418941407e-35
1.000000000000000021e-03 9.956969128348539533e-01 1.386172737386770380e-05 2.283703060882016285e-27 1.158819061461979392e-30
1.500000000000000248e-03 9.898893479788966054e-01 8.577422507485658876e-05 8.946073154594476209e-25 2.465131340060630752e-27
2.000000000000000042e-03 9.812862070646708457e-01 3.345299481168442801e-04 6.378094094452610644e-23 6.090739665760227811e-25
2.500000000000000052e-03 9.696351951108194145e-01 9.990726200096347164e-04 1.836322691736788294e-21 4.480424670077027114e-23
3.000000000000000496e-03 9.546756508530701568e-01 2.430360897671369428e-03 2.896087176007530902e-20 1.498122013154905568e-21
3.500000000000000507e-03 9.361490807264301051e-01 2.138614597759883745e-03 3.023804376078984846e-19 2.847118571293820095e-20
4.000000000000000083e-03 9.139095204303510078e-01 6.010903829340690906e-04 2.292015148613189900e-18 3.517339775607743094e-19
4.500000000000000527e-03 8.881219404392419747e-01 5.478556943658184023e-04 1.347641550153278710e-17 3.082429172535364640e-18
5.000000000000000104e-03 8.593597376388684150e-01 6.800603917866695309e-04 6.521162183201505058e-17 2.033536989306315243e-17
5.500000000000000548e-03 8.284314896911202375e-01 9.471136619646668619e-04 2.782031500914087045e-16 1.052211348778213139e-16
6.000000000000000992e-03 7.960519307119002796e-01 1.334852004030078225e-03 1.136907443813415577e-15 4.394501386145636723e-16
6.500000000000000569e-03 7.626392046273396952e-01 1.862834132164015253e-03 4.580943934259613736e-15 1.515607088649490563e-15
7.000000000000001013e-03 7.283392787715827765e-01 2.569103142351784538e-03 1.469249536128814720e-14 4.412721202475252472e-15
7.499999999999999722e-03 6.931847289141861435e-01 3.455817565052738457e-03 3.285459954728162982e-14 1.109424470799363418e-14
8.000000000000000167e-03 6.572617166047248771e-01 4.601362648520903112e-03 5.918775683721475751e-14 2.460900602795367847e-14
8.500000000000000611e-03 6.207836209414128170e-01 6.044121361249157713e-03 9.323371812932735591e-14 4.905660610125302994e-14
9.000000000000001055e-03 5.841985479015353588e-01 7.721014091351406476e-03 1.333314596042614651e-13 8.915737470309627726e-14
9.500000000000001499e-03 5.475925842110161978e-01 1.015525615930706373e-02 1.750438341990657130e-13 1.493289016853960249e-13
1.000000000000000021e-02 5.120143233086410506e-01 1.274203591792372713e-02 2.130927355421175807e-13 2.322879673774471043e-13
1.050000000000000065e-02 4.769692121230931781e-01 1.642497770564685725e-02 2.423175323239265194e-13 3.375081350846731807e-13
1.100000000000000110e-02 4.428400559471819542e-01 2.110447935360479366e-02 2.596947462440543471e-13 4.601249974001723655e-13
1.150000000000000154e-02 4.088083668056877729e-01 2.773836867618596075e-02 2.623982011157114426e-13 5.905748364784443052e-13
1.200000000000000198e-02 3.749761552977001755e-01 3.624221807416615898e-02 2.298595634668251909e-13 7.155154397880721040e-13
1.250000000000000069e-02 3.400520529298344807e-01 4.783790252028909118e-02 5.332724822499704103e-14 8.199487095049533024e-13
1.300000000000000114e-02 3.034823262832034851e-01 6.295684188417308147e-02 1.721328837813764889e-14 8.898618375245099284e-13
1.350000000000000158e-02 2.627850178712573537e-01 8.393315358666079973e-02 2.133124900763514000e-14 9.154138725811856041e-13
1.400000000000000203e-02 2.193915982134251319e-01 1.091812751336904835e-01 2.766802818544564763e-14 8.927242360641509529e-13
1.450000000000000247e-02 1.741240609732213618e-01 1.377305825744907508e-01 3.364260575013482124e-14 8.250139036780837011e-13
1.499999999999999944e-02 1.348300996798153795e-01 1.615963885538782285e-01 3.229692680929428639e-14 7.209726974132490584e-13
1.550000000000000162e-02 1.015624422003471583e-01 1.806030862817838978e-01 2.712535886185023190e-14 5.926044825238671110e-13
1.600000000000000033e-02 7.798103583775302383e-02 1.909821276474438223e-01 1.774446341596847880e-14 4.532208849963813851e-13
1.650000000000000078e-02 6.026317623087480008e-02 1.964607897253001501e-01 8.574706920135739116e-15 3.154431962694723831e-13
1.700000000000000122e-02 4.679546460422024518e-02 1.985685872298852683e-01 2.747566963711572366e-15 1.911687595541844389e-13
1.750000000000000167e-02 3.846336979085399066e-02 1.963459713428597209e-01 3.792368891804114768e-16 9.157677370789029702e-14
1.800000000000000211e-02 3.269257080176388858e-02 1.923013647492889111e-01 2.109537640875189457e-17 2.689212274091330444e-14
1.850000000000000255e-02 2.753726491170044657e-02 1.883214631550012563e-01 1.655941104005160651e-16 6.282146302108480451e-15
1.900000000000000300e-02 2.481462686969327508e-02 1.825356687075106454e-01 1.384020041972076875e-16 3.711273780008281625e-14
1.950000000000000344e-02 2.217835695512013552e-02 1.772416703020092410e-01 1.148244389830765765e-15 1.244634792555981708e-13
2.000000000000000042e-02 2.081556372815243638e-02 1.712168686288700337e-01 6.496478279160937289e-15 2.707039411116729054e-13
