# time 1 2 D-1 D
0.000000000000000000e+00 9.999999639587818789e-01 1.656415013621675498e-08 2.505602942976169554e-35 3.004568152476575304e-35
1.250000000000000243e-03 9.991410294113232116e-01 4.057702260172361322e-06 2.144223482787256112e-27 6.002739295691599793e-25
2.500000000000000486e-03 9.963277121504654499e-01 8.800843990332882629e-05 4.652398826485866662e-23 3.191927378877879062e-21
3.750000000000000729e-03 9.909749240530270065e-01 6.143649008846331161e-04 1.912576717596792246e-20 5.171188903474873374e-19
5.000000000000000971e-03 9.818624155804810405e-01 2.677418401890065049e-03 1.412793859895275427e-18 1.940789074879418688e-17
6.250000000000000347e-03 9.664874228013733415e-01 8.881324216860640025e-03 3.919810601208358452e-17 3.169852265542497684e-16
7.500000000000001457e-03 9.405178483836293957e-01 2.392705405250693251e-02 5.678204301973397149e-16 2.980581064223885326e-15
8.750000000000000833e-03 8.989095701028575469e-01 5.312947112447164583e-02 5.008580539321606175e-15 1.879580111723016860e-14
1.000000000000000194e-02 8.403385634378596203e-01 9.654397233751352281e-02 2.979812203534943181e-14 8.766047433078259767e-14
1.125000000000000132e-02 7.713851459861691406e-01 1.443048619036960689e-01 1.270196220299166377e-13 3.241110457810116021e-13
1.250000000000000069e-02 7.033514699628262701e-01 1.820630856352284666e-01 4.129540912521100995e-13 9.966585963888482371e-13
1.375000000000000180e-02 6.448580915119850321e-01 1.996411143650175801e-01 1.097335955673860560e-12 2.616545168180706304e-12
1.500000000000000291e-02 5.989791407207822882e-01 1.919012007414843679e-01 2.666720317402665512e-12 5.921688492196682161e-12
1.625000000000000056e-02 5.649863358096316457e-01 1.645373735729696030e-01 6.660494559864954196e-12 1.163973525785238065e-11
1.750000000000000167e-02 5.406879225551158852e-01 1.328470869978866098e-01 1.818307188110590383e-11 2.017489997526608274e-11
1.875000000000000278e-02 5.237571610901232688e-01 1.072635017446285366e-01 5.067404321293124894e-11 3.148235331102952504e-11
2.000000000000000389e-02 5.122274949920038178e-01 8.916325177781922462e-02 1.201185574431270472e-10 4.515225029921181699e-11
2.125000000000000500e-02 5.045840401489575244e-01 7.624699642945773070e-02 2.093579438741228503e-10 6.057231123826264187e-11
2.250000000000000264e-02 4.997097019259552075e-01 6.731425327164407280e-02 2.824110671188711653e-10 7.707554636259658081e-11
2.375000000000000375e-02 4.967979069319824470e-01 6.084927258002811173e-02 3.344948391565082151e-10 9.403384348231537884e-11
2.500000000000000139e-02 4.952717949304827894e-01 5.592597023057471056e-02 3.717191797493689291e-10 1.108947272204136733e-10
2.625000000000000250e-02 4.947200945317878906e-01 5.219718486088063825e-02 4.054916725903734300e-10 1.271795079353302386e-10
2.750000000000000361e-02 4.948495738694534407e-01 4.927126581551589946e-02 4.422908319432507513e-10 1.424649641241494843e-10
2.875000000000000472e-02 4.954506413607051019e-01 4.683237823043445713e-02 4.887389514794344314e-10 1.563453685492140866e-10
3.000000000000000583e-02 4.963732379778934556e-01 4.480564315861881863e-02 5.496058918861735463e-10 1.684257289832924930e-10
3.125000000000000000e-02 4.975096736479701631e-01 4.323826224482682501e-02 6.316749138032989136e-10 1.783040883579664445e-10
3.250000000000000111e-02 4.987823695794746381e-01 4.181653067035114024e-02 7.076740920780939222e-10 1.855607544430612644e-10
3.375000000000000222e-02 5.001355473314850197e-01 4.062153185910595543e-02 7.598557853621365090e-10 1.897737188759726835e-10
3.500000000000000333e-02 5.015291325159006997e-01 3.962937318634666972e-02 7.898196841250093935e-10 1.905230420428598367e-10
3.625000000000000444e-02 5.029344016565991948e-01 3.880417365489099296e-02 8.120036265924486233e-10 1.874056203228341244e-10
3.750000000000000555e-02 5.043309268393580957e-01 3.799598901175274546e-02 8.330708394250358735e-10 1.800618274974855209e-10
3.875000000000000666e-02 5.057043331379299511e-01 3.733151101885338885e-02 8.562486018948864086e-10 1.682129293448309801e-10
4.000000000000000777e-02 5.070446904031230551e-01 3.681619040877948806e-02 8.822503833208890007e-10 1.511156531392997310e-10
4.125000000000000888e-02 5.083453294052668880e-01 3.627768014136566188e-02 9.081255243032071089e-10 1.308096374941328590e-10
4.250000000000000999e-02 5.096019739379225033e-01 3.586866671985177585e-02 9.369443677865175171e-10 1.049067886776233173e-10
4.375000000000000416e-02 5.108121061565964460e-01 3.547700313542834910e-02 9.637226530169600019e-10 7.802025286476609292e-11
4.500000000000000527e-02 5.119745013428570468e-01 3.512554170221605238e-02 9.889776365210707287e-10 4.988648577179201890e-11
4.625000000000000638e-02 5.130888852717655491e-01 3.478294032801736158e-02 1.009745740467258818e-09 2.372239973569484575e-11
4.750000000000000749e-02 5.141556246013012643e-01 3.453847037964428296e-02 1.019361973762661356e-09 6.471289240738776765e-12
4.875000000000000860e-02 5.151755598166054551e-01 3.426254797282746178e-02 1.014934821391728584e-09 1.318561960329399827e-12
5.000000000000000278e-02 5.161676084894512018e-01 3.408198579908881809e-02 9.953223821442792973e-10 9.330369138324271205e-12
