# time 1 2 D-1 D
0.000000000000000000e+00 9.999999409414657148e-01 1.531907401704717350e-08 1.114431551894396782e-34 1.236399651874267066e-34
2.500000000000000052e-04 9.999979128996218103e-01 6.232529917336004618e-08 2.012579738269741204e-24 4.186754279282565026e-26
5.000000000000000104e-04 9.999673751470570249e-01 1.736418656978960369e-06 4.584961759796635368e-22 1.943555528753585655e-23
7.500000000000001240e-04 9.998393436319030769e-01 1.270421544362945778e-05 4.898035673166182190e-20 2.558881439393743991e-21
1.000000000000000021e-03 9.994966432830222347e-01 5.717679973971088629e-05 1.162242553881691614e-19 2.980659837990039310e-21
1.250000000000000026e-03 9.987468903267576747e-01 1.981688024181557151e-04 4.084105680246187581e-19 8.317771168642599483e-21
1.500000000000000248e-03 9.972579518678020838e-01 5.845243187579728193e-04 1.918249296078835113e-18 4.193679277584698304e-20
1.750000000000000253e-03 9.944333224353586465e-01 1.540142235757090920e-03 1.243959744551131279e-17 3.186740558154974063e-19
2.000000000000000042e-03 9.891902119656015291e-01 3.740831711372218527e-03 1.101119801013004929e-16 2.905551611557956635e-18
2.250000000000000264e-03 9.795862425770430759e-01 8.500004390781927890e-03 1.004224496125710582e-15 2.995691841240092755e-17
2.500000000000000052e-03 9.622476473030975308e-01 1.826312914934098350e-02 7.276713728993164190e-15 2.688814923394789053e-16
2.750000000000000274e-03 9.316972115553244782e-01 3.714031950650791003e-02 4.323281596945687107e-14 1.841501328588778133e-15
3.000000000000000496e-03 8.802782307947730756e-01 7.088867872882059773e-02 2.090954175725265669e-13 9.459244052411371392e-15
3.250000000000000284e-03 8.006651160645142928e-01 1.243728939716901016e-01 8.330467126086262124e-13 3.658921976441606881e-14
3.500000000000000507e-03 6.928345152285978470e-01 1.948471045480565100e-01 2.771904462436787411e-12 1.090062184877117464e-13
3.749999999999999861e-03 5.700552162055457783e-01 2.660538114507093876e-01 7.883173951407452337e-12 2.573015459251815904e-13
4.000000000000000083e-03 4.526797668030531629e-01 3.139395780845758432e-01 1.961186234129544083e-11 4.915504478800121417e-13
4.250000000000000305e-03 3.545926893717317729e-01 3.156747284763449790e-01 4.347476524169072743e-11 7.688496818211673227e-13
4.500000000000000527e-03 2.789734792075518888e-01 2.562533744234007926e-01 8.733855036724673261e-11 9.825971927915237202e-13
4.750000000000000749e-03 2.227851677839161326e-01 1.721332623009461382e-01 1.610231687425371818e-10 9.988745310600557785e-13
5.000000000000000104e-03 1.814032769717370541e-01 1.140290604667487523e-01 2.749983822853997390e-10 7.417846622662659020e-13
5.250000000000000326e-03 1.507124882222472817e-01 8.113752309347956049e-02 4.391772589307512600e-10 2.985723174136852621e-13
5.500000000000000548e-03 1.276002923546814549e-01 6.168445090456979585e-02 6.615644144507495500e-10 1.420650327716753004e-15
5.750000000000000770e-03 1.098553506704427890e-01 5.005143669544335344e-02 9.439376912617188515e-10 4.513939261959843717e-13
6.000000000000000992e-03 9.593822132484657039e-02 4.206712726790805962e-02 1.286038606154231001e-09 2.478163239097610360e-12
6.250000000000000347e-03 8.477663994330700281e-02 3.001912610348608443e-02 1.675738974313268379e-09 7.043387348194104401e-12
6.500000000000000569e-03 7.561488220693270146e-02 2.702885334799451714e-02 2.109182328981674272e-09 1.512339567684479845e-11
6.750000000000000791e-03 6.791039290661149419e-02 2.624060003382939002e-02 2.569270059342282658e-09 2.758480565506049084e-11
7.000000000000001013e-03 6.126457449803397737e-02 2.633609772314213573e-02 3.050043729838467152e-09 4.510414141025378671e-11
7.250000000000001235e-03 5.537672556004481772e-02 2.689118264604165032e-02 3.551782801310115925e-09 6.811648337836600764e-11
7.499999999999999722e-03 5.001343446273758681e-02 2.770951065954531736e-02 4.042879855737766397e-09 9.681488133458987229e-11
7.750000000000000812e-03 4.498913806507627566e-02 2.916129136665660329e-02 4.536545015901800407e-09 1.311474264055011597e-10
8.000000000000000167e-03 4.013749786282092002e-02 3.096752856224817274e-02 5.032895627787938338e-09 1.708640853790391445e-10
8.250000000000000389e-03 3.538855755649959745e-02 3.326476415470527165e-02 5.531404328063234559e-09 2.155753619479606637e-10
8.500000000000000611e-03 3.055396369131633053e-02 3.598618990510631804e-02 6.027798080269594640e-09 2.647918867559769448e-10
8.750000000000000833e-03 2.576621831279026290e-02 3.896914812432802216e-02 6.489883055917475226e-09 3.179533027053975294e-10
9.000000000000001055e-03 2.105716498606214834e-02 4.221371986635671925e-02 6.985267792315710003e-09 3.744933989954081862e-10
9.250000000000001277e-03 1.622127828211674186e-02 4.575951810687245436e-02 7.443153056233927600e-09 4.338305877503287085e-10
9.500000000000001499e-03 1.195332335682377546e-02 4.892265124348106620e-02 7.892006256193716637e-09 4.954116510280765794e-10
9.750000000000001721e-03 8.066269097708944277e-03 5.184460134131406439e-02 8.364335000204833645e-09 5.587184126089547006e-10
1.000000000000000021e-02 4.995699115556364103e-03 5.411231930143128865e-02 8.798875188298077539e-09 6.232695650526991447e-10
