# time 1 2 D-1 D
0.000000000000000000e+00 9.999999409414657148e-01 1.531907401704717350e-08 1.114431551894396782e-34 1.236399651874267066e-34
5.000000000000000104e-04 9.999986115089759542e-01 3.497159686603592034e-08 2.683217496711934160e-24 5.615042668169929862e-26
1.000000000000000021e-03 9.999780436930394423e-01 1.072630570218655249e-06 4.513118224060012082e-22 2.023389506426148973e-23
1.500000000000000248e-03 9.998900270944883761e-01 8.169693602334366446e-06 6.055842618855198129e-20 3.299813014378044218e-21
2.000000000000000042e-03 9.996478025043615823e-01 3.812876531510536114e-05 1.579965815355790301e-19 4.683553641483594698e-21
2.500000000000000052e-03 9.990997797232025190e-01 1.372123785188569920e-04 5.267305903207685834e-19 1.272215096854346930e-20
3.000000000000000496e-03 9.979705425865771362e-01 4.210483627481299124e-04 2.251686071030237709e-18 5.540641574708502646e-20
3.500000000000000507e-03 9.957454989098469822e-01 1.155862253927979243e-03 1.478789083412567614e-17 4.259628732693687959e-19
4.000000000000000083e-03 9.914583262702615363e-01 2.926149153610546443e-03 1.353485866246989001e-16 4.133028017817099630e-18
4.500000000000000527e-03 9.833200160692754377e-01 6.923845894983108110e-03 1.208372626281949134e-15 4.127336992107759133e-17
5.000000000000000104e-03 9.681302839198046017e-01 1.545555290792792295e-02 8.854335273542845607e-15 3.732946542812878580e-16
5.500000000000000548e-03 9.405468565977076478e-01 3.253782607579362718e-02 5.386482694998329570e-14 2.647614923918499254e-15
6.000000000000000992e-03 8.928753109049245573e-01 6.400403908474015802e-02 2.654424221117477978e-13 1.405363291198009118e-14
6.500000000000000569e-03 8.173731339828035347e-01 1.151574639195441646e-01 1.076067207692724845e-12 5.644448745022861379e-14
7.000000000000001013e-03 7.131399960029045637e-01 1.840830334917273325e-01 3.646722946393583933e-12 1.768301012760084615e-13
7.499999999999999722e-03 5.925251043637003168e-01 2.553142812493554015e-01 1.054774135247901023e-11 4.443576966018349826e-13
8.000000000000000167e-03 4.756022889935735409e-01 3.047154429621448113e-01 2.663039039223858876e-11 9.190097675011955809e-13
8.500000000000000611e-03 3.766893076717730549e-01 3.085605793047729861e-01 5.978305164763849785e-11 1.597511452433392247e-12
9.000000000000001055e-03 2.995996093089255408e-01 2.509061999301857582e-01 1.213400151509963990e-10 2.368292419478121475e-12
9.500000000000001499e-03 2.417620342662931687e-01 1.681349971129758591e-01 2.254456885944183209e-10 3.014088864367218347e-12
1.000000000000000021e-02 1.987958242612233306e-01 1.110882446144841051e-01 3.869958561924565913e-10 3.280925453461944769e-12
1.050000000000000065e-02 1.666797835115482462e-01 7.897457102906704773e-02 6.196847867127176692e-10 2.990186330462500941e-12
1.100000000000000110e-02 1.423188225551318686e-01 6.007801108097998721e-02 9.337238511648468482e-10 2.150181943898604677e-12
1.150000000000000154e-02 1.234866412142645170e-01 4.887273978320658824e-02 1.329612740949153695e-09 1.025001555828182583e-12
1.200000000000000198e-02 1.086182589164840645e-01 4.120759703778657107e-02 1.804653369809630882e-09 1.364285261476696679e-13
1.250000000000000069e-02 9.661454139951272668e-02 3.310783096748650539e-02 2.338797998191192173e-09 2.062376564839207579e-13
1.300000000000000114e-02 8.669486211693414046e-02 3.006651591669323720e-02 2.924142811611799580e-09 2.062470518542367460e-12
1.350000000000000158e-02 7.829445342521601514e-02 2.935663488960485804e-02 3.534344582208923943e-09 6.538540227739874073e-12
1.400000000000000203e-02 7.099494088630924071e-02 2.960946808686464385e-02 4.159417260122091744e-09 1.437883355372463119e-11
1.450000000000000247e-02 6.447771509059194162e-02 3.038263351991674771e-02 4.799135498958142699e-09 2.618418687004072380e-11
1.499999999999999944e-02 5.849275959916282880e-02 3.147091241508979259e-02 5.409565616588834844e-09 4.236678212985933810e-11
1.550000000000000162e-02 5.283889273558187161e-02 3.327352874286449574e-02 6.009483028782957448e-09 6.315290711073114100e-11
1.600000000000000033e-02 4.733239755273207366e-02 3.550048315460824222e-02 6.599367960817004370e-09 8.859725612414105841e-11
1.650000000000000078e-02 4.189789444896525883e-02 3.829978254625258927e-02 7.179763325926659684e-09 1.186105770641096850e-10
1.700000000000000122e-02 3.631949618456196266e-02 4.161355867709193995e-02 7.744876691091153568e-09 1.529919795024031296e-10
1.750000000000000167e-02 3.075462429734434136e-02 4.525204609387514093e-02 8.255296532615046999e-09 1.914444485798215261e-10
1.800000000000000211e-02 2.524343358546116481e-02 4.921034161163669735e-02 8.799424120994510098e-09 2.336228190561601051e-10
1.850000000000000255e-02 1.954483939147163424e-02 5.354938608156085966e-02 9.287512647976186342e-09 2.791562631245129805e-10
1.900000000000000300e-02 1.448483109940245164e-02 5.745491618368554765e-02 9.757329336709177126e-09 3.276565313939120189e-10
1.950000000000000344e-02 9.846839152006322052e-03 6.109356485063374698e-02 1.025070687771774894e-08 3.787336221134060781e-10
2.000000000000000042e-02 6.157313181386443388e-03 6.396474520278196130e-02 1.069282449587038401e-08 4.321382492910025892e-10
