# time 1 2 D-1 D
0.000000000000000000e+00 9.999999550319295105e-01 1.035278704160359160e-08 3.348735449653070534e-36 4.289544190043612169e-36
2.500000000000000486e-03 9.966995562863145697e-01 1.687934847074612355e-05 9.594434382921395822e-28 1.479521858408838243e-30
5.000000000000000971e-03 9.869059311423665770e-01 9.019629773449966761e-05 4.439336899273527730e-23 2.456987183711953552e-25
7.500000000000001457e-03 9.706029137127668571e-01 2.590018375328392202e-04 3.589256116112648607e-20 4.343944435623576233e-22
1.000000000000000194e-02 9.475069111331533289e-01 6.171993095656849596e-04 5.622250341435456729e-18 1.238762509563257975e-19
1.250000000000000069e-02 9.169925687992263041e-01 1.327467045933335187e-03 3.543976214398157942e-16 1.319514654276205235e-17
1.500000000000000291e-02 8.779399515434819223e-01 2.746658445784493432e-03 1.236100355711968862e-14 7.390429766567110754e-16
1.750000000000000167e-02 8.284310294385156537e-01 5.543961043393719201e-03 2.681872835993531220e-13 2.471666053976016685e-14
2.000000000000000389e-02 7.651564223722576719e-01 1.134025686358489451e-02 3.379912513344541430e-12 5.046874451370586804e-13
2.250000000000000264e-02 6.823144616632177417e-01 2.359395583084673495e-02 2.584487416899829242e-11 6.348106895456640537e-12
2.500000000000000139e-02 5.702761226393412430e-01 4.959943103648892931e-02 1.447945345591074463e-10 5.151960442502796949e-11
2.750000000000000361e-02 4.208037724752186626e-01 9.688731619326856892e-02 6.482262201977856660e-10 2.899139155302940671e-10
3.000000000000000583e-02 2.564024280144694412e-01 1.467772822971499802e-01 2.405886068095725923e-09 1.216164875786691124e-09
3.250000000000000111e-02 1.357357652072329612e-01 1.513285739932606899e-01 7.869826064072612301e-09 4.043862491569687564e-09
3.500000000000000333e-02 7.089732894851810685e-02 1.130360672665489952e-01 2.270184109545971252e-08 1.118712979708334912e-08
3.750000000000000555e-02 3.864851580693074579e-02 6.822365951317570232e-02 5.573607783765106309e-08 2.672467625843039943e-08
4.000000000000000777e-02 2.215703809320159270e-02 3.794790354041617519e-02 1.169064449668557473e-07 5.671592790240341458e-08
4.250000000000000999e-02 1.330487177891523549e-02 2.129917676829973239e-02 2.847497450178158361e-07 1.092829067772582275e-07
4.500000000000000527e-02 8.324765419252559348e-03 1.251614566385345767e-02 4.169385422060636128e-07 1.944379894696967863e-07
4.750000000000000749e-02 5.401049283381521154e-03 7.726740733483282095e-03 6.232589001893088103e-07 3.236975410773505132e-07
5.000000000000000278e-02 3.617613918028640945e-03 5.005105616143454977e-03 9.367071868832256967e-07 5.095511685046448212e-07
5.250000000000000500e-02 2.491833689499972464e-03 3.356384129824855310e-03 1.316005964483443433e-06 7.648705538784198460e-07
5.500000000000000722e-02 1.759146167129985693e-03 2.311822108091860384e-03 1.835142246999781524e-06 1.102324726503856415e-06
5.750000000000000944e-02 1.269139854122639660e-03 2.719147363954723231e-04 2.394995948790853974e-06 1.533862906667556359e-06
6.000000000000001166e-02 9.333942612474557853e-04 2.114950306306524947e-04 3.100356564000746216e-06 2.070280104158433000e-06
6.250000000000000000e-02 6.983220682515466939e-04 1.760265158135772333e-04 3.962290869089376344e-06 2.720905179465694385e-06
6.500000000000000222e-02 5.305295633810393728e-04 1.505016527479433313e-04 4.863903685749617228e-06 3.493371457557395104e-06
6.750000000000000444e-02 4.086741335277927563e-04 1.286926090103236101e-04 5.893161360249265895e-06 4.393512677873132238e-06
7.000000000000000666e-02 3.187959689797726943e-04 1.118952341680285264e-04 7.026821926524559375e-06 5.425308150289568046e-06
7.250000000000000888e-02 2.515705168744189219e-04 9.862444653767762578e-05 8.297844558802698023e-06 6.590930595570581714e-06
7.500000000000001110e-02 2.006481006212822962e-04 8.711533989145049705e-05 9.640863983168245090e-06 7.890812254191680689e-06
7.750000000000001332e-02 1.616285508242252394e-04 7.739993061502331085e-05 1.116477861601134660e-05 9.323761538051830388e-06
8.000000000000001554e-02 1.314129514373931938e-04 6.924975295423532523e-05 1.278125215714119437e-05 1.088712494042677307e-05
8.250000000000001776e-02 1.077927799908920387e-04 6.227913858521489591e-05 1.441532046182987489e-05 1.257688038914602312e-05
8.500000000000001998e-02 8.914664608796747213e-05 5.634695009343788929e-05 1.613188961015683310e-05 1.438791247043793260e-05
8.750000000000000833e-02 7.431667593353661163e-05 5.110776874096731689e-05 1.783112215784169247e-05 1.631397715231490834e-05
9.000000000000001055e-02 6.242434802113516876e-05 4.647765399982313077e-05 1.967088898462924707e-05 1.834815642211375783e-05
9.250000000000001277e-02 5.281640627080545357e-05 4.255463794423403219e-05 2.158529657174952356e-05 2.048256584920458417e-05
9.500000000000001499e-02 4.498892589339922643e-05 3.904640629934143931e-05 2.378270991756820286e-05 2.270923496295089249e-05
9.750000000000001721e-02 3.860515221173079598e-05 3.590707857437605728e-05 2.583597578408893919e-05 2.501934700576191592e-05
1.000000000000000056e-01 3.332219154756802621e-05 3.312889756627238335e-05 2.785963606919151110e-05 2.740354326567237900e-05
