# time 1 2 D-1 D
0.000000000000000000e+00 9.999999494169227177e-01 1.294548737246477303e-08 1.245900033951811738e-35 1.440095374127499686e-36
5.000000000000000104e-04 9.993605584866049885e-01 8.813062521561072769e-07 8.045788817309221393e-33 2.382904406418731899e-36
1.000000000000000021e-03 9.972565309216424589e-01 1.818989983950715849e-05 1.683871530040314162e-28 5.686935554510360107e-32
1.500000000000000248e-03 9.932941144401660205e-01 1.113848063187244247e-04 8.312158112768483879e-26 1.236356139696972911e-28
2.000000000000000042e-03 9.869014562953606351e-01 4.130111681691104393e-04 6.467656863571190832e-24 3.183932525443499672e-26
2.500000000000000052e-03 9.773023977332464529e-01 1.166739781225154850e-03 2.293694335861794562e-22 2.471440749502482752e-24
3.000000000000000496e-03 9.635017958183810238e-01 2.778005795363110066e-03 3.808744601195982113e-21 8.702492288137885240e-23
3.500000000000000507e-03 9.442898111697161090e-01 5.795170571339314063e-03 4.109233160684483527e-20 1.722857847731150538e-21
4.000000000000000083e-03 9.182712007266665699e-01 1.104968345131757124e-02 2.810739590752036275e-19 2.170630777268478948e-20
4.500000000000000527e-03 8.839258705831840590e-01 1.972996987406434172e-02 1.465469790045506729e-18 1.881468914372362903e-19
5.000000000000000104e-03 8.397182020255177237e-01 3.286454717348232663e-02 5.099961528240798375e-18 1.183967953824766702e-18
5.500000000000000548e-03 7.842998769799314207e-01 5.193806345001546892e-02 1.190622261447086606e-17 5.639918619842299413e-18
6.000000000000000992e-03 7.168765528586799052e-01 8.384565229735721492e-02 1.724241965416798856e-17 2.109003994400422164e-17
6.500000000000000569e-03 6.377764855739377348e-01 3.593807660245830482e-02 1.097927462608402591e-17 6.401390156138836329e-17
7.000000000000001013e-03 5.490948176348110499e-01 3.796178231162666838e-02 1.342935700799294595e-20 1.626410303045208968e-16
7.499999999999999722e-03 4.550207524325477482e-01 4.599149364616579583e-02 5.784180365019016509e-17 3.555888372592154810e-16
8.000000000000000167e-03 3.613755992748780010e-01 5.483777691825373474e-02 3.432058906499432493e-16 6.851686984457989512e-16
8.500000000000000611e-03 2.743228704813739927e-01 6.292988524911594106e-02 1.018254912020563703e-15 1.187107074277458444e-15
9.000000000000001055e-03 1.988566160636096869e-01 6.856290262906843125e-02 2.194616316490759387e-15 1.880323864510039919e-15
9.500000000000001499e-03 1.378352147504045555e-01 7.080419270247542696e-02 3.745073668144785383e-15 2.759877084213718595e-15
1.000000000000000021e-02 9.167043709430920673e-02 6.844090780572793797e-02 5.499027817678148200e-15 3.795507608356600447e-15
1.050000000000000065e-02 5.883251465866163460e-02 6.255092308515100563e-02 7.260784820134882140e-15 4.934540422661282054e-15
1.100000000000000110e-02 3.667094617102776427e-02 5.419452997757241014e-02 8.866849800228058250e-15 6.117550926955665870e-15
1.150000000000000154e-02 2.232954515477702032e-02 4.442281808268380011e-02 1.025422873022133505e-14 7.281541635941982839e-15
1.200000000000000198e-02 1.334130143641410436e-02 3.401717846681336782e-02 1.123634670968457658e-14 8.378659242284597677e-15
1.250000000000000069e-02 7.843927126145412362e-03 2.332368735926878059e-02 1.182762904601891192e-14 9.363390553140907264e-15
1.300000000000000114e-02 4.546192844893167696e-03 1.380899066996824770e-02 1.220127223208835695e-14 1.023219170706875145e-14
1.350000000000000158e-02 2.600074552860535525e-03 6.987481233870267150e-03 1.215446578342709698e-14 1.099977039070268021e-14
1.400000000000000203e-02 1.468255591168684225e-03 3.153973302042357291e-03 1.194843698657868294e-14 1.166989735701674603e-14
1.450000000000000247e-02 8.188996562555459933e-04 1.477834749321594709e-03 1.158141299045443835e-14 1.226232005207632137e-14
1.499999999999999944e-02 4.511546156421250586e-04 7.231233194632340731e-04 1.095150684056949300e-14 1.279871595429589409e-14
1.550000000000000162e-02 2.455137024043668129e-04 3.881839217692977244e-04 1.021853904853072049e-14 1.329203138299225168e-14
1.600000000000000033e-02 1.319542132634105567e-04 2.149859769365836614e-04 9.334360390389303263e-15 1.385205630917264385e-14
1.650000000000000078e-02 7.002773439475076724e-05 1.205022814548216404e-04 8.313413071168961471e-15 1.444963307093139773e-14
1.700000000000000122e-02 3.668425970137259269e-05 6.730193428731508665e-05 7.203137662455624762e-15 1.507977184546726416e-14
1.750000000000000167e-02 1.896128411493964733e-05 4.082760710802428122e-05 6.029277765923821236e-15 1.584146755209046353e-14
1.800000000000000211e-02 9.664458899766911732e-06 2.363864985066885482e-05 4.768497579400316342e-15 1.668080976935215806e-14
1.850000000000000255e-02 4.853351945769266476e-06 1.300082574337234298e-05 3.546916016663409050e-15 1.749072953391311554e-14
1.900000000000000300e-02 2.398425706094659801e-06 7.202864471477489067e-06 2.368903362471014571e-15 1.837680846593612783e-14
1.950000000000000344e-02 1.164267139424173063e-06 4.114400370220152560e-06 1.349873020133784923e-15 1.913701414477062269e-14
2.000000000000000042e-02 5.536061300591253177e-07 2.323294374268229055e-06 6.237131460648495705e-16 1.964064565720023104e-14
