# time 1 2 D-1 D
0.000000000000000000e+00 9.999999796764621474e-01 3.721579493539522268e-09 8.857717275430567001e-36 1.495247181345181843e-35
2.500000000000000052e-04 9.999813038052193237e-01 8.131339355918990628e-07 1.683272146199106703e-25 5.590298838739976803e-27
5.000000000000000104e-04 9.997069590177671827e-01 1.881463555478883018e-05 1.327495078526621042e-21 4.103992784843670067e-23
7.500000000000001240e-04 9.985660052881468740e-01 1.279151169397607288e-04 4.420195690363121070e-21 3.514960595017097626e-23
1.000000000000000021e-03 9.956043383598851548e-01 5.338437017127405310e-04 1.838264981212941304e-20 3.293259297806610533e-23
1.250000000000000026e-03 9.894834440550668297e-01 1.715359498499457493e-03 9.368437791762916694e-20 6.816315393083462266e-23
1.500000000000000248e-03 9.782758240729698684e-01 4.677473027028348010e-03 6.378472006739069799e-19 2.941151968337700536e-23
1.750000000000000253e-03 9.590277388966591543e-01 1.136662143456610569e-02 5.995118302882224978e-18 1.301119419663917863e-20
2.000000000000000042e-03 9.270750930364135556e-01 2.543624240558334942e-02 6.477138664337944310e-17 8.847494326076245233e-19
2.250000000000000264e-03 8.754304118516635924e-01 5.280664916431586364e-02 4.345314844346213790e-16 2.054152354545910627e-17
2.500000000000000052e-03 7.957582045656405034e-01 1.009767383113113204e-01 1.554953630947757500e-15 2.543129647697217824e-16
2.750000000000000274e-03 6.842371756204949085e-01 1.733608555418290897e-01 3.427647351866226069e-15 1.990322894301357406e-15
3.000000000000000496e-03 5.514778185705113689e-01 2.594599365781148914e-01 4.177701137396240549e-15 1.091626112550235708e-14
3.250000000000000284e-03 4.213717972191782235e-01 3.356534953670116117e-01 1.473814933676764599e-15 4.515085882333326747e-14
3.500000000000000507e-03 3.132424828612854206e-01 3.808104413670372335e-01 1.569785053918927382e-15 1.487071264677182857e-13
3.749999999999999861e-03 2.318898256420607040e-01 3.808760259453814467e-01 3.435864200894440447e-14 4.076398781423679637e-13
4.000000000000000083e-03 1.732219969046975283e-01 3.207887580497182367e-01 1.669026579215004279e-13 9.614528218566610878e-13
4.250000000000000305e-03 1.312846871906789559e-01 1.785532080086815188e-01 5.036779918180569578e-13 2.001625844757888929e-12
4.500000000000000527e-03 1.010991015060335313e-01 7.807441244119588120e-02 1.172902273492153829e-12 3.756306701702727753e-12
4.750000000000000749e-03 7.908353170885039363e-02 4.660403648041362701e-02 2.302633378244467504e-12 6.462808671919821380e-12
5.000000000000000104e-03 6.278083232122808055e-02 3.379024817299727118e-02 3.997276812262240792e-12 1.033881348233491022e-11
5.250000000000000326e-03 5.052186771406258492e-02 2.688290028288353728e-02 6.312166106738345266e-12 1.553782313230184468e-11
5.500000000000000548e-03 4.116688952538702373e-02 2.250481829922289928e-02 9.260759826297349298e-12 2.215280739674868028e-11
5.750000000000000770e-03 3.392876382007233016e-02 1.962921878212690180e-02 1.280302760814426688e-11 3.018615949498994556e-11
6.000000000000000992e-03 2.825637709493113159e-02 1.748238650113913620e-02 1.686452965256852791e-11 3.956923436461130976e-11
6.250000000000000347e-03 2.375826011637181129e-02 1.579011898015683993e-02 2.133737693200135803e-11 5.015359956692113096e-11
6.500000000000000569e-03 2.015233021771857536e-02 1.452458629301025400e-02 2.610244105387213362e-11 6.176038877020824372e-11
6.750000000000000791e-03 1.723248522119785048e-02 1.344271118128380869e-02 3.103502880102596548e-11 7.414159328065338367e-11
7.000000000000001013e-03 1.484614934806969058e-02 1.252512795727048038e-02 3.601223637636597525e-11 8.706487775768174928e-11
7.250000000000001235e-03 1.287896947754350700e-02 1.177567865002171650e-02 4.093142814566340865e-11 1.003133199923809340e-10
7.499999999999999722e-03 1.124422446389345374e-02 1.109017938930057304e-02 4.572798707081830034e-11 1.136719613711734227e-10
7.750000000000000812e-03 9.875524376059969731e-03 1.050706026788364097e-02 5.026542890371210789e-11 1.268491482084102809e-10
8.000000000000000167e-03 8.721440700124932430e-03 9.973562080980217376e-03 5.456261864556642302e-11 1.398102955135765145e-10
8.250000000000000389e-03 7.741856317053627361e-03 9.513075245535696986e-03 5.856715802162883298e-11 1.523855915443560300e-10
8.500000000000000611e-03 6.905202387479829514e-03 9.084420048223292715e-03 6.224595315902269542e-11 1.643208997610197504e-10
8.750000000000000833e-03 6.186407509710830505e-03 8.718786364044023296e-03 6.560503812803543402e-11 1.757365029856749213e-10
9.000000000000001055e-03 5.565462336144419778e-03 8.359897412377590223e-03 6.863887837848889062e-11 1.865481165229789867e-10
9.250000000000001277e-03 5.026261422936956907e-03 8.037483149292061133e-03 7.138834523233191782e-11 1.966141789863615192e-10
9.500000000000001499e-03 4.555768110893085483e-03 7.721927372984355165e-03 7.382487810006615352e-11 2.059890188685941009e-10
9.750000000000001721e-03 4.143325572545366806e-03 7.445348225755457801e-03 7.604868913495265354e-11 2.147660567426744937e-10
1.000000000000000021e-02 3.780302704863469816e-03 7.195728567478931227e-03 7.807480077142283617e-11 2.228269017872482704e-10
