# time 1 2 D-1 D
0.000000000000000000e+00 9.999999872924001387e-01 2.335696011644508180e-09 3.385218018856794550e-34 6.859832383093623210e-34
1.250000000000000243e-03 9.991468009542688877e-01 5.010286369400447443e-07 1.180742547667238456e-17 1.479616890293117730e-22
2.500000000000000486e-03 9.964008080586890248e-01 1.232600572207154593e-05 3.736462971562436284e-15 8.119419971325725551e-19
3.750000000000000729e-03 9.914508149151255445e-01 9.166411397095284186e-05 1.159315683614986145e-13 1.389010530513699237e-16
5.000000000000000971e-03 9.839538646095947749e-01 4.339445802561571605e-04 1.348330054834947017e-12 5.623807706581800011e-15
6.250000000000000347e-03 9.735250914496927921e-01 1.596637637912397311e-03 8.780993108786154846e-12 9.910620860101711412e-14
7.500000000000001457e-03 9.596965846961230673e-01 4.825606337233386695e-03 3.760443864619661030e-11 9.722978514560545463e-13
8.750000000000000833e-03 9.421964803434546010e-01 1.191042466703342781e-02 1.141429585706763453e-10 5.968406616359277866e-12
1.000000000000000194e-02 9.221572235772896864e-01 2.364865553553533589e-02 2.574924502937613683e-10 2.473159281895064648e-11
1.125000000000000132e-02 9.028009814185828930e-01 3.812586585735308620e-02 4.522359514372348788e-10 7.446987503621135772e-11
1.250000000000000069e-02 8.872993949352716569e-01 4.930624551095866281e-02 6.475821442018200218e-10 1.777060545836801820e-10
1.375000000000000180e-02 8.765977114353591393e-01 4.328898287248605231e-02 7.866974361051287375e-10 3.588020880900634845e-10
1.500000000000000291e-02 8.698857920687675938e-01 1.735030458731870451e-02 8.276051634739089160e-10 6.466771978651086925e-10
1.625000000000000056e-02 8.659183483019119443e-01 9.467216631349487099e-03 7.674807487831363090e-10 1.054342445585085252e-09
1.750000000000000167e-02 8.636811834451246783e-01 7.253756431266636211e-03 6.338888121625327513e-10 1.580275236393145670e-09
1.875000000000000278e-02 8.624999229680023749e-01 6.341796826130383091e-03 4.820475827012572200e-10 2.201637235984936411e-09
2.000000000000000389e-02 8.619607305318560675e-01 5.849046489627361331e-03 3.488791551324475376e-10 2.911438767412455101e-09
2.125000000000000500e-02 8.618160093632162289e-01 5.487423254519345657e-03 2.507562413001347983e-10 3.715731147230931323e-09
2.250000000000000264e-02 8.619170159643357865e-01 5.246334566998817756e-03 1.832485684154914139e-10 4.634437694968301760e-09
2.375000000000000375e-02 8.621725875143804174e-01 5.086850050204466851e-03 1.452269888064982976e-10 5.681003597995885343e-09
2.500000000000000139e-02 8.625253282334917060e-01 4.931647800538857367e-03 1.182568484691308091e-10 6.885909511992544449e-09
2.625000000000000250e-02 8.629380507986721405e-01 4.796279191544457025e-03 1.085998800266318685e-10 8.255674761037247261e-09
2.750000000000000361e-02 8.633860417883429950e-01 4.708664581104334348e-03 9.760152477819662316e-11 9.822036346753959025e-09
2.875000000000000472e-02 8.638526110722154483e-01 4.616999953403286110e-03 9.272258635645562056e-11 1.159035990418946016e-08
3.000000000000000583e-02 8.643262191526551730e-01 4.531484822955142086e-03 1.034763730293763188e-10 1.356197328129121507e-08
3.125000000000000000e-02 8.647989557442246067e-01 4.458602304579276608e-03 1.578180375887568911e-08 9.354640887000939802e-11
3.250000000000000111e-02 8.652653145280462255e-01 4.413746330640570988e-03 1.823515485851024067e-08 8.133771393496345330e-11
3.375000000000000222e-02 8.657215837083729326e-01 4.348269558344736857e-03 2.089862453404877744e-08 8.844783606475462599e-11
3.500000000000000333e-02 8.661652181784520454e-01 4.312182116825454166e-03 2.378408229076565130e-08 9.130493138664914414e-11
3.625000000000000444e-02 8.665946419747029283e-01 4.269956735383788685e-03 2.687236852412009435e-08 8.676606955460297800e-11
3.750000000000000555e-02 8.670088588922252315e-01 4.236450093247008317e-03 3.010481455920790676e-08 9.485360323999149415e-11
3.875000000000000666e-02 8.674074011752544999e-01 4.192279252034174057e-03 3.345244209247186003e-08 9.092452701756890625e-11
4.000000000000000777e-02 8.677900788224918172e-01 4.163153295798996574e-03 3.683712037099274749e-08 9.457138830749698953e-11
4.125000000000000888e-02 8.681570035444896583e-01 4.144037924415460566e-03 4.013001642363538364e-08 9.534541960988960786e-11
4.250000000000000999e-02 8.685084137938127169e-01 4.116292479465033342e-03 4.328119999057408482e-08 9.193936514734252545e-11
4.375000000000000416e-02 8.688447047060818829e-01 4.099815628620309162e-03 4.616102934819123474e-08 9.360580882911289094e-11
4.500000000000000527e-02 8.691663172791866954e-01 4.079109955225631266e-03 4.866288058577194625e-08 9.389364520415497581e-11
4.625000000000000638e-02 8.694737774270323571e-01 4.072109629723119108e-03 5.072514079983327792e-08 9.117240577364078437e-11
4.750000000000000749e-02 8.697676163956371553e-01 4.059246333753182938e-03 5.228159439780362469e-08 9.595173195375513043e-11
4.875000000000000860e-02 8.700483964319436492e-01 4.039266805676945855e-03 5.334305319305725510e-08 9.578128464631791642e-11
5.000000000000000278e-02 8.703200092688733180e-01 4.032659226920501556e-03 5.389152465959294453e-08 9.369531875870587313e-11
