# time 1 2 D-1 D
0.000000000000000000e+00 9.999999661140431817e-01 1.581635325609688141e-10 3.217107633009821196e-35 1.055373521847635137e-35
5.000000000000000104e-04 9.993161286489734563e-01 5.267675982081797860e-06 3.239469034631769204e-28 1.153624114226148594e-25
1.000000000000000021e-03 9.970700221617275760e-01 1.050876114519062974e-04 4.685417617438041731e-24 5.944765286214391585e-22
1.500000000000000248e-03 9.927828039573654006e-01 6.324063411642647696e-04 1.442970238854661089e-21 9.046551947216753121e-20
2.000000000000000042e-03 9.855588362487802678e-01 2.237541960187496796e-03 9.908072023568609988e-20 3.065215121610683968e-18
2.500000000000000052e-03 9.739485818609888712e-01 5.493367473742840831e-03 2.564991866176426441e-18 4.310126722238415041e-17
3.000000000000000496e-03 9.562086859412921580e-01 1.089719021538737044e-02 3.538737217279031307e-17 3.307990843447581183e-16
3.500000000000000507e-03 9.312040944856422309e-01 1.893303916475425064e-02 3.045323918752486426e-16 1.613199509034796687e-15
4.000000000000000083e-03 8.994498656372773571e-01 2.999343040467855950e-02 1.912687535956672105e-15 5.561486157416468972e-15
4.500000000000000527e-03 8.632626629149747766e-01 4.334982467846007492e-02 8.729666361676728170e-15 1.487816255662246195e-14
5.000000000000000104e-03 8.258509584989353058e-01 5.748741567930384933e-02 3.103193042321129899e-14 3.380025250937355498e-14
5.500000000000000548e-03 7.901953576933338219e-01 7.071602176623512093e-02 8.959878935957360643e-14 7.076184464833490439e-14
6.000000000000000992e-03 7.583760875712521887e-01 8.217592216675760619e-02 2.192381377454039931e-13 1.446368495023856845e-13
6.500000000000000569e-03 7.314208860759784381e-01 9.139878786131215571e-02 4.661577950862903307e-13 2.947332007471336991e-13
7.000000000000001013e-03 7.094954559894418589e-01 9.724725342624444824e-02 8.909166244637954907e-13 5.905599877504066684e-13
7.499999999999999722e-03 6.922207036855814177e-01 9.587212210586730510e-02 1.580395755676613570e-12 1.128214069180681827e-12
8.000000000000000167e-03 6.789599272420395737e-01 7.927725527988919996e-02 2.721879755918966772e-12 2.001001752531509379e-12
8.500000000000000611e-03 6.690135122957459046e-01 5.389715268056027853e-02 4.737689380629337494e-12 3.259114124901745031e-12
9.000000000000001055e-03 6.617250393392467567e-01 3.645626906700488029e-02 8.782506891513759148e-12 4.890769658720126274e-12
9.500000000000001499e-03 6.565263243736738641e-01 2.700975300279150754e-02 1.881035080484905531e-11 6.833279775342920094e-12
1.000000000000000021e-02 6.529477982390018420e-01 2.163344182857453168e-02 3.639230657767576217e-11 8.998445198574698686e-12
1.050000000000000065e-02 6.506119104323212499e-01 1.835128198781854625e-02 4.332521453997465411e-11 1.129316787234179171e-11
1.100000000000000110e-02 6.492205877029513239e-01 1.598215752492389979e-02 4.674347519343748619e-11 1.363643316133443435e-11
1.150000000000000154e-02 6.485410480704459912e-01 1.431300410868360101e-02 4.976143019782037551e-11 1.596452896074260535e-11
1.200000000000000198e-02 6.483928070156224077e-01 1.309982262341016952e-02 5.237003348705259984e-11 1.823126806345116341e-11
1.250000000000000069e-02 6.486367946228072112e-01 1.204859021215848140e-02 5.420897288785405899e-11 2.040846023597071813e-11
1.300000000000000114e-02 6.491661923024799608e-01 1.122680185304866622e-02 5.560301817842002555e-11 2.247818108161753261e-11
1.350000000000000158e-02 6.498992554676510380e-01 1.053749279481349874e-02 5.642646757947977089e-11 2.443356383862124911e-11
1.400000000000000203e-02 6.507736114116283721e-01 9.870883868182923557e-03 5.684619339219695575e-11 2.627589977177652988e-11
1.450000000000000247e-02 6.517418426971665069e-01 9.350494496513279269e-03 5.688783824755704592e-11 2.799225847403409624e-11
1.499999999999999944e-02 6.527680499098590383e-01 8.926917947856072635e-03 5.657327233790675058e-11 2.959515882950123196e-11
1.550000000000000162e-02 6.538251884200787512e-01 8.552089215182773208e-03 5.587319418158949820e-11 3.116064964995384339e-11
1.600000000000000033e-02 6.548930432409262314e-01 8.151217057001265351e-03 5.490791663576339957e-11 3.268708736203976841e-11
1.650000000000000078e-02 6.559566457119019312e-01 7.839598890928185099e-03 5.371870687255343929e-11 3.410369789014585166e-11
1.700000000000000122e-02 6.570050341482706058e-01 7.604009229366718442e-03 5.209251654854198904e-11 3.568795283436150514e-11
1.750000000000000167e-02 6.580302855521712457e-01 7.316401927644866458e-03 5.006175480948461240e-11 3.744120715219508787e-11
1.800000000000000211e-02 6.590269027719567463e-01 7.099609604433886403e-03 4.760215493500096731e-11 3.944061316521271914e-11
1.850000000000000255e-02 6.599911305835747255e-01 6.923243880983745956e-03 4.410440112740108722e-11 4.231728963343232834e-11
1.900000000000000300e-02 6.609205980215198117e-01 6.733371903583477286e-03 3.791811942331425687e-11 4.774804811032286266e-11
1.950000000000000344e-02 6.618139859515321799e-01 6.547181586260187106e-03 2.530509078165701226e-11 5.950870280997928530e-11
2.000000000000000042e-02 6.626710232927919275e-01 6.432892364727316008e-03 6.598096522893918734e-13 8.322459594304459679e-11
