# time 1 2 D-1 D
0.000000000000000000e+00 9.999999861253034972e-01 2.979241677346121058e-09 1.737968397690752081e-34 1.493818221024962794e-33
2.500000000000000486e-03 9.993952709987736771e-01 9.410655194925465921e-06 3.766605423533249638e-17 2.119318726687770439e-23
5.000000000000000971e-03 9.973146412211094658e-01 1.837259055144003399e-04 1.200884391378742750e-14 9.283708673248644378e-20
7.500000000000001457e-03 9.929527706322396341e-01 1.147138557932321024e-03 3.635067279193089113e-13 1.108680446487600241e-17
1.000000000000000194e-02 9.846055507499696935e-01 4.430880473109632955e-03 4.270429261704850410e-12 2.937005101352416004e-16
1.250000000000000069e-02 9.691642860290030637e-01 1.301442791810770126e-02 2.939960297545186453e-11 3.188469740133304839e-15
1.500000000000000291e-02 9.419556059198032072e-01 3.142987031878555215e-02 1.434199525223680519e-10 1.771759484610643653e-14
1.750000000000000167e-02 8.979351739461390869e-01 6.441531773665250260e-02 5.481418903852137451e-10 4.970712923686558082e-14
2.000000000000000389e-02 8.349844825957083438e-01 1.129499940280922210e-01 1.738502318988173380e-09 3.735740267967981583e-14
2.250000000000000264e-02 7.572889782647099777e-01 1.714490429684231709e-01 4.777263218917882711e-09 1.388209591074663757e-13
2.500000000000000139e-02 6.743958393896015702e-01 2.272828929510364582e-01 1.164085540830185268e-08 5.448414847902966060e-12
2.750000000000000361e-02 5.959826857278409662e-01 2.588585575783677872e-01 2.564544973993467369e-08 5.717347127862925116e-11
3.000000000000000583e-02 5.278193185377466623e-01 2.334431351735688775e-01 5.159674410881375655e-08 3.782416465555247389e-10
3.250000000000000111e-02 4.715491896397334126e-01 1.770929405517122912e-01 9.556792396105226186e-08 1.973273795791781626e-09
3.500000000000000333e-02 4.263584255834965142e-01 1.339544127843033672e-01 1.625442780622617181e-07 8.328636297465589281e-09
3.750000000000000555e-02 3.904960529994447871e-01 1.067476439151491541e-01 2.530457789638999262e-07 2.884588612397673742e-08
4.000000000000000777e-02 3.621090295716383745e-01 8.670254615957444233e-02 3.599058503110896635e-07 8.106181467606820278e-08
4.250000000000000999e-02 3.395747577463163469e-01 7.456448967045033183e-02 4.791446853412244589e-07 1.791350252183721153e-07
4.500000000000000527e-02 3.215806448915275451e-01 6.474387030958346501e-02 6.183951213401943341e-07 3.263207735921809279e-07
4.750000000000000749e-02 3.071026804872949434e-01 5.765262408831015734e-02 7.986013004192437434e-07 5.136803795444301387e-07
5.000000000000000278e-02 2.953546219212477841e-01 5.210231093759491033e-02 1.039944430655380529e-06 7.331312180513308042e-07
5.250000000000000500e-02 2.857360374056700514e-01 4.635752170505602621e-02 1.359492827932578183e-06 9.780732025129974486e-07
5.500000000000000722e-02 2.777883429712192376e-01 4.563747678694696913e-02 1.738662704637748464e-06 1.243316058546476051e-06
5.750000000000000944e-02 2.711601861841197447e-01 4.594908012197362890e-02 1.830933234481756530e-06 1.524410984559849390e-06
6.000000000000001166e-02 2.655810809869834643e-01 6.859093865627703679e-02 1.512888274169039800e-06 1.817373386199851681e-06
6.250000000000000000e-02 2.608416930041499993e-01 4.354652318946565515e-02 1.398930921148839253e-06 2.118580552427430719e-06
6.500000000000000222e-02 2.567790794950381428e-01 4.091419465282648826e-02 1.361246112996203676e-06 2.424738813849579050e-06
6.750000000000000444e-02 2.532656799827606164e-01 3.726560485443677906e-02 1.325068238654857060e-06 2.732853954397378479e-06
7.000000000000000666e-02 2.502010734197191999e-01 3.691056726630643353e-02 1.265738744372281727e-06 3.040212538896171531e-06
7.250000000000000888e-02 2.475057184690620526e-01 3.555111875914716835e-02 1.192195895388033661e-06 3.344405873820069486e-06
7.500000000000001110e-02 2.451162999593304859e-01 3.604997704258819380e-02 1.105831774120786607e-06 3.643157971217281969e-06
7.750000000000001332e-02 2.429821419999723120e-01 3.713539833963782483e-02 1.011668540049287157e-06 3.934674740112041339e-06
8.000000000000001554e-02 2.410624653456982791e-01 3.616631849597710252e-02 9.145823121200806816e-07 4.217478943409136628e-06
8.250000000000001776e-02 2.393242814640701710e-01 3.635495419171264064e-02 8.192637010227059594e-07 4.489756687616338326e-06
8.500000000000001998e-02 2.377407688711842826e-01 3.694761077975079050e-02 7.241832865619667870e-07 4.751272349574659450e-06
8.750000000000000833e-02 2.362900097487529161e-01 3.520977042201174634e-02 6.337212059009991267e-07 5.001389335090371689e-06
9.000000000000001055e-02 2.349540009904388660e-01 3.522590092123732003e-02 5.493373663321244725e-07 5.238744022038851862e-06
9.250000000000001277e-02 2.337178786551105114e-01 3.682514210146382166e-02 4.725962839915663080e-07 5.464485115630900896e-06
9.500000000000001499e-02 2.325693172916700191e-01 3.658463858357851456e-02 4.011341353688068378e-07 5.678373430305848449e-06
9.750000000000001721e-02 2.314980407543527352e-01 3.629422547121792519e-02 3.393878593592118890e-07 5.879432411178290195e-06
1.000000000000000056e-01 2.304958151564882873e-01 3.507834215054121685e-02 2.826050260812581703e-07 6.071280894324179143e-06
