# time 1 2 D-1 D
0.000000000000000000e+00 9.999999861253034972e-01 2.979241677346121058e-09 1.737968397690752081e-34 1.493818221024962794e-33
2.500000000000000486e-03 9.994048909812888182e-01 5.361935454045509104e-07 3.761290218314911546e-17 3.262203601202480965e-22
5.000000000000000971e-03 9.975028694839627175e-01 1.035087317302712905e-05 1.185977793919924937e-14 1.718353560466062058e-18
7.500000000000001457e-03 9.941230547228496750e-01 6.777460155664598632e-05 3.468682661841093431e-13 2.703128536542352220e-16
1.000000000000000194e-02 9.891183234134541813e-01 2.819407075944060839e-04 3.772513481151234552e-12 9.661020189614871120e-15
1.250000000000000069e-02 9.823906699255247066e-01 9.088234192428119168e-04 2.245639866434110447e-11 1.437487965505167009e-13
1.500000000000000291e-02 9.739232449186090435e-01 2.434952046043473931e-03 8.578002998420925576e-11 1.129973343605006298e-12
1.750000000000000167e-02 9.638662061903975342e-01 5.539827750106216496e-03 2.255042947364546486e-10 5.188107574657534309e-12
2.000000000000000389e-02 9.527582258561102524e-01 1.068849968504006348e-02 4.237690056034760668e-10 1.452940489944029707e-11
2.250000000000000264e-02 9.417145580348631473e-01 1.760627106142944112e-02 5.943013348709800457e-10 2.557304873890947825e-11
2.500000000000000139e-02 9.320937085765438335e-01 2.503580790843074055e-02 6.565142301671215697e-10 2.948896209957514420e-11
2.750000000000000361e-02 9.247506147889671402e-01 3.043042168337936962e-02 6.128383843520068369e-10 2.368863758131038049e-11
3.000000000000000583e-02 9.197196942199047376e-01 2.935737030363465630e-02 5.215063300676426737e-10 1.433936493794706328e-11
3.250000000000000111e-02 9.165243476485609442e-01 2.392235320756529518e-02 4.329181873707267470e-10 6.801782856489328995e-12
3.500000000000000333e-02 9.145932872656958867e-01 1.943403598883957153e-02 3.692933107798923349e-10 2.441230743920053384e-12
3.750000000000000555e-02 9.134697139808221067e-01 1.656190426100388052e-02 3.337378445062664834e-10 4.107617351414650812e-13
4.000000000000000777e-02 9.128459513646536294e-01 1.433520882773612823e-02 3.219148172928508995e-10 4.037740217479204449e-13
4.250000000000000999e-02 9.125305993269924310e-01 1.302902792652546604e-02 3.278710888061018104e-10 2.145328341449639152e-12
4.500000000000000527e-02 9.124080155050451335e-01 1.190623061025386682e-02 3.468309513829894501e-10 4.798886826723644212e-12
4.750000000000000749e-02 9.124083674181528991e-01 1.109212127148270777e-02 3.738827276439129411e-10 7.382843292473554248e-12
5.000000000000000278e-02 9.124885903854971225e-01 1.044156331221608031e-02 4.003951173087601825e-10 9.619021371153103997e-12
5.250000000000000500e-02 9.126214224943248743e-01 9.676123700948204009e-03 4.086190020782729081e-10 1.151361391808414373e-11
5.500000000000000722e-02 9.127890166915564318e-01 9.756522350621811210e-03 3.536927050786996175e-10 1.313859450213410723e-11
5.750000000000000944e-02 9.129793125111068663e-01 9.990559905538695662e-03 1.579702509013376393e-10 1.454771485750489660e-11
6.000000000000001166e-02 9.131839458245319952e-01 1.223856945993627605e-02 3.360142959017539200e-11 1.577392244246359470e-11
6.250000000000000000e-02 9.133969809412839647e-01 6.947025697151041658e-03 1.168159004777885419e-11 1.683221495517099263e-11
6.500000000000000222e-02 9.136141251939626784e-01 6.475177081826389777e-03 6.768262739718096572e-12 1.774365345647960200e-11
6.750000000000000444e-02 9.138322494141544183e-01 5.786412916001233524e-03 5.058676228572586452e-12 1.851021338203340091e-11
7.000000000000000666e-02 9.140490619091550251e-01 5.736546664728470538e-03 3.982053267141455261e-12 1.915686368878347990e-11
7.250000000000000888e-02 9.142628882140709790e-01 5.484922457234035938e-03 3.256303257062816660e-12 1.967988698234117981e-11
7.500000000000001110e-02 9.144724880719705684e-01 5.598080997551295110e-03 2.647998681869148598e-12 2.010174432191866660e-11
7.750000000000001332e-02 9.146770011562831426e-01 5.829470198516514649e-03 2.144007116743858028e-12 2.042430461821110411e-11
8.000000000000001554e-02 9.148757921251177150e-01 5.636908266796032685e-03 1.733452379163675417e-12 2.066509082359737352e-11
8.250000000000001776e-02 9.150684577467245173e-01 5.683507968690493239e-03 1.398658114315144599e-12 2.082073160641449282e-11
8.500000000000001998e-02 9.152547129998569453e-01 5.814411865627981853e-03 1.120660185846391942e-12 2.091535379495126144e-11
8.750000000000000833e-02 9.154344309828655879e-01 5.458703383567140369e-03 8.979301793175119111e-13 2.094603432934172264e-11
9.000000000000001055e-02 9.156075292826435508e-01 5.466557587677719349e-03 7.291894053787789935e-13 2.092425138811479979e-11
9.250000000000001277e-02 9.157740311715427683e-01 5.807393635541406064e-03 6.059525183154571421e-13 2.085418092073316979e-11
9.500000000000001499e-02 9.159339779551947114e-01 5.761972853989202892e-03 5.189405517469005643e-13 2.074927868251250992e-11
9.750000000000001721e-02 9.160874808035801564e-01 5.704231804430279044e-03 4.725688491421660625e-13 2.060574886843396599e-11
1.000000000000000056e-01 9.162347821448210139e-01 5.444232004535438235e-03 4.509529372742216389e-13 2.043978482087620448e-11
