# time 1 2 D-1 D
0.000000000000000000e+00 9.999999646576754886e-01 1.402274050813506083e-08 6.530238460802438003e-35 3.560572388640708862e-35
2.500000000000000052e-04 9.994648677016425564e-01 2.047858966902403415e-06 2.060222646550916311e-29 4.753768896855289930e-26
5.000000000000000104e-04 9.977260349195745670e-01 3.993615728045618802e-05 7.143384228664526814e-25 2.565256973909814251e-22
7.500000000000001240e-04 9.944962678280542256e-01 2.579352467647616086e-04 3.147195634656130750e-22 4.262480709322801190e-20
1.000000000000000021e-03 9.892745047107589507e-01 1.050203797630872580e-03 2.305659371418427402e-20 1.659402958173168351e-18
1.250000000000000026e-03 9.811508462413695009e-01 3.297834106477764027e-03 6.688472959005972703e-19 2.837181555828330206e-17
1.500000000000000248e-03 9.685501308819233213e-01 8.659427148510010636e-03 1.030882389787462267e-17 2.805234523961308722e-16
1.750000000000000253e-03 9.491131557346701442e-01 1.968896641363846595e-02 9.824814473266812468e-17 1.853115092303597814e-15
2.000000000000000042e-03 9.202176964336077347e-01 3.917663300828163470e-02 6.549251669918206926e-16 8.927444541307207740e-15
2.250000000000000264e-03 8.805912490704796980e-01 6.811747078250776632e-02 3.211345645757279258e-15 3.339172425740620543e-14
2.500000000000000052e-03 8.322216514953945099e-01 1.036522525122802602e-01 1.215642625109073597e-14 1.022864468904248864e-13
2.750000000000000274e-03 7.803625160612633893e-01 1.394274793925204814e-01 3.714268608383906022e-14 2.698348848510033804e-13
3.000000000000000496e-03 7.310261611852822972e-01 1.622402282653118699e-01 9.421910101920865494e-14 6.431743501527133352e-13
3.250000000000000284e-03 6.883908173858303003e-01 1.481708810913791863e-01 2.035882890918095180e-13 1.443938756722718870e-12
3.500000000000000507e-03 6.540827904476130827e-01 1.217502071372487810e-01 3.850486365162618565e-13 3.145853415712624016e-12
3.749999999999999861e-03 6.278728963731595725e-01 1.098420611771173117e-01 6.602884617565453001e-13 6.761042584310691973e-12
4.000000000000000083e-03 6.086280729537539846e-01 1.039188427281027838e-01 1.067295449736760983e-12 1.438358467014467302e-11
4.250000000000000305e-03 5.949702417423433642e-01 9.900827168759857022e-02 1.655595039617689296e-12 3.014843369007337819e-11
4.500000000000000527e-03 5.856089237352731791e-01 9.425733137865342781e-02 2.951973645865014670e-12 6.109298797521470771e-11
4.750000000000000749e-03 5.794647182815764186e-01 8.765779903922023275e-02 6.467087405228045798e-12 1.161430352262967243e-10
5.000000000000000104e-03 5.756867277230454105e-01 7.768573202406761635e-02 2.122204971678157153e-11 1.938983121280473572e-10
5.250000000000000326e-03 5.736270980660522767e-01 6.461275092223429939e-02 7.900304846814741753e-11 2.585042841460785487e-10
5.500000000000000548e-03 5.728023423578785245e-01 5.055385894495656451e-02 1.843827851136909726e-10 2.910749904151038475e-10
5.750000000000000770e-03 5.728561497484985221e-01 3.830491967651768193e-02 3.012767753569371441e-10 3.143200834957769907e-10
6.000000000000000992e-03 5.735276603012890995e-01 2.887183055151560859e-02 3.991572151325709405e-10 3.515172865484527366e-10
6.250000000000000347e-03 5.746266052840285354e-01 2.255654044192317159e-02 4.776816102909268506e-10 4.001519749920897933e-10
6.500000000000000569e-03 5.760144870801168215e-01 1.821446743780739952e-02 5.411248553164698989e-10 4.550844703329279462e-10
6.750000000000000791e-03 5.775906033545630258e-01 1.530990788909258188e-02 6.033715511817508932e-10 5.025020130432836363e-10
7.000000000000001013e-03 5.792818499328710180e-01 1.311859512338611408e-02 6.615136519613821814e-10 5.458858359809425488e-10
7.250000000000001235e-03 5.810352617576484135e-01 1.144969961331726398e-02 7.232840540006388256e-10 5.785548363672644776e-10
7.499999999999999722e-03 5.828125749287071944e-01 1.036024415136919952e-02 7.821229771035447007e-10 6.084355733592010791e-10
7.750000000000000812e-03 5.845863600043557096e-01 9.429950574020568368e-03 8.449808758494964790e-10 6.303781915615977281e-10
8.000000000000000167e-03 5.863371243987627324e-01 8.683457499947618355e-03 9.094089308340970377e-10 6.491627311530132820e-10
8.250000000000000389e-03 5.880512180520769405e-01 8.091380205258985603e-03 9.771991321295106726e-10 6.654283239102853204e-10
8.500000000000000611e-03 5.897193178833125549e-01 7.650678381046225988e-03 1.051240599707006388e-09 6.795102391577637672e-10
8.750000000000000833e-03 5.913352898808492686e-01 7.301910212327238255e-03 1.138007311683420176e-09 6.875576285288296479e-10
9.000000000000001055e-03 5.928953493536128772e-01 7.037215322810636171e-03 1.238945032076670775e-09 6.896512257024193073e-10
9.250000000000001277e-03 5.943974550960017256e-01 6.763132278384433385e-03 1.349978367758576186e-09 6.913424349896123732e-10
9.500000000000001499e-03 5.958408337958959189e-01 6.609640812302571521e-03 1.466288185726231067e-09 6.901465127352251077e-10
9.750000000000001721e-03 5.972256392281786175e-01 6.409489238199781933e-03 1.562252125525507546e-09 6.873020656317062442e-10
1.000000000000000021e-02 5.985545935384021243e-01 6.266823205540107862e-03 1.618245152152541890e-09 6.832073612760519166e-10
