# time 1 2 D-1 D
0.000000000000000000e+00 9.999999557805498984e-01 5.176077316142677958e-09 1.791407777827632736e-35 1.086008767168720537e-35
5.000000000000000104e-04 9.948587244568956045e-01 2.004999727728434735e-03 6.956153322653145497e-29 3.525763051156724772e-31
1.000000000000000021e-03 9.766751028360318720e-01 1.043645821590699629e-02 1.263177660131688933e-24 2.187129164997639136e-26
1.500000000000000248e-03 9.401230900736287088e-01 3.071644971398011445e-02 4.310341163134754248e-22 1.385525230764191357e-23
2.000000000000000042e-03 8.782706796613748423e-01 6.999888598862991085e-02 2.948378333509220927e-20 1.379832772054509998e-21
2.500000000000000052e-03 7.837659831249653708e-01 1.363713378587814717e-01 8.534677666831803395e-19 5.126929439198297734e-20
3.000000000000000496e-03 6.533944545165759621e-01 2.255780533437211355e-01 1.485891809547113380e-17 1.054411720185848719e-18
3.500000000000000507e-03 4.966458336133485196e-01 2.756642362684920133e-01 1.829921601455733317e-16 1.495456345117619126e-17
4.000000000000000083e-03 3.396679911879050828e-01 2.094495681158318190e-01 1.780251867359090259e-15 1.681328971155752900e-16
4.500000000000000527e-03 2.113036688293729037e-01 1.260472488630369758e-01 1.481405352993758172e-14 1.644590714344622679e-15
5.000000000000000104e-03 1.233753839508579253e-01 7.397908859411586602e-02 1.096689458827679631e-13 1.479495282672667750e-14
5.500000000000000548e-03 7.004684560384974445e-02 4.468335486095495468e-02 7.660420936810778739e-13 1.240533143420040272e-13
6.000000000000000992e-03 3.975351642018499360e-02 2.775275944375716480e-02 5.100065314903936925e-12 9.410694267876267861e-13
6.500000000000000569e-03 2.295181132489759745e-02 1.779422441464603016e-02 2.853481384206941786e-11 6.161359281880078680e-12
7.000000000000001013e-03 1.361232437579454509e-02 1.177267766359190067e-02 1.180594002410784743e-10 3.379784469964170356e-11
7.499999999999999722e-03 8.331053290035477996e-03 8.009780336495748998e-03 3.816638390421213840e-10 1.541134249602757928e-10
8.000000000000000167e-03 5.269005470508624465e-03 5.592265800245550290e-03 1.038532018410212871e-09 5.848932965481565382e-10
8.500000000000000611e-03 3.442126530526034775e-03 3.995593777472026403e-03 2.531631729960877177e-09 1.871746228674058255e-09
9.000000000000001055e-03 2.319311994912741717e-03 2.916149447627526450e-03 5.803621709516327055e-09 5.154550273634908627e-09
9.500000000000001499e-03 1.608670221164601802e-03 2.169555758223898258e-03 1.322539466394810664e-08 1.252496465461637337e-08
1.000000000000000021e-02 1.146046364361438330e-03 1.640696170801772980e-03 3.289165895157880717e-08 2.746752448331576422e-08
1.050000000000000065e-02 8.367700835525512977e-04 1.259461835253645676e-03 1.232602656422537739e-07 5.537415004909256542e-08
1.100000000000000110e-02 6.248199392583971695e-04 9.784500199031364968e-04 5.214851482681573117e-07 1.040869215192207698e-07
1.150000000000000154e-02 4.761923302369487458e-04 7.683861773114780257e-04 8.319636232966952134e-07 1.844140609184556178e-07
1.200000000000000198e-02 3.697354085924226420e-04 6.072740437167737856e-04 1.230244013986062165e-06 3.105571427143188243e-07
1.250000000000000069e-02 2.919807449399163999e-04 4.838842216235100888e-04 1.758962341537128464e-06 5.003895112665112628e-07
1.300000000000000114e-02 2.341610048170106513e-04 3.869877163459683155e-04 2.434183933346855733e-06 7.755533290829964559e-07
1.350000000000000158e-02 1.904495624701807075e-04 3.106772021978669368e-04 3.267282560542248351e-06 1.161343792366048927e-06
1.400000000000000203e-02 1.568983656523792122e-04 2.495300122280243432e-04 4.276105996538387443e-06 1.685931831031124418e-06
1.450000000000000247e-02 1.307832844238956071e-04 2.014975039429021367e-04 5.473811300334231493e-06 2.380569751252924235e-06
1.499999999999999944e-02 1.101926543863199437e-04 1.634743232797523200e-04 6.856700606049170060e-06 3.278464028541608103e-06
1.550000000000000162e-02 9.376365574181413681e-05 1.336012266444787215e-04 8.416704948248376295e-06 4.416205662992003229e-06
1.600000000000000033e-02 8.051034779021695449e-05 1.094645873732207617e-04 1.018196720660788329e-05 5.819632304953687544e-06
1.650000000000000078e-02 6.970962319973859238e-05 9.066821146320577156e-05 1.213149227210605672e-05 7.533091256288359207e-06
1.700000000000000122e-02 6.082428171571312761e-05 7.562048173855987529e-05 1.426974202215681302e-05 9.578357048122969385e-06
1.750000000000000167e-02 5.345040138963482552e-05 6.340635903343844616e-05 1.656496823954134499e-05 1.199386370240413074e-05
1.800000000000000211e-02 4.728086235370988565e-05 5.385980585895604314e-05 1.902023723697120839e-05 1.480177522034840561e-05
1.850000000000000255e-02 4.207968247903486910e-05 4.615245245955658479e-05 2.163691221731601873e-05 1.803707894082456022e-05
1.900000000000000300e-02 3.766376301192714098e-05 4.003296306209132993e-05 2.443328418383421504e-05 2.169349804548182317e-05
1.950000000000000344e-02 3.388974015351002859e-05 3.480868004842771582e-05 2.740078024811834132e-05 2.580006387468748469e-05
2.000000000000000042e-02 3.064440572579032616e-05 3.067388568103207076e-05 3.048231983286654127e-05 3.040141619423440629e-05
