# time 1 2 D-1 D
0.000000000000000000e+00 9.999999557805498984e-01 5.176077316142677958e-09 1.791407777827632736e-35 1.086008767168720537e-35
5.000000000000000104e-04 9.988685745102922064e-01 5.707278790178822957e-06 9.161679828327172238e-29 7.630836602321818953e-34
1.000000000000000021e-03 9.951482118221605111e-01 1.289935597294646985e-04 2.033246318517945210e-24 1.832145229150285157e-28
1.500000000000000248e-03 9.879916915921866938e-01 9.230584146056069377e-04 7.699587555232006314e-22 3.119559086395719458e-25
2.000000000000000042e-03 9.755774160406353035e-01 4.082486686018333907e-03 5.263868294799920929e-20 5.734926048457215726e-23
2.500000000000000052e-03 9.542077583276675767e-01 1.366757254826778296e-02 1.357356833766333755e-18 2.907812153603590470e-21
3.000000000000000496e-03 9.178346096461281745e-01 3.610277882903242114e-02 1.837214896193550171e-17 6.008829669469899342e-20
3.500000000000000507e-03 8.604758258647813296e-01 6.793410771026205108e-02 1.547113038741502295e-16 5.976218485536913275e-19
4.000000000000000083e-03 7.828830808500678584e-01 8.018961740421599871e-02 9.053743262822503767e-16 2.879976451963987269e-18
4.500000000000000527e-03 6.961818811678640584e-01 7.763348632631592028e-02 3.983679784073666787e-15 4.637922721516759393e-18
5.000000000000000104e-03 6.146468046967047405e-01 7.539715406897321004e-02 1.390796870776316015e-14 1.510376512327299202e-18
5.500000000000000548e-03 5.467118974679174848e-01 7.598040477212916755e-02 3.972052917074554092e-14 2.579847506678510583e-16
6.000000000000000992e-03 4.939277748429549142e-01 7.820558363295199156e-02 9.005283842865710676e-14 2.858037089177542223e-15
6.500000000000000569e-03 4.542860953367373056e-01 8.150342672337164418e-02 1.493747322780256375e-13 1.499215652734355436e-14
7.000000000000001013e-03 4.249062209990167038e-01 8.538408222623596056e-02 1.937590173483485492e-13 5.051424854033613623e-14
7.499999999999999722e-03 4.031892267732041235e-01 8.941085435452089669e-02 2.237701943733389804e-13 1.262138384488571371e-13
8.000000000000000167e-03 3.871020126149433693e-01 9.329789129492531419e-02 2.424930128551851471e-13 2.535952688369997660e-13
8.500000000000000611e-03 3.751393787506767663e-01 9.691593450689017786e-02 2.469144477538663220e-13 4.320315818272399750e-13
9.000000000000001055e-03 3.662085637073922428e-01 1.001836536760195989e-01 2.401105636481995889e-13 6.485477695692891990e-13
9.500000000000001499e-03 3.595192612017729106e-01 1.030767535009364522e-01 2.316358915231763383e-13 8.852346179839248267e-13
1.000000000000000021e-02 3.544982169517892356e-01 1.055563133330051362e-01 2.411271187955441649e-13 1.125449696519157384e-12
1.050000000000000065e-02 3.507265733014616749e-01 1.076327546457111900e-01 3.790174943056842257e-13 1.356260369560349355e-12
1.100000000000000110e-02 3.478961638274122303e-01 1.092503225355889174e-01 7.935926384822639133e-13 1.569019776525057087e-12
1.150000000000000154e-02 3.457785621090323502e-01 1.104217001079862842e-01 7.311570650841733303e-13 1.758708240191624385e-12
1.200000000000000198e-02 3.442031790792943191e-01 1.109787159677319279e-01 6.467509191890397124e-13 1.923062796730227828e-12
1.250000000000000069e-02 3.430415719210072045e-01 1.110880427307249646e-01 5.654805352687688894e-13 2.061683552326478780e-12
1.300000000000000114e-02 3.421963753840091549e-01 1.105594941183997565e-01 4.888813405913584266e-13 2.175640390961809053e-12
1.350000000000000158e-02 3.415937224083895329e-01 1.094743829553701669e-01 4.169487523622214290e-13 2.266563332621960726e-12
1.400000000000000203e-02 3.411768508899000740e-01 1.076984456320495415e-01 3.526245902184026015e-13 2.336273595728515409e-12
1.450000000000000247e-02 3.409022193444005699e-01 1.056414404118422995e-01 2.956733068758351695e-13 2.387483379359652359e-12
1.499999999999999944e-02 3.407362192164158365e-01 1.033456330262377959e-01 2.455813749362440201e-13 2.422098138342107511e-12
1.550000000000000162e-02 3.406526506750322536e-01 1.010564963315318254e-01 2.020256437240265671e-13 2.443664258510558541e-12
1.600000000000000033e-02 3.406312905065745356e-01 9.852395252088945454e-02 1.658377612179112722e-13 2.452701611511913736e-12
1.650000000000000078e-02 3.406564173690758701e-01 9.632216091380441103e-02 1.349067925241238552e-13 2.452448568260647036e-12
1.700000000000000122e-02 3.407156462529039032e-01 9.422476686662378809e-02 1.094104927154825381e-13 2.443404468044209984e-12
1.750000000000000167e-02 3.407994359866057810e-01 9.215373726023282086e-02 8.801684614402480927e-14 2.427893537263450669e-12
1.800000000000000211e-02 3.409003274893440127e-01 9.058071087619432027e-02 7.054943158451281880e-14 2.407358002090892071e-12
1.850000000000000255e-02 3.410124571344894107e-01 8.924885901667975463e-02 5.631276056279991061e-14 2.383182038485600557e-12
1.900000000000000300e-02 3.411313802493154412e-01 8.836241505875831737e-02 4.508891935404207983e-14 2.355371055135191052e-12
1.950000000000000344e-02 3.412536168543388038e-01 8.734668765583963879e-02 3.617889048269211838e-14 2.324851614278531068e-12
2.000000000000000042e-02 3.413806689638079206e-01 8.685069074095723429e-02 2.886245518364536973e-14 2.292343168750312127e-12
