# time 1 2 D-1 D
0.000000000000000000e+00 9.999999627088064225e-01 1.789550144091404728e-08 2.821645619454280510e-35 2.766544321759485783e-35
1.250000000000000243e-03 9.989761398902812228e-01 1.626753357666722345e-05 3.384416266469625102e-28 1.071639031887473407e-25
2.500000000000000486e-03 9.954162778438043757e-01 3.409507944296196564e-04 6.469864548416275805e-24 5.926493142669922636e-22
3.750000000000000729e-03 9.877246604288378862e-01 2.241114659090475986e-03 2.186271634906841314e-21 1.039826384092388790e-19
5.000000000000000971e-03 9.722501512826288161e-01 9.124519150890804398e-03 1.467449987773193967e-19 4.460422239345086951e-18
6.250000000000000347e-03 9.421090030437500040e-01 2.786162657282947527e-02 4.088374053097668362e-18 8.895083158563698857e-17
7.500000000000001457e-03 8.879029671765332754e-01 6.841203490020816846e-02 6.690336794386607053e-17 1.100342208938612743e-15
8.750000000000000833e-03 8.040389046912613802e-01 1.367095035183551188e-01 7.576781452193601852e-16 9.864444111002212932e-15
1.000000000000000194e-02 6.978859979670740676e-01 2.203591786692220000e-01 6.583379567272014246e-15 7.039092075429398155e-14
1.125000000000000132e-02 5.876101070454167186e-01 2.301281146672821409e-01 4.714371387401489527e-14 4.247119082505516641e-13
1.250000000000000069e-02 4.887258098664021833e-01 1.358075522416645475e-01 2.822020660574532252e-13 2.255703352497481307e-12
1.375000000000000180e-02 4.074024404881264050e-01 9.399755798907029336e-02 1.401260484119589816e-12 1.083077203546204656e-11
1.500000000000000291e-02 3.432566871028369659e-01 6.974830372794701971e-02 5.396059104052377427e-12 4.771049279885720737e-11
1.625000000000000056e-02 2.934551013334624203e-01 5.315416425173820347e-02 1.225188631346185525e-11 1.944672987267636578e-10
1.750000000000000167e-02 2.548803526246735673e-01 4.127413950055215663e-02 2.134507731107466100e-12 7.117358851797899150e-10
1.875000000000000278e-02 2.248688505405403160e-01 3.310619078837407497e-02 1.736784035862326232e-10 1.997293242824793456e-09
2.000000000000000389e-02 2.013382097961629869e-01 2.800436045432431326e-02 1.694968530123670178e-09 4.129430838667412340e-09
2.125000000000000500e-02 1.827175218155434044e-01 2.434398098177899955e-02 6.123964819960015724e-09 7.799317193188899964e-09
2.250000000000000264e-02 1.678370286782659981e-01 2.203249809219677557e-02 1.608973956966674450e-08 1.394457451818244414e-08
2.375000000000000375e-02 1.558275034093611344e-01 2.023486546650869744e-02 3.568007480088670112e-08 2.343570387009965305e-08
2.500000000000000139e-02 1.460405878251730682e-01 1.863243207293068665e-02 7.000972889737060211e-08 3.717997612118884687e-08
2.625000000000000250e-02 1.379893498897728499e-01 1.744643011615303052e-02 1.244855841418383076e-07 5.601705269348230632e-08
2.750000000000000361e-02 1.313050316203064616e-01 1.652423120958407959e-02 2.049828191179023889e-07 8.060517044977746696e-08
2.875000000000000472e-02 1.257058970794768527e-01 1.581183379005789494e-02 3.176382431075335424e-07 1.113456264466826823e-07
3.000000000000000583e-02 1.209748054132713663e-01 1.524968758977682422e-02 4.647345497047617901e-07 1.485576623316050251e-07
3.125000000000000000e-02 1.169429836601095229e-01 1.490297358546492819e-02 6.523905723239576943e-07 1.923378545454457394e-07
3.250000000000000111e-02 1.134782487357054725e-01 1.442087150535686750e-02 8.848484555368132642e-07 2.425706433097825911e-07
3.375000000000000222e-02 1.104763492139480413e-01 1.377597232253533963e-02 1.165517819649128622e-06 2.989505927654221073e-07
3.500000000000000333e-02 1.078545356949931894e-01 1.370189968078824351e-02 4.121463891938873488e-07 3.610007809337891723e-07
3.625000000000000444e-02 1.055467545981168404e-01 1.310015389314186235e-02 2.976298857787753319e-07 4.280990621917694908e-07
3.750000000000000555e-02 1.035000020579160407e-01 1.285777321360682263e-02 2.983476312922769280e-07 4.995098865207152125e-07
3.875000000000000666e-02 1.016715340113152483e-01 1.282062199028428245e-02 2.869962748296076787e-07 5.744198689600510997e-07
4.000000000000000777e-02 1.000267276588786697e-01 1.257186435267996540e-02 2.842769581213165370e-07 6.519765596204560317e-07
4.125000000000000888e-02 9.853742720163642665e-02 1.210867263484932156e-02 2.736242961523386678e-07 7.313277015283762902e-07
4.250000000000000999e-02 9.718062055568175983e-02 1.201558003172952319e-02 2.558933043385357407e-07 8.116548363230499603e-07
4.375000000000000416e-02 9.593740626802746418e-02 1.188532587222131641e-02 2.448472380172035685e-07 8.922006222398021627e-07
4.500000000000000527e-02 9.479221170610692415e-02 1.158407097640797544e-02 2.280418296914560367e-07 9.722928435221045139e-07
4.625000000000000638e-02 9.373213897234154712e-02 1.149167895289178627e-02 2.118976699894880332e-07 1.051356942804182064e-06
4.750000000000000749e-02 9.274649878132670833e-02 1.155008620133027644e-02 1.891709210789131346e-07 1.128923938559047375e-06
4.875000000000000860e-02 9.182633467738950117e-02 1.137702067191331476e-02 1.720600058427921826e-07 1.204623688795300656e-06
5.000000000000000278e-02 9.096999490934332133e-02 1.129490914661034420e-02 1.601926192425781971e-07 1.277892179045897095e-06
