# time 1 2 D-1 D
0.000000000000000000e+00 9.999999627088064225e-01 1.789550144091404728e-08 2.821645619454280510e-35 2.766544321759485783e-35
2.500000000000000486e-03 9.989761417882524475e-01 1.626804213697118965e-05 3.386224773462553185e-28 1.071752085462637015e-25
5.000000000000000971e-03 9.954163705264787998e-01 3.409501666203829302e-04 6.472240883717420360e-24 5.925635454073401588e-22
7.500000000000001457e-03 9.877251732712793997e-01 2.241100387651399038e-03 2.185857452082688636e-21 1.039453526722367375e-19
1.000000000000000194e-02 9.722518412739593607e-01 9.124418660091015293e-03 1.466904714640890305e-19 4.457915953327831739e-18
1.250000000000000069e-02 9.421132245906425062e-01 2.786121714288385467e-02 4.085836247868837450e-18 8.887610705940110530e-17
1.500000000000000291e-02 8.879117552651045742e-01 6.841083467744435431e-02 6.684783993512367091e-17 1.099058947576762819e-15
1.750000000000000167e-02 8.040547040016544633e-01 1.367069189794176132e-01 7.568447053226141619e-16 9.849319421835997808e-15
2.000000000000000389e-02 6.979109523185865749e-01 2.203547947133839280e-01 6.573947892054916242e-15 7.025432311938815466e-14
2.250000000000000264e-02 5.876456895211821241e-01 2.301236474777016427e-01 4.705835159637971897e-14 4.236985419358071438e-13
2.500000000000000139e-02 4.887725904202306904e-01 1.358056810252318836e-01 2.815742813843860306e-13 2.249255905749499093e-12
2.750000000000000361e-02 4.074606188856600419e-01 9.399871067943094127e-02 1.397548522837026494e-12 1.079431468491324523e-11
3.000000000000000583e-02 3.433261978976592244e-01 6.975117908405618905e-02 5.379184410845065069e-12 4.752500971594769435e-11
3.250000000000000111e-02 2.935358740256446275e-01 5.315831055464889654e-02 1.221222955039210471e-11 1.936034626961162265e-10
3.500000000000000333e-02 2.549724062036229921e-01 4.127994649636330254e-02 2.148949530022406596e-12 7.081766588983337071e-10
3.750000000000000555e-02 2.249722983887686156e-01 3.311278226395778651e-02 1.726730466971872637e-10 1.986153030176698461e-09
4.000000000000000777e-02 2.014533096189901062e-01 2.801174573394988113e-02 1.684008484598601955e-09 4.103935036797282427e-09
4.250000000000000999e-02 1.828446225375799650e-01 2.435298951886780833e-02 6.080265436330456495e-09 7.746143994790576898e-09
4.500000000000000527e-02 1.679766206290531638e-01 2.204234248864325729e-02 1.596325684829306852e-08 1.383994152158081270e-08
4.750000000000000749e-02 1.559801408200129913e-01 2.024624399667199898e-02 3.537106304923752539e-08 2.324397321443829956e-08
5.000000000000000278e-02 1.462069039102762980e-01 1.864500749832928572e-02 6.934773588520913071e-08 3.684649662107590755e-08
5.250000000000000500e-02 1.381700352599674886e-01 1.746112550470965349e-02 1.232012213434507374e-07 5.547055766497236910e-08
5.500000000000000722e-02 1.315008305193852423e-01 1.654043533938922422e-02 2.026794712970365602e-07 7.975296524274020554e-08
5.750000000000000944e-02 1.259176069095086226e-01 1.583000012944806717e-02 3.137603877097367939e-07 1.100747092303456349e-07
6.000000000000001166e-02 1.212032624880390458e-01 1.526927402961160245e-02 4.585859810774186641e-07 1.467310888418852571e-07
6.250000000000000000e-02 1.171890631988278947e-01 1.492496824468664274e-02 6.430503501595964955e-07 1.897974280330670607e-07
6.500000000000000222e-02 1.137428598069598340e-01 1.444559893149904156e-02 8.711390399982888502e-07 2.391377894683943265e-07
6.750000000000000444e-02 1.107604385078005682e-01 1.380223803144325911e-02 1.146114188100593774e-06 2.944281256794742640e-07
7.000000000000000666e-02 1.081590885418852455e-01 1.373122422907290321e-02 4.053544792263338823e-07 3.551760454820583961e-07
7.250000000000000888e-02 1.058727910911823888e-01 1.313141787613570331e-02 2.929057597151008574e-07 4.207469035775703736e-07
7.500000000000001110e-02 1.038485818456525017e-01 1.289224347634901693e-02 2.933483704159396907e-07 4.903962479548027908e-07
7.750000000000001332e-02 1.020437607829712823e-01 1.285837407338293222e-02 2.819937702387949626e-07 5.633060259367071737e-07
8.000000000000001554e-02 1.004237486781261873e-01 1.261240723944834739e-02 2.791390342204521697e-07 6.386228383679587969e-07
8.250000000000001776e-02 9.896042143840412530e-02 1.215180040767814031e-02 2.685586522572130401e-07 7.154958895866793559e-07
8.500000000000001998e-02 9.763080591281478315e-02 1.206276862276800185e-02 2.510761030797642398e-07 7.931111737544888334e-07
8.750000000000000833e-02 9.641605421581378454e-02 1.193558678058515010e-02 2.401335387146337465e-07 8.707196705991288217e-07
9.000000000000001055e-02 9.530063942277838818e-02 1.163785095854368706e-02 2.236452963105708011e-07 9.476583475664112919e-07
9.250000000000001277e-02 9.427172399585839746e-02 1.154929449267764682e-02 2.078661271541041195e-07 1.023362716669483703e-06
9.500000000000001499e-02 9.331864645812439074e-02 1.161295878418956186e-02 1.857554825966722819e-07 1.097371430160120764e-06
9.750000000000001721e-02 9.243248793000138908e-02 1.144375122582154576e-02 1.691454251451270551e-07 1.169324325511771176e-06
1.000000000000000056e-01 9.160905875962981060e-02 1.136684964259488534e-02 1.576865821541298409e-07 1.238805450530518095e-06
