# time 1 2 D-1 D
0.000000000000000000e+00 9.999999466470601561e-01 6.632800660718696425e-09 1.198131800625232475e-35 1.053469083246058527e-35
2.500000000000000052e-04 9.986886231313671924e-01 1.435082777935180832e-05 3.007990560191825864e-29 1.550312892785214814e-35
5.000000000000000104e-04 9.942287445720636718e-01 2.982059909396034942e-04 6.934034459015953745e-25 5.876839363878984070e-30
7.500000000000001240e-04 9.850197335237887986e-01 1.987831144148838065e-03 2.828701158637596582e-22 7.260503565654665205e-27
1.000000000000000021e-03 9.674266481286522001e-01 8.255366905248246248e-03 2.179448078830850240e-20 7.577974557133241971e-25
1.250000000000000026e-03 9.340993584149790419e-01 2.613593616232363567e-02 6.733818644364505775e-19 7.574776143227884155e-24
1.500000000000000248e-03 8.731128419645715066e-01 6.681646616271647021e-02 1.159773195852764328e-17 2.792244699589981976e-22
1.750000000000000253e-03 7.732760214074990701e-01 1.369792619043059267e-01 1.332264151543914950e-16 6.650509213792751751e-20
2.000000000000000042e-03 6.393080176101678669e-01 2.115584478015753722e-01 1.127939460276715486e-15 3.352057899672315081e-18
2.250000000000000264e-03 4.978233012145500402e-01 2.337719996005529211e-01 7.519849463791130819e-15 9.091281813703733213e-17
2.500000000000000052e-03 3.759279056966881027e-01 2.090294011812939001e-01 4.081123820185561820e-14 1.622178565021607616e-15
2.750000000000000274e-03 2.834389729061675967e-01 4.593277418447611754e-02 1.826939827541839728e-13 1.930547791348703052e-14
3.000000000000000496e-03 2.173276671535940840e-01 2.991978422031059404e-02 6.992218430698671773e-13 1.452507878695704160e-13
3.250000000000000284e-03 1.709118407268939155e-01 2.662534837401048585e-02 2.482433960328472996e-12 7.075013948858299125e-13
3.500000000000000507e-03 1.381986026254835853e-01 2.424998549784229684e-02 9.282711318566457072e-12 2.473953121500994264e-12
3.749999999999999861e-03 1.148148827280814771e-01 2.221049003800714544e-02 4.767200029086866577e-11 6.823176160330721892e-12
4.000000000000000083e-03 9.778933462501705753e-02 1.967410079044988949e-02 8.368695914493307425e-11 1.576783281230842517e-11
4.250000000000000305e-03 8.514627078899357493e-02 1.584960839115409983e-02 1.435325513552327400e-10 3.173297981529028927e-11
4.500000000000000527e-03 7.557198393625007282e-02 1.155155746794621352e-02 2.030548770448418006e-10 5.713986557786457818e-11
4.750000000000000749e-03 6.818416460674474322e-02 8.117167627927555223e-03 2.622779630939685365e-10 9.396495527811009208e-11
5.000000000000000104e-03 6.238155490152114818e-02 6.019722937274719562e-03 3.294212993116360485e-10 1.434433504672287873e-10
5.250000000000000326e-03 5.774776327501788403e-02 4.658989557231886167e-03 4.014086602343590748e-10 2.059862701997595003e-10
5.500000000000000548e-03 5.398964370266111368e-02 3.761090282735485117e-03 4.713542490293977888e-10 2.812976251492168874e-10
5.750000000000000770e-03 5.089745890478172829e-02 3.136545953969069669e-03 5.361737115654186340e-10 3.686920242351556357e-10
6.000000000000000992e-03 4.831885694310299878e-02 2.695334334521685710e-03 5.905678894896126753e-10 4.667636246010173587e-10
6.250000000000000347e-03 4.614157245581722994e-02 2.348135489003519861e-03 6.319759690123658503e-10 5.746939931443335361e-10
6.500000000000000569e-03 4.428177226476211203e-02 2.067722341066781724e-03 6.592318454690129129e-10 6.909424174732856435e-10
6.750000000000000791e-03 4.267606494637717768e-02 1.859626168860518741e-03 6.700547579586007436e-10 8.160575270484091925e-10
7.000000000000001013e-03 4.127597243804584370e-02 1.675609337127290707e-03 6.676439982010992152e-10 9.457639392167919201e-10
7.250000000000001235e-03 4.004401523922272027e-02 1.525430844047303549e-03 6.484711104298446302e-10 1.083333665855806967e-09
7.499999999999999722e-03 3.895091766693886681e-02 1.403107278520694147e-03 6.182603047167330406e-10 1.223233802833496533e-09
7.750000000000000812e-03 3.797358714176832239e-02 1.292195637718456490e-03 5.751981007424979490e-10 1.367783795515421674e-09
8.000000000000000167e-03 3.709364388166672827e-02 1.198928916779456750e-03 5.211842680416703206e-10 1.515781175146138489e-09
8.250000000000000389e-03 3.629633050234738756e-02 1.119930567854118429e-03 4.612797005471422257e-10 1.662955880150574235e-09
8.500000000000000611e-03 3.556969617446519016e-02 1.045021869246911357e-03 3.987889220316239015e-10 1.806822118863508334e-09
8.750000000000000833e-03 3.490398262503543320e-02 9.858406238852175565e-04 3.323885578555955487e-10 1.949503722457154036e-09
9.000000000000001055e-03 3.429116259024998781e-02 9.290871054864279594e-04 2.690500355410997502e-10 2.084783256476491373e-09
9.250000000000001277e-03 3.372458184684093419e-02 8.805308376372500629e-04 2.083861081306544373e-10 2.213741695728391726e-09
9.500000000000001499e-03 3.319868351574977589e-02 8.381334218665990746e-04 1.533975604778930476e-10 2.334000487703983934e-09
9.750000000000001721e-03 3.270913764410143115e-02 7.977112149041802732e-04 1.082717385986931646e-10 2.441746519179680414e-09
1.000000000000000021e-02 3.225378635436603608e-02 7.634998335485195442e-04 7.039756562116893561e-11 2.539003460475377107e-09
