# time 1 2 D-1 D
0.000000000000000000e+00 9.999999652980738896e-01 2.716431268349186354e-08 1.303623235061916846e-34 5.940478251315512150e-34
2.500000000000000052e-04 9.996367126746353859e-01 1.038870054388092902e-08 2.238420259059316096e-18 1.130883648813896369e-24
5.000000000000000104e-04 9.984178557674900922e-01 8.511715399258083501e-08 7.012148836765473047e-16 9.681283693811011525e-21
7.500000000000001240e-04 9.960597535401991554e-01 3.732232411964461115e-07 2.148044049896973813e-14 2.059447687218390254e-18
1.000000000000000021e-03 9.921652955338453594e-01 1.108831962842966322e-06 2.528066732740851369e-13 1.005426535929348782e-16
1.250000000000000026e-03 9.862384693227640442e-01 2.502119095350019491e-06 1.747921585648144754e-12 2.155497091979943597e-15
1.500000000000000248e-03 9.777055140905223096e-01 4.542881300773081554e-06 8.501911556364081817e-12 2.663449018202749736e-14
1.750000000000000253e-03 9.659410477682197627e-01 6.775833369008178756e-06 3.233849013764049746e-11 2.163262982548600777e-13
2.000000000000000042e-03 9.502972052269857972e-01 7.661063680709631260e-06 1.022349854134116941e-10 1.235056322315219410e-12
2.250000000000000264e-03 9.301334691604387084e-01 5.414929940673030572e-06 2.803440916335109556e-10 5.153505291399411020e-12
2.500000000000000052e-03 9.048444018349052209e-01 7.383739138218189140e-07 6.832883223386046008e-10 1.622657061309193249e-11
2.750000000000000274e-03 8.738813036249080124e-01 5.910456426776416345e-06 1.462505280219770942e-09 3.991212062849645987e-11
3.000000000000000496e-03 8.367586447759587376e-01 7.335938906369339897e-05 2.352815372322081269e-09 7.962269268887824548e-11
3.250000000000000284e-03 7.930361015620072118e-01 3.558729307404423156e-04 2.483621012968907455e-09 1.336173121156619757e-10
3.500000000000000507e-03 7.421229982715531470e-01 1.360427239631610986e-03 2.531667566166715522e-09 1.947940919561992780e-10
3.749999999999999861e-03 6.830607127164680659e-01 4.256384134741559265e-03 2.615761907573111330e-09 2.534443431572886897e-10
4.000000000000000083e-03 6.131924108884910796e-01 1.232200927326013509e-02 2.694673694349818854e-09 3.008581148732139041e-10
4.250000000000000305e-03 5.256908785978050558e-01 3.355308529498506748e-02 2.703305245939040721e-09 3.317551779720288311e-10
4.500000000000000527e-03 4.103547267269896381e-01 7.994668417120012749e-02 2.649766441572027703e-09 3.448272584234345765e-10
4.750000000000000749e-03 2.754521248720811499e-01 1.455855151849757279e-01 2.508936438566696678e-09 3.419213846303323236e-10
5.000000000000000104e-03 1.640395431074902766e-01 1.900339978338792535e-01 2.328852596242170878e-09 3.266714036495307387e-10
5.250000000000000326e-03 9.710831709690451174e-02 1.947517031156720813e-01 2.137255861249448750e-09 3.032132983447256685e-10
5.500000000000000548e-03 6.000913916219227651e-02 1.762411639277828568e-01 1.924416614121873515e-09 2.752924369882981002e-10
5.750000000000000770e-03 3.873302788934848001e-02 1.496144379604631702e-01 1.726825052017404588e-09 2.458686799090404931e-10
6.000000000000000992e-03 2.565326378334450985e-02 1.223141243302114517e-01 1.532825518996769988e-09 2.170335791247914177e-10
6.250000000000000347e-03 1.738544318473390221e-02 9.784944021589442320e-02 1.358579799493312806e-09 1.900944840529041616e-10
6.500000000000000569e-03 1.193630322619444219e-02 7.679593716639263046e-02 1.207086131613245326e-09 1.657330267298562554e-10
6.750000000000000791e-03 8.277995275001507475e-03 5.966728442645524016e-02 1.066440228761097353e-09 1.442012387108407686e-10
7.000000000000001013e-03 5.784112172886754499e-03 4.582917637510926234e-02 9.484535478267736696e-10 1.254792131868589830e-10
7.250000000000001235e-03 4.064850510384021565e-03 3.503010540057673733e-02 8.453086100396001979e-10 1.093856092664821424e-10
7.499999999999999722e-03 2.869514202224161988e-03 3.179683467729037954e-02 7.569328768769132150e-10 9.564594266192571754e-11
7.750000000000000812e-03 2.032933667310314000e-03 7.017308323295085026e-03 6.787324974228118502e-10 8.397252076233284748e-11
8.000000000000000167e-03 1.444337179285792990e-03 5.693593043611658820e-03 6.171701758446349545e-10 7.408875178064739503e-11
8.250000000000000389e-03 1.028433726414855389e-03 4.643936330521510752e-03 5.584267134816593738e-10 6.573015676249741672e-11
8.500000000000000611e-03 7.335151473038203050e-04 3.821653906441125226e-03 5.117319453468608497e-10 5.865844463477035090e-11
8.750000000000000833e-03 5.237761856085857868e-04 3.184858526287900459e-03 4.709350307070973730e-10 5.267015399716619148e-11
9.000000000000001055e-03 3.742572764947040497e-04 2.649282802426746776e-03 4.360089100902665298e-10 4.759402514458501008e-11
9.250000000000001277e-03 2.674626285626590023e-04 2.210712362196634757e-03 4.045384995291312811e-10 4.328170623455956802e-11
9.500000000000001499e-03 1.910706305213467481e-04 1.850020460743252108e-03 3.779902415762180812e-10 3.960725656633425218e-11
9.750000000000001721e-03 1.363686147694459548e-04 1.550885285308959078e-03 3.550331984095653604e-10 3.646759388543695050e-11
1.000000000000000021e-02 9.717018151846773012e-05 1.307097753214867333e-03 3.358954009189607786e-10 3.377044602693204015e-11
