# time 1 2 D-1 D
0.000000000000000000e+00 9.999999688960170552e-01 9.920977072043304627e-09 1.503589517816173444e-34 2.295887403949779754e-35
1.250000000000000243e-03 9.996095850423467599e-01 8.787322121628715299e-07 4.915785720345487182e-35 1.369092988024979078e-30
2.500000000000000486e-03 9.983517675270802139e-01 1.645609483736225364e-05 8.747147100805530729e-31 7.286602299031711137e-27
3.750000000000000729e-03 9.960700343028650039e-01 9.748770306641050686e-05 3.980500793969927774e-28 1.174764679161938512e-24
5.000000000000000971e-03 9.925562747454992341e-01 3.575290753953784561e-04 1.989024004268686996e-26 4.397305622496340926e-23
6.250000000000000347e-03 9.875267939140831563e-01 1.001062422659144057e-03 5.077141803290314576e-25 7.230694574236265094e-22
7.500000000000001457e-03 9.806063915494016570e-01 2.320601665572014430e-03 8.313293312506929702e-24 6.897097418257486188e-21
8.750000000000000833e-03 9.713483354733987163e-01 4.629374360747785279e-03 7.612025716832606990e-23 4.417216108208485454e-20
1.000000000000000194e-02 9.593244543559651394e-01 7.999982436964972118e-03 4.971968928943499394e-22 2.068744597664055494e-19
1.125000000000000132e-02 9.442933182526626057e-01 1.158726272023977676e-02 2.499883984776666083e-21 7.477148164121380939e-19
1.250000000000000069e-02 9.263869436756226872e-01 1.280168751085354606e-02 8.993576480769602709e-21 2.162472440764703287e-18
1.375000000000000180e-02 9.061970568930126646e-01 1.042776232952216317e-02 2.789849221626232047e-20 5.133431337161137155e-18
1.500000000000000291e-02 8.846752645453654917e-01 7.837892104897761433e-03 7.962004801791961093e-20 1.020235706214716770e-17
1.625000000000000056e-02 8.628872624790785428e-01 6.457869619050597872e-03 2.244689427863771917e-19 1.724732008328787135e-17
1.750000000000000167e-02 8.417601942509534974e-01 5.904977658948261030e-03 6.475172916125536100e-19 2.517250680477944119e-17
1.875000000000000278e-02 8.219362813271273716e-01 5.783258240029548643e-03 1.904816149715336576e-18 3.218582644278809430e-17
2.000000000000000389e-02 8.037521618109328969e-01 5.906243755946402087e-03 5.428119514855171579e-18 3.657764850043434843e-17
2.125000000000000500e-02 7.872968015649043361e-01 6.148077821372464891e-03 1.356736095414533183e-17 3.752518382549972125e-17
2.250000000000000264e-02 7.724930757980594809e-01 6.423958866231566089e-03 2.497519479219373088e-17 3.520788207833053984e-17
2.375000000000000375e-02 7.591695356391335858e-01 6.663579057895533189e-03 3.198906138374736011e-17 3.058142978603897967e-17
2.500000000000000139e-02 7.471111469813561667e-01 6.799851639534204226e-03 3.239353520132840802e-17 2.480010968243408554e-17
2.625000000000000250e-02 7.360892916411703180e-01 6.765320576219124513e-03 2.988530230416286931e-17 1.886075440427362627e-17
2.750000000000000361e-02 7.258752535771089143e-01 6.492752478567033296e-03 2.482187539901097066e-17 1.349387095676350040e-17
2.875000000000000472e-02 7.162406609836772242e-01 5.930218994969785502e-03 1.873481787268591140e-17 9.047589377661490253e-18
3.000000000000000583e-02 7.069460005724701457e-01 5.043715891312813317e-03 1.177940115990835338e-17 5.665344277266487015e-18
3.125000000000000000e-02 6.977139763438073849e-01 3.845898000854286198e-03 5.475303704720948431e-18 3.277633188788424472e-18
3.250000000000000111e-02 6.881994146698071635e-01 2.435156570051720190e-03 4.277479129582581055e-16 1.831029927976104676e-18
3.375000000000000222e-02 6.779083978486638573e-01 1.041984356115382548e-03 2.761891468047673320e-16 9.785619579957568036e-19
3.500000000000000333e-02 6.661439372038980844e-01 1.046965626378549414e-04 1.711977998586793680e-16 5.419223700705479663e-19
3.625000000000000444e-02 6.519340655071078627e-01 3.160344398982595595e-04 1.042044665492525297e-16 3.181593182609873432e-19
3.750000000000000555e-02 6.340264677605135235e-01 2.617700342552501704e-03 6.376380053958721283e-17 2.246263252554520324e-19
3.875000000000000666e-02 6.111447354634927942e-01 7.905432780560361569e-03 4.152827711856497902e-17 1.895969736702597735e-19
4.000000000000000777e-02 5.823981598899187206e-01 1.665473013672787855e-02 2.949958067934890506e-17 2.236077559694603355e-19
4.125000000000000888e-02 5.479698447926907301e-01 2.810167269782557278e-02 2.342909601761220412e-17 3.509389781245602442e-19
4.250000000000000999e-02 5.092976060012381900e-01 4.010812160466367682e-02 2.101726480561837747e-17 5.394217947684387426e-19
4.375000000000000416e-02 4.686243284142001531e-01 5.012127824476740601e-02 1.992149531119806284e-17 7.428377934935222312e-19
4.500000000000000527e-02 4.281113092699688205e-01 5.456508504711959223e-02 1.937006468966359747e-17 9.393464915010415114e-19
4.625000000000000638e-02 3.892540564643000578e-01 5.332717797447102809e-02 1.706871750190657729e-17 7.731353248086667597e-19
4.750000000000000749e-02 3.528314314280950881e-01 4.492867034729404463e-02 1.627781224658173970e-17 9.336441470917374722e-19
4.875000000000000860e-02 3.191563872671491775e-01 3.589880732791825985e-02 1.540571192460387781e-17 8.898961807615846328e-19
5.000000000000000278e-02 2.883210881566072303e-01 3.972245478865617935e-02 1.447386445175420773e-17 8.582468005217684145e-19
