# time 1 2 D-1 D
0.000000000000000000e+00 9.999999546377748016e-01 6.681058335704897067e-09 2.936274972744610634e-35 2.675190961956323156e-36
2.500000000000000052e-04 9.990658667085943190e-01 1.585603080502981571e-07 2.020250568764335083e-32 3.774771795767012181e-36
5.000000000000000104e-04 9.960208535390460138e-01 3.306371516263399533e-06 4.403779936448032792e-28 2.271367731699723980e-32
7.500000000000001240e-04 9.904027906097753187e-01 1.979338834390655379e-05 1.691276838565403671e-25 5.316836705248667512e-29
1.000000000000000021e-03 9.816239720584354345e-01 7.485108248646731488e-05 1.197827829072688796e-23 1.417307016619267760e-26
1.250000000000000026e-03 9.689811541718672538e-01 2.098242044145441588e-04 3.336849198197478698e-22 1.133765853564628234e-24
1.500000000000000248e-03 9.516680175340862524e-01 4.921136640143948700e-04 5.058455383048313753e-21 4.075389271909643610e-23
1.750000000000000253e-03 9.287896073716561673e-01 1.054192177207309610e-03 4.589035883176558656e-20 8.106325654141270981e-22
2.000000000000000042e-03 8.993803657380442518e-01 2.047725270309224896e-03 1.992469217664447464e-19 1.003460464742844476e-20
2.250000000000000264e-03 8.624270789897480194e-01 3.791959692067941277e-03 6.360018713759198218e-19 8.316774079305093190e-20
2.500000000000000052e-03 8.168936008706255691e-01 6.684327104749866223e-03 1.946953351287905418e-18 4.872335418135687303e-19
2.750000000000000274e-03 7.617360230911330854e-01 1.147291970856907997e-02 5.399126503987356952e-18 2.116673370332207728e-18
3.000000000000000496e-03 6.959014514317901634e-01 1.922827893413329298e-02 1.352673006839423414e-17 7.128885398136398142e-18
3.250000000000000284e-03 6.183623713437635949e-01 3.138293321183491941e-02 3.071714490070689064e-17 1.935699659542464462e-17
3.500000000000000507e-03 5.284859831329201674e-01 4.995252466973235800e-02 6.288486095027635243e-17 4.376963281679338664e-17
3.749999999999999861e-03 4.274741361444947541e-01 7.584561441735435117e-02 1.178978857042901982e-16 8.454755248461582953e-17
4.000000000000000083e-03 3.219808014213254577e-01 1.048650262087041513e-01 2.017139855788361805e-16 1.422818438154651555e-16
4.250000000000000305e-03 2.252373002397102253e-01 1.274289905360802833e-01 3.177305747139240131e-16 2.115182245782508581e-16
4.500000000000000527e-03 1.489396311873580903e-01 1.350229850556328437e-01 4.624206790786577983e-16 2.814548129321934601e-16
4.750000000000000749e-03 9.704923536672629969e-02 1.262279354473834769e-01 6.207611946338183953e-16 3.381925944507553533e-16
5.000000000000000104e-03 6.355369906523732071e-02 1.084145034983933914e-01 7.791381531047179054e-16 3.673063632059733779e-16
5.250000000000000326e-03 4.234650412536145048e-02 8.789093678630663375e-02 9.110044323956609208e-16 3.651318925333218627e-16
5.500000000000000548e-03 2.875985368582281709e-02 6.880783770614487538e-02 9.888124410916053512e-16 3.280058387992976820e-16
5.750000000000000770e-03 1.989891561875524115e-02 5.270500741840277587e-02 1.000307200809702205e-15 2.697648181775722936e-16
6.000000000000000992e-03 1.399355726760631927e-02 4.023955253133544574e-02 9.448835501283684107e-16 2.023032067605066196e-16
6.250000000000000347e-03 9.977263737544143918e-03 3.096842666980974615e-02 8.355242620827303854e-16 1.401548344024752974e-16
6.500000000000000569e-03 7.195554516250915120e-03 3.291490769549757032e-03 6.869612666394514516e-16 8.624011322751911978e-17
6.750000000000000791e-03 5.237135650177033273e-03 2.716482022117168871e-03 5.392581946935645555e-16 4.762234308914993997e-17
7.000000000000001013e-03 3.837723882657617484e-03 2.293172003465970138e-03 3.999392886387156646e-16 2.332482306658998352e-17
7.250000000000001235e-03 2.824005605416999177e-03 1.968346074056002808e-03 2.801250232030321850e-16 9.961295201014237563e-18
7.499999999999999722e-03 2.080281454325303737e-03 1.714746132501473183e-03 1.858166379790360746e-16 3.556400572057845680e-18
7.750000000000000812e-03 1.528167329301221037e-03 1.503827525400459365e-03 1.148067278217354247e-16 9.057234042556318531e-19
8.000000000000000167e-03 1.113973348018663023e-03 1.330967179674196268e-03 6.192727850946156756e-17 1.679702734736856473e-19
8.250000000000000389e-03 8.006922970229747756e-04 1.187937167331263016e-03 3.089128145410961039e-17 4.059388455081300456e-21
8.500000000000000611e-03 5.627994379122379419e-04 1.062831297541468219e-03 1.268408804957165399e-17 4.912773469013870810e-21
8.750000000000000833e-03 3.827494807450828934e-04 9.520589785049077269e-04 3.380352374400740043e-18 5.918399625311912116e-21
9.000000000000001055e-03 2.484536051189534136e-04 8.521645132597285366e-04 5.809892817016718963e-19 7.780065495159514076e-21
9.250000000000001277e-03 1.512870659469617350e-04 7.574398225051308950e-04 1.134679846390324755e-18 9.954264122280139674e-20
9.500000000000001499e-03 8.444527011558119708e-05 6.668244412580663248e-04 4.149382474768441603e-18 3.143199533662946058e-19
9.750000000000001721e-03 4.176034223055682070e-05 5.798779172416245777e-04 7.489383281779269736e-18 6.818603532455322577e-19
1.000000000000000021e-02 1.719745105306362773e-05 4.976198548657473440e-04 1.074823641853040179e-17 1.437803969483458165e-18
