# time 1 2 D-1 D
0.000000000000000000e+00 9.999999478857422019e-01 1.016352631983750378e-08 1.423670595639642424e-35 1.526386761382433182e-34
2.500000000000000052e-04 9.992038263882537796e-01 2.906062585065102553e-07 3.263588636839429098e-29 8.258704565383923487e-25
5.000000000000000104e-04 9.965554516082668624e-01 6.624533453015629419e-06 2.437986203212190129e-24 4.461894683449103884e-21
7.500000000000001240e-04 9.915069999363531617e-01 4.235275499090956349e-05 3.967744920440988028e-21 7.471310398332361061e-19
1.000000000000000021e-03 9.833119858086634135e-01 1.667542397545496787e-04 6.697256990910126989e-19 2.962167921589054020e-17
1.250000000000000026e-03 9.710359593603944406e-01 5.046650943270546922e-04 3.531137367814637030e-17 5.234614164078399949e-16
1.500000000000000248e-03 9.535514367976239969e-01 1.295804353547156187e-03 9.248006928164782089e-16 5.444336549471290691e-15
1.750000000000000253e-03 9.295018328537196783e-01 2.976020177778184329e-03 1.558993134006787935e-14 3.848560255680545251e-14
2.000000000000000042e-03 8.972182182813313034e-01 6.291071107361991335e-03 1.808034022792891761e-13 2.003359114455858411e-13
2.250000000000000264e-03 8.545826804281603239e-01 1.246882736961566797e-02 1.157763863842391465e-12 8.034704967236128137e-13
2.500000000000000052e-03 7.988820548505719543e-01 2.339361448698230872e-02 4.120802235622959219e-12 2.551618550291348882e-12
2.750000000000000274e-03 7.268694901060432922e-01 4.159865476800809342e-02 1.050164510975482847e-11 6.561168746627146502e-12
3.000000000000000496e-03 6.356900593311165526e-01 6.954299152662726802e-02 2.134804934367193192e-11 1.399621713581141365e-11
3.250000000000000284e-03 5.257982264053440158e-01 1.067391990262765711e-01 3.665456228100672891e-11 2.544909341499777658e-11
3.500000000000000507e-03 4.054326462142010534e-01 1.458468340586054623e-01 5.558774926777921659e-11 4.054231930715203709e-11
3.749999999999999861e-03 2.907917643984860856e-01 1.725735234063275059e-01 7.666588236281105164e-11 5.804135290392168562e-11
4.000000000000000083e-03 1.968778254717523379e-01 1.738198409303078340e-01 9.892852421565361338e-11 7.633096371964758835e-11
4.250000000000000305e-03 1.287769996654389848e-01 1.450753305442405439e-01 1.210718536531012849e-10 9.391086196794310196e-11
4.500000000000000527e-03 8.306961098436656254e-02 9.256601512053991287e-02 1.427483153428347126e-10 1.096908596195201215e-10
4.750000000000000749e-03 5.357646004457199823e-02 4.615965045609560224e-02 1.635315740495258304e-10 1.230771649167939683e-10
5.000000000000000104e-03 3.481653417792978517e-02 2.192166084170332069e-02 1.830290413695888173e-10 1.338966928356971100e-10
5.250000000000000326e-03 2.288113565638804497e-02 1.090843712769557806e-02 2.015045274136599815e-10 1.422712113944430119e-10
5.500000000000000548e-03 1.522679812821678066e-02 5.793983655439065815e-03 2.186813561580796131e-10 1.485092743856526370e-10
5.750000000000000770e-03 1.026016962006380887e-02 3.254711977861030840e-03 2.344426491846722508e-10 1.529829187214906235e-10
6.000000000000000992e-03 6.994756152111598034e-03 2.036889943941066865e-03 2.490480486834318664e-10 1.560645741652979244e-10
6.250000000000000347e-03 4.818774743740013647e-03 3.682450327096288729e-03 2.630217925765453399e-10 1.581065713922253444e-10
6.500000000000000569e-03 3.349628194659993747e-03 2.672776157990320450e-03 2.759604745398074679e-10 1.594029173632141125e-10
6.750000000000000791e-03 2.345262937257126812e-03 2.010254959861896076e-03 2.878229177554531368e-10 1.601835668020865764e-10
7.000000000000001013e-03 1.650564176761870746e-03 1.552243584502571369e-03 3.007888402071976849e-10 1.606419533434510871e-10
7.250000000000001235e-03 1.164823102587380808e-03 1.222764307286631352e-03 3.132934030405540720e-10 1.609165868323864531e-10
7.499999999999999722e-03 8.218185462968549595e-04 9.792799462800575675e-04 3.258500127842203654e-10 1.611207767739655672e-10
7.750000000000000812e-03 5.774813989343454334e-04 7.955399460300394089e-04 3.401558465328494695e-10 1.613387311857467731e-10
8.000000000000000167e-03 4.022112616687815068e-04 6.558910604286668708e-04 3.557068395964718711e-10 1.616254836937138561e-10
8.250000000000000389e-03 2.757108440314750566e-04 5.483025062487687862e-04 3.721886579702072521e-10 1.620265732343708353e-10
8.500000000000000611e-03 1.852224361574333000e-04 4.613686904515282858e-04 3.905331659756858270e-10 1.625697951875925738e-10
8.750000000000000833e-03 1.193784045373451043e-04 3.924233354088621766e-04 4.106488702338150649e-10 1.632741771827527055e-10
9.000000000000001055e-03 7.262029075480870392e-05 3.354451944847468541e-04 4.327119899018992966e-10 1.641515627627182530e-10
9.250000000000001277e-03 4.135254852843018339e-05 2.863573136918838797e-04 4.571025265999552110e-10 1.652072070154614927e-10
9.500000000000001499e-03 2.116010334152972785e-05 2.437358946785929533e-04 4.829577324111077964e-10 1.664470211986966255e-10
9.750000000000001721e-03 8.886748455428840167e-06 2.065732434254712296e-04 5.093175964032655804e-10 1.678663754004882749e-10
1.000000000000000021e-02 2.744031838715387495e-06 1.735153533202608335e-04 5.396340365739737563e-10 1.694565739189161135e-10
