# time 1 2 D-1 D
0.000000000000000000e+00 9.999999649573175775e-01 2.487448996002223753e-08 2.637052598756870893e-34 5.541280369776263313e-34
2.500000000000000052e-04 9.999987177943712169e-01 1.013452016875563664e-08 9.759321770016654994e-20 1.999824588298924548e-21
5.000000000000000104e-04 9.999802618879618521e-01 1.345305336791233053e-07 3.571835184370425659e-18 1.665961346378056757e-20
7.500000000000001240e-04 9.999032630917688014e-01 8.986179782311875380e-07 5.292906516541849726e-18 4.578162587713278124e-20
1.000000000000000021e-03 9.996986002577007424e-01 4.117556276845505294e-06 1.635314225074278904e-17 8.127629378702638934e-19
1.250000000000000026e-03 9.992570268913308906e-01 1.503457071469444364e-05 2.171873679463803113e-16 2.351438062172766848e-18
1.500000000000000248e-03 9.983999787241717438e-01 4.797438153764393179e-05 3.952150369353559322e-15 5.754644451022408859e-20
1.750000000000000253e-03 9.968227955382134020e-01 1.393311163669155861e-04 5.753111874213664491e-14 1.142077360491644439e-16
2.000000000000000042e-03 9.939877354569685020e-01 3.812284349457893489e-04 6.503189734272297760e-13 3.394831758521258208e-15
2.250000000000000264e-03 9.889184280276716033e-01 1.002843734369072504e-03 5.982369546494976672e-12 4.464971370539353239e-14
2.500000000000000052e-03 9.797898416037869040e-01 2.576212049180938869e-03 4.734644744406809982e-11 3.453484917682958572e-13
2.750000000000000274e-03 9.630796114070262481e-01 6.551995008388853542e-03 3.463470243216613684e-10 1.723232526467911931e-12
3.000000000000000496e-03 9.318393283018802098e-01 1.654628171284251367e-02 2.551312186053077502e-09 5.914363125701848654e-12
3.250000000000000284e-03 8.724619412479012182e-01 4.123188383114465005e-02 8.416587770573454520e-09 1.466976944238099497e-11
3.500000000000000507e-03 7.665367589710040397e-01 9.300696292562217471e-02 1.911008801244683680e-08 2.703827443901079429e-11
3.749999999999999861e-03 6.124596165816442728e-01 1.695172900687422768e-01 3.932258479983651020e-08 3.687909304252883147e-11
4.000000000000000083e-03 4.578992935082231708e-01 2.270632098777743690e-01 7.339570013431011138e-08 3.474433254397750102e-11
4.250000000000000305e-03 3.449820905496745471e-01 2.373313902212285664e-01 1.262953618279264180e-07 1.691320517561252646e-11
4.500000000000000527e-03 2.723439090681124553e-01 2.169437986602542057e-01 2.023712855883130144e-07 7.039092384757931372e-14
4.750000000000000749e-03 2.251895262068017711e-01 1.883055558496573301e-01 3.047710284062169032e-07 3.586632617491446852e-11
5.000000000000000104e-03 1.930532573951635189e-01 1.618859009469445775e-01 4.359807881295424298e-07 2.193243129537433366e-10
5.250000000000000326e-03 1.703510163351619755e-01 1.400240568046198786e-01 5.978963315607206228e-07 6.877665365424096350e-10
5.500000000000000548e-03 1.539835773986540646e-01 1.222701636194867408e-01 7.899743923736673368e-07 1.610350941283510283e-09
5.750000000000000770e-03 1.412994382744335586e-01 1.084157696678589022e-01 1.010519771117118122e-06 3.171188440797508160e-09
6.000000000000000992e-03 1.314920843631202096e-01 9.718768023689622337e-02 1.256943631565914961e-06 5.550485652465778452e-09
6.250000000000000347e-03 1.239371728881196594e-01 8.774899891280561748e-02 1.526329285954297742e-06 8.907407029778403441e-09
6.500000000000000569e-03 1.178748164638123985e-01 7.983886668792355978e-02 1.816938305789876284e-06 1.336714736241714368e-08
6.750000000000000791e-03 1.127916132965458701e-01 7.324708961651617278e-02 2.118782601246912470e-06 1.901286993092057325e-08
7.000000000000001013e-03 1.088190708499830600e-01 6.733096691218103114e-02 2.434921566379585809e-06 2.588290243584588794e-08
7.250000000000001235e-03 1.055689006560354137e-01 6.210103549605688195e-02 2.759306757011233608e-06 3.397260709890352382e-08
7.499999999999999722e-03 1.027222939363142129e-01 5.761472462329229882e-02 3.084887225860365699e-06 4.323912295823128709e-08
7.750000000000000812e-03 1.005088602784840746e-01 5.341687521934303240e-02 3.409875950837852762e-06 5.360634870757350756e-08
8.000000000000000167e-03 9.858250736248948265e-02 4.971603829799784574e-02 3.735867476966490279e-06 6.497513078277905899e-08
8.250000000000000389e-03 9.702427168518695799e-02 4.628768485792400522e-02 4.054605746251923258e-06 7.722969016549078043e-08
8.500000000000000611e-03 9.568631961545652487e-02 4.320144419960575410e-02 4.364293007002282352e-06 9.024480747486601943e-08
8.750000000000000833e-03 9.444845275973587362e-02 4.048371698127015139e-02 4.670443971445781313e-06 1.038924612655845133e-07
9.000000000000001055e-03 9.352167799305068085e-02 3.786774854243946803e-02 4.960675449065007221e-06 1.180471267791070379e-07
9.250000000000001277e-03 9.263780745933718197e-02 3.557459650120525091e-02 5.242550211078227220e-06 1.325891855761436379e-07
9.500000000000001499e-03 9.196976005015299049e-02 3.338669071582184983e-02 5.513391584957008721e-06 1.474073154670270429e-07
9.750000000000001721e-03 9.131835998518382513e-02 3.142880963973086056e-02 5.767347413665755797e-06 1.624004232943202563e-07
1.000000000000000021e-02 9.080918730385474646e-02 2.956985399857758878e-02 6.016211784764939007e-06 1.774792213073075286e-07
