# time 1 2 D-1 D
0.000000000000000000e+00 9.999999355158043501e-01 7.099058752604945711e-09 1.959375743321755335e-35 2.647566844712000269e-35
5.000000000000000104e-04 9.999934735967895838e-01 2.865386024510819776e-07 1.048737352869669453e-29 2.833226114549887439e-32
1.000000000000000021e-03 9.998931855147260572e-01 6.291882293051327540e-06 5.335436591468836865e-26 8.690699296677125948e-28
1.500000000000000248e-03 9.994564349246023438e-01 4.127589196141710082e-05 1.448033777501237892e-23 2.940513008347614737e-25
2.000000000000000042e-03 9.982690333327502996e-01 1.705780730520287873e-04 6.357004751531175764e-23 4.953515103323502553e-24
2.500000000000000052e-03 9.957051152343014966e-01 5.561458905966137857e-04 9.744128267575549788e-22 7.358414913663562207e-23
3.000000000000000496e-03 9.908180460810264156e-01 1.556572515363448738e-03 6.689208721344814061e-21 5.660401742952890354e-22
3.500000000000000507e-03 9.820900375773800040e-01 3.947815082319654049e-03 3.387550061372376517e-20 3.369567027384030800e-21
4.000000000000000083e-03 9.669075991782305479e-01 9.326906089875864822e-03 1.552441283595789355e-19 1.778802095340665768e-20
4.500000000000000527e-03 9.405545205352320304e-01 2.116500353355405331e-02 7.007530911091100574e-19 8.525727809543505826e-20
5.000000000000000104e-03 8.946212913527765709e-01 4.587698363054182327e-02 2.795133815008162465e-18 3.629074602351553016e-19
5.500000000000000548e-03 8.160737159592372780e-01 9.357282064730228222e-02 9.813179255821037767e-18 1.341028240196470494e-18
6.000000000000000992e-03 6.931324096998233708e-01 1.723238858394905981e-01 3.581086234628921546e-17 4.287002088245715022e-18
6.500000000000000569e-03 5.351010987427404775e-01 2.683189902153795270e-01 1.267864483136937623e-16 1.147218741449631600e-17
7.000000000000001013e-03 3.801548599257389971e-01 3.410545874100908703e-01 4.180396120405714079e-16 2.438278890806416886e-17
7.499999999999999722e-03 2.600949753649071106e-01 3.591209141903649038e-01 1.219566193144808702e-15 3.866929789698544834e-17
8.000000000000000167e-03 1.785152451720528055e-01 3.250369159151178522e-01 3.180919708516648514e-15 3.948680062967794359e-17
8.500000000000000611e-03 1.254684245789341734e-01 2.482235818694819851e-01 7.538440196074995985e-15 1.435293101093832258e-17
9.000000000000001055e-03 9.089590246522043226e-02 1.434044474246372325e-01 1.600795124278686167e-14 8.108100748217913951e-18
9.500000000000001499e-03 6.787045997197724279e-02 7.670770561330758630e-02 5.352269197422338620e-14 2.287886614648500744e-16
1.000000000000000021e-02 5.209746870797898194e-02 5.276875620433213454e-02 8.815655259132539105e-14 1.177919184917299538e-15
1.050000000000000065e-02 4.097402119314134256e-02 2.618593034775364842e-02 1.380454583368557990e-13 3.728999423853791962e-15
1.100000000000000110e-02 3.290992774963425599e-02 2.064539445144235319e-02 2.000154189150622109e-13 9.157151073218310228e-15
1.150000000000000154e-02 2.691415791868346716e-02 1.831519046491756481e-02 2.717112204683434306e-13 1.907850237653252783e-14
1.200000000000000198e-02 2.235394226981314222e-02 1.647537917073850500e-02 3.563260914254489284e-13 3.510398494413453559e-14
1.250000000000000069e-02 1.881496402156404221e-02 1.519585498407369055e-02 4.448567217411557859e-13 5.876018867768113178e-14
1.300000000000000114e-02 1.601918572819124170e-02 1.410154283608027435e-02 5.356209598119279089e-13 9.122347271310697871e-14
1.350000000000000158e-02 1.377560960367739916e-02 1.326967128980686798e-02 6.239649643000943901e-13 1.328606294418578132e-13
1.400000000000000203e-02 1.195012114075315844e-02 1.255238158923464506e-02 7.078751009455098569e-13 1.833356889607558656e-13
1.450000000000000247e-02 1.044660559341704237e-02 1.183937615693201988e-02 7.838739574934510092e-13 2.424333560985187908e-13
1.499999999999999944e-02 9.194864337501967855e-03 1.125795887153785250e-02 8.483594149877005529e-13 3.089741436898794227e-13
1.550000000000000162e-02 8.142720974813501614e-03 1.086176437372715457e-02 9.079584172274873422e-13 3.802938117111270968e-13
1.600000000000000033e-02 7.250763935056689542e-03 1.050605779805115214e-02 9.563387141474063308e-13 4.568358956163560976e-13
1.650000000000000078e-02 6.488781743625052049e-03 1.007402202901811969e-02 9.892706610029972274e-13 5.352878208412660563e-13
1.700000000000000122e-02 5.833302140547883506e-03 9.699139973037057896e-03 1.017391442488978701e-12 6.144528143693730322e-13
1.750000000000000167e-02 5.265866592218367351e-03 9.388584997249614650e-03 1.035089602089446874e-12 6.938824345034434782e-13
1.800000000000000211e-02 4.771800596764329445e-03 9.121502969125510826e-03 1.050094313004802203e-12 7.719517512016865924e-13
1.850000000000000255e-02 4.339323633755690253e-03 8.914654544606780834e-03 1.047786495272782676e-12 8.468847376984296739e-13
1.900000000000000300e-02 3.958895266111120588e-03 8.586923829944718631e-03 1.047152456797062886e-12 9.200055113810070604e-13
1.950000000000000344e-02 3.622727956237553615e-03 8.331030697785781966e-03 1.040051609111240473e-12 9.890975862436470632e-13
2.000000000000000042e-02 3.324430297800004454e-03 8.142778492440246388e-03 1.024828893903490223e-12 1.054429022837505344e-12
