# time 1 2 D-1 D
0.000000000000000000e+00 9.999999531918298823e-01 1.469284162322739579e-08 1.333129979977479423e-36 4.261167021730792885e-36
1.250000000000000243e-03 9.999968082656381929e-01 2.182158239609036453e-06 6.868138595686867178e-28 2.499624491491061042e-28
2.500000000000000486e-03 9.999292217596791321e-01 5.051718910821904489e-05 6.014884241653274684e-25 1.785790271175695156e-26
3.750000000000000729e-03 9.995173354149832212e-01 3.617794241597521959e-04 1.620070676184117636e-23 3.726824227979910137e-24
5.000000000000000971e-03 9.979548554446630027e-01 1.598810968937003103e-03 9.762520793056211151e-23 3.747117359287283481e-23
6.250000000000000347e-03 9.933837382818516692e-01 5.337376207329429245e-03 5.076455166291785039e-22 2.196536220374309811e-22
7.500000000000001457e-03 9.822972686554596322e-01 1.469496312748209965e-02 3.686599970592774166e-21 9.565791734280986334e-22
8.750000000000000833e-03 9.596505486502924231e-01 3.418100290383390555e-02 3.739484003285396686e-20 3.256368727182907021e-21
1.000000000000000194e-02 9.211278558521044380e-01 6.796930690944329168e-02 3.817990087785318979e-19 1.110311817457137013e-20
1.125000000000000132e-02 8.673828652693679198e-01 1.154084977236379400e-01 3.221782083694020549e-18 6.148222748667978193e-20
1.250000000000000069e-02 8.056009952752319903e-01 1.679548662662090908e-01 2.037966676243468496e-17 6.443354267791598236e-19
1.375000000000000180e-02 7.451195993470430823e-01 1.359275004817967480e-01 9.353088949516023072e-17 7.976178417145092942e-18
1.500000000000000291e-02 6.921987855814879520e-01 5.123588670390043925e-02 2.953020407815552779e-16 7.929363557120893201e-17
1.625000000000000056e-02 6.489147740266708597e-01 2.865524171773018922e-02 5.558186824705195460e-16 5.593277151251477302e-16
1.750000000000000167e-02 6.147480219736215501e-01 2.085660673262787132e-02 3.620133925478606547e-16 2.719558165424252446e-15
1.875000000000000278e-02 5.882078594626649615e-01 1.727644923639150634e-02 1.531181187292466273e-16 8.849062854644924777e-15
2.000000000000000389e-02 5.677031603128781523e-01 1.559827551262578556e-02 7.115710237999969164e-15 1.814850614213500258e-14
2.125000000000000500e-02 5.518639537882739088e-01 1.474330309722739901e-02 3.020933565042201172e-14 2.109385126392782597e-14
2.250000000000000264e-02 5.396050150253087763e-01 1.422063063901105040e-02 3.770977815002383141e-14 1.081739815447060862e-14
2.375000000000000375e-02 5.300961938408287333e-01 1.399911888094458080e-02 3.213760244358453286e-15 4.694702235140575935e-16
2.500000000000000139e-02 5.227101420310060753e-01 1.381601671513288040e-02 3.201054551897225020e-14 1.163756725080263835e-14
2.625000000000000250e-02 5.169734242476813346e-01 1.368086533743525894e-02 1.531779876125895192e-13 5.278759184268270098e-14
2.750000000000000361e-02 5.125268920428173169e-01 1.359631861970637089e-02 3.184447924126634134e-13 1.126724801615103431e-13
2.875000000000000472e-02 5.090957843715092634e-01 1.348219303398521737e-02 4.865384515311032144e-13 1.672436985605098619e-13
3.000000000000000583e-02 5.064680196894828512e-01 1.334275060476373953e-02 6.214248683926394720e-13 1.922349124779469208e-13
3.125000000000000000e-02 5.044783602677282985e-01 1.317211302073358417e-02 6.843892059183055435e-13 1.757799124644247806e-13
3.250000000000000111e-02 5.029973427929766983e-01 1.300497121756418427e-02 6.508499239117782261e-13 1.272638162418653337e-13
3.375000000000000222e-02 5.019225511390602579e-01 1.282131915603342866e-02 5.173080070933257848e-13 8.050337819364678104e-14
3.500000000000000333e-02 5.011727666177516749e-01 1.262398584478824186e-02 3.328950420161670762e-13 8.901126254424279121e-14
3.625000000000000444e-02 5.006836777457533971e-01 1.243338950114276226e-02 1.940696058858924770e-13 2.197351103587738540e-13
3.750000000000000555e-02 5.004026136381222178e-01 1.223477577630651542e-02 2.670556591589222320e-13 5.424702601911651942e-13
3.875000000000000666e-02 5.002913642609582157e-01 1.201060966591463788e-02 7.684697613274886679e-13 1.121014270035361656e-12
4.000000000000000777e-02 5.003143770365596765e-01 1.181989145782298689e-02 1.956154529418258102e-12 2.007473205664972635e-12
4.125000000000000888e-02 5.004451898573089030e-01 1.162258009210694575e-02 4.108311993060647580e-12 3.232224294460423331e-12
4.250000000000000999e-02 5.006639595416687571e-01 1.142152855959055816e-02 7.409446145010419380e-12 4.805686470756616245e-12
4.375000000000000416e-02 5.009520763869562687e-01 1.125358061682123212e-02 1.206252672127357600e-11 6.726726154699686582e-12
4.500000000000000527e-02 5.012961116475104228e-01 1.108590628746154022e-02 1.817335569824230457e-11 8.968739289840803603e-12
4.625000000000000638e-02 5.016837332020268603e-01 1.091999731759333084e-02 2.577506768317346920e-11 1.148934710765152735e-11
4.750000000000000749e-02 5.021059835789838388e-01 1.077151629602272377e-02 3.466532776303957258e-11 1.423975308962451399e-11
4.875000000000000860e-02 5.025548216482931263e-01 1.063261682809478297e-02 4.460813481582654766e-11 1.718234048379392869e-11
5.000000000000000278e-02 5.030244188827873719e-01 1.050075543681476022e-02 5.552451916968782804e-11 2.023880319334844034e-11
