# lambda 1 2 D-1 D
0.000000000000000000e+00 -8.999999969853892168e+00 -7.000000010072076506e+00 7.000000027858789053e+00 8.999999970193965027e+00
2.500000000000000139e-02 -8.781156502989714951e+00 -6.902928900146243052e+00 6.903100446540838320e+00 8.781600266617454409e+00
5.000000000000000278e-02 -8.574455590910160296e+00 -6.816075162392627007e+00 6.817455985413682029e+00 8.578212332649025385e+00
7.500000000000001110e-02 -8.379728586944182211e+00 -6.739366498050376464e+00 6.744008399872249981e+00 8.393206045695578155e+00
1.000000000000000056e-01 -8.196935367057408328e+00 -6.672756891621867581e+00 6.683606184863437605e+00 8.231029009685604692e+00
1.250000000000000000e-01 -8.026178609400613340e+00 -6.616219272198211598e+00 6.636906265177284325e+00 8.097423757388742871e+00
1.500000000000000222e-01 -7.867717793082269040e+00 -6.569739910039672282e+00 6.604433345885555084e+00 7.999412028559303778e+00
1.750000000000000167e-01 -7.721984515917721836e+00 -6.533306448268881184e+00 6.587016716901150204e+00 7.944709389494583718e+00
2.000000000000000111e-01 -7.589600341601242306e+00 -6.506888365983776623e+00 6.586631396135912198e+00 7.940312507567261591e+00
2.250000000000000056e-01 -7.471397850962949505e+00 -6.490407897233451351e+00 6.607013776091735124e+00 7.990615106880435192e+00
2.500000000000000000e-01 -7.368444427600826074e+00 -6.483699363453647280e+00 6.653581981102682619e+00 8.096176903828302684e+00
2.750000000000000222e-01 -7.282065340310992951e+00 -6.486457385143808096e+00 6.735804189576814593e+00 8.254004304241849610e+00
3.000000000000000444e-01 -7.213855036696855905e+00 -6.498181654852956513e+00 6.878505822415855064e+00 8.458937319113172038e+00
3.250000000000000111e-01 -7.165648362845358221e+00 -6.518144592284707883e+00 7.088301632240815664e+00 8.705102570067998258e+00
3.500000000000000333e-01 -7.139394968826735521e+00 -6.545440528988718754e+00 7.337817644395007832e+00 8.986844985953261755e+00
3.750000000000000000e-01 -7.136863262512518347e+00 -6.579197473921739814e+00 7.614322983556126800e+00 9.299137762863969314e+00
4.000000000000000222e-01 -7.159168941881286941e+00 -6.618971130938636094e+00 7.912177479976236327e+00 9.637677045421529698e+00
4.250000000000000444e-01 -7.206324710600291894e+00 -6.665143203979148723e+00 8.227779981776008000e+00 9.998834734336057295e+00
4.500000000000000111e-01 -7.277145141416710317e+00 -6.719009438626663666e+00 8.558473327068719883e+00 1.037956536865981860e+01
4.750000000000000333e-01 -7.369608990075287025e+00 -6.782470511521696110e+00 8.902174648689614500e+00 1.077730939281386746e+01
5.000000000000000000e-01 -7.481399795452535528e+00 -6.857618176662782616e+00 9.257189272210695208e+00 1.118990774184333148e+01
5.250000000000000222e-01 -7.610308435971116836e+00 -6.946546436333047581e+00 9.622100422505425854e+00 1.161553090838938473e+01
5.500000000000000444e-01 -7.754415265979581307e+00 -7.051472894512237133e+00 9.995701479211632545e+00 1.205262137285841106e+01
5.750000000000000666e-01 -7.912125245328946122e+00 -7.175070790748451444e+00 1.037695403772105784e+01 1.249984714740486602e+01
6.000000000000000888e-01 -8.082139947402339430e+00 -7.321410089272298194e+00 1.076496041200839215e+01 1.295606421259411789e+01
6.250000000000000000e-01 -8.263412738306477934e+00 -7.498114147214206326e+00 1.115894372332990514e+01 1.342028598823512198e+01
6.500000000000000222e-01 -8.455104818033481351e+00 -7.702686890790891638e+00 1.155823165452180668e+01 1.389165837264557446e+01
6.750000000000000444e-01 -8.656546660576234231e+00 -7.923470905626389893e+00 1.196224236877461244e+01 1.436943921616889419e+01
7.000000000000000666e-01 -8.867204821182026464e+00 -8.155040557593002504e+00 1.237047190120706297e+01 1.485298135215150062e+01
7.250000000000000888e-01 -9.086652931398841559e+00 -8.394897741508945188e+00 1.278248304379044242e+01 1.534171850281726179e+01
7.500000000000000000e-01 -9.314545704217367827e+00 -8.641567450134806094e+00 1.319789557340937769e+01 1.583515352353291483e+01
7.750000000000000222e-01 -9.550595137023645265e+00 -8.894044472882693952e+00 1.361637790555957395e+01 1.633284855967232119e+01
8.000000000000000444e-01 -9.794548585160338661e+00 -9.151574517929326191e+00 1.403763989023340386e+01 1.683441677527111935e+01
8.250000000000000666e-01 -1.004616888391468166e+01 -9.413553498728255420e+00 1.446142676539476213e+01 1.733951537873993232e+01
8.500000000000000888e-01 -1.030521713281818208e+01 -9.679477159361550065e+00 1.488751403209360902e+01 1.784783972288798992e+01
8.750000000000000000e-01 -1.057143901772629491e+01 -9.948914992344210617e+00 1.531570316747117744e+01 1.835911829778958904e+01
9.000000000000000222e-01 -1.084455553395810767e+01 -1.022149706597702234e+01 1.574581798263951526e+01 1.887310846806361297e+01
9.250000000000000444e-01 -1.112425864521989993e+01 -1.049690589117374273e+01 1.617770162654467114e+01 1.938959283273146994e+01
9.500000000000000666e-01 -1.141021182966782277e+01 -1.077487103879406760e+01 1.661121393788447875e+01 1.990837610733030516e+01
9.750000000000000888e-01 -1.170205479578387653e+01 -1.105516386328351786e+01 1.704622932672771540e+01 2.042928244542389038e+01
1.000000000000000000e+00 -1.199941111270043592e+01 -1.133759210781287408e+01 1.748263489592739717e+01 2.095215313088272779e+01
