# time 1 2 D-1 D
0.000000000000000000e+00 9.999999840447363342e-01 4.392956423169971043e-09 4.068385948195938669e-35 9.803152688117547191e-34
1.250000000000000243e-03 9.999932870060066481e-01 2.541689645144943299e-07 1.416815293597222489e-20 1.407436558259202237e-22
2.500000000000000486e-03 9.998950547970920644e-01 4.904322781904281517e-06 1.142477924428943390e-20 2.213249490309259808e-21
3.750000000000000729e-03 9.994819587855625631e-01 3.049376865715018516e-05 2.461681312201145496e-19 7.503239612751276826e-20
5.000000000000000971e-03 9.984078529406188451e-01 1.192492095098854566e-04 2.420118866272593532e-18 4.396163249838732629e-19
6.250000000000000347e-03 9.962224265390611233e-01 3.543386268032482967e-04 1.387879483055779725e-17 2.285007046521400780e-18
7.500000000000001457e-03 9.923736221009926695e-01 8.908106445374718062e-04 7.204573249319717069e-17 1.246235851490096338e-17
8.750000000000000833e-03 9.861839026634273697e-01 1.985291539105077559e-03 5.404098284989948834e-16 1.030223137524962499e-16
1.000000000000000194e-02 9.767957502049232632e-01 4.062315714828700075e-03 4.468910635742837340e-15 9.772190339574474502e-16
1.125000000000000132e-02 9.630880316172113487e-01 7.723021996787069604e-03 3.253935269596464752e-14 8.170672002003866380e-15
1.250000000000000069e-02 9.435745702514221067e-01 1.393381493818102689e-02 1.965074975864166320e-13 5.455088008662892858e-14
1.375000000000000180e-02 9.163169386943776917e-01 2.410464604377209052e-02 8.893231294118204831e-13 2.805109424828728701e-13
1.500000000000000291e-02 8.789336058596537438e-01 3.996207312234911074e-02 1.950398287495784600e-12 1.136841312914995444e-12
1.625000000000000056e-02 8.289222450824155208e-01 6.357214027737717599e-02 2.883966036345067259e-12 3.735400635142519483e-12
1.750000000000000167e-02 7.643916014154227279e-01 9.658012992429425292e-02 5.146628293503955245e-12 1.024841879881504134e-11
1.875000000000000278e-02 6.859855315302675338e-01 1.385539344987665178e-01 9.117349879067451493e-12 2.413695795877796009e-11
2.000000000000000389e-02 5.980672465444826225e-01 1.855157398963599713e-01 1.533611805786415025e-11 4.991561206466218265e-11
2.125000000000000500e-02 5.085651734358320741e-01 2.306135384532479182e-01 2.319654461737466730e-11 9.241855400279505109e-11
2.250000000000000264e-02 4.255446017905012979e-01 2.666562811939214295e-01 3.274355893811569831e-11 1.556862005024743378e-10
2.375000000000000375e-02 3.541199118647048172e-01 2.897241858823070837e-01 4.154222889388448264e-11 2.418643706317755891e-10
2.500000000000000139e-02 2.956335247631509122e-01 2.996020983030058815e-01 4.893808031927626923e-11 3.505373140032129238e-10
2.625000000000000250e-02 2.489582228306594924e-01 2.974383041667815197e-01 5.534390538677918395e-11 4.786150794433484456e-10
2.750000000000000361e-02 2.120173023358973841e-01 2.844870829227061915e-01 6.213326690615178593e-11 6.206658065614901575e-10
2.875000000000000472e-02 1.826939472539692855e-01 2.598481834042576377e-01 7.283341911812957108e-11 7.700232006075403587e-10
3.000000000000000583e-02 1.591873048027297177e-01 2.158200266931488143e-01 8.524180439443647596e-11 9.197697908318341388e-10
3.125000000000000000e-02 1.400773836725441590e-01 1.301349450376387273e-01 1.001210697276453513e-10 1.063528926331545942e-09
3.250000000000000111e-02 1.242800685554481532e-01 7.753323943547928143e-02 1.212497135284476726e-10 1.196333018381643212e-09
3.375000000000000222e-02 1.109774170952808336e-01 5.980224188729715840e-02 1.525985332302463130e-10 1.314776175112887513e-09
3.500000000000000333e-02 9.955430992335731477e-02 5.196963187906989551e-02 1.920404476654558907e-10 1.417098605644058425e-09
3.625000000000000444e-02 8.954927677206099557e-02 4.911461953046275530e-02 2.398745321309573994e-10 1.502862070641219696e-09
3.750000000000000555e-02 8.061889262252530663e-02 4.842079645625166351e-02 2.985192737451371242e-10 1.572741060226920929e-09
3.875000000000000666e-02 7.251268639898678092e-02 4.882724916873201065e-02 3.733327492420312333e-10 1.628135818445776139e-09
4.000000000000000777e-02 6.505515217493121338e-02 5.007373480398904370e-02 4.620580470897694355e-10 1.670818531424401802e-09
4.125000000000000888e-02 5.813184951444529819e-02 5.203115468586489573e-02 5.689940362432329192e-10 1.702710963570105260e-09
4.250000000000000999e-02 5.167718704047407491e-02 5.429128749395185222e-02 6.800925009549273324e-10 1.725645231304641444e-09
4.375000000000000416e-02 4.566235952513779395e-02 5.676804794807287918e-02 8.149546724097595001e-10 1.741271533398653854e-09
4.500000000000000527e-02 4.008336363952555437e-02 5.927339826780044646e-02 9.462319938890282403e-10 1.750988229586175543e-09
4.625000000000000638e-02 3.494894010299105097e-02 6.174635989304873979e-02 1.102994535302172771e-09 1.755930037045062209e-09
4.750000000000000749e-02 3.027070537672627015e-02 6.408459293095988829e-02 1.260367075592005678e-09 1.756996070886660586e-09
4.875000000000000860e-02 2.605413244304945891e-02 6.616947796298042195e-02 1.426925933451963475e-09 1.754876370547996820e-09
5.000000000000000278e-02 2.229627189294992873e-02 6.804171437195864758e-02 1.585836685306236939e-09 1.750100693089397122e-09
