# time 1 2 D-1 D
0.000000000000000000e+00 9.999999474515171016e-01 2.224063456585316020e-08 5.761630459257748495e-35 2.715759292384116108e-35
2.500000000000000486e-03 9.999935833358167825e-01 2.111389112991790816e-08 1.594023356566183279e-26 8.471344899520631183e-28
5.000000000000000971e-03 9.999058971381390437e-01 6.074189537657126320e-07 7.718213643179932124e-22 2.516597117802254311e-23
7.500000000000001457e-03 9.995624767014686940e-01 4.604624867074714686e-06 2.451054931692529225e-21 8.492684975931843461e-24
1.000000000000000194e-02 9.987212609125644125e-01 2.117862978768012566e-05 4.405015323589149619e-21 1.842950105307357249e-22
1.250000000000000069e-02 9.970758919598753378e-01 7.470040366864206442e-05 2.219297949226592849e-20 1.255442533065207507e-21
1.500000000000000291e-02 9.942112484070042555e-01 2.240061062991291225e-04 2.130105748176672932e-19 3.123032417190859183e-21
1.750000000000000167e-02 9.894938932108080509e-01 6.048090048736165817e-04 2.991019779573990988e-18 8.085422347116573978e-21
2.000000000000000389e-02 9.818610817129262980e-01 1.524260613600768874e-03 5.125973097224600012e-17 2.148082538876076981e-19
2.250000000000000264e-02 9.694374918005893571e-01 3.669515796226418061e-03 7.579466945611456576e-16 2.546280140154590720e-18
2.500000000000000139e-02 9.487558953961783281e-01 8.649235269998202524e-03 6.442247730708377889e-15 1.390896272701365151e-17
2.750000000000000361e-02 9.136160085091902250e-01 1.988153997592903219e-02 3.216629226473907745e-14 3.425573664896213636e-17
3.000000000000000583e-02 8.533727346698194438e-01 4.420866383590782434e-02 1.130647034520106143e-13 1.778623143395944100e-17
3.250000000000000111e-02 7.531594354887680698e-01 9.223193043513325251e-02 3.097691280382954304e-13 9.138394389652731177e-17
3.500000000000000333e-02 6.125852324916630787e-01 1.614734887474582603e-01 7.010931268312893026e-13 2.156412179901302724e-15
3.750000000000000555e-02 4.641067212577796863e-01 2.210542163268518490e-01 1.347165922185249248e-12 1.467262834198904242e-14
4.000000000000000777e-02 3.434305354750584183e-01 2.430168283819292008e-01 2.294485441565959088e-12 6.138688239538189196e-14
4.250000000000000999e-02 2.582726274552460954e-01 2.308032678392720194e-01 3.538299120349872393e-12 1.911669728157667895e-13
4.500000000000000527e-02 1.994998469311090594e-01 2.026246230888934519e-01 5.037994932747218156e-12 4.851961919278738002e-13
4.750000000000000749e-02 1.570531122248094713e-01 1.726051879015402524e-01 6.685577793427826088e-12 1.053564329461871878e-12
5.000000000000000278e-02 1.260794001946688170e-01 1.451612634650105427e-01 8.392729563108573573e-12 2.020751432977041306e-12
5.250000000000000500e-02 1.020032836340289684e-01 1.231786869877978530e-01 1.001378549739209392e-11 3.505838055546847832e-12
5.500000000000000722e-02 8.307028137117572486e-02 1.052637739000739925e-01 1.168222127089896838e-11 5.598231212429290558e-12
5.750000000000000944e-02 6.796394975668226812e-02 9.139361193216540002e-02 1.312833188738128781e-11 8.347863202164943067e-12
6.000000000000001166e-02 5.576439620029415012e-02 8.019586694339736477e-02 1.445495456079462108e-11 1.174611564849410633e-11
6.250000000000000000e-02 4.582050000454669647e-02 7.091187080950221711e-02 1.574419218205776613e-11 1.574277745356950188e-11
6.500000000000000222e-02 3.766707775217992965e-02 6.377263363840862676e-02 1.677339222454669528e-11 2.024822402074071074e-11
6.750000000000000444e-02 3.095331929583520006e-02 5.850754614545554400e-02 1.776953131485682423e-11 2.514550080832264451e-11
7.000000000000000666e-02 2.540969646501948717e-02 1.851466085701055503e-02 1.867895845854964685e-11 3.031544766646024704e-11
7.250000000000000888e-02 2.082565882936562862e-02 1.622916968103830723e-02 1.952387260269764315e-11 3.562575422050074306e-11
7.500000000000001110e-02 1.703419856095532425e-02 1.478453700281959042e-02 2.030375544081108172e-11 4.095841703623609809e-11
7.750000000000001332e-02 1.390089749675575519e-02 1.365427068371691255e-02 2.107182940391766384e-11 4.627693887868538555e-11
8.000000000000001554e-02 1.131607374832648526e-02 1.256721338057770025e-02 2.174130377585046246e-11 5.146843496603726853e-11
8.250000000000001776e-02 9.189049235629903958e-03 1.157927439869022718e-02 2.237964344422554314e-11 5.637665127405894960e-11
8.500000000000001998e-02 7.444083202004823235e-03 1.071415027559909083e-02 2.303306805597115411e-11 6.103365688266563791e-11
8.750000000000000833e-02 6.017378324314736834e-03 9.881633131918412735e-03 2.364783536579340758e-11 6.549803789504137683e-11
9.000000000000001055e-02 4.854964627168688318e-03 9.113038258344783454e-03 2.415476561559913351e-11 6.978482258022626260e-11
9.250000000000001277e-02 3.911088050916499380e-03 8.359567592474291889e-03 2.465465828350270109e-11 7.350607483860003025e-11
9.500000000000001499e-02 3.147241067721076851e-03 7.703270723473562218e-03 2.518903761869523756e-11 7.691971945293902019e-11
9.750000000000001721e-02 2.530708709821838463e-03 7.070986602670428778e-03 2.582514118198376659e-11 8.032211481846212165e-11
1.000000000000000056e-01 2.034135446651192444e-03 6.464320483099927211e-03 2.627770022398112182e-11 8.350599724053921125e-11
