# time 1 2 D-1 D
0.000000000000000000e+00 9.999999384467269659e-01 3.089033843909894423e-08 5.734659665472808792e-36 5.653622732226333962e-38
2.500000000000000052e-04 9.999963739474081459e-01 2.572113209270381031e-07 8.413233995835178642e-30 8.985531854980482165e-32
5.000000000000000104e-04 9.999445839551105442e-01 6.409902646750183935e-06 1.344190800479020476e-25 6.718532916125224048e-27
7.500000000000001240e-04 9.997086367025225240e-01 5.132626806163687587e-05 2.042457499598587276e-23 1.306161166601494396e-24
1.000000000000000021e-03 9.989875519720347041e-01 2.578261589215069300e-04 2.771874959254247498e-22 5.034528442674064138e-23
1.250000000000000026e-03 9.971254764433462592e-01 1.002419866023362234e-03 2.511617980354212808e-21 5.308605936794433966e-22
1.500000000000000248e-03 9.927036105481910067e-01 3.271106524085166511e-03 1.322968437588680694e-20 4.064785430140471421e-21
1.750000000000000253e-03 9.828181574815070265e-01 9.135518126637655681e-03 5.360849146675449920e-20 2.353574956455016326e-20
2.000000000000000042e-03 9.622401260996842343e-01 1.795177963564795198e-02 1.924935232919320347e-19 1.151168789912215402e-19
2.250000000000000264e-03 9.236562228663847129e-01 1.916581144230829203e-02 7.794591757769845711e-19 5.017788453549786059e-19
2.500000000000000052e-03 8.611332692444505499e-01 2.341327501994812377e-02 4.323376863759831392e-18 2.130334322519640179e-18
2.750000000000000274e-03 7.756391555023706141e-01 3.427176640383382267e-02 4.123155513500055608e-17 8.882628251918119624e-18
3.000000000000000496e-03 6.748683356607790840e-01 5.153176165355453919e-02 5.881616881113551399e-16 3.473929561641550058e-17
3.250000000000000284e-03 5.689736441881164675e-01 7.344945348739596869e-02 1.416623306791853300e-15 1.212828079194530791e-16
3.500000000000000507e-03 4.654754813547400949e-01 9.569380623292490784e-02 4.594666120752948092e-15 3.620747152160600026e-16
3.749999999999999861e-03 3.717623076141372551e-01 1.112723327441424714e-01 1.348883377127916442e-14 9.194872779932281568e-16
4.000000000000000083e-03 2.950093462773677455e-01 1.142421774882141083e-01 3.471232015753844154e-14 1.996876768796793462e-15
4.250000000000000305e-03 2.338051704943879816e-01 1.088274692441099784e-01 7.744551090084315773e-14 3.750452549497957449e-15
4.500000000000000527e-03 1.879510415441296156e-01 9.762384226734903414e-02 1.579135006874329379e-13 6.182399762909725757e-15
4.750000000000000749e-03 1.531463720653746807e-01 8.545001126369135280e-02 2.877062528598843231e-13 9.056335457401127707e-15
5.000000000000000104e-03 1.253292286626132568e-01 7.532062619141889626e-02 4.897327104736427945e-13 1.194730919608486658e-14
5.250000000000000326e-03 1.049102344536035902e-01 6.517278362305260753e-02 7.726722560573429188e-13 1.428003412266014970e-14
5.500000000000000548e-03 8.686684026112402590e-02 5.842444561495770822e-02 1.151212170277429733e-12 1.546737849394962418e-14
5.750000000000000770e-03 7.712082921702506644e-02 4.784087469166399542e-02 1.628462624710003736e-12 1.520459041514424987e-14
6.000000000000000992e-03 4.850964581845227525e-02 5.958589315479347059e-02 2.203050866192846145e-12 1.345756299638557379e-14
6.250000000000000347e-03 4.430139983693870409e-02 4.965281141775833990e-02 2.873467742156926056e-12 1.048128783812078656e-14
6.500000000000000569e-03 4.050033803720953784e-02 4.149381396639469782e-02 3.622629791068243665e-12 6.889042950864492827e-15
6.750000000000000791e-03 3.697032653047387790e-02 3.484154447024363083e-02 4.459721147870881291e-12 3.412346508166867273e-15
7.000000000000001013e-03 3.412963118396894480e-02 2.897312741894174370e-02 5.365721271605790584e-12 8.439326346934183874e-16
7.250000000000001235e-03 3.180634548346818191e-02 2.382539138969212017e-02 6.288238732367481574e-12 3.041222345507078375e-17
7.499999999999999722e-03 2.947464738804455794e-02 1.973771065844850958e-02 7.282238774427872509e-12 1.653774683815165822e-15
7.750000000000000812e-03 2.765586588509692106e-02 1.603793141679236631e-02 8.231741633111919494e-12 6.295122978255905729e-15
8.000000000000000167e-03 2.589393638730209946e-02 1.305570891507658315e-02 9.237693715686404443e-12 1.432747520367765133e-14
8.250000000000000389e-03 2.426841573063591440e-02 1.060390100399477564e-02 1.026966049743124874e-11 2.600358449208563422e-14
8.500000000000000611e-03 2.278746940609013144e-02 8.580461515967946484e-03 1.123726076425077760e-11 4.153775557290860345e-14
8.750000000000000833e-03 2.150985853067184303e-02 6.848306530029992303e-03 1.218852808253337745e-11 6.079394712021913438e-14
9.000000000000001055e-03 2.028929858092184957e-02 5.493451916691342515e-03 1.310233356634656393e-11 8.336217355333501284e-14
9.250000000000001277e-03 1.915340826020829265e-02 4.388006599158863000e-03 1.402509449585020707e-11 1.095431620242588026e-13
9.500000000000001499e-03 1.815115782743863954e-02 3.466076699882509812e-03 1.481739919560868048e-11 1.392849973514211664e-13
9.750000000000001721e-03 1.718692527003672782e-02 2.766936986808236042e-03 1.570044421048905981e-11 1.715443440921767883e-13
1.000000000000000021e-02 1.631183764400783928e-02 2.187023093107248652e-03 1.643794634891892882e-11 2.061001788740000814e-13
