# time 1 2 D-1 D
0.000000000000000000e+00 9.999999747864648514e-01 4.651776334464562834e-09 7.308048379062163575e-35 4.207329380463132304e-34
2.500000000000000486e-03 9.996382422009896240e-01 1.878937574755000121e-06 5.745368488665736106e-18 1.461193568065925992e-23
5.000000000000000971e-03 9.984527131485377849e-01 3.807233978258044648e-05 1.766243541151717432e-15 7.986463712555977775e-20
7.500000000000001457e-03 9.962077706094855101e-01 2.430493251172095046e-04 5.340266441380777153e-14 1.281886777690517697e-17
1.000000000000000194e-02 9.924673868277756883e-01 9.685223819975630113e-04 6.177473102256730972e-13 4.861534310204532056e-16
1.250000000000000069e-02 9.864360556852370676e-01 2.960349501180902908e-03 4.176739140994806321e-12 8.269495087763230724e-15
1.500000000000000291e-02 9.767677981441620361e-01 7.569348768405208434e-03 1.985284385910808234e-11 8.378555908203514754e-14
1.750000000000000167e-02 9.614865087939667987e-01 1.683941682930530440e-02 7.330717030036107879e-11 5.875531659855990133e-13
2.000000000000000389e-02 9.383365190041415005e-01 3.310381211545684182e-02 2.229387230399607601e-10 3.121246905080035302e-12
2.250000000000000264e-02 9.058601303966287155e-01 5.767416656112867024e-02 5.797418663555651218e-10 1.333596050038146147e-11
2.500000000000000139e-02 8.648220534387721647e-01 8.913261166714796235e-02 1.323951698796561073e-09 4.786898245294957507e-11
2.750000000000000361e-02 8.186553557025336714e-01 1.219675992198468728e-01 2.704122428736285815e-09 1.493739324204275924e-10
3.000000000000000583e-02 7.721180319612507281e-01 1.477068401153193711e-01 5.013727323764277147e-09 4.166697294064605387e-10
3.250000000000000111e-02 7.292783214698836947e-01 1.580286258669384714e-01 8.513793792859336680e-09 1.061465168722635487e-09
3.500000000000000333e-02 6.924402663753416176e-01 1.484949435754760461e-01 1.331661498036568439e-08 2.510761501573604187e-09
3.750000000000000555e-02 6.622608334083279757e-01 1.225749974740736464e-01 1.920079121516393517e-08 5.556472214030391280e-09
4.000000000000000777e-02 6.383655169593136502e-01 9.350860150977358121e-02 2.554929133787712094e-08 1.136938415846990095e-08
4.250000000000000999e-02 6.199138158541128707e-01 7.416913446069220428e-02 3.146130594037985675e-08 2.133846881447556752e-08
4.500000000000000527e-02 6.059495281893219065e-01 6.191512907059488341e-02 3.655807514754708737e-08 3.637857809270226577e-08
4.750000000000000749e-02 5.955748062958499123e-01 5.396019558258569743e-02 4.090866513831195205e-08 5.653106685588334269e-08
5.000000000000000278e-02 5.880165633547105308e-01 4.905742407013181233e-02 4.565850078676483734e-08 8.117191247373162309e-08
5.250000000000000500e-02 5.826395962759727265e-01 4.539227349829956515e-02 5.174886936315007359e-08 1.095133387750685958e-07
5.500000000000000722e-02 5.789359481661592310e-01 4.303030463435852243e-02 6.102018776284563111e-08 1.406891624234244138e-07
5.750000000000000944e-02 5.765060427250389141e-01 4.088700572059137534e-02 7.831055877743287563e-08 1.739121731017598066e-07
6.000000000000001166e-02 5.750389501333185160e-01 3.970047634745364068e-02 1.313468956403359518e-07 2.084344468256152183e-07
6.250000000000000000e-02 5.742942488655137234e-01 3.837349693130009953e-02 6.810708776183958336e-07 2.435569731318928996e-07
6.500000000000000222e-02 5.740869777047700184e-01 3.763727359205636114e-02 6.871163107081914718e-07 2.786459956715575264e-07
6.750000000000000444e-02 5.742751892613333631e-01 3.670502941338723429e-02 7.130607708378094942e-07 3.131552519326053090e-07
7.000000000000000666e-02 5.747502744542546393e-01 3.624031932508979537e-02 7.382471484336049675e-07 3.466439983473825414e-07
7.250000000000000888e-02 5.754292311602098309e-01 3.559816924094229978e-02 7.595073660914733416e-07 3.787952014866090853e-07
7.500000000000001110e-02 5.762487754372286330e-01 3.519831153645924804e-02 7.738808950724918947e-07 4.097727351327750789e-07
7.750000000000001332e-02 5.771607762755450732e-01 3.481604943252773754e-02 7.843748843685078349e-07 4.383372906995906196e-07
8.000000000000001554e-02 5.781287465216063959e-01 3.453431787527923291e-02 7.888946599995180202e-07 4.660020382541317995e-07
8.250000000000001776e-02 5.791251548487752476e-01 3.442946145246655876e-02 7.874577692257258021e-07 4.918869126120636397e-07
8.500000000000001998e-02 5.801293052995877275e-01 3.416202712138387970e-02 7.770186261455115230e-07 5.207468330673946006e-07
8.750000000000000833e-02 5.811258070538425358e-01 3.400668723867817517e-02 7.607506851136687802e-07 5.495372085670399261e-07
9.000000000000001055e-02 5.821033443496851367e-01 3.381637862598441124e-02 7.366116614472832848e-07 5.808742599823716901e-07
9.250000000000001277e-02 5.830537268743597457e-01 3.357133040124639367e-02 6.936274661601860179e-07 6.263402783688768513e-07
9.500000000000001499e-02 5.839711662156632510e-01 3.360095766516993376e-02 6.201256078983768361e-07 6.982145466435546460e-07
9.750000000000001721e-02 5.848517203270819920e-01 3.349825722379603382e-02 4.405160633478161753e-07 8.726727941301550983e-07
1.000000000000000056e-01 5.856935901492603680e-01 3.335187153700322482e-02 2.145332940134699684e-08 1.283595458692971969e-06
