# time 1 2 D-1 D
0.000000000000000000e+00 9.999999353624428045e-01 3.937723585449291329e-08 3.341939909923305213e-35 1.583668692933499197e-36
5.000000000000000104e-04 9.988350876680301971e-01 1.940797418983973810e-05 6.980213905517791387e-29 6.609222727216820319e-35
1.000000000000000021e-03 9.947773185109710647e-01 3.975178635839999469e-04 1.580274569961478303e-24 2.953744984434088643e-29
1.500000000000000248e-03 9.859900795985995225e-01 2.604794731017511834e-03 6.179320684838014272e-22 4.476047132073840334e-26
2.000000000000000042e-03 9.682778657745310102e-01 1.060069946834140027e-02 4.521135025020333367e-20 7.090152427874225834e-24
2.500000000000000052e-03 9.336714382411935853e-01 3.260982790903207973e-02 1.302608395766142853e-18 2.873174735228690146e-22
3.000000000000000496e-03 8.710466999233983376e-01 8.086498619988365111e-02 2.061182828046523236e-17 3.910023955398984908e-21
3.500000000000000507e-03 7.734809333107994789e-01 1.640240736320131842e-01 2.139334124811148763e-16 1.001529156645078385e-20
4.000000000000000083e-03 6.501051696917787837e-01 2.672377911807144457e-01 1.621439409002712068e-15 1.547294941958588496e-19
4.500000000000000527e-03 5.242458059969885564e-01 2.558301789443572782e-01 9.585115947992560982e-15 1.740390876072989368e-17
5.000000000000000104e-03 4.155614379679762327e-01 1.444831842554659684e-01 4.615651899028437433e-14 4.923564922694881558e-16
5.500000000000000548e-03 3.307478846169549791e-01 9.834419000831008673e-02 1.831227630981529211e-13 8.184604911059756150e-15
6.000000000000000992e-03 2.677612005041741794e-01 7.193502395269045502e-02 5.906778694524052285e-13 8.535205157806769180e-14
6.500000000000000569e-03 2.218015905376012897e-01 5.307619218862354854e-02 1.570819401805143793e-12 5.201127208433633503e-13
7.000000000000001013e-03 1.882711498492264379e-01 3.998226276296533432e-02 3.777337461623528114e-12 1.943085500096581597e-12
7.499999999999999722e-03 1.635936843324205248e-01 3.152613175099940740e-02 8.876607731714711301e-12 5.214948468791667035e-12
8.000000000000000167e-03 1.451966334669563818e-01 2.599972158798767932e-02 2.125593916817988487e-11 1.129726943665801744e-11
8.500000000000000611e-03 1.312826077904828692e-01 2.237693917074278990e-02 6.020796216865970130e-11 2.103436057951505388e-11
9.000000000000001055e-03 1.206042832403126236e-01 1.992955015321895562e-02 5.844829779436733503e-11 3.491655911582870353e-11
9.500000000000001499e-03 1.122921504301134521e-01 1.817656571612482480e-02 6.640390510418232244e-11 5.295812343475953133e-11
1.000000000000000021e-02 1.057337966908804550e-01 1.685271423114116304e-02 7.169544250167917455e-11 7.471801308202305983e-11
1.050000000000000065e-02 1.004924431159930909e-01 1.578529406886476638e-02 7.759960844658129553e-11 9.942885782376769641e-11
1.100000000000000110e-02 9.625229357595189994e-02 1.502133896538122848e-02 8.323542890987234513e-11 1.261594708555630646e-10
1.150000000000000154e-02 9.278192250979072631e-02 1.437433426626020909e-02 8.763737134114662469e-11 1.539633207644907987e-10
1.200000000000000198e-02 8.990955084534923980e-02 1.381313363171176103e-02 9.082086917441014717e-11 1.819823442022573539e-10
1.250000000000000069e-02 8.750615682011621266e-02 1.339502537960891686e-02 9.269607415897237400e-11 2.095069735932556022e-10
1.300000000000000114e-02 8.547381866420432350e-02 1.296722182360905175e-02 9.326013435589874577e-11 2.360007729363625265e-10
1.350000000000000158e-02 8.373746707660219279e-02 1.263276102098171740e-02 9.267524738099018738e-11 2.610890412294751876e-10
1.400000000000000203e-02 8.223905995201979957e-02 1.231317758490797602e-02 9.115952311733726405e-11 2.845497652596925284e-10
1.450000000000000247e-02 8.093337115398396842e-02 1.206883248196466765e-02 8.921634523937017831e-11 3.062703074754338142e-10
1.499999999999999944e-02 7.978490720453101925e-02 1.179589609705580279e-02 8.679098862461840755e-11 3.262312853322447503e-10
1.550000000000000162e-02 7.876563480770375214e-02 1.156417132520822996e-02 8.402729484465668494e-11 3.444814366430184757e-10
1.600000000000000033e-02 7.785327671572504771e-02 1.138422852076141981e-02 8.126947814136386454e-11 3.611061754376399392e-10
1.650000000000000078e-02 7.703002769316780185e-02 1.120663830634366191e-02 7.857400289542945258e-11 3.762158030262891002e-10
1.700000000000000122e-02 7.628157794806905700e-02 1.103313465028404709e-02 7.586797623982177386e-11 3.899559541104898172e-10
1.750000000000000167e-02 7.559638585441966208e-02 1.088367010419418260e-02 7.336921559370661658e-11 4.024579623343248179e-10
1.800000000000000211e-02 7.496509234270516686e-02 1.072665049984474622e-02 7.094851742026733542e-11 4.138427068541414150e-10
1.850000000000000255e-02 7.438002282598767112e-02 1.060275289029544675e-02 6.870820141197923286e-11 4.242394714786995390e-10
1.900000000000000300e-02 7.383487789482795494e-02 1.045844529606041254e-02 6.684357394145569153e-11 4.337709607481232683e-10
1.950000000000000344e-02 7.332449133135572616e-02 1.035244792653028378e-02 6.517592140830758737e-11 4.425653947160445224e-10
2.000000000000000042e-02 7.284475719692246054e-02 1.025679334010910597e-02 6.352814942626931485e-11 4.506948092565438118e-10
