# time 1 2 D-1 D
0.000000000000000000e+00 9.999999461628562569e-01 2.573865910161903921e-08 1.901141707264270865e-35 1.073051854858048311e-34
5.000000000000000104e-04 9.966731222822147185e-01 1.607507786163522509e-03 1.374418375786422721e-25 5.734869218925271471e-26
1.000000000000000021e-03 9.850916767532454932e-01 7.773936804475454522e-03 8.272889113115526333e-22 1.202915898277268946e-22
1.500000000000000248e-03 9.621460571272180129e-01 2.113070872383653043e-02 1.554271394893426896e-19 4.881905110548594178e-21
2.000000000000000042e-03 9.236374484335170276e-01 4.525920795974728433e-02 7.259599975868479391e-18 2.128832522208196166e-21
2.500000000000000052e-03 8.644244696521985460e-01 8.396136775947560249e-02 1.547616124282021993e-16 1.732867614088954604e-18
3.000000000000000496e-03 7.795748864597140670e-01 1.405081054662335460e-01 2.020322588645188181e-15 8.067698017739169451e-17
3.500000000000000507e-03 6.674751440453439155e-01 2.138185635509378957e-01 1.907307161824723964e-14 1.371507467768604315e-15
4.000000000000000083e-03 5.346396963713581085e-01 2.932686830850171344e-01 1.409562858250675440e-13 1.396059873198012836e-14
4.500000000000000527e-03 3.977683797111692399e-01 3.600198585276264684e-01 8.627616957510456450e-13 1.006302017537154396e-13
5.000000000000000104e-03 2.769365583843207967e-01 3.919538113215618735e-01 4.531265689439069958e-12 5.546421357023753433e-13
5.500000000000000548e-03 1.841991605948758992e-01 3.369629220155758720e-01 2.069834179650838285e-11 2.421372785010273401e-12
6.000000000000000992e-03 1.199510559050370045e-01 1.178079548354930978e-01 8.312638835580898474e-11 8.450487118853622977e-12
6.500000000000000569e-03 7.802959005377992086e-02 2.714493965490025890e-02 2.927629391265530527e-10 2.324339389293535392e-11
7.000000000000001013e-03 5.137278841542022162e-02 1.238550900759350509e-02 8.970523835481218297e-10 4.800325350533907912e-11
7.499999999999999722e-03 3.447678576039638759e-02 7.551020377971791320e-03 2.391979858769347612e-09 6.498673042398589792e-11
8.000000000000000167e-03 2.366004662466500083e-02 5.240051785092401590e-03 5.573942263798817474e-09 3.381265526754766443e-11
8.500000000000000611e-03 1.661688673513312189e-02 3.877722973767904965e-03 1.150830665185377514e-08 1.059224926385828368e-11
9.000000000000001055e-03 1.193759101661512508e-02 3.002112627332430284e-03 2.125773468352163308e-08 5.084374445809933629e-10
9.500000000000001499e-03 8.762361671257799106e-03 2.407129681336838984e-03 3.578927406492747593e-08 2.887092398127317010e-09
1.000000000000000021e-02 6.562126140209765396e-03 1.967081451069565678e-03 5.633337050569251096e-08 9.188962510209202138e-09
1.050000000000000065e-02 5.006499683557832925e-03 1.638218095490759927e-03 8.553569281148460253e-08 2.212366965155779768e-08
1.100000000000000110e-02 3.885531135916526959e-03 1.387918933571343199e-03 1.272024471214829046e-07 4.542138321801539480e-08
1.150000000000000154e-02 3.063302332050276116e-03 1.192553433055406698e-03 1.826369690560771706e-07 8.447360287644621078e-08
1.200000000000000198e-02 2.450163755265974321e-03 1.032611420775719725e-03 3.251777909675945160e-07 1.473211196195544483e-07
1.250000000000000069e-02 1.985903855977927662e-03 9.049108670068056314e-04 3.527440861274507483e-05 2.459430359924396939e-07
1.300000000000000114e-02 1.629363947986016718e-03 8.003779920939981104e-04 4.699889630624398684e-05 3.982514941531395094e-07
1.350000000000000158e-02 1.351931532975892162e-03 7.115920951495185130e-04 6.102502482130689476e-05 6.312317751527322712e-07
1.400000000000000203e-02 1.133429274336213068e-03 6.376968751280391416e-04 7.729883560003499737e-05 9.860650894547796798e-07
1.450000000000000247e-02 9.593887336574525356e-04 5.755325035553993281e-04 9.596801999247117957e-05 1.528201333445959569e-06
1.499999999999999944e-02 8.193159232281060911e-04 5.212117237318546594e-04 1.169026657058035108e-04 2.375155438173711703e-06
1.550000000000000162e-02 7.054454611258696587e-04 4.752644334791133172e-04 1.401866326176539701e-04 3.588354464714233654e-06
1.600000000000000033e-02 6.120897976535576938e-04 4.352143209188754150e-04 1.653636862623179642e-04 5.637367761495669134e-06
1.650000000000000078e-02 5.349000732318246213e-04 4.001998840161888186e-04 1.922250322586587130e-04 8.755400097604068208e-06
1.700000000000000122e-02 4.704850140646440137e-04 3.690840751081901671e-04 2.198396089364170716e-04 1.388461370949459491e-05
1.750000000000000167e-02 4.164200392696152568e-04 3.422952026355578574e-04 2.468884294248497495e-04 2.233754567469617330e-05
1.800000000000000211e-02 3.706942470409632867e-04 3.179195526652182262e-04 2.711585336797562792e-04 3.630749426411173172e-05
1.850000000000000255e-02 3.317720551952104161e-04 2.966651764514884504e-04 2.882331397209359283e-04 6.018014117643037859e-05
1.900000000000000300e-02 2.984376804317245033e-04 2.775011653264082014e-04 2.923202251036011710e-04 9.970659083413226727e-05
1.950000000000000344e-02 2.697284314069014165e-04 2.603466378987507527e-04 2.763377214560831688e-04 1.619196699758910422e-04
2.000000000000000042e-02 2.448627773911994155e-04 2.447603810820387087e-04 2.423123688371720745e-04 2.447364252052931853e-04
