# time 1 2 D-1 D
0.000000000000000000e+00 9.999999840503815962e-01 4.177547705037310732e-09 3.131516950590573921e-34 2.381551554765954064e-34
2.500000000000000052e-04 9.996691258400139946e-01 9.454794329500830658e-10 2.418304474068294200e-19 2.680618518419833300e-25
5.000000000000000104e-04 9.986095892535633567e-01 4.615665565990114140e-09 7.460799338923067095e-17 1.426063851653178465e-21
7.500000000000001240e-04 9.967150576888106350e-01 4.990836279261912278e-08 2.249902144748551912e-15 2.461701818732401982e-19
1.000000000000000021e-03 9.938712919371309740e-01 3.092679833678635551e-07 2.606346962026319076e-14 1.025076234672445092e-17
1.250000000000000026e-03 9.899554388949450834e-01 1.251325401964748625e-06 1.772454854682319631e-13 1.937599974548634669e-16
1.500000000000000248e-03 9.848342382741344103e-01 4.094540960304536155e-06 8.527167432794834350e-13 2.195880232907815899e-15
1.750000000000000253e-03 9.783604955959981364e-01 1.131554772984624959e-05 3.186061030359580709e-12 1.724490522444648833e-14
2.000000000000000042e-03 9.703670802668111772e-01 2.777747388720767496e-05 9.871066599249919164e-12 1.018442567765134795e-13
2.250000000000000264e-03 9.606576528569512607e-01 6.314414535120129379e-05 2.624722706820022252e-11 4.743099960508649950e-13
2.500000000000000052e-03 9.489933941032147047e-01 1.341955759662586127e-04 6.172076397957425740e-11 1.790237608025930406e-12
2.750000000000000274e-03 9.350750764284875283e-01 2.720114102069943573e-04 1.323357149011485501e-10 5.565228082544656818e-12
3.000000000000000496e-03 9.185193911905287223e-01 5.315097882992361050e-04 2.694921333718680674e-10 1.442033285988161778e-11
3.250000000000000284e-03 8.988270084587378639e-01 1.013150821130617482e-03 5.665500114360131670e-10 3.155591377125136240e-11
3.500000000000000507e-03 8.753316130446214816e-01 1.915308136357276713e-03 1.283668358698793723e-09 5.929994136980420134e-11
3.749999999999999861e-03 8.471438746160159239e-01 3.591535721780441705e-03 1.640937763350383268e-09 9.761070887909760310e-11
4.000000000000000083e-03 8.128403264368717629e-01 6.890115702824155253e-03 2.239252890104734246e-09 1.437213354094103017e-10
4.250000000000000305e-03 7.707266100611430693e-01 1.296285157992118145e-02 3.066563443992853577e-09 1.931960614082206213e-10
4.500000000000000527e-03 7.169864825828249355e-01 2.520883478174823847e-02 3.978241898953400105e-09 2.416386695551105493e-10
4.750000000000000749e-03 6.465579280718142252e-01 4.857385377618871763e-02 4.877636926871088722e-09 2.860901148041584108e-10
5.000000000000000104e-03 5.525118868856356835e-01 9.036779952288351292e-02 5.668162883557181869e-09 3.256013835981679268e-10
5.250000000000000326e-03 4.372614458068232457e-01 1.492323278018626020e-01 6.246993447710491468e-09 3.610132889670976062e-10
5.500000000000000548e-03 3.210273934730665801e-01 2.067082344208040767e-01 6.574782527846699783e-09 3.942776520833986978e-10
5.750000000000000770e-03 2.288074406973896191e-01 2.400537428785006200e-01 6.672115207838202632e-09 4.276757757239643055e-10
6.000000000000000992e-03 1.670518193534897000e-01 2.451340289018695828e-01 6.502773744653405024e-09 4.631129090141622721e-10
6.250000000000000347e-03 1.253685942290839739e-01 2.342394912222583447e-01 6.144588318549851199e-09 5.016021887748214770e-10
6.500000000000000569e-03 9.750981102991840288e-02 2.148043927856639890e-01 5.663167251034771048e-09 5.428939470299968351e-10
6.750000000000000791e-03 7.755938160729902719e-02 1.933405612394304141e-01 5.138536536160938366e-09 5.852359449395012170e-10
7.000000000000001013e-03 6.269410987507745281e-02 1.719870615441443096e-01 4.621225419863281979e-09 6.252603809063342563e-10
7.250000000000001235e-03 5.136426678197782841e-02 1.526411363445893399e-01 4.198275225474265897e-09 6.580706699975954581e-10
7.499999999999999722e-03 4.239630809771343517e-02 1.353387859790153580e-01 3.891765287921932051e-09 6.775830056139099768e-10
7.750000000000000812e-03 3.514347788516582888e-02 1.198993140571124050e-01 3.730533685684914766e-09 6.772091978117923666e-10
8.000000000000000167e-03 2.917985834148112412e-02 1.063971429415075665e-01 3.720045714380679773e-09 6.509472018350630152e-10
8.250000000000000389e-03 2.422502726889722013e-02 9.480428582488206746e-02 3.855054050506405233e-09 5.948780368693908076e-10
8.500000000000000611e-03 2.008261123416536439e-02 8.521074548103649282e-02 4.113196951162609054e-09 5.088213600446206720e-10
8.750000000000000833e-03 1.660946540115901954e-02 7.530455759029335006e-02 4.470818772552062888e-09 3.980915293306167133e-10
9.000000000000001055e-03 1.369658203447671543e-02 3.274331912008385248e-02 4.881656901176729891e-09 2.743366985767341560e-10
9.250000000000001277e-03 1.125736460813343311e-02 3.177491547033284292e-02 5.283633577332871617e-09 1.548543037320904330e-10
9.500000000000001499e-03 9.220455481241694728e-03 3.180979742100419755e-02 5.684697991337913319e-09 5.978273586268618492e-11
9.750000000000001721e-03 7.525425492013406228e-03 3.091229994131475950e-02 6.001279588525000705e-09 7.746470436338004362e-12
1.000000000000000021e-02 6.120236795294747845e-03 2.986084791445636072e-02 6.196386156001917840e-09 1.146341605687770890e-11
