# time 1 2 D-1 D
0.000000000000000000e+00 9.999999512480145514e-01 1.663266855265131917e-08 2.390707553732906215e-37 1.638448566391740954e-36
2.500000000000000052e-04 9.989170265470648236e-01 1.656964460200265496e-06 5.249040688545478243e-29 5.902267912045947010e-34
5.000000000000000104e-04 9.954312445430330003e-01 3.514638219763572109e-05 1.179332937395081249e-24 2.173411044240683486e-28
7.500000000000001240e-04 9.891029781066275062e-01 2.417262509484354219e-04 4.416294718862132772e-22 4.262803368216205122e-25
1.000000000000000021e-03 9.792637880328872724e-01 1.055604296875956678e-03 2.942850111189624648e-20 9.076141570767113238e-23
1.250000000000000026e-03 9.647465629963999367e-01 3.552608222162075696e-03 7.289038336626182923e-19 5.366236286984561261e-21
1.500000000000000248e-03 9.435257489429955680e-01 9.930282411186246855e-03 9.040615138363158135e-18 1.304462037688000756e-19
1.750000000000000253e-03 9.127967548263170583e-01 2.367049721637150966e-02 6.560941811223821643e-17 1.567994398027531128e-18
2.000000000000000042e-03 8.706616906242919951e-01 4.811898965386184057e-02 3.065026023258151986e-16 1.021711796968386876e-17
2.250000000000000264e-03 8.193145412320914645e-01 8.344516737762786018e-02 1.005351486519760833e-15 3.757747908494316948e-17
2.500000000000000052e-03 7.657454333046955774e-01 1.241896399263487105e-01 2.501999719744968449e-15 7.523873969918699500e-17
2.750000000000000274e-03 7.175315683657165211e-01 1.237064550642519439e-01 5.095658667569082421e-15 6.151919527990660558e-17
3.000000000000000496e-03 6.787170479586417393e-01 7.678772475423267796e-02 9.049530503833661317e-15 3.187818394867231368e-21
3.250000000000000284e-03 6.496469408543897872e-01 6.223560915358797990e-02 1.468457223610367468e-14 2.680101125899662532e-16
3.500000000000000507e-03 6.287856889293552687e-01 5.769377742098441564e-02 2.331518819185962169e-14 1.457516022672551483e-15
3.749999999999999861e-03 6.141783932327502527e-01 5.545691389492474199e-02 4.245000640182326301e-14 3.718762587970414750e-15
4.000000000000000083e-03 6.041047248863822272e-01 5.232009195483829783e-02 7.897556714704901617e-14 6.749426253863919195e-15
4.250000000000000305e-03 5.972424674859556637e-01 4.697064481517056883e-02 6.233441763088335948e-14 1.013717853805128938e-14
4.500000000000000527e-03 5.926355660337134790e-01 3.970849328025854302e-02 4.416482350898591833e-14 1.355236415259690647e-14
4.750000000000000749e-03 5.896109316667683675e-01 3.233155124016926646e-02 3.267915597041012389e-14 1.677475227668606186e-14
5.000000000000000104e-03 5.876994878446004655e-01 2.658930508372382706e-02 2.558946873326297551e-14 1.966471681853514640e-14
5.250000000000000326e-03 5.865739523116167975e-01 2.265278942389342340e-02 2.087948840789314884e-14 2.225370602105729291e-14
5.500000000000000548e-03 5.860050897297015560e-01 1.983894886797566565e-02 1.751265271143900831e-14 2.446590379252848176e-14
5.750000000000000770e-03 5.858310794413104095e-01 1.783994660458400328e-02 1.480739997253706342e-14 2.632986273059548995e-14
6.000000000000000992e-03 5.859368081264739736e-01 1.636704215114388045e-02 1.260392741846789738e-14 2.798546936022421721e-14
6.250000000000000347e-03 5.862397771025595894e-01 1.529973809500681688e-02 1.072533691711855678e-14 2.918203443025375111e-14
6.500000000000000569e-03 5.866803207556204880e-01 1.448523446135542223e-02 9.299975059053079972e-15 3.028606025241538843e-14
6.750000000000000791e-03 5.872151065661388447e-01 1.376837549480939768e-02 7.824051574587523874e-15 3.113092403068353365e-14
7.000000000000001013e-03 5.878123466836159272e-01 1.326581181887094042e-02 6.664176555870807755e-15 3.184007297949395772e-14
7.250000000000001235e-03 5.884489048139838197e-01 1.287986046862512994e-02 5.589646266133976806e-15 3.265232728374162635e-14
7.499999999999999722e-03 5.891076660864724701e-01 1.251525993265265556e-02 4.602435350877635316e-15 3.299939891599565285e-14
7.750000000000000812e-03 5.897761027852922444e-01 1.216547527801388300e-02 3.840039736763761268e-15 3.347001514310425797e-14
8.000000000000000167e-03 5.904450282550315343e-01 1.193325685472778307e-02 3.055142953261125780e-15 3.369463347659107799e-14
8.250000000000000389e-03 5.911077439158465285e-01 1.175041463817344187e-02 2.490134883269430872e-15 3.380945047223013136e-14
8.500000000000000611e-03 5.917594470802598483e-01 1.153985739628172330e-02 1.930779107328450710e-15 3.398538791061240318e-14
8.750000000000000833e-03 5.923967140815119548e-01 1.136809703893647619e-02 1.504891980758303316e-15 3.386741072090223372e-14
9.000000000000001055e-03 5.930171920320884693e-01 1.122890626356834974e-02 1.144785516753488727e-15 3.388973075149629325e-14
9.250000000000001277e-03 5.936193217117258225e-01 1.109206199562165832e-02 8.282212658264416916e-16 3.373361747399596440e-14
9.500000000000001499e-03 5.942021529214576159e-01 1.101895498932997132e-02 6.190321049538014838e-16 3.356831254866457060e-14
9.750000000000001721e-03 5.947651659428598858e-01 1.089827391263900255e-02 4.278515379898275101e-16 3.356979861782195895e-14
1.000000000000000021e-02 5.953081999624615372e-01 1.083902383277715771e-02 2.647250734052949645e-16 3.341627939395910399e-14
