# time 1 2 D-1 D
0.000000000000000000e+00 9.999999746453281935e-01 9.230933045135287363e-09 1.610427260626534100e-34 5.733121047830459779e-34
2.500000000000000486e-03 9.999870162366685244e-01 2.800280740378496159e-07 1.421043244000544092e-20 1.997553512869416034e-23
5.000000000000000971e-03 9.997976859805981498e-01 6.200554780163826602e-06 7.389786850726869173e-20 1.425039150003444933e-20
7.500000000000001457e-03 9.990247005563122062e-01 3.869110991576477597e-05 1.993253290413364318e-18 1.401189932075300973e-19
1.000000000000000194e-02 9.971017370237097444e-01 1.458103077557755230e-04 1.411244636789108058e-17 1.005170008955765739e-18
1.250000000000000069e-02 9.934083725544146093e-01 4.041509624298234298e-04 1.309037836446547271e-16 1.128242288176340177e-17
1.500000000000000291e-02 9.873516479527596479e-01 9.140952252307819100e-04 1.695777619518718280e-15 1.822288192461251453e-16
1.750000000000000167e-02 9.784130008399630762e-01 1.788207207336098802e-03 2.060759640051584609e-14 2.615358252736286601e-15
2.000000000000000389e-02 9.661675017143909194e-01 3.116516918917647001e-03 1.824681178095749118e-13 2.682421168465417065e-14
2.250000000000000264e-02 9.502912828361568254e-01 4.923565220255658736e-03 1.065835645009523584e-12 1.915454187873242104e-13
2.500000000000000139e-02 9.305715267548557712e-01 7.194214669350676439e-03 4.294987517730537094e-12 9.853407822525222699e-13
2.750000000000000361e-02 9.069253597673350153e-01 9.783632235392537499e-03 1.313169126813975869e-11 3.826895783659591633e-12
3.000000000000000583e-02 8.794244828771363709e-01 1.262223299109012549e-02 3.236145635981409814e-11 1.174220456459587897e-11
3.250000000000000111e-02 8.483153079157504939e-01 1.544022770745880416e-02 6.659362166669185982e-11 2.961860778741652896e-11
3.500000000000000333e-02 8.140222462444340890e-01 1.795727730123775415e-02 1.179493683271564600e-10 6.351497299177872019e-11
3.750000000000000555e-02 7.771259272686017461e-01 2.005270646800003109e-02 1.832305080019878760e-10 1.190739654713482605e-10
4.000000000000000777e-02 7.383157644121611796e-01 2.127332622677824761e-02 2.537355877706470178e-10 1.997285612305488411e-10
4.250000000000000999e-02 6.983184356320832897e-01 2.138419843799143835e-02 3.170979225552489652e-10 3.055514561407235924e-10
4.500000000000000527e-02 6.578524939847468778e-01 1.971864907441921166e-02 3.620817247513030684e-10 4.330264066447152284e-10
4.750000000000000749e-02 6.175622252104245868e-01 1.525140730598320039e-02 3.764671227570139566e-10 5.760374462196625108e-10
5.000000000000000278e-02 5.767489749807426236e-01 7.988045968936487509e-03 3.598257492110867550e-10 7.271420965082956660e-10
5.250000000000000500e-02 5.320877395623134776e-01 2.236415279686142308e-04 3.145581071589901334e-10 8.789579856585090261e-10
5.500000000000000722e-02 4.546384865360575400e-01 1.984796137668818489e-02 2.494554442539747087e-10 1.025191779779718827e-09
5.750000000000000944e-02 2.982380371339030112e-01 1.121122032451249279e-01 1.765529966010774075e-10 1.161165684750550599e-09
6.000000000000001166e-02 1.749712912110636398e-01 1.650221815871606434e-01 1.068336706354989086e-10 1.283814551106095305e-09
6.250000000000000000e-02 1.161973205256118802e-01 1.509307743954908798e-01 4.946931972709469811e-11 1.391641724436670870e-09
6.500000000000000222e-02 8.642454205011457224e-02 1.132885004403867274e-01 1.291006576699621385e-11 1.484317157326243374e-09
6.750000000000000444e-02 6.835776423576037097e-02 7.872008273773146991e-02 1.095424849605545075e-12 1.562396395395994593e-09
7.000000000000000666e-02 5.627365074828664937e-02 5.230438883836761171e-02 1.646177356652084385e-11 1.626907524468069882e-09
7.250000000000000888e-02 4.763050362877640359e-02 3.480297654212356762e-02 5.963126041935874934e-11 1.679192966737096391e-09
7.500000000000001110e-02 4.117469721481463452e-02 2.317494030226921811e-02 1.304815995632273020e-10 1.720749588108673772e-09
7.750000000000001332e-02 3.621396712738396417e-02 1.068057478547429842e-02 2.282661568960879965e-10 1.752685758508567513e-09
8.000000000000001554e-02 3.233599787923874952e-02 9.490746690951240225e-03 3.510500099532595243e-10 1.776398590891098629e-09
8.250000000000001776e-02 2.928405910748661800e-02 8.340005997998327369e-03 4.970162296505022985e-10 1.793045688259000454e-09
8.500000000000001998e-02 2.690379494534957117e-02 7.189436887278945199e-03 6.641467616966672411e-10 1.803392142969297503e-09
8.750000000000000833e-02 2.504463557862008846e-02 6.117836993885037399e-03 8.504444462289198630e-10 1.808239221435703881e-09
9.000000000000001055e-02 2.379348648178562439e-02 4.853681040759167190e-03 1.050192203749851820e-09 1.808905587274658166e-09
9.250000000000001277e-02 2.305428263113315154e-02 3.423128331079464300e-03 1.266557725223296079e-09 1.805286136005778343e-09
9.500000000000001499e-02 2.280305662397797903e-02 1.781100816929775434e-03 1.492793706985507302e-09 1.798233430106250192e-09
9.750000000000001721e-02 2.259869740374921554e-02 3.181861010560639949e-04 1.730195187670700505e-09 1.788829914578487008e-09
1.000000000000000056e-01 2.117921343616528326e-02 2.572906731192945947e-04 1.971156397294250170e-09 1.776930385610142630e-09
