# lambda 1 2 D-1 D
0.000000000000000000e+00 -1.499999993738466841e+01 -1.300000000439984049e+01 1.300000004318898661e+01 1.499999993495591966e+01
2.500000000000000139e-02 -1.463508144257316879e+01 -1.276043074923430076e+01 1.276092491939737350e+01 1.463577865687023483e+01
5.000000000000000278e-02 -1.429009980398668844e+01 -1.253997777547704473e+01 1.254408285080251773e+01 1.429600930928325297e+01
7.500000000000001110e-02 -1.396485169690790862e+01 -1.233857044960874738e+01 1.235294707124649882e+01 1.398610230905566887e+01
1.000000000000000056e-01 -1.365933477380926675e+01 -1.215629151222837834e+01 1.219159697189039804e+01 1.371330604416512955e+01
1.250000000000000000e-01 -1.337377993827840328e+01 -1.199338684028301216e+01 1.206461951985566472e+01 1.348726467413228747e+01
1.500000000000000222e-01 -1.310869860729789060e+01 -1.185029789359654195e+01 1.197692289280556288e+01 1.332036724300720287e+01
1.750000000000000167e-01 -1.286495638018162246e+01 -1.172769313419857617e+01 1.193359446081820430e+01 1.322722421674055049e+01
2.000000000000000111e-01 -1.264389195267529864e+01 -1.162649190737864835e+01 1.194014876692002325e+01 1.322236145372893823e+01
2.250000000000000056e-01 -1.244751551114308619e+01 -1.154784511575077310e+01 1.200315768016050377e+01 1.331616098726425612e+01
2.500000000000000000e-01 -1.227885207615021379e+01 -1.149298201383662565e+01 1.213010855091306617e+01 1.351135737276221427e+01
2.750000000000000222e-01 -1.214254993054966825e+01 -1.146271464655117889e+01 1.232712800156919819e+01 1.380287047353569285e+01
3.000000000000000444e-01 -1.204589682253147842e+01 -1.145626487890266176e+01 1.259550304856541914e+01 1.418066091428455877e+01
3.250000000000000111e-01 -1.199990682422888177e+01 -1.146948327895475295e+01 1.293046575381792174e+01 1.463301697511496791e+01
3.500000000000000333e-01 -1.201785751845541128e+01 -1.149498614903357918e+01 1.332367577648578916e+01 1.514866445745510504e+01
3.750000000000000000e-01 -1.210758145723723622e+01 -1.152836060854737177e+01 1.376639890923626020e+01 1.571767277470416779e+01
4.000000000000000222e-01 -1.226522510695966517e+01 -1.157360601225308017e+01 1.425104095421973049e+01 1.633165585873002357e+01
4.250000000000000444e-01 -1.248046134072097146e+01 -1.163829804266144663e+01 1.477139286271504481e+01 1.698366461648600279e+01
4.500000000000000111e-01 -1.274330436914986819e+01 -1.172796613082017103e+01 1.532243030582971777e+01 1.766798034413792351e+01
4.750000000000000333e-01 -1.304593875558887461e+01 -1.190282498375586329e+01 1.590006566390425036e+01 1.837989960448636850e+01
5.000000000000000000e-01 -1.338238581249544623e+01 -1.223814885670403996e+01 1.650154264822534955e+01 1.911554320856400935e+01
5.250000000000000222e-01 -1.374797460772322921e+01 -1.260411970643085766e+01 1.714162470206070665e+01 1.987169720842599929e+01
5.500000000000000444e-01 -1.413896717182390361e+01 -1.299489660977328143e+01 1.780115348178064494e+01 2.064568435778949507e+01
5.750000000000000666e-01 -1.455231155597736503e+01 -1.340645261294032409e+01 1.847511849824195806e+01 2.143526154627200597e+01
6.000000000000000888e-01 -1.498547447800460475e+01 -1.383575023720248254e+01 1.916168372929540453e+01 2.223853833703421401e+01
6.250000000000000000e-01 -1.543632353721455530e+01 -1.428038954122483517e+01 1.985932975240799436e+01 2.305391226799616078e+01
6.500000000000000222e-01 -1.590304179914410199e+01 -1.473841705696731808e+01 2.056677434642196900e+01 2.388001733476602695e+01
6.750000000000000444e-01 -1.638406448701731932e+01 -1.520821128778882780e+01 2.128292654457284527e+01 2.471568280296281728e+01
7.000000000000000666e-01 -1.687803128400783237e+01 -1.568840817431571111e+01 2.200685174481151307e+01 2.555990011746276025e+01
7.250000000000000888e-01 -1.738374991990609075e+01 -1.617784914340706948e+01 2.273774451060463164e+01 2.641179617501639498e+01
7.500000000000000000e-01 -1.790016804637841119e+01 -1.667554306750645310e+01 2.347490724386411642e+01 2.727061161721429272e+01
7.750000000000000222e-01 -1.842635126654505484e+01 -1.718063713176263718e+01 2.421773242526376890e+01 2.813568310281139162e+01
8.000000000000000444e-01 -1.896146576836398268e+01 -1.769239394059279036e+01 2.496568862993845173e+01 2.900642875032631096e+01
8.250000000000000666e-01 -1.950476442143950706e+01 -1.821017306243863132e+01 2.571830904927147898e+01 2.988233611968108150e+01
8.500000000000000888e-01 -2.005557549341744661e+01 -1.873341597099208755e+01 2.647518181642147184e+01 3.076295223831839465e+01
8.750000000000000000e-01 -2.061329336047768379e+01 -1.926163357757710770e+01 2.723594222618712024e+01 3.164787528234759151e+01
9.000000000000000222e-01 -2.117737074874432324e+01 -1.979439589652871234e+01 2.800026613209025683e+01 3.253674760444579306e+01
9.250000000000000444e-01 -2.174731216447408855e+01 -2.033132338877813794e+01 2.876786451897854491e+01 3.342924986332958781e+01
9.500000000000000666e-01 -2.232266826054027575e+01 -2.087207974187410997e+01 2.953847875278963997e+01 3.432509605874582803e+01
9.750000000000000888e-01 -2.290303095277448620e+01 -2.141636576849527529e+01 3.031187691592835520e+01 3.522402931435050277e+01
1.000000000000000000e+00 -2.348802914787022189e+01 -2.196391431357140078e+01 3.108784999724500864e+01 3.612581828120086413e+01
