# time 1 2 D-1 D
0.000000000000000000e+00 9.999999547273962230e-01 1.038358499355618587e-08 3.260573373341399398e-34 1.254289206525844181e-34
5.000000000000000104e-04 9.971273730906877741e-01 3.727535677098907217e-05 9.508022940841302550e-24 1.182542097224497369e-25
1.000000000000000021e-03 9.887528775641503120e-01 1.688876204549535529e-04 7.623043760601343604e-20 1.191221801167544888e-21
1.500000000000000248e-03 9.751583637216888478e-01 4.489942839729389452e-04 1.966325157478662746e-17 3.972105259958892043e-19
2.000000000000000042e-03 9.565035550759667382e-01 8.616412612787350970e-04 1.262110169214147496e-15 3.337885800798459057e-17
2.500000000000000052e-03 9.327954087007448436e-01 1.459331623560520185e-03 3.750965767742463521e-14 1.318814231135390791e-15
3.000000000000000496e-03 9.038667018076348425e-01 2.180617565579488770e-03 6.810349778350527208e-13 3.177390733260309122e-14
3.500000000000000507e-03 8.693681523636066499e-01 3.091929680393902449e-03 8.695871852344392668e-12 5.245111566381424003e-13
4.000000000000000083e-03 8.287875421209648374e-01 3.896114487800471024e-03 8.460101050093231888e-11 6.227559203050680585e-12
4.500000000000000527e-03 7.815228498016660863e-01 4.826524320627537112e-03 6.700684784324452741e-10 5.427750414933817885e-11
5.000000000000000104e-03 7.270484610778520373e-01 5.373513760361603442e-03 4.457037295068836515e-09 3.536648886893037966e-10
5.500000000000000548e-03 6.652076746943064167e-01 5.915782540757058561e-03 2.443746711584287518e-08 1.770385383961394858e-09
6.000000000000000992e-03 5.966031809393048668e-01 6.138670654197639354e-03 8.916513318395088374e-08 7.046797215915080761e-09
6.500000000000000569e-03 5.228683030030317758e-01 6.411580780714633623e-03 1.841145606610428787e-07 2.310686141788522496e-08
7.000000000000001013e-03 4.469237910126390156e-01 6.742658149693691802e-03 3.886741123510108631e-07 6.445231580390118736e-08
7.499999999999999722e-03 3.719031033723427804e-01 7.672741161337827062e-03 7.881345837749642133e-07 1.571375447707839157e-07
8.000000000000000167e-03 3.006100792671266841e-01 9.626021662200778817e-03 1.479769585520239694e-06 3.424228920925501289e-07
8.500000000000000611e-03 2.354017655457559810e-01 1.273858590891127109e-02 2.585352797079392009e-06 6.791644569663250631e-07
9.000000000000001055e-03 1.766322505435896917e-01 1.787542419583930398e-02 4.213094871232265834e-06 1.244299981695485335e-06
9.500000000000001499e-03 1.252532493721537910e-01 2.439012950161461440e-02 6.480903995972361058e-06 2.131264613272900561e-06
1.000000000000000021e-02 8.450696182099132203e-02 2.871239674946237871e-02 9.497248870175831257e-06 3.446616970938412240e-06
1.050000000000000065e-02 5.516886293877523717e-02 2.931732227143456562e-02 1.336601571321161440e-05 5.305446246218611897e-06
1.100000000000000110e-02 3.622439813236238287e-02 2.619773410444597647e-02 1.811567923570871945e-05 7.826231496050364191e-06
1.150000000000000154e-02 2.433557965254769251e-02 2.153014100496855251e-02 2.385109759623830380e-05 1.112577005833590518e-05
1.200000000000000198e-02 1.703277577089055972e-02 1.662267837465916318e-02 3.051727757196740065e-05 1.531464644012368268e-05
1.250000000000000069e-02 1.213960291983366691e-02 1.260735826632703761e-02 3.822325680495046332e-05 2.049353660685510303e-05
1.300000000000000114e-02 8.897059573408737723e-03 9.380681236827104891e-03 4.686699436465573463e-05 2.675047707369212512e-05
1.350000000000000158e-02 6.639168199811725304e-03 6.939691763662392439e-03 5.642247444371369591e-05 3.415910140874103319e-05
1.400000000000000203e-02 4.976945670191504703e-03 5.176194803405609682e-03 6.693125035217981002e-05 4.277775733598530655e-05
1.450000000000000247e-02 3.791531794277934984e-03 3.851207195066115325e-03 7.817735207480167947e-05 5.264936843547208303e-05
1.499999999999999944e-02 2.899609538451745905e-03 2.890098247491784244e-03 9.045864481176681376e-05 6.380188543821437442e-05
1.550000000000000162e-02 2.221179622651564198e-03 2.192257736261450651e-03 1.032807085765304452e-04 7.624917504120092937e-05
1.600000000000000033e-02 1.714683190361083283e-03 1.666794572783466362e-03 1.169612342088664737e-04 8.999219035631582191e-05
1.650000000000000078e-02 1.326629615317626455e-03 1.278962460362089619e-03 1.311755980195009475e-04 1.050203334076689124e-04
1.700000000000000122e-02 1.035490912776284265e-03 9.836739308688327663e-04 1.458710338902877385e-04 1.213128928417797099e-04
1.750000000000000167e-02 8.031682209476501957e-04 7.694712140943020529e-04 1.611713497156312019e-04 1.388404953220038097e-04
1.800000000000000211e-02 6.297085644998968957e-04 6.005325166460344149e-04 1.769100720247118903e-04 1.575665331717002735e-04
1.850000000000000255e-02 4.923368062431812773e-04 4.769142555722332929e-04 1.931215327692788447e-04 1.774485207447688113e-04
1.900000000000000300e-02 3.890074244858873287e-04 3.773533838477064178e-04 2.096107371573672866e-04 1.984392318768056409e-04
1.950000000000000344e-02 3.069603050148623277e-04 3.040062649577107224e-04 2.266043168118415593e-04 2.204877735390485755e-04
2.000000000000000042e-02 2.450330512971496573e-04 2.440974239211854586e-04 2.438199871880908126e-04 2.435405821800623941e-04
