# time 1 2 D-1 D
0.000000000000000000e+00 9.999999736600186928e-01 6.661837623020687789e-09 6.103078507393005070e-34 4.184759888927342860e-36
2.500000000000000486e-03 9.999967244525014287e-01 1.028763030855219138e-07 2.273426113961612189e-19 1.893033942596783865e-21
5.000000000000000971e-03 9.999503506742638548e-01 2.308741747931632848e-06 9.928118326304423717e-19 5.398547163371265470e-21
7.500000000000001457e-03 9.997613237256224306e-01 1.611207390125593816e-05 1.443561605534388413e-18 2.421035136733913321e-19
1.000000000000000194e-02 9.992731016017074586e-01 6.968065262744675096e-05 4.187415334926220928e-18 2.263892607626782514e-18
1.250000000000000069e-02 9.982512684318268770e-01 2.316448779498137401e-04 1.058139499343840575e-16 1.324293810407149391e-17
1.500000000000000291e-02 9.963222440323781237e-01 6.518566910418825992e-04 2.513105461644681464e-15 1.371891402133494274e-16
1.750000000000000167e-02 9.928503937249837374e-01 1.640142310299025873e-03 4.146103328363482902e-14 1.751365660032499976e-15
2.000000000000000389e-02 9.867133670015939551e-01 3.816360164172924365e-03 5.173979558046547512e-13 1.989908242751619123e-14
2.250000000000000264e-02 9.759017492783349512e-01 8.386745345188822975e-03 5.119252290720537373e-12 1.777049370277924695e-13
2.500000000000000139e-02 9.568401257671693694e-01 1.762286580831668240e-02 3.924664944472272650e-11 1.236094869002231138e-12
2.750000000000000361e-02 9.235493967770729284e-01 3.538553124926353821e-02 2.238221504185487591e-10 6.816195853578447149e-12
3.000000000000000583e-02 8.666212518693237055e-01 6.768601467789643611e-02 9.696248334284541729e-10 3.024312219702555842e-11
3.250000000000000111e-02 7.773064030485148379e-01 1.180863395449481684e-01 3.388018671702373808e-09 1.102414907892084013e-10
3.500000000000000333e-02 6.588551520578804777e-01 1.770529945739574007e-01 1.007401623903683681e-08 3.371644498463667356e-10
3.750000000000000555e-02 5.313767186800387732e-01 2.203067073065541615e-01 2.589427105781847608e-08 8.853468136624123739e-10
4.000000000000000777e-02 4.213680094056462822e-01 2.275438752750840454e-01 5.773955105122668522e-08 2.038273449982804256e-09
4.250000000000000999e-02 3.355746282489173171e-01 2.085477036654565797e-01 1.117586105142599767e-07 4.194125484364103167e-09
4.500000000000000527e-02 2.734868347312892634e-01 1.792699417661827721e-01 1.913709077538035317e-07 7.841510121851096891e-09
4.750000000000000749e-02 2.282317809863431690e-01 1.520593433839406705e-01 2.988223029587687270e-07 1.351123957070251138e-08
5.000000000000000278e-02 1.948199106725236884e-01 1.301192320949531300e-01 4.351160736485118139e-07 2.171265595041680237e-08
5.250000000000000500e-02 1.690274074989164543e-01 1.139305574889379752e-01 6.031552281563982909e-07 3.287360504099273875e-08
5.500000000000000722e-02 1.487663554222611040e-01 1.018095081018859510e-01 8.019542908710536391e-07 4.729030204249352431e-08
5.750000000000000944e-02 1.326529969571673961e-01 9.251755782757592472e-02 1.028690377584208285e-06 6.510155090411102180e-08
6.000000000000001166e-02 1.192832109079997038e-01 8.548311963488516851e-02 1.281672582030154807e-06 8.628538752642911953e-08
6.250000000000000000e-02 1.076985468252078526e-01 8.033476917513965310e-02 1.556494982408047802e-06 1.106712596974161828e-07
6.500000000000000222e-02 9.799183714563068637e-02 7.601671807002802206e-02 1.848382927285113581e-06 1.379679357145741310e-07
6.750000000000000444e-02 8.946877909675839124e-02 7.259093425473217565e-02 2.152620192809672359e-06 1.677982653573776925e-07
7.000000000000000666e-02 8.157763552377877980e-02 7.009551907202912768e-02 2.462202728404158020e-06 1.997310987455938317e-07
7.250000000000000888e-02 7.454969734365995970e-02 6.797703463971370430e-02 2.777684814358853840e-06 2.333123757512163176e-07
7.500000000000001110e-02 6.847867714222448388e-02 6.588553801172575275e-02 3.088164560886597126e-06 2.680915423768938171e-07
7.750000000000001332e-02 6.260251299853922258e-02 6.440955655728251850e-02 3.396247570586812317e-06 3.036405046941968763e-07
8.000000000000001554e-02 5.695614003653045460e-02 6.338817136700027055e-02 3.694458349116441992e-06 3.395675125768502856e-07
8.250000000000001776e-02 5.189631776709603683e-02 6.237233493388278510e-02 3.982338787401467529e-06 3.755244063496388541e-07
8.500000000000001998e-02 4.736600374520672646e-02 6.135086565615653631e-02 4.259333048052367445e-06 4.112099933787463506e-07
8.750000000000000833e-02 4.289405901074244687e-02 6.074718439599351844e-02 4.519418135832636475e-06 4.463702786415500553e-07
9.000000000000001055e-02 3.897189804252933903e-02 6.003367146065803628e-02 4.772393026653088812e-06 4.807957764301699646e-07
9.250000000000001277e-02 3.523058302648388040e-02 5.954543843128733138e-02 5.011548087573840101e-06 5.143170421865380218e-07
9.500000000000001499e-02 3.185865218615299005e-02 5.906673787517035396e-02 5.234482880839014268e-06 5.468039168951661407e-07
9.750000000000001721e-02 2.890517898758569737e-02 5.852204902009385673e-02 5.448956918286229844e-06 5.781584344507051930e-07
1.000000000000000056e-01 2.607074481932483007e-02 5.818636387675573535e-02 5.652074835166619788e-06 6.083248526944841219e-07
