# time 1 2 D-1 D
0.000000000000000000e+00 9.999999781944109989e-01 5.292194071283201807e-09 9.170031430764665919e-35 3.583641465275595826e-34
2.500000000000000486e-03 9.999993667845151757e-01 2.965524294448912792e-08 5.274512142177397145e-23 2.299896623975914261e-28
5.000000000000000971e-03 9.999901867107542364e-01 4.662487885383689335e-07 1.296203769730248261e-21 4.037742405568461673e-25
7.500000000000001457e-03 9.999492274083187082e-01 2.447108379948391288e-06 6.078784802020023150e-21 8.669147087574701128e-24
1.000000000000000194e-02 9.998352008451723005e-01 7.124453682797939390e-06 1.906592369438053993e-20 1.702866105831833981e-22
1.250000000000000069e-02 9.995859346919889754e-01 1.245393358278853045e-05 3.563133781818506867e-20 1.410595747449065168e-21
1.500000000000000291e-02 9.991137470218397487e-01 1.099533528323205461e-05 2.716270305642199721e-21 6.714304601641132861e-21
1.750000000000000167e-02 9.982978980079674214e-01 4.343527807033376536e-08 3.188745226767178024e-19 3.118882121562250062e-20
2.000000000000000389e-02 9.969734240777448075e-01 8.973043667588154020e-05 5.502256811318129962e-18 1.389959414022134490e-19
2.250000000000000264e-02 9.949161937329009664e-01 5.772284918397315367e-04 5.625382072295752210e-17 6.007985257904258966e-19
2.500000000000000139e-02 9.918249764101054744e-01 1.698413359809806478e-03 4.708530988579672341e-16 2.813460064192607808e-18
2.750000000000000361e-02 9.873030585828761474e-01 3.551211081488555351e-03 3.099019660929084558e-15 1.262389915029141001e-17
3.000000000000000583e-02 9.808449413930490079e-01 6.402356428262297693e-03 1.618882096255568773e-14 5.325739130402965333e-17
3.250000000000000111e-02 9.718375129323295614e-01 1.055389000545879988e-02 6.972463225043722688e-14 2.014835822415719956e-16
3.500000000000000333e-02 9.595880494392377003e-01 1.623092556675121909e-02 2.555510224227746534e-13 6.551593646802344395e-16
3.750000000000000555e-02 9.433899333739678150e-01 2.353500703696587149e-02 8.185913018868388538e-13 1.801647245052394270e-15
4.000000000000000777e-02 9.226268645332662555e-01 3.249445860685951787e-02 2.324342014322670387e-12 4.045930644598273902e-15
4.250000000000000999e-02 8.968983107585131176e-01 4.275576982607493665e-02 5.906613681313927487e-12 7.046500576527276042e-15
4.500000000000000527e-02 8.661297308244533255e-01 5.396759126083243430e-02 1.361428427715555277e-11 8.443087095751942440e-15
4.750000000000000749e-02 8.306257728165599152e-01 6.609463474575476283e-02 2.848933717432608957e-11 4.670072993294013379e-15
5.000000000000000278e-02 7.910422185048957555e-01 7.762058844362447474e-02 5.480506050844916954e-11 2.435359311697250332e-15
5.250000000000000500e-02 7.482848493091748265e-01 8.947241396196434216e-02 9.718764487619809443e-11 5.748060380006149029e-14
5.500000000000000722e-02 7.033721274173534432e-01 1.014979938103208607e-01 1.579361783244046007e-10 3.616104209350078879e-13
5.750000000000000944e-02 6.573055794332784973e-01 1.127121092195971369e-01 2.386513594832936246e-10 1.389307957803751845e-12
6.000000000000001166e-02 6.109784764474976981e-01 1.227375433407403849e-01 3.169747592311767728e-10 4.081838397960015280e-12
6.250000000000000000e-02 5.651317973390664884e-01 1.448074843173795256e-01 3.186636549663448752e-10 9.999866569337146490e-12
6.500000000000000222e-02 5.203493918589238154e-01 1.037122696449693932e-01 1.152612185434104000e-10 2.133512257927997824e-11
6.750000000000000444e-02 4.770768265792488250e-01 1.053523535869195227e-01 8.091541466761901084e-10 4.068856072297780115e-11
7.000000000000000666e-02 4.356491537356972921e-01 1.157157684921310270e-01 1.270668359478616946e-09 7.062085790119553937e-11
7.250000000000000888e-02 3.963176318869242043e-01 1.226675498470745779e-01 1.698237994200091100e-09 1.131049292442635117e-10
7.500000000000001110e-02 3.592701114365108861e-01 1.312247231290754879e-01 2.082915047047501385e-09 1.691120945308260508e-10
7.750000000000001332e-02 3.246438618901220097e-01 1.381217988392111351e-01 2.392359377623326390e-09 2.385745509473970840e-10
8.000000000000001554e-02 2.925314016170734721e-01 1.463289907296352055e-01 2.607764558442317313e-09 3.206683684447544174e-10
8.250000000000001776e-02 2.629811489905787281e-01 1.544239914527469615e-01 2.713711316895249760e-09 4.140872252538890875e-10
8.500000000000001998e-02 2.359953846346936612e-01 1.630723326202125067e-01 2.705117972663564705e-09 5.223552792551254179e-10
8.750000000000000833e-02 2.115281006958969479e-01 1.699790106158799718e-01 2.601824516223860006e-09 6.373066866730461624e-10
9.000000000000001055e-02 1.894853658970576116e-01 1.778894622520026114e-01 2.414497823177325734e-09 7.656635174799705714e-10
9.250000000000001277e-02 1.697302594220777561e-01 1.848897493680539406e-01 2.155858543178981806e-09 9.048779716769547703e-10
9.500000000000001499e-02 1.520926909718397502e-01 1.914682372662593890e-01 1.858915114906086961e-09 1.026211250297968346e-09
9.750000000000001721e-02 1.363830861845380660e-01 1.982985142445013726e-01 1.530460980479263410e-09 1.119276497973844051e-09
1.000000000000000056e-01 1.224083069500887522e-01 2.038822949747847169e-01 1.203823321284865011e-09 1.146547556963661326e-09
