# time 1 2 D-1 D
0.000000000000000000e+00 9.999999770567945534e-01 3.508823814619465923e-09 3.089199153960970502e-35 7.452634184213301731e-35
2.500000000000000486e-03 9.999993129480643228e-01 8.834161808138583910e-08 9.385260771561528125e-20 2.202085176880589542e-21
5.000000000000000971e-03 9.999888188844845427e-01 1.909491849493147311e-06 1.914234300428982158e-19 7.962891330483685909e-21
7.500000000000001457e-03 9.999385963913307585e-01 1.491220125084049154e-05 1.075679871859088158e-19 2.881390198233141529e-19
1.000000000000000194e-02 9.997773703414027935e-01 7.494106588169986184e-05 5.451048978670614060e-19 1.653312022045508410e-18
1.250000000000000069e-02 9.993378790631116670e-01 2.947419337822577913e-04 5.481470728061925540e-17 2.920581234873583660e-18
1.500000000000000291e-02 9.982281750701832435e-01 9.855021039459092511e-04 1.514410362778346833e-15 3.498070682616432011e-19
1.750000000000000167e-02 9.955674425800902227e-01 2.907928656205113847e-03 2.104306760605419607e-14 1.368245619479609954e-16
2.000000000000000389e-02 9.895490513110830610e-01 7.656572473559279841e-03 1.886504127494921623e-13 2.877777142679222212e-15
2.250000000000000264e-02 9.769888774819034394e-01 1.793930560330334392e-02 1.268929505717022292e-12 2.617994137683389701e-14
2.500000000000000139e-02 9.534857858712501022e-01 3.671613357858745375e-02 7.161560858285636881e-12 1.412222053942167697e-13
2.750000000000000361e-02 9.151143685276692530e-01 6.404748773962823383e-02 4.073824547106666796e-11 5.142214424824023875e-13
3.000000000000000583e-02 8.613417786111120522e-01 9.425783538713169984e-02 2.572916865175637055e-10 1.396914427590235190e-12
3.250000000000000111e-02 7.964629172339005025e-01 1.216693530022762704e-01 8.582830734103968896e-10 3.052755885400828922e-12
3.500000000000000333e-02 7.275884816438181746e-01 1.460464491579008539e-01 1.732180849012561592e-09 5.745832790926178015e-12
3.750000000000000555e-02 6.612444483673373119e-01 1.672334719500692124e-01 2.978230953255684720e-09 9.768521901357676771e-12
4.000000000000000777e-02 6.014780168664490834e-01 1.846560113891345667e-01 4.651539551253576200e-09 1.556525615438373176e-11
4.250000000000000999e-02 5.498423592252199565e-01 1.934027938894930798e-01 6.765665441671572599e-09 2.373632766912519927e-11
4.500000000000000527e-02 5.062349320838650524e-01 1.809817163696764708e-01 9.274805742750946906e-09 3.505869511005578837e-11
4.750000000000000749e-02 4.697466539269695707e-01 1.438545830121254754e-01 1.212801452893329466e-08 5.036843950505408355e-11
5.000000000000000278e-02 4.392267180393731318e-01 1.084465962531785121e-01 1.523654966770002292e-08 7.046553460765120496e-11
5.250000000000000500e-02 4.135703230896235483e-01 8.786080304821475284e-02 1.846218415576844504e-08 9.597208836384271681e-11
5.500000000000000722e-02 3.918294444183416103e-01 7.706319711437983888e-02 2.172600650075258468e-08 1.272383856932261923e-10
5.750000000000000944e-02 3.732336755597646660e-01 7.145486503588245608e-02 2.490974526709390415e-08 1.642777833148361017e-10
6.000000000000001166e-02 3.571738071565334072e-01 6.893566197638550941e-02 2.791567261572901288e-08 2.067942137418545669e-10
6.250000000000000000e-02 3.431636365640428621e-01 6.819263507619821585e-02 3.066419397550898015e-08 2.542594216420253876e-10
6.500000000000000222e-02 3.307790274343880843e-01 6.857115592685403271e-02 3.313688440084779767e-08 3.059609047903032991e-10
6.750000000000000444e-02 3.199851159695029645e-01 6.962286592995386991e-02 3.526148657795435305e-08 3.611275129453366255e-10
7.000000000000000666e-02 3.102389930746700109e-01 7.132534740291285313e-02 3.706983921034727716e-08 4.190042839010636332e-10
7.250000000000000888e-02 3.014370593672003329e-01 7.340423221753086813e-02 3.856423039137698729e-08 4.789020808490753925e-10
7.500000000000001110e-02 2.934779449306138543e-01 7.584602354512402778e-02 3.978655422206077229e-08 5.402720315396486268e-10
7.750000000000001332e-02 2.863667009852731149e-01 7.826089751501798253e-02 4.076467972646661668e-08 6.026955989714598869e-10
8.000000000000001554e-02 2.797894692928303839e-01 8.099978056533199688e-02 4.148581302532821245e-08 6.658708341716714619e-10
8.250000000000001776e-02 2.737622674837699721e-01 8.383572892561264034e-02 4.208825843974144492e-08 7.295943896044264875e-10
8.500000000000001998e-02 2.682162895226859467e-01 8.675493145380280824e-02 4.253867003494751595e-08 7.937200744555466688e-10
8.750000000000000833e-02 2.629727260780880815e-01 8.986936461238832774e-02 4.285906862803160797e-08 8.581393489579457771e-10
9.000000000000001055e-02 2.582228623706188109e-01 9.290873109327378587e-02 4.313127456271243415e-08 9.227491409128752192e-10
9.250000000000001277e-02 2.539534481403434851e-01 9.582192243819853683e-02 4.334317114294619800e-08 9.874385504183600439e-10
9.500000000000001499e-02 2.498246865615063317e-01 9.893617570161215846e-02 4.351517596395752328e-08 1.052079828239726381e-09
9.750000000000001721e-02 2.460241481405674169e-01 1.019355640232012111e-01 4.363995745011039835e-08 1.116521975079020146e-09
1.000000000000000056e-01 2.423327540718480111e-01 1.050811523676478398e-01 4.375808350512235131e-08 1.180459195050231894e-09
