# time 1 2 D-1 D
0.000000000000000000e+00 9.999999770567945534e-01 3.508823814619465923e-09 3.089199153960970502e-35 7.452634184213301731e-35
2.500000000000000486e-03 9.999921860230577275e-01 1.254240504338971960e-06 3.405852989718965351e-20 6.111226545018723467e-22
5.000000000000000971e-03 9.998740480743860681e-01 2.510425801631482149e-05 5.203050702142097840e-20 1.231177457959289272e-20
7.500000000000001457e-03 9.993517416465678149e-01 1.636860945406066168e-04 6.479736395089126460e-19 4.538893518350114400e-19
1.000000000000000194e-02 9.978908530396342069e-01 6.681978542443492344e-04 4.503925496416722059e-18 2.411453991646427505e-18
1.250000000000000069e-02 9.946093804042535069e-01 2.105015703304396069e-03 1.635518463613278010e-17 1.174825618441406996e-17
1.500000000000000291e-02 9.880642046651784138e-01 5.608647414842633794e-03 6.638260179739830401e-17 7.705686720400856450e-17
1.750000000000000167e-02 9.759123740014457038e-01 1.323427361121171791e-02 4.845870505873508145e-16 7.833542437046660608e-16
2.000000000000000389e-02 9.545387025606669740e-01 2.821686246429612813e-02 4.599984165327484062e-15 9.075847103721194821e-15
2.250000000000000264e-02 9.190422640756482631e-01 5.457440541915046378e-02 3.027763047649013894e-14 8.453222248644224004e-14
2.500000000000000139e-02 8.644187294008955913e-01 9.432684903891531969e-02 1.114280822074460608e-13 5.822337624574061408e-13
2.750000000000000361e-02 7.885605395189052569e-01 1.418910677367452300e-01 7.210530387059979592e-14 2.972402752665754828e-12
3.000000000000000583e-02 6.955068207305397099e-01 1.826988616746146876e-01 2.647870283190896979e-12 1.162269208643622111e-11
3.250000000000000111e-02 5.951324140533692519e-01 2.081254532026619031e-01 2.991558419673971492e-11 3.633611142823550481e-11
3.500000000000000333e-02 4.984826495647697309e-01 2.222603216353756794e-01 6.812649726127438187e-11 9.429899292641819421e-11
3.750000000000000555e-02 4.131572158930532646e-01 2.285921605258466049e-01 1.003772154020844257e-10 2.097218418260041003e-10
4.000000000000000777e-02 3.420915961364848212e-01 2.296087318444922365e-01 1.166373045706080228e-10 4.104593097579091788e-10
4.250000000000000999e-02 2.848582364234003017e-01 2.221403233255104248e-01 1.113742662881640629e-10 7.222542657647886927e-10
4.500000000000000527e-02 2.394443316712214220e-01 1.960067176207641315e-01 8.536043877261814820e-11 1.162840449409262169e-09
4.750000000000000749e-02 2.034765807328243747e-01 1.502867968434291879e-01 4.867150468841180491e-11 1.737819485165965708e-09
5.000000000000000278e-02 1.748099192449077688e-01 1.109657591543186522e-01 1.530297612486747629e-11 2.439398307292109899e-09
5.250000000000000500e-02 1.517108334709095230e-01 8.847285964912338097e-02 1.276722853082497505e-12 3.248136392062330178e-09
5.500000000000000722e-02 1.328514045256204146e-01 7.642711419060387035e-02 2.155747022407663092e-11 4.136275507400258773e-09
5.750000000000000944e-02 1.172394541820992037e-01 6.979137873511354062e-02 8.713258249417031713e-11 5.072010982992988816e-09
6.000000000000001166e-02 1.041407145352259700e-01 6.627245343738645544e-02 2.033706091987590682e-10 6.023741997799544413e-09
6.250000000000000000e-02 9.300715798070666174e-02 6.450605618631991001e-02 3.706439270673613217e-10 6.963084802783339293e-09
6.500000000000000222e-02 8.340921254539093721e-02 6.379531915307112833e-02 5.822110171137948854e-10 7.866567190399703342e-09
6.750000000000000444e-02 7.516746938267024336e-02 6.377059324857509148e-02 8.318509001057808434e-10 8.716805281854700105e-09
7.000000000000000666e-02 6.790097359717557624e-02 6.426192558394956678e-02 1.107364666507088529e-09 9.502224161595789200e-09
7.250000000000000888e-02 6.147416309823929004e-02 6.503921390187200613e-02 1.396953224350698182e-09 1.021641206895818897e-08
7.500000000000001110e-02 5.577245917356995347e-02 6.607440525563601508e-02 1.689595260024924829e-09 1.085710481883506917e-08
7.750000000000001332e-02 5.073647074367990811e-02 6.710773479099971239e-02 1.974374049251985252e-09 1.142526725133947314e-08
8.000000000000001554e-02 4.619263100860119403e-02 6.830727721593761459e-02 2.254772990628839599e-09 1.192413538747106410e-08
8.250000000000001776e-02 4.211109402826399700e-02 6.953152907582871300e-02 2.504647486561495617e-09 1.235830782936677892e-08
8.500000000000001998e-02 3.843428127819832618e-02 7.076455075767038028e-02 2.733575153077673213e-09 1.273318729922196293e-08
8.750000000000000833e-02 3.507424554834871061e-02 7.203602968273950524e-02 2.939359749562627831e-09 1.305441720562998277e-08
9.000000000000001055e-02 3.207269191351006660e-02 7.324226400147018645e-02 3.118123293502285977e-09 1.332756993196766583e-08
9.250000000000001277e-02 2.939556592794937556e-02 7.436781119501610637e-02 3.266476863640713195e-09 1.355794495902384849e-08
9.500000000000001499e-02 2.692208841243120751e-02 7.552235537389694053e-02 3.384176749450724352e-09 1.375038858195178642e-08
9.750000000000001721e-02 2.469265350254199257e-02 7.657716187822068143e-02 3.485306137441252849e-09 1.390939753339583731e-08
1.000000000000000056e-01 2.263027068488348767e-02 7.763714468217819409e-02 3.558637635316269548e-09 1.403947116002307122e-08
