# time 1 2 D-1 D
0.000000000000000000e+00 9.999999701881951975e-01 1.758851452118608928e-08 7.049204523011092873e-34 4.621573589692904711e-34
1.250000000000000243e-03 9.996293794959782986e-01 2.680998764863537174e-07 1.365290178403520142e-17 4.534651716548972790e-23
2.500000000000000486e-03 9.984445801451665714e-01 5.553896907351775528e-06 4.093259722807010688e-15 2.291547260458489893e-19
3.750000000000000729e-03 9.963369040517850994e-01 3.551405086628560220e-05 1.209444268497868781e-13 3.641831145448738148e-17
5.000000000000000971e-03 9.932078913759883054e-01 1.423539727442257831e-04 1.326211895025302017e-12 1.345562333139658407e-15
6.250000000000000347e-03 9.889846479956738712e-01 4.412666232793176430e-04 8.181611375458589151e-12 2.135119064813486819e-14
7.500000000000001457e-03 9.836409579209778320e-01 1.150247698228364307e-03 3.331361571139778216e-11 1.871599548090626641e-13
8.750000000000000833e-03 9.772325641862339429e-01 2.608935343158153963e-03 9.706560648590121136e-11 1.012519425440501224e-12
1.000000000000000194e-02 9.699676446255302009e-01 5.202653475172449790e-03 2.083354855110612622e-10 3.532391835384410365e-12
1.125000000000000132e-02 9.623096648728914904e-01 9.125903991379370403e-03 3.353777511557562322e-10 8.017536008226195978e-12
1.250000000000000069e-02 9.549938245455195096e-01 1.410770975217141149e-02 4.090397520611017923e-10 1.173101983054952820e-11
1.375000000000000180e-02 9.487986499216886083e-01 1.932038592457517232e-02 3.863257909891587177e-10 1.080376764889173911e-11
1.500000000000000291e-02 9.441876307594179174e-01 2.338959220801269806e-02 2.910431573403024052e-10 5.870865765566264001e-12
1.625000000000000056e-02 9.411605216638413429e-01 2.384574627734167840e-02 1.814245100427925972e-10 1.478420321770227114e-12
1.750000000000000167e-02 9.394030708976255362e-01 1.896366815615713880e-02 9.866518390559439906e-11 1.562069164001455204e-14
1.875000000000000278e-02 9.385210258513273507e-01 1.362563706955153067e-02 5.125511293664556703e-11 3.997629620513119707e-13
2.000000000000000389e-02 9.381836154584841658e-01 1.012773953236227945e-02 3.006126336933997851e-11 1.069414951761985192e-12
2.125000000000000500e-02 9.381622551803875387e-01 8.145917099730311597e-03 2.336525974284099212e-11 1.483655278840007734e-12
2.250000000000000264e-02 9.383154902202804903e-01 6.939353260349347650e-03 2.148940145553101438e-11 1.697795949644893120e-12
2.375000000000000375e-02 9.385613553499196904e-01 6.142285691434732318e-03 1.540327304889619270e-11 1.842499050641814740e-12
2.500000000000000139e-02 9.388540653873895803e-01 5.550929459343584456e-03 9.692196870875417410e-12 1.982290248546321527e-12
2.625000000000000250e-02 9.391684798539743362e-01 5.124426143715193893e-03 6.461691000350488580e-12 2.131740325525686757e-12
2.750000000000000361e-02 9.394908705971511953e-01 4.807384308466910484e-03 4.504026143934941247e-12 2.286495548335365112e-12
2.875000000000000472e-02 9.398136115490678399e-01 4.546589883994324108e-03 3.222116130805095975e-12 2.435161307832333143e-12
3.000000000000000583e-02 9.401324314661807513e-01 4.337968505223879431e-03 2.349728673474476162e-12 2.569402438744496595e-12
3.125000000000000000e-02 9.404448600429334837e-01 4.162939769108186042e-03 1.730815670056579249e-12 2.683694792879815274e-12
3.250000000000000111e-02 9.407494311537073495e-01 4.012389384305847448e-03 1.286441872928189226e-12 2.775322961207162773e-12
3.375000000000000222e-02 9.410452606327670555e-01 3.890666604719747457e-03 9.532116935583193742e-13 2.845493136816554155e-12
3.500000000000000333e-02 9.413318250942995791e-01 3.787133088181775502e-03 7.101551949976043753e-13 2.894991909403264654e-12
3.625000000000000444e-02 9.416088198626177963e-01 3.694828100982228483e-03 5.269367229142710547e-13 2.923384244854340074e-12
3.750000000000000555e-02 9.418761104301486276e-01 3.617419993468071453e-03 3.870269215916536412e-13 2.939816083190105929e-12
3.875000000000000666e-02 9.421336599097510645e-01 3.551963142133040575e-03 2.848042554873864196e-13 2.939460711834301042e-12
4.000000000000000777e-02 9.423815314553836142e-01 3.493386317679095937e-03 2.075175734001954327e-13 2.931789309048254445e-12
4.125000000000000888e-02 9.426198534077251390e-01 3.440876260224196188e-03 1.497403937909991598e-13 2.913315547126943043e-12
4.250000000000000999e-02 9.428487919260336581e-01 3.394785920784509827e-03 1.078287744860648378e-13 2.890368071952534581e-12
4.375000000000000416e-02 9.430685779974927740e-01 3.350557294097980011e-03 7.809257897908079201e-14 2.861114818777655487e-12
4.500000000000000527e-02 9.432794435151568013e-01 3.317357785780145757e-03 5.754080414040736518e-14 2.827383486891883318e-12
4.625000000000000638e-02 9.434816674354574717e-01 3.285585757719915612e-03 4.454819980935594005e-14 2.793509514796026794e-12
4.750000000000000749e-02 9.436755289072883413e-01 3.258419907735677235e-03 3.696635960945134083e-14 2.754340584238868799e-12
4.875000000000000860e-02 9.438613193005472857e-01 3.232207082520819567e-03 3.438755051837824549e-14 2.717320992275457607e-12
5.000000000000000278e-02 9.440393478286698281e-01 3.210820704020702927e-03 3.462173246579848952e-14 2.677583754244262239e-12
