# time 1 2 D-1 D
0.000000000000000000e+00 9.999999554101974830e-01 1.704734405132039371e-08 5.047058463652416739e-35 1.060167334747082011e-35
5.000000000000000104e-04 9.993815365467194622e-01 2.102581629510084265e-08 1.138202036473985153e-26 1.613433327456504727e-26
1.000000000000000021e-03 9.973776801364111488e-01 4.124493201247429515e-07 2.300199098494135005e-22 8.649045231052440650e-23
1.500000000000000248e-03 9.937270074467475789e-01 2.791816759238712113e-06 8.999298493958663703e-20 1.486375040219965754e-20
2.000000000000000042e-03 9.881253831271105126e-01 1.088375697155898813e-05 6.507246860074335255e-18 6.473284687734725914e-19
2.500000000000000052e-03 9.802292411307891307e-01 3.367497312556747577e-05 1.763545140325068150e-16 1.361777172047724538e-17
3.000000000000000496e-03 9.696474626002226094e-01 8.963143885806986214e-05 2.483565038482366464e-15 1.830191666594400511e-16
3.500000000000000507e-03 9.559203425818915134e-01 2.132682228180040566e-04 2.133201356864188863e-14 1.757148601290910150e-15
4.000000000000000083e-03 9.384863987188171164e-01 4.699629551165881796e-04 1.234339408475857129e-13 1.245592854052704182e-14
4.500000000000000527e-03 9.166404597441365487e-01 9.751830664209466685e-04 5.227154716318701200e-13 6.568741057938355695e-14
5.000000000000000104e-03 8.894911417865789538e-01 1.951607658420352479e-03 1.706600307806044461e-12 2.609775817731206838e-13
5.500000000000000548e-03 8.559282164587924679e-01 3.801151567517925024e-03 4.553378219618910534e-12 8.018093342800219678e-13
6.000000000000000992e-03 8.146011788612245175e-01 7.244768176089910403e-03 1.044474795401298185e-11 1.971337364397581458e-12
6.500000000000000569e-03 7.638761002000782341e-01 1.359554839972575667e-02 2.181459176459279043e-11 4.019625884284160438e-12
7.000000000000001013e-03 7.016887249660498371e-01 2.505861444851369829e-02 4.393906393399263004e-11 7.023836368260939370e-12
7.499999999999999722e-03 6.252610016740227650e-01 4.535811476273934190e-02 9.286348819476370795e-11 1.081543742428265824e-11
8.000000000000000167e-03 5.320346667946405095e-01 7.859995580502250612e-02 1.657564094560765445e-10 1.501881154985377400e-11
8.500000000000000611e-03 4.228060922350743711e-01 1.260737934153934869e-01 2.107328514475654866e-10 1.916545505093701971e-11
9.000000000000001055e-03 3.101053217988009036e-01 1.772547311847312013e-01 2.409833094509085548e-10 2.282667594167430669e-11
9.500000000000001499e-03 2.133072805885299073e-01 2.145308097676350834e-01 2.671401869324537293e-10 2.569737919216925083e-11
1.000000000000000021e-02 1.435132215684845336e-01 2.281075347217242366e-01 2.860984107396474547e-10 2.762859872451621940e-11
1.050000000000000065e-02 9.711352316934203366e-02 2.224891813991990430e-01 3.012849480981236852e-10 2.861876336817083710e-11
1.100000000000000110e-02 6.702398086861037496e-02 2.058240826307111138e-01 3.083472501221253358e-10 2.876609023668931453e-11
1.150000000000000154e-02 4.746816901603482380e-02 1.842367659503438559e-01 3.121503755400790620e-10 2.822515702686753872e-11
1.200000000000000198e-02 3.436833883264404921e-02 1.626197744438390158e-01 3.097625582069586393e-10 2.717223044341983466e-11
1.250000000000000069e-02 2.537368026230487836e-02 6.018940086625454433e-02 3.050060352768419261e-10 2.577463911197218366e-11
1.300000000000000114e-02 1.904928992724178732e-02 9.229258786682830590e-03 2.978756696414569652e-10 2.417639822578206539e-11
1.350000000000000158e-02 1.450596676735134427e-02 5.775596479328129300e-03 2.898593777355476287e-10 2.249339202949086099e-11
1.400000000000000203e-02 1.117822144456204203e-02 4.421478268418641000e-03 2.805660991975378619e-10 2.080865077314424719e-11
1.450000000000000247e-02 8.697037311177538074e-03 3.616689256507859846e-03 2.693667056741518120e-10 1.918131520011800749e-11
1.499999999999999944e-02 6.815805755166794849e-03 3.071091606271937786e-03 2.600366738318160808e-10 1.764812865335851068e-11
1.550000000000000162e-02 5.366126026333893975e-03 2.674256450099971039e-03 2.497371626025417891e-10 1.622906636010349172e-11
1.600000000000000033e-02 4.231348420871567859e-03 2.369622465788518914e-03 2.391584142742355569e-10 1.493320199120468929e-11
1.650000000000000078e-02 3.325818370450521737e-03 2.136633688449109548e-03 2.299802415422732372e-10 1.376127730767503263e-11
1.700000000000000122e-02 2.589598520277293717e-03 1.960569399179434413e-03 2.220184010904802730e-10 1.270837507824646136e-11
1.750000000000000167e-02 1.975564206712587985e-03 1.834913882539493174e-03 2.137650068025934716e-10 1.176760346806312490e-11
1.800000000000000211e-02 1.463953261889942500e-03 1.741035277977592702e-03 2.059690557211666810e-10 1.092913468460627966e-11
1.850000000000000255e-02 1.011117687486972044e-03 1.694375814121436849e-03 2.000003520139659919e-10 1.018413636196963362e-11
1.900000000000000300e-02 6.102278123294181114e-04 1.680773183004316551e-03 1.932374557160441741e-10 9.523756303751849009e-12
1.950000000000000344e-02 2.764130002851478119e-04 1.669123341158164874e-03 1.880192202515146335e-10 8.937086775326755321e-12
2.000000000000000042e-02 7.510881899164827569e-05 1.581563379172709529e-03 1.830146267537242258e-10 8.416088783350858457e-12
