# time 1 2 D-1 D
0.000000000000000000e+00 9.999999770719060210e-01 5.716822497129378545e-09 5.300803612956794701e-34 9.277001416689494082e-35
2.500000000000000052e-04 9.992137840871129217e-01 2.376181369553350966e-10 2.465749567150077498e-17 1.993772181567855064e-22
5.000000000000000104e-04 9.966876059290679102e-01 4.268858924950544680e-09 8.035152163848271780e-15 1.296194885946561987e-18
7.500000000000001240e-04 9.921367816504710335e-01 3.364068847006196284e-08 2.643963719980146314e-13 2.484680741340909752e-16
1.000000000000000021e-03 9.852192448092853549e-01 2.045869318217820666e-07 3.425028183084677266e-12 1.157200481821185606e-14
1.250000000000000026e-03 9.755129206036659006e-01 1.035593548866699124e-06 2.699523619699564146e-11 2.479343472601707350e-13
1.500000000000000248e-03 9.624829591506381954e-01 4.666964504401241567e-06 1.560092777174872631e-10 3.202859901778287551e-12
1.750000000000000253e-03 9.454328027435400239e-01 1.906465568916719612e-05 7.271218329986817685e-10 2.829019080709372352e-11
2.000000000000000042e-03 9.234265348675986251e-01 7.261467665937079425e-05 2.868920529317594335e-09 1.809919482197791488e-10
2.250000000000000264e-03 8.951557670987800863e-01 2.617703090880571602e-04 9.715755897233591114e-09 8.654360461763446357e-10
2.500000000000000052e-03 8.586967737062121131e-01 8.950768808145142825e-04 2.813590786004365928e-08 3.189653781181347430e-09
2.750000000000000274e-03 8.109113066965555339e-01 3.030664966464006235e-03 7.159871729710400327e-08 9.404559090998331642e-09
3.000000000000000496e-03 7.465647122137900604e-01 9.492303041522712898e-03 1.782893417521422636e-07 2.305447854299271681e-08
3.250000000000000284e-03 6.554470257214206619e-01 2.841179300156154025e-02 5.358834368785147019e-07 4.863428425290285078e-08
3.500000000000000507e-03 5.255161655098844475e-01 7.168403521191417382e-02 2.685561590563837611e-06 9.083008757601067186e-08
3.749999999999999861e-03 3.717926684518619296e-01 1.282904894397861317e-01 4.014312404499989510e-06 1.536246990750829270e-07
4.000000000000000083e-03 2.480301872981245381e-01 1.533189969765765548e-01 5.836267821516027274e-06 2.395687118195810362e-07
4.250000000000000305e-03 1.699664261044808444e-01 1.414569409943172151e-01 8.231655705312007171e-06 3.494007208794888244e-07
4.500000000000000527e-03 1.231188104521005189e-01 1.140668814062484743e-01 1.121429491309307114e-05 4.820513327312428747e-07
4.750000000000000749e-03 9.324505306182288844e-02 8.676645244380745692e-02 1.475398064868892896e-05 6.349451634622551892e-07
5.000000000000000104e-03 7.309464108759590462e-02 6.453120439391306362e-02 1.888588123050658900e-05 8.044733577678553824e-07
5.250000000000000326e-03 5.884469357824609337e-02 4.779061709875256914e-02 2.360841549710974559e-05 9.865077588936436656e-07
5.500000000000000548e-03 4.835046835722113523e-02 3.559203070871228003e-02 2.889038871123499299e-05 1.176860146270536571e-06
5.750000000000000770e-03 4.046376073458892580e-02 2.670929828686430599e-02 3.468968393756694684e-05 1.371633317629898986e-06
6.000000000000000992e-03 3.435006009273708361e-02 2.026383404357185239e-02 4.098709565360276086e-05 1.567448295366470266e-06
6.250000000000000347e-03 2.954529205768423317e-02 1.552471961275545508e-02 4.782377293234230879e-05 1.761557056197279341e-06
6.500000000000000569e-03 2.570202965619150515e-02 1.201252850224494330e-02 5.505956469654041245e-05 1.951864481808604027e-06
6.750000000000000791e-03 2.258226958520092795e-02 9.378132064090780387e-03 6.276381369763751720e-05 2.136887191235389232e-06
7.000000000000001013e-03 2.001715859433323905e-02 7.390158896765914101e-03 7.082275042380848198e-05 2.315677245131650578e-06
7.250000000000001235e-03 1.788386226520768604e-02 5.873847442529432118e-03 7.930467774738649066e-05 2.487727774719589721e-06
7.499999999999999722e-03 1.609132826301464675e-02 4.702746176169962135e-03 8.805425079906137667e-05 2.652877394058917910e-06
7.750000000000000812e-03 1.457105108306745896e-02 3.791940006777940343e-03 9.718753939273931208e-05 2.811221935358548968e-06
8.000000000000000167e-03 1.327075515118876503e-02 3.078479461281147678e-03 1.065504157095602554e-04 2.963038061861240809e-06
8.250000000000000389e-03 1.215002519408033173e-02 2.513244138931136108e-03 1.162470309981587519e-04 3.108720508577070256e-06
8.500000000000000611e-03 1.117725194238988057e-02 2.060147083243429530e-03 1.260972523032321624e-04 3.248732831338777286e-06
8.750000000000000833e-03 1.032744416536579037e-02 1.695261405144160398e-03 1.362534026312769769e-04 3.383570415944489203e-06
9.000000000000001055e-03 9.580645358349218835e-03 1.398396615443702395e-03 1.465165864985033459e-04 3.513733134067065996e-06
9.250000000000001277e-03 8.920772334025205488e-03 1.155305596883235246e-03 1.570475703644311975e-04 3.639705974762455787e-06
9.500000000000001499e-03 8.334751875517167063e-03 9.552782907273883956e-04 1.677099297825951167e-04 3.761949445876083251e-06
9.750000000000001721e-03 7.811873315223850055e-03 7.902455992916811341e-04 1.784240958742443867e-04 3.880888951897819162e-06
1.000000000000000021e-02 7.343353971705116057e-03 6.542977271875601410e-04 1.893749317606205297e-04 3.996378952382030771e-06
