# time 1 2 D-1 D
0.000000000000000000e+00 9.999999585066481345e-01 1.335249671476576675e-08 4.651414214034187539e-35 1.164988370061813447e-35
2.500000000000000486e-03 9.999985428485437255e-01 9.010062385971536796e-07 3.874372330410631885e-29 8.767511896063581028e-32
5.000000000000000971e-03 9.999728951879320871e-01 1.847290092946459849e-05 3.453871907403530738e-25 5.139712927459310176e-30
7.500000000000001457e-03 9.998289658716480455e-01 1.275360547114038441e-04 2.557664266427419649e-24 5.965363858183390553e-27
1.000000000000000194e-02 9.993193730596091617e-01 5.426576319246366334e-04 7.081481895486899677e-24 1.063861231666973222e-25
1.250000000000000069e-02 9.979294076412775771e-01 1.733454870811209974e-03 1.956649363369412277e-23 6.860818911381514547e-25
1.500000000000000291e-02 9.948008407491132354e-01 4.483210628970253978e-03 4.895593033981689999e-23 2.677916423636392647e-24
1.750000000000000167e-02 9.888498441388369198e-01 9.714701715060565512e-03 1.253948340161275893e-22 7.351249039354091905e-24
2.000000000000000389e-02 9.792002237378925056e-01 5.491155716861397017e-04 4.729110964120511538e-22 1.452016457971738959e-23
2.250000000000000264e-02 9.657493761472274452e-01 9.969638545306875731e-05 2.859904603548154267e-21 1.891658047169220178e-23
2.500000000000000139e-02 9.493766523391042877e-01 2.842721599129469437e-04 2.271004822997228453e-20 3.323293630766485472e-23
2.750000000000000361e-02 9.315445579022877398e-01 5.477030617343389652e-04 1.771616375153756543e-19 2.045345741773588689e-22
3.000000000000000583e-02 9.136428896850466996e-01 9.787662226373053474e-04 1.169732597900266605e-18 4.827593010409667619e-21
3.250000000000000111e-02 8.965656486623790888e-01 1.647359532439225021e-03 6.294946970851031499e-18 7.832967517699038127e-20
3.500000000000000333e-02 8.806421322490578518e-01 2.674233601971527565e-03 2.754873437734360906e-17 7.487697401677803406e-19
3.750000000000000555e-02 8.657593112677252067e-01 4.235689743670382167e-03 9.842593384075163971e-17 4.891520230055316270e-18
4.000000000000000777e-02 8.515043066035598018e-01 6.562892701019719562e-03 2.739718107769601124e-16 2.410955578064456334e-17
4.250000000000000999e-02 8.372518424236914392e-01 1.003212617104147324e-02 5.341290990230314926e-16 9.565050940495095877e-17
4.500000000000000527e-02 8.221897254910548458e-01 1.516341411465940009e-02 7.463887099196996013e-16 3.166286432021860237e-16
4.750000000000000749e-02 8.052991956635178195e-01 2.265945062846578401e-02 9.688064284134655391e-16 8.980046630005988505e-16
5.000000000000000278e-02 7.853328682233621238e-01 3.347535563660338637e-02 2.141194675602724773e-15 2.231616230280233815e-15
5.250000000000000500e-02 7.608389505031072364e-01 4.877831267229004730e-02 4.906592314453090128e-15 4.966963004578626797e-15
5.500000000000000722e-02 7.303173089659064088e-01 6.970491392465695546e-02 1.261919243389711113e-14 9.976664671103141349e-15
5.750000000000000944e-02 6.926436096993077163e-01 9.713825614955469423e-02 1.943600618426894599e-14 1.838036688336433073e-14
6.000000000000001166e-02 6.476808021826495620e-01 1.306799421708471631e-01 4.316153558933527943e-14 3.129793713691458714e-14
6.250000000000000000e-02 5.968361873202738810e-01 1.681803448034846771e-01 5.317864833036517548e-14 4.985103557673238981e-14
6.500000000000000222e-02 5.430037438850260356e-01 2.064437853764325426e-01 8.851296019490288260e-14 7.459435946099284928e-14
6.750000000000000444e-02 4.896392669417397037e-01 2.402539385128562854e-01 1.157171351736651184e-13 1.054279072423004603e-13
7.000000000000000666e-02 4.395988936117727897e-01 2.599732640156684482e-01 1.070960797717077354e-13 1.418790922598109319e-13
7.250000000000000888e-02 3.944145151178288788e-01 1.619668433190800741e-02 1.679436882676783591e-13 1.821516841428228616e-13
7.500000000000001110e-02 3.542975284747504894e-01 2.409380958029427172e-02 1.806409848770982415e-13 2.248916820973805258e-13
7.750000000000001332e-02 3.185305050738073129e-01 3.355206249381559314e-02 1.777040101713148782e-13 2.677214143193818406e-13
8.000000000000001554e-02 2.858803709990663799e-01 4.441647382192640686e-02 1.729878426277880295e-13 3.088458551390368855e-13
8.250000000000001776e-02 2.548331621017896897e-01 5.790266583020205887e-02 2.208460479396626094e-13 3.470636865474353821e-13
8.500000000000001998e-02 2.244915388275086077e-01 7.451748900862954772e-02 2.249840901167571441e-13 3.806506059990613975e-13
8.750000000000000833e-02 1.932961958673567737e-01 9.467347303846852802e-02 1.956800851754430024e-13 4.098769885840303347e-13
9.000000000000001055e-02 1.605426745799708454e-01 1.180556391829923335e-01 2.363777936006106333e-13 4.346413569325344501e-13
9.250000000000001277e-02 1.280766799807237233e-01 1.419546799003891524e-01 2.039336624277345242e-13 4.554023333998097883e-13
9.500000000000001499e-02 9.555167774813209947e-02 1.658566153166414203e-01 2.577794456316108929e-13 4.730199685747783874e-13
9.750000000000001721e-02 6.562378833392920607e-02 1.862903273596859810e-01 2.724096138820807980e-13 4.883389791056208320e-13
1.000000000000000056e-01 4.157797075869233694e-02 1.998409778007348148e-01 2.267901029005091139e-13 5.020308349364885332e-13
