# time 1 2 D-1 D
0.000000000000000000e+00 9.999999397034098347e-01 2.031704222693773166e-08 2.797143478600440682e-36 1.690246656084102935e-36
2.500000000000000486e-03 9.999841472613896221e-01 1.173503283086676052e-05 2.010569107482304390e-33 2.816450026259141622e-35
5.000000000000000971e-03 9.996779531973321031e-01 2.434944190128781021e-04 7.955669711546992193e-30 6.798115458041152131e-30
7.500000000000001457e-03 9.979751411599756539e-01 1.581025225295585148e-03 4.994835091233639273e-27 6.919366152598449109e-29
1.000000000000000194e-02 9.921534699579045435e-01 6.262440642473815662e-03 6.652986415637725912e-26 4.304859435853314930e-28
1.250000000000000069e-02 9.770630766102424980e-01 1.841277817351507848e-02 4.423502566502966115e-25 1.850528081761533159e-28
1.500000000000000291e-02 9.453658198582952643e-01 4.260815529720554662e-02 1.691367373111434182e-24 7.675168610676957071e-27
1.750000000000000167e-02 8.906822308497035490e-01 7.803098021481423563e-02 5.043235157819648118e-24 6.492047345123964599e-26
2.000000000000000389e-02 8.132851363076557538e-01 1.134241282105039328e-01 1.173988388600127129e-23 3.057345590770122472e-25
2.250000000000000264e-02 7.224789905688755454e-01 1.379196890369051576e-01 1.866654674706728153e-23 1.351616129233658904e-24
2.500000000000000139e-02 6.313678119754810858e-01 1.507925755787286881e-01 3.885299868745315497e-24 7.241510487202569171e-24
2.750000000000000361e-02 5.497734170077738236e-01 1.534371828339513855e-01 2.262367100192512235e-22 3.926023463192618051e-23
3.000000000000000583e-02 4.818860813869402793e-01 1.476204612288900819e-01 8.058467169091130380e-21 1.700686182435957673e-22
3.250000000000000111e-02 4.278058812229346142e-01 1.336715770200934406e-01 1.209782047314742561e-19 5.034769579826047405e-22
3.500000000000000333e-02 3.857306924892270894e-01 1.151137676141136545e-01 9.379188279177348025e-19 8.306902572247592721e-22
3.750000000000000555e-02 3.533752562293097643e-01 9.899113929444855464e-02 4.098973529073312416e-18 5.342788919714301098e-22
4.000000000000000777e-02 3.286193288846404603e-01 1.747338467951123006e-02 1.247052142759249236e-17 5.360591157894544015e-22
4.250000000000000999e-02 3.097126051065672847e-01 8.756315133886980254e-03 2.937893698100944844e-17 1.575340907038929704e-20
4.500000000000000527e-02 2.952834687794445023e-01 7.169412408593887898e-03 5.468315644771285015e-17 9.191383654474365683e-20
4.750000000000000749e-02 2.842811822751168394e-01 6.188103603364939094e-03 8.049733532299742193e-17 2.616749910674601658e-19
5.000000000000000278e-02 2.759071049684813093e-01 5.464489617578351631e-03 8.915689733315301674e-17 4.359099853832780021e-19
5.250000000000000500e-02 2.695542934163769333e-01 4.931073810556679295e-03 6.454377335590633727e-17 4.683252854253458977e-19
5.500000000000000722e-02 2.647598989842571138e-01 4.357440982350005779e-03 1.693059013358107743e-17 3.650208202562985239e-18
5.750000000000000944e-02 2.611692472755055006e-01 3.900874276001145904e-03 1.402407827145044631e-17 3.271755577544366421e-17
6.000000000000001166e-02 2.585090996495455484e-01 3.419312916665509430e-03 1.790479285782783903e-16 1.807638740912124370e-16
6.250000000000000000e-02 2.565680148098406499e-01 3.112282605343877958e-03 6.413990392444597953e-16 6.774693633116990776e-16
6.500000000000000222e-02 2.551818899845798572e-01 2.787907408443629671e-03 1.509752300236005399e-15 1.863675870860227867e-15
6.750000000000000444e-02 2.542230869117976799e-01 2.554079613290125613e-03 2.829282466116461867e-15 4.244890573123972935e-15
7.000000000000000666e-02 2.535921582538199770e-01 2.257330316893557069e-03 4.851746955769513852e-15 8.026694189250763885e-15
7.250000000000000888e-02 2.532116853548316282e-01 2.030574796519328627e-03 8.130011653509677119e-15 1.313540069798498684e-14
7.500000000000001110e-02 2.530214595765012398e-01 1.905967479528214393e-03 1.345088900305633402e-14 1.940788281852074264e-14
7.750000000000001332e-02 2.529746485800759559e-01 1.703435572005693567e-03 2.711175061819341811e-14 2.596143659247708861e-14
8.000000000000001554e-02 2.530349697782143803e-01 1.568081349703424670e-03 1.028228611300730595e-13 3.241223869836168907e-14
8.250000000000001776e-02 2.531743379408005201e-01 1.402253898600577201e-03 3.347470756708097415e-13 3.869906352716878286e-14
8.500000000000001998e-02 2.533709869908208900e-01 1.313602172017800046e-03 4.623899410244753030e-13 4.581379643171175453e-14
8.750000000000000833e-02 2.536081405135005573e-01 1.224125939291263211e-03 6.791854385148731124e-13 5.815874745637868343e-14
9.000000000000001055e-02 2.538728228153277477e-01 1.102392267212743901e-03 1.046637836185972943e-12 8.606359398082029027e-14
9.250000000000001277e-02 2.541549460393437432e-01 1.010538687028360912e-03 1.627566446810180594e-12 1.582003902383593994e-13
9.500000000000001499e-02 2.544467217513496360e-01 9.293247516080458022e-04 2.434630550793996061e-12 3.643953296149134091e-13
9.750000000000001721e-02 2.547420864306677024e-01 8.698616020997886316e-04 3.334198307028430777e-12 9.194394057564906660e-13
1.000000000000000056e-01 2.550362906800697771e-01 8.258051792631376309e-04 4.118009449545140151e-12 2.097329589918690323e-12
