# time 1 2 D-1 D
0.000000000000000000e+00 9.999999394639316197e-01 7.358867685431824852e-09 4.349788275523254270e-35 1.178729256174453016e-35
1.250000000000000243e-03 9.999983818382858214e-01 3.858706045343559436e-07 1.227037597012811063e-35 6.881216687328955292e-36
2.500000000000000486e-03 9.999709663138577342e-01 8.256563361020287538e-06 1.914650314543091720e-30 2.295121956237246861e-32
3.750000000000000729e-03 9.998259691267979976e-01 5.943626383025190073e-05 2.813634029498454081e-31 4.263951810321807189e-31
5.000000000000000971e-03 9.993352656140198631e-01 2.673310714979530581e-04 1.049792015998065576e-27 2.025142601707126369e-29
6.250000000000000347e-03 9.980120152236372499e-01 9.259014687463273680e-04 7.444195878050205118e-27 1.331714264092189849e-28
7.500000000000001457e-03 9.949168855975090153e-01 2.681633108222043413e-03 3.002260128519002941e-26 5.284732999407814604e-28
8.750000000000000833e-03 9.884072085482714654e-01 6.786953168913015602e-03 1.072087495890420856e-25 9.767922938793801380e-28
1.000000000000000194e-02 9.759347562103641849e-01 1.532944381442318503e-02 3.647988646593747356e-25 2.576324972539197134e-28
1.125000000000000132e-02 9.541715456397822370e-01 3.118501163092992842e-02 1.235884683128667131e-24 6.513035944659427448e-27
1.250000000000000069e-02 9.198846548573673676e-01 5.718470743629779779e-02 4.113379439653500614e-24 1.434473855845335549e-25
1.375000000000000180e-02 8.716440642567305774e-01 9.430803831637402102e-02 1.309991051992887147e-23 1.226012699651640369e-24
1.500000000000000291e-02 8.113337444595800640e-01 1.392397003327474625e-01 4.064476602670024231e-23 7.029488558513276318e-24
1.625000000000000056e-02 7.438190118399395923e-01 1.784556842361670614e-01 1.317906395959541990e-22 3.198450520916344198e-23
1.750000000000000167e-02 6.747613215209117277e-01 1.749457144058610414e-01 5.062865058687959964e-22 1.170786167731928094e-22
1.875000000000000278e-02 6.085520435157396602e-01 1.322366383975968340e-01 2.430694818975462185e-21 3.367565024249575134e-22
2.000000000000000389e-02 5.476926949954343815e-01 1.032011703416423759e-01 1.171940343720980103e-20 6.832134224971990716e-22
2.125000000000000500e-02 4.932110586220572745e-01 8.683187750085956391e-02 4.826546033492320034e-20 7.514020212894084822e-22
2.250000000000000264e-02 4.452590366599689098e-01 7.384518093688968721e-02 1.532465400984117598e-19 6.897017685934184229e-23
2.375000000000000375e-02 4.035161941536641872e-01 5.450279513244857960e-02 4.053057514175007684e-19 2.924350740723950586e-21
2.500000000000000139e-02 3.674097128999700423e-01 7.033798836647682517e-02 9.562779440250323097e-19 3.634419595279828252e-20
2.625000000000000250e-02 3.362446784275668343e-01 6.426350749981993293e-02 2.086896720295874881e-18 1.927220408815150324e-19
2.750000000000000361e-02 3.092953831342835636e-01 6.462147816982136139e-02 4.373809902027462549e-18 6.985620396393721025e-19
2.875000000000000472e-02 2.858700731870259526e-01 6.502696871142163437e-02 8.882689175884643615e-18 1.989359876759255850e-18
3.000000000000000583e-02 2.653504888953490126e-01 6.700506872623802901e-02 1.766710078527385662e-17 4.740586332330023233e-18
3.125000000000000000e-02 2.472097937349173047e-01 6.970445751361394049e-02 3.329017700768332872e-17 9.817304971159625878e-18
3.250000000000000111e-02 2.310147612325450794e-01 7.300283020391686029e-02 6.371928470580523000e-17 1.763435574613015382e-17
3.375000000000000222e-02 2.164187334878447944e-01 7.606850879418296241e-02 1.115282330536985186e-16 2.869151741164884987e-17
3.500000000000000333e-02 2.031502374981516701e-01 7.985905146094189611e-02 1.843771208188359938e-16 4.398546553294002856e-17
3.625000000000000444e-02 1.910001458452145473e-01 8.373215489375700205e-02 2.956564386580883924e-16 5.989412381608732276e-17
3.750000000000000555e-02 1.798091954236807899e-01 8.782984754559999829e-02 4.389739010879091500e-16 7.846801490563581364e-17
3.875000000000000666e-02 1.694567982337839840e-01 9.226892942229393546e-02 6.099458386738794990e-16 9.578654135118952385e-17
4.000000000000000777e-02 1.598513793060981347e-01 9.613776462477373330e-02 8.169058757916490837e-16 1.075444959330118718e-16
4.125000000000000888e-02 1.509224600165686991e-01 1.005472666417482203e-01 1.009723695252130489e-15 1.168946145755310993e-16
4.250000000000000999e-02 1.426144064965428893e-01 1.047254519140888157e-01 1.216065650370061998e-15 1.162496699749270185e-16
4.375000000000000416e-02 1.348816490082022368e-01 1.084801691521942862e-01 1.382311707206672782e-15 1.074643129917864269e-16
4.500000000000000527e-02 1.276852416214084851e-01 1.127707457225433640e-01 1.519626517879443120e-15 9.273985427173522899e-17
4.625000000000000638e-02 1.209904939662914125e-01 1.165725079318679497e-01 1.634661773457402317e-15 7.028578381638784585e-17
4.750000000000000749e-02 1.147654260980167928e-01 1.199070442675411602e-01 1.831402501997915359e-15 4.567742861070896674e-17
4.875000000000000860e-02 1.089798592515452552e-01 1.233849699595330751e-01 7.393882759379356830e-16 2.359021298128650069e-17
5.000000000000000278e-02 1.036049682355485863e-01 1.268960459815490494e-01 1.825100713220681566e-16 6.426115487622814168e-18
