# time 1 2 D-1 D
0.000000000000000000e+00 9.999999464560902496e-01 1.428442258465593838e-08 2.620787614032329497e-35 8.155279044755113309e-36
2.500000000000000486e-03 9.988877903418811322e-01 8.010845845804431801e-09 5.487389046216261306e-29 1.285307543619151952e-33
5.000000000000000971e-03 9.953164478043429186e-01 6.882548220655058296e-08 1.311953125885635164e-24 4.600934169226330885e-28
7.500000000000001457e-03 9.889008787145749935e-01 3.438718748052598134e-07 5.580529899530207948e-22 1.097401873039379648e-24
1.000000000000000194e-02 9.792108069959798433e-01 1.147276994191967936e-06 4.790479284965172864e-20 3.160347578176346750e-22
1.250000000000000069e-02 9.657627809752417081e-01 2.969927480646216560e-06 1.743826113554748455e-18 2.818888083085484217e-20
1.500000000000000291e-02 9.480052520868876842e-01 6.418026982953031546e-06 3.311725431649809138e-17 1.176531316950621960e-18
1.750000000000000167e-02 9.252974569035199437e-01 1.191238781052203668e-05 3.339514056723975996e-16 2.805370934114165727e-17
2.000000000000000389e-02 8.968835870341940186e-01 1.916872244223419937e-05 2.676174024469665698e-15 4.216507224249746701e-16
2.250000000000000264e-02 8.618659038654196136e-01 2.610164136024871619e-05 1.757117821357693083e-14 4.209515461242019533e-15
2.500000000000000139e-02 8.191817253365203388e-01 2.817988550374977218e-05 8.991706009820082221e-14 2.902214836483295038e-14
2.750000000000000361e-02 7.675844453443536608e-01 2.059148733753508282e-05 3.585268608365822421e-13 1.440121828502002631e-13
3.000000000000000583e-02 7.056102239611166116e-01 4.594691686289370111e-06 1.131704051414314895e-12 5.389641544825342800e-13
3.250000000000000111e-02 6.314829115104190205e-01 7.587852485864985098e-06 2.839146899520947216e-12 1.595988516828519316e-12
3.500000000000000333e-02 5.429597175628158023e-01 1.455826611691398939e-04 5.910376331415295776e-12 3.907086499429368227e-12
3.750000000000000555e-02 4.375385201370822208e-01 1.027552854496556131e-03 1.070707104166402612e-11 8.205821198393623078e-12
4.000000000000000777e-02 3.140478788895385009e-01 6.331621435004846331e-03 1.756814173081123106e-11 1.523529815879179139e-11
4.250000000000000999e-02 1.771984162686455755e-01 2.738727356964639620e-02 2.696189688931063846e-11 2.560695786788426133e-11
4.500000000000000527e-02 7.220967016008061901e-02 4.405964003556895464e-02 3.952622066464787499e-11 3.969924496449711048e-11
4.750000000000000749e-02 3.115689610074116184e-02 3.201795192346577196e-02 5.953747627040625887e-11 5.761703532367407225e-11
5.000000000000000278e-02 1.546817671663259369e-02 1.929964670148544628e-02 4.055607059814998731e-10 7.920880748223650657e-11
5.250000000000000500e-02 8.547621173034598840e-03 1.123022533442361373e-02 5.213140811646539758e-10 1.041183889108618334e-10
5.500000000000000722e-02 4.864352774474485150e-03 6.773492357663788224e-03 6.469204301045975344e-10 1.318555341100034583e-10
5.750000000000000944e-02 2.868457086600237436e-03 4.184700986332049420e-03 7.826743039520637978e-10 1.618643332461476869e-10
6.000000000000001166e-02 1.739727441300878809e-03 2.644496947328701247e-03 9.216823674019408565e-10 1.935818537519219841e-10
6.250000000000000000e-02 1.073732613499775706e-03 1.712689775990840907e-03 1.064198242876078166e-09 2.264755447454799212e-10
6.500000000000000222e-02 6.769923175537507229e-04 1.124667087213231846e-03 1.208291813623099648e-09 2.600755572543003773e-10
6.750000000000000444e-02 4.353603936972746838e-04 7.509532827679149362e-04 1.355141654692178969e-09 2.939849786633800007e-10
7.000000000000000666e-02 2.851142159734427919e-04 5.105220206907905680e-04 1.501291112148114303e-09 3.278798792793951904e-10
7.250000000000000888e-02 1.900495711982451929e-04 3.474394209382986542e-04 1.642134353845143014e-09 3.615082156164945934e-10
7.500000000000001110e-02 1.293723417512049930e-04 2.439457884434424750e-04 1.784085008344633637e-09 3.946923011971406756e-10
7.750000000000001332e-02 8.949650922738147901e-05 1.690141061866132861e-04 1.922907401427901434e-09 4.272981036867467583e-10
8.000000000000001554e-02 6.296700159400251318e-05 1.182450369207928699e-04 2.059064989435345234e-09 4.592442842081808099e-10
8.250000000000001776e-02 4.502346245632466467e-05 8.398142269458520642e-05 2.191370974234300365e-09 4.904817936408886722e-10
8.500000000000001998e-02 3.269692307155543744e-05 6.030554217836174916e-05 2.324295142230746662e-09 5.209920659142086711e-10
8.750000000000000833e-02 2.410035699318374924e-05 4.273945145231606034e-05 2.450775850886570122e-09 5.507676786016363435e-10
9.000000000000001055e-02 1.801846446677432618e-05 3.125775975793229655e-05 2.573034722092791859e-09 5.798250557881501450e-10
9.250000000000001277e-02 1.365638339720801354e-05 2.244321846058677038e-05 2.695062587217657816e-09 6.081810271111450199e-10
9.500000000000001499e-02 1.048675034435115063e-05 1.661633287430464310e-05 2.813884424153437688e-09 6.358634976640124750e-10
9.750000000000001721e-02 8.154838696198623315e-06 1.211158639029001834e-05 2.928376332725369208e-09 6.628958740475370772e-10
1.000000000000000056e-01 6.418828329829911889e-06 8.809466582721297900e-06 3.047118678826178632e-09 6.892975229594011858e-10
