# time 1 2 D-1 D
0.000000000000000000e+00 9.999999744496591569e-01 5.220104767479713588e-09 2.913462748513040444e-34 1.147752684142881309e-34
1.250000000000000243e-03 9.993455725889535124e-01 2.324666778694998933e-07 1.483300209589812568e-16 6.319196823213794944e-22
2.500000000000000486e-03 9.972158703662705737e-01 4.995358712632690206e-06 4.692204443521039779e-14 4.035591935987895308e-18
3.750000000000000729e-03 9.933013178410829980e-01 3.337438937980546043e-05 1.447143002227768991e-12 7.976190313308085531e-16
5.000000000000000971e-03 9.872064325595872880e-01 1.401056110513196925e-04 1.731309060870921022e-11 3.742700839992120248e-14
6.250000000000000347e-03 9.784150810017385735e-01 4.593376871609553447e-04 1.222409585391601294e-10 7.810616245395661840e-13
7.500000000000001457e-03 9.662036386010978140e-01 1.293375591859594140e-03 6.165210196135485088e-10 9.465471015057029979e-12
8.750000000000000833e-03 9.494649837566191408e-01 3.284419942517757644e-03 2.439448188987957641e-09 7.560145339581957931e-11
1.000000000000000194e-02 9.263823914349512689e-01 7.745210109205006785e-03 7.987809109013476599e-09 4.241164710830314754e-10
1.125000000000000132e-02 8.938810060640874910e-01 1.725027512872252811e-02 2.200607493831760766e-08 1.741429288990456662e-09
1.250000000000000069e-02 8.469125146976462792e-01 3.640511158779251299e-02 4.971285703798484902e-08 5.453236220105547206e-09
1.375000000000000180e-02 7.783400085700512561e-01 7.213406510403021221e-02 9.132438842696789034e-08 1.363208495016689265e-08
1.500000000000000291e-02 6.820289461109683149e-01 1.307128237908021240e-01 1.461526990895232482e-07 2.844917478844876848e-08
1.625000000000000056e-02 5.614449781240429260e-01 2.091323913053108607e-01 2.174983959199952900e-07 5.151992972838280999e-08
1.750000000000000167e-02 4.351773201335767394e-01 2.892406052798364713e-01 3.099102316791275562e-07 8.351319801082386845e-08
1.875000000000000278e-02 3.246692913418116055e-01 3.486715299542069713e-01 4.267872250352177416e-07 1.241271401391954805e-07
2.000000000000000389e-02 2.393967694566160320e-01 3.740606421307798857e-01 5.709235884583765631e-07 1.723215018738061392e-07
2.125000000000000500e-02 1.776151104816946769e-01 3.614032470482625437e-01 7.468581249199210089e-07 2.266422908718997884e-07
2.250000000000000264e-02 1.337505568701068681e-01 3.196282621205355223e-01 9.547257152605627340e-07 2.855161690881263713e-07
2.375000000000000375e-02 1.025386941406493391e-01 2.685518827158494548e-01 1.194202719995199288e-06 3.474625375811866346e-07
2.500000000000000139e-02 8.005267872171353827e-02 2.233124759067343923e-01 1.458789082147677766e-06 4.112137048614230084e-07
2.625000000000000250e-02 6.358458807600193829e-02 1.868105451111168602e-01 1.741520887418904625e-06 4.757639796862495248e-07
2.750000000000000361e-02 5.131087012835340577e-02 1.582749613628623708e-01 2.032353262219282733e-06 5.403676364217898647e-07
2.875000000000000472e-02 4.200473900716129860e-02 1.355113689898812812e-01 2.324309460319518548e-06 6.045090226095874873e-07
3.000000000000000583e-02 3.483328968244450707e-02 1.174589312874452091e-01 2.613490903678376172e-06 6.678621727263546714e-07
3.125000000000000000e-02 2.922322769415212906e-02 1.027340295797620762e-01 2.900505020458506992e-06 7.302476163042324752e-07
3.250000000000000111e-02 2.477376973137278282e-02 9.062000522329678731e-02 3.186642225892127582e-06 7.915924889837507704e-07
3.375000000000000222e-02 2.120021941966204054e-02 8.071698147361380804e-02 3.471554141759929922e-06 8.518971417416368000e-07
3.500000000000000333e-02 1.829714231167532679e-02 7.220943003627433576e-02 3.755280517796583470e-06 9.112091732943967655e-07
3.625000000000000444e-02 1.591405125596599343e-02 6.505346642465020812e-02 4.046967036318597707e-06 9.696029437480662351e-07
3.750000000000000555e-02 1.393913256125004115e-02 5.897608301619179649e-02 4.337987597306418000e-06 1.027165372126823331e-06
3.875000000000000666e-02 1.228819471512660431e-02 5.359003257082156635e-02 4.641964317440891482e-06 1.083985851047305670e-06
4.000000000000000777e-02 1.089705569958550509e-02 4.896099858385937614e-02 4.947815687887764355e-06 1.140150963274413689e-06
4.125000000000000888e-02 9.716218916773758027e-03 4.488664949595133624e-02 5.257713970743241060e-06 1.195738341135324633e-06
4.250000000000000999e-02 8.707104721140291811e-03 4.128456373230770388e-02 5.574657703342600849e-06 1.250816441810601617e-06
4.375000000000000416e-02 7.839341383908401267e-03 3.812129807453031038e-02 5.900006996350836617e-06 1.305443155035245019e-06
4.500000000000000527e-02 7.088799011617921697e-03 3.522047452122364919e-02 6.226906509094086137e-06 1.359666021227027029e-06
4.625000000000000638e-02 6.436142061322827623e-03 3.270155984556482459e-02 6.574279116151742505e-06 1.413522805236443243e-06
4.750000000000000749e-02 5.865751932146485645e-03 3.039510019865367119e-02 6.926846472454488575e-06 1.467040502918332429e-06
4.875000000000000860e-02 5.364918687823316303e-03 2.827934209987546105e-02 7.272669294272717133e-06 1.520237813633698508e-06
5.000000000000000278e-02 4.923228081738273247e-03 2.643419505730607369e-02 7.632684251376854634e-06 1.573122964981592071e-06
