# time 1 2 D-1 D
0.000000000000000000e+00 9.999999610391975269e-01 8.870852072599999216e-09 8.418008919826107486e-35 6.482630939594136428e-35
2.500000000000000486e-03 9.999991358215232218e-01 1.285914762516944070e-07 7.959367783001754705e-26 6.303636946028929932e-28
5.000000000000000971e-03 9.999874456322844773e-01 1.999147547098502997e-06 1.420272820282355658e-22 3.045007212112902250e-24
7.500000000000001457e-03 9.999356821112435068e-01 1.330933288097735621e-05 1.301247119421733426e-20 3.890944493383708155e-22
1.000000000000000194e-02 9.997847723182968771e-01 5.869632411744090273e-05 1.246567279204087901e-20 4.576394676451088619e-23
1.250000000000000069e-02 9.994185441137570791e-01 2.048027570395507526e-04 3.406206268918662244e-20 2.341938646548988616e-22
1.500000000000000291e-02 9.986026293652221497e-01 6.145191350404017152e-04 1.432372927492714561e-19 1.252000990029084551e-21
1.750000000000000167e-02 9.968616228208039276e-01 1.654065210050369595e-03 7.346114478336626533e-19 5.737037596213029750e-21
2.000000000000000389e-02 9.932584845734514500e-01 4.090358441387101016e-03 4.037654339954623393e-18 4.427827705599445603e-20
2.250000000000000264e-02 9.860686128214428692e-01 9.325673512571101484e-03 2.598666581005376506e-17 4.426058874034503716e-19
2.500000000000000139e-02 9.724869137521157114e-01 1.952195837518187413e-02 1.685049645453955286e-16 3.841545620640140076e-18
2.750000000000000361e-02 9.488333942478019978e-01 3.692739425482019500e-02 9.809242406631659762e-16 2.527852256129506140e-17
3.000000000000000583e-02 9.119196513127793002e-01 6.179394892649330007e-02 5.456565535030386381e-15 1.259832496812111857e-16
3.250000000000000111e-02 8.613403704579851716e-01 9.032528488715235726e-02 4.197115987747529430e-14 4.970473440229986734e-16
3.500000000000000333e-02 8.006060832567690744e-01 1.164109758542232892e-01 1.259715804957469618e-13 1.575090918167436628e-15
3.750000000000000555e-02 7.355006761961443429e-01 1.381243478231326260e-01 3.585027785022831413e-13 4.114315955155911362e-15
4.000000000000000777e-02 6.713206099936880333e-01 1.558579804919575929e-01 8.848833861615845079e-13 9.119691155003061842e-15
4.250000000000000999e-02 6.114502626937765584e-01 1.693947434055529111e-01 1.946556774981980038e-12 1.763276073843740662e-14
4.500000000000000527e-02 5.574646818229207490e-01 1.757837143637342170e-01 3.851595882483380528e-12 3.054217596411893424e-14
4.750000000000000749e-02 5.097529409383318999e-01 1.687754314017119450e-01 6.934832943664009294e-12 4.820686100357302948e-14
5.000000000000000278e-02 4.680531162696818237e-01 1.483114244541238191e-01 1.151961890815202398e-11 7.057400102570424531e-14
5.250000000000000500e-02 4.317907894130269542e-01 1.254933861464060385e-01 1.786594338600266581e-11 9.739593815119783269e-14
5.500000000000000722e-02 4.002748622605268314e-01 1.083899820705264416e-01 2.599301659119353339e-11 1.279834430334878328e-13
5.750000000000000944e-02 3.728071200585007516e-01 9.764078934812628341e-02 3.588549665499659237e-11 1.619061044025249313e-13
6.000000000000001166e-02 3.487396433142413987e-01 9.193487015260062845e-02 4.730730553960929293e-11 1.987668784561758850e-13
6.250000000000000000e-02 3.275011238255961521e-01 8.935444330395113377e-02 5.998446375922924425e-11 2.387136685798456533e-13
6.500000000000000222e-02 3.086050826097765931e-01 8.891835922647629842e-02 7.349916686323059267e-11 2.814109567081971276e-13
6.750000000000000444e-02 2.916480030717906735e-01 8.996414573684595462e-02 8.772361808369898419e-11 3.273177414756678881e-13
7.000000000000000666e-02 2.763023505866171181e-01 9.208725034374561080e-02 1.022950089707769814e-10 3.764010186474050916e-13
7.250000000000000888e-02 2.623072117584368534e-01 9.500051955570684714e-02 1.171902773416637302e-10 4.289741032203696580e-13
7.500000000000001110e-02 2.494581416321041689e-01 9.845570094856961885e-02 1.320569734677158726e-10 4.852119551633918667e-13
7.750000000000001332e-02 2.375970246724140034e-01 1.023397003652138093e-01 1.468860914123249477e-10 5.452041638453454698e-13
8.000000000000001554e-02 2.266025221149039204e-01 1.065106761325317203e-01 1.615219991457866527e-10 6.091440973183416560e-13
8.250000000000001776e-02 2.163814563958444404e-01 1.108447439035075560e-01 1.761790668484466472e-10 6.762737795167827413e-13
8.500000000000001998e-02 2.068613716421320026e-01 1.152694037712058278e-01 1.906905685078949265e-10 7.459490932855257158e-13
8.750000000000000833e-02 1.979844225738522090e-01 1.196877536773692935e-01 2.049113006773846344e-10 8.198206871514676988e-13
9.000000000000001055e-02 1.897027241590006630e-01 1.241054145952684706e-01 2.188695079427543870e-10 8.964635261877750304e-13
9.250000000000001277e-02 1.819749196654081858e-01 1.284366829140474453e-01 2.326586833700313081e-10 9.731907520242093532e-13
9.500000000000001499e-02 1.747638410319102553e-01 1.326697474871177118e-01 2.459914899321228150e-10 1.052243306825867812e-12
9.750000000000001721e-02 1.680351188744741153e-01 1.367623223021377232e-01 2.589512927864530480e-10 1.133365945289025396e-12
1.000000000000000056e-01 1.617563996924933911e-01 1.407040216575745628e-01 2.715670433592375652e-10 1.214099698895098015e-12
