# time 1 2 D-1 D
0.000000000000000000e+00 9.999999688895839789e-01 2.237249819481734296e-08 2.768590416613884865e-34 3.409227490972339880e-35
1.250000000000000243e-03 9.993545428628402005e-01 6.432954393446801531e-06 1.060388827485302189e-16 1.102296155889398606e-22
2.500000000000000486e-03 9.971863232341363625e-01 1.285211555451985592e-04 3.337293323453699578e-14 4.963710736802892821e-19
3.750000000000000729e-03 9.928535057862587498e-01 8.144314404135341015e-04 1.007465849267158544e-12 7.591451986022858660e-17
5.000000000000000971e-03 9.850333792399396104e-01 3.225586577488544736e-03 1.196643767402689746e-11 2.872391987769960189e-15
6.250000000000000347e-03 9.712102197105021428e-01 9.812246677921312998e-03 8.357480215182610148e-11 5.084740112054415631e-14
7.500000000000001457e-03 9.471312892146608320e-01 2.492150900304910752e-02 4.213904828086561987e-10 5.619601278324456789e-13
8.750000000000000833e-03 9.069228864841029081e-01 5.456498121191139666e-02 1.677206214135996651e-09 4.537615201383595548e-12
1.000000000000000194e-02 8.452967449348133266e-01 1.033186440304556669e-01 5.612537811775282729e-09 2.947460405792959524e-11
1.125000000000000132e-02 7.622857089239140072e-01 1.666739948823307560e-01 1.649185374540642642e-08 1.640907995288334466e-10
1.250000000000000069e-02 6.663504905194101990e-01 2.233409660275081088e-01 4.348999449653168552e-08 8.167228626817021442e-10
1.375000000000000180e-02 5.704681941771089226e-01 2.490880407945653685e-01 1.041819472737324537e-07 3.724970331546774219e-09
1.500000000000000291e-02 4.847709520923089155e-01 2.423514980855233369e-01 2.291625990492461514e-07 1.562752554471492090e-08
1.625000000000000056e-02 4.134547298140613392e-01 2.207679968653153690e-01 4.611146665714384590e-07 5.901309257622616100e-08
1.750000000000000167e-02 3.563300059214679627e-01 1.962953335962826507e-01 8.514940775536136695e-07 1.915539246342973517e-07
1.875000000000000278e-02 3.112918968638931916e-01 1.710486375932682435e-01 1.475515622357227696e-06 5.161160498367402328e-07
2.000000000000000389e-02 2.758679498203628899e-01 1.472640271088579700e-01 2.474084055476491636e-06 1.154113551212658441e-06
2.125000000000000500e-02 2.478616218184881148e-01 1.266471750480516190e-01 4.078132401241188480e-06 2.218936299563448551e-06
2.250000000000000264e-02 2.255159198274897248e-01 1.098642288589226496e-01 6.538631110621300304e-06 3.812323019618746213e-06
2.375000000000000375e-02 2.074878232515044718e-01 9.774517138524678461e-02 1.000307862275425632e-05 6.024459204089231016e-06
2.500000000000000139e-02 1.927697215840836753e-01 8.842331468824142504e-02 1.451360387987899027e-05 8.930252014915572806e-06
2.625000000000000250e-02 1.806096031673933566e-01 8.182483458140366039e-02 2.012319921371673418e-05 1.258422802017703342e-05
2.750000000000000361e-02 1.704451310648983364e-01 7.664753721105117823e-02 2.686244500430032386e-05 1.701698976252520172e-05
2.875000000000000472e-02 1.618534438010546805e-01 7.307538915447667205e-02 3.457663474435463416e-05 2.223505973434683605e-05
3.000000000000000583e-02 1.545141103582014785e-01 7.020275213728380259e-02 4.315067894531942483e-05 2.822254750233863375e-05
3.125000000000000000e-02 1.481822176638145916e-01 6.820334927004736980e-02 5.258709991963830821e-05 3.494428312172199926e-05
3.250000000000000111e-02 1.426688853042063498e-01 6.642369266510810000e-02 6.270992921258515789e-05 4.235035090654940915e-05
3.375000000000000222e-02 1.378270912337591358e-01 6.524757735336135511e-02 7.339826033139191890e-05 5.037995422086409471e-05
3.500000000000000333e-02 1.335413704538262747e-01 6.425162264482484065e-02 8.449561003710329425e-05 5.896569063836192486e-05
3.625000000000000444e-02 1.297202438215173670e-01 6.335568236362813799e-02 9.614749047476461635e-05 6.803705200054525361e-05
3.750000000000000555e-02 1.262906028156816629e-01 6.285231958981887801e-02 1.081570683982908574e-04 7.752332745476399757e-05
3.875000000000000666e-02 1.231935345965399636e-01 6.218437608458776689e-02 1.205139920473912731e-04 8.735584139980141479e-05
4.000000000000000777e-02 1.203811810936511878e-01 6.178274305420201895e-02 1.330851365579901937e-04 9.746956418893877030e-05
4.125000000000000888e-02 1.178143603915448034e-01 6.138564090482932084e-02 1.457255608291920651e-04 1.078041714503644443e-04
4.250000000000000999e-02 1.154607520465780746e-01 6.105994464177249420e-02 1.588408223354554716e-04 1.183046498334071886e-04
4.375000000000000416e-02 1.132935009550517930e-01 6.081236503402307619e-02 1.717684007801119914e-04 1.289215486440694876e-04
4.500000000000000527e-02 1.112901379199695145e-01 6.068721048657427924e-02 1.850040674617243097e-04 1.396109618053740869e-04
4.625000000000000638e-02 1.094317381850131859e-01 6.040926822910838712e-02 1.981757091102247280e-04 1.503343265268523648e-04
4.750000000000000749e-02 1.077022606819812295e-01 6.018177405191526413e-02 2.116625400463756953e-04 1.610580912892637480e-04
4.875000000000000860e-02 1.060880236911338204e-01 6.014170821028348018e-02 2.249298500481015299e-04 1.717533422667355634e-04
5.000000000000000278e-02 1.045801510058011197e-01 5.999878832584198268e-02 2.385434249039476891e-04 1.823863589227236125e-04
