# time 1 2 D-1 D
0.000000000000000000e+00 9.999999607929858092e-01 5.115035153225636556e-09 7.808092655642424653e-35 1.775731153710918067e-36
1.250000000000000243e-03 9.961433487689524968e-01 2.485468647183637636e-03 1.295972989499437280e-26 8.859992589071794178e-26
2.500000000000000486e-03 9.820738830414346143e-01 1.217713676017387163e-02 7.786587918803860928e-24 1.245733611035546880e-22
3.750000000000000729e-03 9.529203481192778380e-01 3.335016043396261259e-02 7.029651776134998375e-21 1.757489066293236576e-21
5.000000000000000971e-03 9.023886190056980006e-01 7.098813515844007438e-02 9.527735718218024833e-19 4.652025476244189517e-20
6.250000000000000347e-03 8.239256871882121303e-01 1.285815976298666508e-01 2.971074563824935765e-17 5.900840842260651671e-18
7.500000000000001457e-03 7.142279740191070925e-01 2.026865637987519675e-01 5.522852989840800823e-16 1.354533044489657764e-16
8.750000000000000833e-03 5.788790481751182604e-01 2.741378071693684748e-01 6.943584430058304616e-15 1.520038881239206557e-15
1.000000000000000194e-02 4.351193965332179614e-01 3.024130543198119137e-01 6.385149959585138244e-14 1.070391828256601081e-14
1.125000000000000132e-02 3.049755826245637014e-01 2.590216279677940991e-01 4.941477969913716603e-13 5.133759404572008378e-14
1.250000000000000069e-02 2.029779782349740158e-01 1.863711766531349068e-01 3.281054619975689090e-12 1.615390095460666910e-13
1.375000000000000180e-02 1.313010231181685195e-01 1.260582342022761315e-01 1.943047808371076430e-11 2.412651853176551955e-13
1.500000000000000291e-02 8.429845963872205361e-02 8.421569333930459256e-02 1.054136530360274992e-10 3.078984883103650661e-15
1.625000000000000056e-02 5.454482420943220639e-02 5.562671601053071485e-02 5.288244710759329492e-10 7.675689543688648403e-12
1.750000000000000167e-02 3.591313262415503360e-02 3.642881092245701946e-02 2.576497835676178293e-09 1.189778799408099829e-10
1.875000000000000278e-02 2.418708458281568913e-02 2.386198196683422812e-02 1.201370673627043558e-08 8.910773293201391015e-10
2.000000000000000389e-02 1.669937560808467530e-02 1.593980145693283182e-02 4.914130461762707750e-08 4.479652540266935813e-09
2.125000000000000500e-02 1.182336489893651664e-02 1.089516386186213139e-02 1.521132701688592808e-07 1.710733790029764186e-08
2.250000000000000264e-02 8.577666237010136627e-03 7.680666524870976598e-03 3.685918932301980696e-07 5.304916984015742038e-08
2.375000000000000375e-02 6.367900524946581986e-03 5.579750203554043053e-03 7.759207375786563836e-07 1.394600212901603239e-07
2.500000000000000139e-02 4.829713223095465947e-03 4.174229574802172660e-03 1.509656441455831615e-06 3.208958604849946927e-07
2.625000000000000250e-02 3.736040846620066087e-03 3.197444251420108498e-03 2.780758287132655636e-06 6.627930993534957403e-07
2.750000000000000361e-02 2.942719092543967171e-03 2.508651265037888968e-03 4.894875958796970504e-06 1.253778150928632191e-06
2.875000000000000472e-02 2.356425753384210585e-03 2.013304330692057553e-03 8.203386592257612105e-06 2.206711755428866286e-06
3.000000000000000583e-02 1.915567202272255984e-03 1.639172790194063983e-03 1.297838133196448958e-05 3.658467390647770853e-06
3.125000000000000000e-02 1.578717592035438783e-03 1.360998283783776842e-03 1.928809884460460584e-05 5.768267092128983591e-06
3.250000000000000111e-02 1.317508618669092305e-03 1.143806834920667575e-03 2.690259918914291061e-05 8.714617197210895939e-06
3.375000000000000222e-02 1.112176140254296118e-03 9.740310442009231804e-04 3.559279531213908356e-05 1.269097774003027831e-05
3.500000000000000333e-02 9.487255438663513493e-04 8.381381171953614789e-04 4.523281544454578029e-05 1.790043150099372390e-05
3.625000000000000444e-02 8.170968871486314778e-04 7.287570838725807715e-04 5.587472833117086696e-05 2.454973355018336286e-05
3.750000000000000555e-02 7.099534295051992397e-04 6.404774005900790938e-04 6.746801091475112990e-05 3.284341496332309293e-05
3.875000000000000666e-02 6.218719801537381979e-04 5.672326292025179750e-04 8.007278319576147444e-05 4.297769737827320349e-05
4.000000000000000777e-02 5.487945927957960839e-04 5.058064132864332086e-04 9.363210155995242451e-05 5.513553586999703703e-05
4.125000000000000888e-02 4.876481866791227662e-04 4.536727847212018803e-04 1.082943171493933802e-04 6.948258880488182815e-05
4.250000000000000999e-02 4.360791777997540561e-04 4.098382856919381939e-04 1.240284651082996516e-04 8.616327590906085198e-05
4.375000000000000416e-02 3.922675927867957414e-04 3.730334983267981114e-04 1.409769250275445395e-04 1.053014323063426879e-04
4.500000000000000527e-02 3.547919040815950410e-04 3.404506409143236829e-04 1.586360639939322816e-04 1.269946794417794610e-04
4.625000000000000638e-02 3.225308342100822144e-04 3.127097999872937933e-04 1.774213933807327812e-04 1.513157618448299354e-04
4.750000000000000749e-02 2.945934782181834806e-04 2.884116287487709573e-04 1.975360928018594594e-04 1.783322087373941361e-04
4.875000000000000860e-02 2.702661335019338092e-04 2.669922168670082595e-04 2.187833181596776763e-04 2.080556462254347762e-04
5.000000000000000278e-02 2.489720941598017826e-04 2.482360858805257131e-04 2.413096478340669528e-04 2.405093557936058106e-04
