# time 1 2 D-1 D
0.000000000000000000e+00 9.999999669031407468e-01 1.159511643150574912e-08 5.884396150521750077e-35 3.602890185270311212e-35
2.500000000000000486e-03 9.999988604864122888e-01 3.268909172404833099e-09 4.570803768499162584e-25 5.076133305584496110e-27
5.000000000000000971e-03 9.999827957171889548e-01 1.005331866898236363e-07 7.277998880521626131e-22 1.924843260111320919e-23
7.500000000000001457e-03 9.999143490747987029e-01 7.840292192501739729e-07 4.801133068216798764e-20 1.713052017467875991e-21
1.000000000000000194e-02 9.997270956184858282e-01 3.833995071889818766e-06 6.353524540345984016e-20 6.258643776484371973e-22
1.250000000000000069e-02 9.993104405291349801e-01 1.502909732659680042e-05 2.369130099119565549e-19 1.953280099398298067e-21
1.500000000000000291e-02 9.984779517859559972e-01 5.106194595032665978e-05 1.293534642613778677e-18 1.682177380121423243e-20
1.750000000000000167e-02 9.969070397949847395e-01 1.611654212326431735e-04 8.781981650319689325e-18 1.784428317198690575e-19
2.000000000000000389e-02 9.940219809034540610e-01 4.800407582893021093e-04 8.277846449319848464e-17 2.345466731276678786e-18
2.250000000000000264e-02 9.887528499681305094e-01 1.389208166271478856e-03 8.489070118182927029e-16 2.869144872440494128e-17
2.500000000000000139e-02 9.790013732020517168e-01 3.924179660351145155e-03 7.642717392592535501e-15 2.645240530463776522e-16
2.750000000000000361e-02 9.603860292275704369e-01 1.093518338604520905e-02 5.350444300727524209e-14 1.776480017580808567e-15
3.000000000000000583e-02 9.233338567135888075e-01 2.985400153542978191e-02 2.460362341984343269e-13 8.714865667803774498e-15
3.250000000000000111e-02 8.500482252107453007e-01 7.573085969180738675e-02 8.335570478152626709e-13 3.201412612796359750e-14
3.500000000000000333e-02 7.210569023865337490e-01 1.647282301916520586e-01 2.464459257058992289e-12 9.165711960454186860e-14
3.750000000000000555e-02 5.601513774104228682e-01 2.691888103216687478e-01 6.803718529068600499e-12 2.126326785301207470e-13
4.000000000000000777e-02 4.212233177579478571e-01 3.313038927685942325e-01 1.120235134000228576e-11 4.127306992067194537e-13
4.250000000000000999e-02 3.251922766218136029e-01 3.282578631676413838e-01 1.178558501910712212e-11 6.889763159147690348e-13
4.500000000000000527e-02 2.625384311324246434e-01 2.769478658088322387e-01 1.721145520315712333e-11 1.011408705412173970e-12
4.750000000000000749e-02 2.206213848475118144e-01 2.085715124855231917e-01 2.549202466027139380e-11 1.329841912716119726e-12
5.000000000000000278e-02 1.913495643300269777e-01 1.488096190403853103e-01 3.616634679906772933e-11 1.589287693941635562e-12
5.250000000000000500e-02 1.700248244785287910e-01 1.059620003833486729e-01 4.862090514717870332e-11 1.744747030277756541e-12
5.500000000000000722e-02 1.538935609566687013e-01 7.700612963075051387e-02 6.292347720121263868e-11 1.772889642295698271e-12
5.750000000000000944e-02 1.412797494792432940e-01 1.674232687546577114e-02 7.820634481964281617e-11 1.674683508060788726e-12
6.000000000000001166e-02 1.311199207646673304e-01 1.798648266021926970e-02 9.384419056381617777e-11 1.470556187847571526e-12
6.250000000000000000e-02 1.227136713149163533e-01 1.875337915086757248e-02 1.092422956924094864e-10 1.193908915845586803e-12
6.500000000000000222e-02 1.155853485583702989e-01 1.982953331538223063e-02 1.249461608940964727e-10 8.840139586914932989e-13
6.750000000000000444e-02 1.094042473245470382e-01 2.112074636907707720e-02 1.403496962470667686e-10 5.796104950877922510e-13
7.000000000000000666e-02 1.039367083074134307e-01 2.256220238744913523e-02 1.544809166417298258e-10 3.157823241277500828e-13
7.250000000000000888e-02 9.901624834032185518e-02 2.426571388069902885e-02 1.683833125479765664e-10 1.211595232264599303e-13
7.500000000000001110e-02 9.452417397985249381e-02 2.597166585845132533e-02 1.811754038114415665e-10 1.793114840099880577e-14
7.750000000000001332e-02 9.037626985963717607e-02 2.769254395820403697e-02 1.930923150530020897e-10 2.188835820923988448e-14
8.000000000000001554e-02 8.650405859276993903e-02 2.964769228915736798e-02 2.044547092231516157e-10 1.432629403837443668e-13
8.250000000000001776e-02 8.289574810925359749e-02 3.155447130601590766e-02 2.153551472916248158e-10 3.877227034564393496e-13
8.500000000000001998e-02 7.949561036225150090e-02 3.348971690419744879e-02 2.253728249139643388e-10 7.577103891374336393e-13
8.750000000000000833e-02 7.629421294629890049e-02 3.538196159653227146e-02 2.348719841784597134e-10 1.252527690219252254e-12
9.000000000000001055e-02 7.328279927992017995e-02 3.734088268289206120e-02 2.442748821696722574e-10 1.868638368973117501e-12
9.250000000000001277e-02 7.044858835963499488e-02 3.923928183642243217e-02 2.522321298195581938e-10 2.601484882323049678e-12
9.500000000000001499e-02 6.777906081425418006e-02 4.103602337079706452e-02 2.604334091121880727e-10 3.445584856917000118e-12
9.750000000000001721e-02 6.528701143764635562e-02 4.286108766052978969e-02 2.673848476139106756e-10 4.392719787895342821e-12
1.000000000000000056e-01 6.294780629988402931e-02 4.451825916250093385e-02 2.735245153727819758e-10 5.435546773375376841e-12
