# time 1 2 D-1 D
0.000000000000000000e+00 9.999999499435943129e-01 2.100033895967354718e-08 2.857023854261070548e-35 9.231763251282066542e-37
5.000000000000000104e-04 9.947132054923411015e-01 1.648338410100189761e-06 9.575540143733945810e-29 2.134239506074263042e-31
1.000000000000000021e-03 9.795586369598353604e-01 4.460691475822384301e-06 7.733569320356198102e-24 4.788737621500347542e-26
1.500000000000000248e-03 9.556238908171278412e-01 3.142290419264523354e-06 9.363688151487313913e-21 1.092540169130943140e-22
2.000000000000000042e-03 9.239318106369125427e-01 6.796820345979094157e-06 1.936317403884662088e-18 3.799130710377898415e-20
2.500000000000000052e-03 8.853587688287408719e-01 5.233650118494724066e-06 1.446131003716849362e-16 4.591175761123232826e-18
3.000000000000000496e-03 8.405915691905934128e-01 1.018433996180549494e-05 5.362618696378784299e-15 2.702994688944068275e-16
3.500000000000000507e-03 7.901237450009830354e-01 1.967390009390603814e-05 1.162987794906520386e-13 9.009103922270057383e-15
4.000000000000000083e-03 7.342979724037571598e-01 3.111809626941513781e-05 1.605015358476002306e-12 1.824170177465219400e-13
4.500000000000000527e-03 6.734076074159556224e-01 8.124458990348297819e-05 1.529097446211344450e-11 2.350448710560631443e-12
5.000000000000000104e-03 6.078666383515799465e-01 1.720981567963420823e-04 1.077873521493547296e-10 2.025231697916030343e-11
5.500000000000000548e-03 5.384356532125377237e-01 3.083230434879166053e-04 7.142136497406056549e-10 1.235623765965565437e-10
6.000000000000000992e-03 4.664404046722935848e-01 5.728211606381580995e-04 2.838490507164951551e-09 5.657655701518566248e-10
6.500000000000000569e-03 3.938627839429255650e-01 8.768563594838656031e-04 8.452283718098099313e-09 2.048985555221328431e-09
7.000000000000001013e-03 3.231887056536358327e-01 1.307674103174350129e-03 2.229449911581418083e-08 6.134071432378541779e-09
7.499999999999999722e-03 2.570123139862460770e-01 1.799287263798495960e-03 5.170573043598467937e-08 1.573071016005833737e-08
8.000000000000000167e-03 1.974763061289845634e-01 2.499827511164257662e-03 1.062000794073462375e-07 3.555034749741293039e-08
8.500000000000000611e-03 1.458970683707059568e-01 3.884898873828037617e-03 1.941387082630196535e-07 7.240549110615540982e-08
9.000000000000001055e-03 1.019914654192687758e-01 7.065404712666893336e-03 3.286570098125405834e-07 1.352841490355401725e-07
9.500000000000001499e-03 6.481265379563777573e-02 1.280949512213468665e-02 5.188016894973449233e-07 2.351882736272899814e-07
1.000000000000000021e-02 3.620856627091507268e-02 1.819582806527156663e-02 7.475300247639046096e-07 3.847744512902592616e-07
1.050000000000000065e-02 1.910614806919821301e-02 1.872119098337069951e-02 1.050642935169182492e-06 5.978623385588169560e-07
1.100000000000000110e-02 1.042930213276158265e-02 1.582644101265496053e-02 1.398007457882292860e-06 8.888822905975410848e-07
1.150000000000000154e-02 6.173568515958701916e-03 1.210245475428525438e-02 1.872589852461605117e-06 1.272324782348525665e-06
1.200000000000000198e-02 3.899329193944627275e-03 8.894189124466806914e-03 2.356971476923740591e-06 1.762238400011458240e-06
1.250000000000000069e-02 2.580513136812422927e-03 6.444307269567588550e-03 2.972575572596097357e-06 2.371805918924691439e-06
1.300000000000000114e-02 1.773091885624259552e-03 4.648817428518331463e-03 3.710546445494816860e-06 3.113012422332884000e-06
1.350000000000000158e-02 1.255262143477240766e-03 6.289472927657506182e-06 4.618443693855668982e-06 3.996407841909325802e-06
1.400000000000000203e-02 9.108210620605486753e-04 1.216891883856888216e-06 5.645995496629029953e-06 5.030957862072254894e-06
1.450000000000000247e-02 6.748713001670935026e-04 1.968956599208104952e-07 6.837354588714724684e-06 6.223970325259527369e-06
1.499999999999999944e-02 5.092350860760648133e-04 1.185606847784635032e-08 8.165777046103218356e-06 7.581087507284777381e-06
1.550000000000000162e-02 3.904879612346872416e-04 4.312487693797422692e-08 9.460584226178225743e-06 9.106329072690923040e-06
1.600000000000000033e-02 3.038086091635464579e-04 1.573236233360045454e-07 1.125489782661725575e-05 1.080217370999398122e-05
1.650000000000000078e-02 2.394108423176788088e-04 3.668226481019191555e-07 1.286718494380588952e-05 1.266967143637619628e-05
1.700000000000000122e-02 1.908778956436609300e-04 5.972081303032304150e-07 1.510973559895214815e-05 1.470856155141890613e-05
1.750000000000000167e-02 1.537497756150239022e-04 8.850118991150820933e-07 1.709674409009930338e-05 1.691740663769636215e-05
1.800000000000000211e-02 1.248743664422357106e-04 1.314345503166599581e-06 1.927087483550345764e-05 1.929373073537536332e-05
1.850000000000000255e-02 1.017598775636664824e-04 2.213736540829825544e-06 2.182213737557308427e-05 2.183415553694520889e-05
1.900000000000000300e-02 8.202999043927193523e-05 4.411352912767727046e-06 2.464778456746545494e-05 2.453456170186338618e-05
1.950000000000000344e-02 6.191085239365381120e-05 1.055801349927183777e-05 2.739213157068694015e-05 2.739019801017577471e-05
2.000000000000000042e-02 3.013954977759207736e-05 3.109184229677290179e-05 3.045838730285209094e-05 3.039572515017417386e-05
