# time 1 2 D-1 D
0.000000000000000000e+00 9.999999857264767478e-01 2.350750636372168569e-09 2.240051422285721632e-34 1.702115819990672312e-34
2.500000000000000486e-03 9.999964588479451910e-01 2.644325325105604042e-07 7.713418565810487112e-21 7.842068267136204465e-23
5.000000000000000971e-03 9.999468130082763695e-01 5.241480265213373115e-06 2.051088673679649625e-21 3.022492955192139783e-21
7.500000000000001457e-03 9.997417583010417275e-01 3.404850111391246063e-05 3.403700384369492746e-19 7.034999207000390521e-20
1.000000000000000194e-02 9.992052128940784872e-01 1.364648069659815178e-04 1.392735906737129466e-18 3.208288178796878863e-19
1.250000000000000069e-02 9.980773521747534627e-01 4.169791911544076714e-04 1.515603413175762883e-18 1.311695815406158512e-18
1.500000000000000291e-02 9.959768343941267643e-01 1.068504121538722297e-03 6.649843082952565690e-18 6.448349876428456766e-18
1.750000000000000167e-02 9.923468854656026794e-01 2.414662621266514507e-03 4.320781495379066302e-16 4.308575504151258599e-17
2.000000000000000389e-02 9.863900270266606762e-01 4.965477888122655538e-03 8.554214416146899440e-15 3.796498912328834302e-16
2.250000000000000264e-02 9.769922384200048215e-01 9.531382528737574258e-03 1.203274891684845281e-13 3.253773866164153307e-15
2.500000000000000139e-02 9.626338947787961287e-01 1.727424926615826750e-02 1.159812733572328799e-12 2.324276396762542446e-14
2.750000000000000361e-02 9.412903594752484171e-01 2.988512084792951939e-02 4.998163243357337439e-12 1.337472438465002916e-13
3.000000000000000583e-02 9.103784550868538883e-01 4.974912225619135958e-02 1.376172903516981729e-11 6.186898760305764600e-13
3.250000000000000111e-02 8.668624253336580932e-01 7.968106039723893419e-02 3.049767641944481345e-11 2.341483731927046290e-12
3.500000000000000333e-02 8.080072229581453103e-01 1.224887452994251336e-01 5.699039262057312785e-11 7.419950415711592079e-12
3.750000000000000555e-02 7.328246124483546176e-01 1.792079554690916843e-01 9.318579903188310969e-11 2.011287213841501658e-11
4.000000000000000777e-02 6.443719163164669528e-01 2.468951103816758585e-01 1.357890270317452961e-10 4.760031899183029808e-11
4.250000000000000999e-02 5.501684546846802304e-01 3.184038885097216776e-01 1.806825087211292501e-10 9.998831069808780973e-11
4.500000000000000527e-02 4.595848500064662612e-01 3.844254121669077873e-01 2.218285142438815953e-10 1.894108607992715910e-10
4.750000000000000749e-02 3.796496920200925218e-01 4.378679739934415172e-01 2.570353156633100216e-10 3.280210630063592303e-10
5.000000000000000278e-02 3.130760283526746734e-01 4.762424637358536050e-01 2.816225072985128737e-10 5.255545409648647939e-10
5.250000000000000500e-02 2.593595455250727877e-01 5.007391228433378805e-01 2.964597535315751961e-10 7.870137598013720702e-10
5.500000000000000722e-02 2.164874658245768413e-01 5.163223308062212524e-01 3.029855065939442006e-10 1.111522021168944972e-09
5.750000000000000944e-02 1.821904336810724334e-01 1.980885109834422397e-01 3.014350225097445502e-10 1.492498149433723935e-09
6.000000000000001166e-02 1.544878661690830268e-01 8.501860637506569729e-02 2.951072643498711360e-10 1.918473947528744062e-09
6.250000000000000000e-02 1.318235869994861809e-01 6.864326492412600733e-02 2.855964468218091131e-10 2.375077869505984427e-09
6.500000000000000222e-02 1.130321502563724073e-01 6.316046966976696098e-02 2.742790504895817504e-10 2.846917652908378204e-09
6.750000000000000444e-02 9.725839255557670870e-02 6.061125684614673131e-02 2.629337655312588801e-10 3.319549898137698956e-09
7.000000000000000666e-02 8.388027535960833336e-02 5.920405488318023629e-02 2.526344011476899821e-10 3.780567735668494125e-09
7.250000000000000888e-02 7.243302431341126779e-02 5.859682954374580144e-02 2.419316996989251634e-10 4.220449735170175452e-09
7.500000000000001110e-02 6.258488256249301884e-02 5.836891166577472256e-02 2.338524583545918908e-10 4.632651371838256943e-09
7.750000000000001332e-02 5.407211891456480124e-02 5.793556002563761409e-02 2.251527561340335875e-10 5.013293665686151130e-09
8.000000000000001554e-02 4.670086624509347389e-02 5.746929535712932968e-02 2.182434689761480078e-10 5.360836390452008002e-09
8.250000000000001776e-02 4.029255748465572495e-02 5.703818522834541022e-02 2.120438550837444190e-10 5.675326188812599054e-09
8.500000000000001998e-02 3.476768249920256237e-02 5.640007812985847746e-02 2.064900596314567721e-10 5.958000443285412291e-09
8.750000000000000833e-02 2.997523464295610840e-02 5.568324880881135586e-02 2.004329790212871250e-10 6.210722460012398643e-09
9.000000000000001055e-02 2.578057399827184473e-02 5.485962263415164464e-02 1.950202003403114887e-10 6.435821970032010752e-09
9.250000000000001277e-02 2.222105237586761636e-02 5.385493153768759061e-02 1.893898304742529118e-10 6.635692210973790918e-09
9.500000000000001499e-02 1.909916482364148668e-02 5.280357316748061913e-02 1.840406504151089765e-10 6.812559292953900676e-09
9.750000000000001721e-02 1.644875131072852728e-02 5.158153718017941675e-02 1.788527082164144825e-10 6.968365927981323063e-09
1.000000000000000056e-01 1.415405733195670979e-02 5.035864632938295837e-02 1.737509520612861230e-10 7.105147127430306197e-09
