# time 1 2 D-1 D
0.000000000000000000e+00 9.999999584044361178e-01 2.209679099462413548e-08 6.453647657006675738e-36 5.740030750561387893e-35
5.000000000000000104e-04 9.993063001148730917e-01 4.804918172255673455e-08 1.441440153623835519e-29 1.061473901376799103e-26
1.000000000000000021e-03 9.970765779573114163e-01 8.268349487059912696e-07 3.037752261466782597e-25 5.645704778909704994e-23
1.500000000000000248e-03 9.930630281677125248e-01 4.979321384594875877e-06 1.047335491848609462e-22 9.214643737936381536e-21
2.000000000000000042e-03 9.869881250875538470e-01 1.909325381414650046e-05 6.355420273244365237e-21 3.528522477147125915e-19
2.500000000000000052e-03 9.785521832171719669e-01 5.718127545670343369e-05 1.481982672184841155e-19 5.980093487234813411e-18
3.000000000000000496e-03 9.674446294853854544e-01 1.444002325291263926e-04 1.824728589554129213e-18 5.941688895155357201e-17
3.500000000000000507e-03 9.533577310117044012e-01 3.257419198153467706e-04 1.407752369925860340e-17 4.018506700516204837e-16
4.000000000000000083e-03 9.360012121011419550e-01 6.704681805221547521e-04 7.519413544331681871e-17 2.023330728403365201e-15
4.500000000000000527e-03 9.151164400704737689e-01 1.286407149077327351e-03 2.942560907771614935e-16 8.044583220106773575e-15
5.000000000000000104e-03 8.904890096413249356e-01 2.327974294176022967e-03 8.741021281236854181e-16 2.633786602257705444e-14
5.500000000000000548e-03 8.619585329076365765e-01 3.996064522621670459e-03 1.986194667473748271e-15 7.330542320256304942e-14
6.000000000000000992e-03 8.294243728654863146e-01 6.560180412296033776e-03 3.321882621109368952e-15 1.778927981061285761e-13
6.500000000000000569e-03 7.928462075245503726e-01 1.035233893996290698e-02 3.626554783708265962e-15 3.841774102756280347e-13
7.000000000000001013e-03 7.522406301851694010e-01 1.573043422009514497e-02 1.484269539279992690e-15 7.504702775281998823e-13
7.499999999999999722e-03 7.076767820257476860e-01 2.311137727310152296e-02 7.793842022249323749e-16 1.342343741606898881e-12
8.000000000000000167e-03 6.592863047586933201e-01 3.287650016877019521e-02 2.554071741136557767e-14 2.216692820389703135e-12
8.500000000000000611e-03 6.072718360952591432e-01 4.533917792084850296e-02 1.451689182346715859e-13 3.397152974313850875e-12
9.000000000000001055e-03 5.519424448545112716e-01 6.064929026769109999e-02 4.986107117884166060e-13 4.851591961018045198e-12
9.500000000000001499e-03 4.937246039228396777e-01 7.843041764222707934e-02 1.316328420210070315e-12 6.495029858686057567e-12
1.000000000000000021e-02 4.331848083001137439e-01 9.754914344111918767e-02 2.847044566055355722e-12 8.226254410401085068e-12
1.050000000000000065e-02 3.710011254474329112e-01 1.141813142272729564e-01 5.530772261384367980e-12 9.970539365740715601e-12
1.100000000000000110e-02 3.080724144008868959e-01 1.250367173669950649e-01 1.097921543609653172e-11 1.169695334243288680e-11
1.150000000000000154e-02 2.458758295587741283e-01 1.309793702728290210e-01 6.781057571840698761e-12 1.340936904236185269e-11
1.200000000000000198e-02 1.870306634714549998e-01 1.369985581783627060e-01 5.185269260794148555e-12 1.513057802587854377e-11
1.250000000000000069e-02 1.354834244094028639e-01 1.421753306320365229e-01 4.236046126482205163e-12 1.688934668075686467e-11
1.300000000000000114e-02 9.450925007814584000e-02 1.434065799591943968e-01 3.343994943574698293e-12 1.870734660817199102e-11
1.350000000000000158e-02 6.460098912200307186e-02 1.398188347909301854e-01 2.332236589613141740e-12 2.059025934967014192e-11
1.400000000000000203e-02 4.458112992068018893e-02 1.306410320500008826e-01 1.356082340278145813e-12 2.247485093554064201e-11
1.450000000000000247e-02 3.112939505015165434e-02 1.201317271383409852e-01 5.208304890712570303e-13 2.429967464584863320e-11
1.499999999999999944e-02 2.216944760432618816e-02 1.086322995259276364e-01 4.475964194838599667e-14 2.587276565551944235e-11
1.550000000000000162e-02 1.608510426153558423e-02 9.723346309456394609e-02 1.297673353839552056e-13 2.702319720480475432e-11
1.600000000000000033e-02 1.184637104735705715e-02 5.875834784124897743e-03 8.843208634878601490e-13 2.766755477569829989e-11
1.650000000000000078e-02 8.806969862480539674e-03 5.522737543921183920e-03 2.274020897251621887e-12 2.785597755856925916e-11
1.700000000000000122e-02 6.562454353557190152e-03 4.869182111809460672e-03 4.055113488219041761e-12 2.784097273674226765e-11
1.750000000000000167e-02 4.857527918182075882e-03 4.533648937225240490e-03 6.059075253974062179e-12 2.779173705371767076e-11
1.800000000000000211e-02 3.523594830588681719e-03 4.349932021941419098e-03 8.129845796757807566e-12 2.785835489018206238e-11
1.850000000000000255e-02 2.492359475377031990e-03 4.245154927451436945e-03 1.012562350698244988e-11 2.817299544823532024e-11
1.900000000000000300e-02 1.666320232110415954e-03 4.117050398901733396e-03 1.199484561148860592e-11 2.877748115922395375e-11
1.950000000000000344e-02 1.062235265610958707e-03 3.984441128562920750e-03 1.375025014023982129e-11 2.965066645194125485e-11
2.000000000000000042e-02 6.214344434274391088e-04 3.830906426706386179e-03 1.518459633857524478e-11 3.099746182302071241e-11
