# time 1 2 D-1 D
0.000000000000000000e+00 9.999999750861100489e-01 3.750674847602557336e-09 1.728564442884173994e-34 5.220370412001777754e-35
2.500000000000000486e-03 9.993277627138775765e-01 4.014144202831234148e-09 5.172317527545178096e-19 2.485640177891035217e-24
5.000000000000000971e-03 9.971836274555453405e-01 7.661032399086107680e-08 1.545816273567770194e-16 1.084050011729153612e-20
7.500000000000001457e-03 9.933805627843766972e-01 4.826105091724343601e-07 4.332148538359155379e-15 1.371040298595798963e-18
1.000000000000000194e-02 9.877416085630856823e-01 1.988094409059417260e-06 4.291305677159309571e-14 3.577319695059498501e-17
1.250000000000000069e-02 9.801041816831904674e-01 6.398335565881491469e-06 2.212580118501166933e-13 3.097152730061743205e-16
1.500000000000000291e-02 9.703220979621736131e-01 1.758995235203448366e-05 6.727451469616152225e-13 6.211750244718569107e-16
1.750000000000000167e-02 9.582642799779248488e-01 4.404981288194548961e-05 1.154672891383834127e-12 2.002602088940796718e-15
2.000000000000000389e-02 9.438092655881754611e-01 1.029052894607927152e-04 3.370276090050520155e-13 1.867611480334132694e-13
2.250000000000000264e-02 9.268350161341630811e-01 2.238991020595172286e-04 1.967872910355409296e-12 2.958555669666386459e-12
2.500000000000000139e-02 9.072039957950289724e-01 4.603803298125773479e-04 3.606455958273092908e-11 2.521190008453064424e-11
2.750000000000000361e-02 8.847433802655865209e-01 8.964641213717189101e-04 2.217084947211984318e-10 1.450462366371053947e-10
3.000000000000000583e-02 8.592188190638238021e-01 1.682843178641662283e-03 8.863534434968226653e-10 6.193606192049267034e-10
3.250000000000000111e-02 8.302975382435539009e-01 3.027659040546418472e-03 2.867441735113405790e-09 2.076987358991212821e-09
3.500000000000000333e-02 7.974938994095681633e-01 5.136664289445942895e-03 9.972238634805387673e-09 5.704663758950042097e-09
3.750000000000000555e-02 7.600916568041885535e-01 8.635495357030441646e-03 3.371747111015881658e-08 1.328676458775413154e-08
4.000000000000000777e-02 7.170513291512309317e-01 1.410475994027758813e-02 7.572085143409862402e-08 2.702473080273823154e-08
4.250000000000000999e-02 6.669583183974489016e-01 2.246116805133910321e-02 1.196604213613491714e-07 4.919390284222364523e-08
4.500000000000000527e-02 6.081762929330840617e-01 3.519599718284265044e-02 1.637251464613189375e-07 8.176881059400940417e-08
4.750000000000000749e-02 5.395268821798009373e-01 5.329839218386620697e-02 2.072941550610015490e-07 1.261280429729545292e-07
5.000000000000000278e-02 4.617608545197507408e-01 7.422680842120765732e-02 2.485488726549136159e-07 1.828895340663313310e-07
5.250000000000000500e-02 3.791955383507013000e-01 9.469644251863014450e-02 2.856032333816421207e-07 2.518727871441258752e-07
5.500000000000000722e-02 2.994286620637738872e-01 1.125867300075314020e-01 3.161600424709691522e-07 3.321652000304310295e-07
5.750000000000000944e-02 2.299684381682844947e-01 1.240939727530812886e-01 3.385126451682315342e-07 4.222683822004045434e-07
6.000000000000001166e-02 1.746366456297611114e-01 1.274108974619585222e-01 3.505555675034193648e-07 5.203669818188004929e-07
6.250000000000000000e-02 1.331118808815247856e-01 1.252447038985970151e-01 3.551858423367738917e-07 6.241517875592540438e-07
6.500000000000000222e-02 1.028486526316553934e-01 1.195432395939053372e-01 3.537401493423912588e-07 7.313859957649807767e-07
6.750000000000000444e-02 8.092501772248657244e-02 1.115275253615851947e-01 3.412609176411372548e-07 8.404157599984897692e-07
7.000000000000000666e-02 6.490630410214846824e-02 1.036480786369671780e-01 3.245468464180113136e-07 9.485656947633245724e-07
7.250000000000000888e-02 5.300642257298991689e-02 9.538147266022904691e-02 3.025724344611893530e-07 1.054498379308331609e-06
7.500000000000001110e-02 4.399050748391020865e-02 8.699387800597262188e-02 2.769439802517546314e-07 1.158146998275111001e-06
7.750000000000001332e-02 3.701907237435870385e-02 7.941949016733237943e-02 2.500226917950086392e-07 1.256699344648938119e-06
8.000000000000001554e-02 3.152149792330825179e-02 7.222274861850074001e-02 2.220070359912562995e-07 1.350714846203572834e-06
8.250000000000001776e-02 2.711211736060676475e-02 6.566811086627585836e-02 1.945689499155370019e-07 1.439746432794329114e-06
8.500000000000001998e-02 2.351697755010918531e-02 5.970391195651555266e-02 1.673623753448339392e-07 1.523652175839684053e-06
8.750000000000000833e-02 2.054682290849473014e-02 5.435461381319850460e-02 1.421567778803037980e-07 1.602512592347638680e-06
9.000000000000001055e-02 1.806370048896484282e-02 4.958476410560525016e-02 1.195414713291409488e-07 1.676108019670056959e-06
9.250000000000001277e-02 1.596723247706388973e-02 4.530529455611519846e-02 9.881125596501785631e-08 1.745917692288896996e-06
9.500000000000001499e-02 1.418224858123323835e-02 4.150969549193923858e-02 8.060591904975963666e-08 1.811563905773672464e-06
9.750000000000001721e-02 1.265150156554063418e-02 3.818808855378787864e-02 6.481731406448664800e-08 1.873776252282558965e-06
1.000000000000000056e-01 1.133062329303246955e-02 3.525566046087798971e-02 5.148006010325969649e-08 1.932777058418215260e-06
