# time 1 2 D-1 D
0.000000000000000000e+00 9.999999750861100489e-01 3.750674847602557336e-09 1.728564442884173994e-34 5.220370412001777754e-35
5.000000000000000104e-04 9.993267468808012532e-01 1.637087206373361806e-08 5.178836087660400556e-19 1.187695976805936197e-24
1.000000000000000021e-03 9.971672245295909454e-01 3.221284129786591111e-07 1.560999402013167836e-16 5.343775231243260115e-21
1.500000000000000248e-03 9.932982334401136981e-01 2.039327483105123101e-06 4.487820503536754854e-15 7.096460052941377317e-19
2.000000000000000042e-03 9.874850511782725659e-01 8.094152685122285869e-06 4.704317554341064344e-14 2.022579285089894819e-17
2.500000000000000052e-03 9.794885538539318537e-01 2.478714942763307334e-05 2.710504270241229589e-13 2.137005854856143124e-16
3.000000000000000496e-03 9.690703129136922778e-01 6.409243714479518424e-05 1.017723312403950238e-12 8.661351148466899129e-16
3.500000000000000507e-03 9.559952481955690251e-01 1.478005055510738376e-04 2.675762923787276454e-12 3.114933866908484982e-16
4.000000000000000083e-03 9.400322734171613348e-01 3.133598128545191336e-04 4.129043770086612696e-12 1.883267161579475183e-14
4.500000000000000527e-03 9.209536754643519174e-01 6.175790881629163566e-04 3.248612813137359864e-12 5.313213587053809151e-13
5.000000000000000104e-03 8.985332157328184133e-01 1.147886827866614326e-03 7.620562956960945766e-14 5.422759364270069822e-12
5.500000000000000548e-03 8.725409531130400298e-01 2.024541265965898972e-03 1.419382616648003740e-11 3.386390739492831672e-11
6.000000000000000992e-03 8.427301808762667212e-01 3.443971815193062024e-03 1.296663871790179805e-10 1.508285134622752091e-10
6.500000000000000569e-03 8.088098672145440649e-01 5.647221985891363351e-03 5.974781235806299410e-10 5.167304600463045523e-10
7.000000000000001013e-03 7.703960246966535808e-01 8.824602634450867678e-03 2.642864254458306035e-09 1.431538161981228751e-09
7.499999999999999722e-03 7.269407325640624418e-01 1.368641812853240575e-02 1.022635454572657956e-08 3.333815100003904356e-09
8.000000000000000167e-03 6.776557457006987528e-01 2.076133657267030877e-02 2.416451438244469528e-08 6.737468609896050395e-09
8.500000000000000611e-03 6.214948914764863996e-01 3.089027238977777937e-02 3.850965615763252867e-08 1.213020457263096833e-08
9.000000000000001055e-03 5.573576456372293375e-01 4.541947490075744220e-02 5.224680786584292779e-08 1.987749535547908704e-08
9.500000000000001499e-03 4.847940080118238737e-01 6.489553144931817230e-02 6.511915614441687989e-08 3.016421269158667117e-08
1.000000000000000021e-02 4.053652709435703327e-01 8.605573265448207554e-02 7.663261145765142540e-08 4.298245939800924580e-08
1.050000000000000065e-02 3.239236964844988687e-01 1.053463399495033204e-01 8.637319926660002934e-08 5.815543403988790612e-08
1.100000000000000110e-02 2.478806631008632078e-01 1.207860360475879885e-01 9.385997259290654500e-08 7.538184122064042140e-08
1.150000000000000154e-02 1.838020857221096260e-01 1.291141397945075320e-01 9.883101272351673400e-08 9.428804053868795688e-08
1.200000000000000198e-02 1.343419396333477012e-01 1.293439973691677403e-01 1.008494533397720673e-07 1.145004151874127194e-07
1.250000000000000069e-02 9.833401400635513601e-02 1.246033780494975318e-01 1.010901933353239318e-07 1.355827871245290886e-07
1.300000000000000114e-02 7.285119114700094878e-02 1.170059915343731050e-01 1.000796238049718875e-07 1.571652157517951076e-07
1.350000000000000158e-02 5.491111019141491772e-02 1.078182479699680563e-01 9.622096018069545974e-08 1.790547850601607783e-07
1.400000000000000203e-02 4.216596757407217733e-02 9.915747288610868293e-02 9.162561818488908782e-08 2.007993338403721851e-07
1.450000000000000247e-02 3.295794595837703289e-02 9.055934530006293226e-02 8.588294014624801671e-08 2.222366902898968613e-07
1.499999999999999944e-02 2.617337565532610114e-02 8.222085393452305269e-02 7.944569525467578246e-08 2.435203451231076431e-07
1.550000000000000162e-02 2.107295851659881508e-02 7.482519066706984356e-02 7.275911755269001466e-08 2.640898973807431375e-07
1.600000000000000033e-02 1.716422759227991673e-02 6.796877444544047187e-02 6.585535153287867668e-08 2.841279192029544532e-07
1.650000000000000078e-02 1.411922401794588749e-02 6.183161600629749621e-02 5.914408330263264970e-08 3.035504036689918308e-07
1.700000000000000122e-02 1.170911475658937412e-02 5.631437583783208828e-02 5.232420182377196712e-08 3.223949987295109792e-07
1.750000000000000167e-02 9.777272048934821519e-03 5.140264180858743204e-02 4.597815469533205885e-08 3.405726414104684966e-07
1.800000000000000211e-02 8.211036315801783711e-03 4.704310996337997958e-02 4.013559073105412351e-08 3.580539740962489588e-07
1.850000000000000255e-02 6.929191741763767939e-03 4.315929757213487344e-02 3.466492274242716554e-08 3.751203329325772662e-07
1.900000000000000300e-02 5.871583456503604546e-03 3.971855143882205286e-02 2.963198448852567506e-08 3.916724705190518631e-07
1.950000000000000344e-02 4.992924884217667114e-03 3.668870406820204377e-02 2.509393502901622405e-08 4.077838681004283735e-07
2.000000000000000042e-02 4.258550759537961007e-03 3.400573375775695767e-02 2.104165136570439248e-08 4.234380584916753966e-07
