# time 1 2 D-1 D
0.000000000000000000e+00 9.999999750861100489e-01 3.750674847602557336e-09 1.728564442884173994e-34 5.220370412001777754e-35
2.500000000000000486e-03 9.993247746484594796e-01 3.848200748138954215e-08 5.183812506592639016e-19 2.932315410088567304e-25
5.000000000000000971e-03 9.971343386926581065e-01 7.420035958204908173e-07 1.571595756836038616e-16 1.388496332225758373e-21
7.500000000000001457e-03 9.931280128392356854e-01 4.581581940249051004e-06 4.601661251413996575e-15 1.984284512648657832e-19
1.000000000000000194e-02 9.869418019459659241e-01 1.749496149830485572e-05 5.023106517116781080e-14 6.260486684090223632e-18
1.250000000000000069e-02 9.781652908621156772e-01 5.138798431783152178e-05 3.123573176862954227e-13 7.841608172717405153e-17
1.500000000000000291e-02 9.663656660300423695e-01 1.270809336427071825e-04 1.336085017949333764e-12 4.688668465030777607e-16
1.750000000000000167e-02 9.511165761330006019e-01 2.782676726937670202e-04 4.337013517406155962e-12 1.167966944833198598e-15
2.000000000000000389e-02 9.320288591251846277e-01 5.569984293944718655e-04 1.029988189618541845e-11 1.147572821733831481e-16
2.250000000000000264e-02 9.087796231538647351e-01 1.036349767170218839e-03 1.979797578697714957e-11 2.186830625208891279e-14
2.500000000000000139e-02 8.811348713895561513e-01 1.817442813010657337e-03 3.027025341500428742e-11 4.078242291828457528e-13
2.750000000000000361e-02 8.489595373428231451e-01 3.028247703235959452e-03 3.313259033873130931e-11 3.128909660170683276e-12
3.000000000000000583e-02 8.122083427503121733e-01 4.862508916789319569e-03 2.134014008838192603e-11 1.528343594122471133e-11
3.250000000000000111e-02 7.708913647340476238e-01 7.542178807458420516e-03 1.698542734864998100e-12 5.466448873455262495e-11
3.500000000000000333e-02 7.250120887144659854e-01 1.121197551761357949e-02 7.357771790271397679e-11 1.540007544394260200e-10
3.750000000000000555e-02 6.744837702963273340e-01 1.651893403816542122e-02 8.513209636645626754e-10 3.589627416429297688e-10
4.000000000000000777e-02 6.190474868868378611e-01 2.387053393648475713e-02 2.844097977399513135e-09 7.188074438818474552e-10
4.250000000000000999e-02 5.582560400676443990e-01 3.392466397054443028e-02 5.084670069765312400e-09 1.274180151803955893e-09
4.500000000000000527e-02 4.916654481454944547e-01 4.773215709213375624e-02 7.161750149673664482e-09 2.048122744857941120e-09
4.750000000000000749e-02 4.194544777837942440e-01 6.548139290236121290e-02 8.977889152221762086e-09 3.043375642721664000e-09
5.000000000000000278e-02 3.435422140046405781e-01 8.392307400231548142e-02 1.047052139453131167e-08 4.245227827454375945e-09
5.250000000000000500e-02 2.684947684258172096e-01 9.980784198709914679e-02 1.162739115078939692e-08 5.627217197475528594e-09
5.500000000000000722e-02 2.006279619258908853e-01 1.115227319246230586e-01 1.241586873701187024e-08 7.157232839847855782e-09
5.750000000000000944e-02 1.450206185805940906e-01 1.165866981721621481e-01 1.285048288956485452e-08 8.802669526600545284e-09
6.000000000000001166e-02 1.031634230280587122e-01 1.146370795760995875e-01 1.290604710777395095e-08 1.053622467432118341e-08
6.250000000000000000e-02 7.338764583061321845e-02 1.086554828651977861e-01 1.278109295512621638e-08 1.232748237701861811e-08
6.500000000000000222e-02 5.277228617968934138e-02 1.005962593502768565e-01 1.255725543377834207e-08 1.415429979305652368e-08
6.750000000000000444e-02 3.856440717548103442e-02 9.158915012148145796e-02 1.201101868098278369e-08 1.601184223380755724e-08
7.000000000000000666e-02 2.868107716110749120e-02 8.329438420049975478e-02 1.143325777840345571e-08 1.786660428639063730e-08
7.250000000000000888e-02 2.169044869493004860e-02 7.535002172999230585e-02 1.075197542355056958e-08 1.971474875567640122e-08
7.500000000000001110e-02 1.664994818651518646e-02 6.788222856317063791e-02 1.002936575532815980e-08 2.157989725671431421e-08
7.750000000000001332e-02 1.294427081669684287e-02 6.134814200796924466e-02 9.298334017846023550e-09 2.340772494908872596e-08
8.000000000000001554e-02 1.016942644000967157e-02 5.541221243605403551e-02 8.556423414308201270e-09 2.522301389330545499e-08
8.250000000000001776e-02 8.059299665052026274e-03 5.017801511044641533e-02 7.847056329562113723e-09 2.701864025222653255e-08
8.500000000000001998e-02 6.430703268748206268e-03 4.553329572665554270e-02 7.124600269436537542e-09 2.879310244506115160e-08
8.750000000000000833e-02 5.159200883263447696e-03 4.144068581055037476e-02 6.454384826769235194e-09 3.054064982788574028e-08
9.000000000000001055e-02 4.156269251284579712e-03 3.783878319540370100e-02 5.838585705091555238e-09 3.224878533557026768e-08
9.250000000000001277e-02 3.358643729296096735e-03 3.466173672940425082e-02 5.258622598899799932e-09 3.394918779782891437e-08
9.500000000000001499e-02 2.719938434192718541e-03 3.186355396861300510e-02 4.720853528035544993e-09 3.562159606331856811e-08
9.750000000000001721e-02 2.205607456270869664e-03 2.940719959371842010e-02 4.230158504561233272e-09 3.727367298521279504e-08
1.000000000000000056e-01 1.789519893108497146e-03 2.723859138324118481e-02 3.784797745896800046e-09 3.889759117430281770e-08
