# time 1 2 D-1 D
0.000000000000000000e+00 9.999999769409594341e-01 4.468473020399778653e-09 1.505573164533186054e-34 6.128087149706749237e-34
2.500000000000000052e-04 9.995245637419628570e-01 4.027962743651345727e-08 1.078646874196462950e-18 2.112172098798934964e-24
5.000000000000000104e-04 9.980030820135958880e-01 7.496392166118764273e-07 3.318778241973347962e-16 1.272204801526429977e-20
7.500000000000001240e-04 9.952923579687148470e-01 4.172776134646774161e-06 9.991687928913461678e-15 2.361323587388694505e-18
1.000000000000000021e-03 9.912606634003532369e-01 1.501129259696546297e-05 1.146044664288046463e-13 1.035604631086864585e-16
1.250000000000000026e-03 9.858052141095418053e-01 4.041463243736689734e-05 7.654234735370434114e-13 2.026670751849344880e-15
1.500000000000000248e-03 9.788706444811791085e-01 9.372628207150538457e-05 3.610307590367298821e-12 2.342962023685484927e-14
1.750000000000000253e-03 9.704630319287296247e-01 1.921286322885181884e-04 1.332089593276963801e-11 1.852220064821952518e-13
2.000000000000000042e-03 9.606524736565292821e-01 3.612970285656714282e-04 4.093233241401693424e-11 1.087583027825693023e-12
2.250000000000000264e-03 9.495596419662550858e-01 6.341629623849555451e-04 1.095610257629504238e-10 4.974724778819091637e-12
2.500000000000000052e-03 9.373289846297494510e-01 1.047565498881478097e-03 2.644001849252737277e-10 1.822825279026051779e-11
2.750000000000000274e-03 9.240957159964274803e-01 1.641602597492869669e-03 5.959809025637649565e-10 5.456083577862454264e-11
3.000000000000000496e-03 9.099547403742247464e-01 2.466878295320842039e-03 1.291999561640638288e-09 1.360297987570853475e-10
3.250000000000000284e-03 8.949198229703778651e-01 3.598745361345503848e-03 2.776495984381062809e-09 2.889427859102257572e-10
3.500000000000000507e-03 8.789115728080193479e-01 5.151082809439217446e-03 5.979384686229828734e-09 5.356343618045186230e-10
3.749999999999999861e-03 8.618581402372533784e-01 7.165400060517254990e-03 1.290559481332914514e-08 8.864088590739123998e-10
4.000000000000000083e-03 8.430749368598419169e-01 1.024287678169112648e-02 2.577129799342368449e-08 1.335234842648318822e-09
4.250000000000000305e-03 8.220466029182968981e-01 1.477964642943267043e-02 1.375814935890283605e-08 1.860204121668134400e-09
4.500000000000000527e-03 7.977387546118106521e-01 2.161828666345159272e-02 1.175329344506714431e-08 2.427850917248151679e-09
4.750000000000000749e-03 7.670414144355330865e-01 3.363142505869245319e-02 1.249856154604350081e-08 2.999459690450951537e-09
5.000000000000000104e-03 7.254815227437747538e-01 5.499706538714940751e-02 1.343684775340051808e-08 3.537332961173757065e-09
5.250000000000000326e-03 6.630500094860992677e-01 9.533859764320372354e-02 1.420564875914833268e-08 4.009872455406815496e-09
5.500000000000000548e-03 5.596588471583442415e-01 1.742574501751351645e-01 1.479277371010559392e-08 4.394566791059233751e-09
5.750000000000000770e-03 4.012470958726745973e-01 3.052306312552972578e-01 1.540375029624948201e-08 4.678932312561673972e-09
6.000000000000000992e-03 2.382127805592341163e-01 4.372187351817182210e-01 1.556315561152725328e-08 4.859847380945429221e-09
6.250000000000000347e-03 1.305155490731339796e-01 5.096795689497382043e-01 1.569601603046938534e-08 4.941861706870070262e-09
6.500000000000000569e-03 7.440992223150402762e-02 5.260299467050273403e-01 1.556648357852122029e-08 4.935074848676769818e-09
6.750000000000000791e-03 4.450908177088736678e-02 5.118481060013407857e-01 1.538839660968329314e-08 4.852896813737054479e-09
7.000000000000001013e-03 2.850348864411798508e-02 4.802683017414149380e-01 1.531433562136049188e-08 4.710246381076944436e-09
7.250000000000001235e-03 1.892238486599891537e-02 4.409308026519243584e-01 1.484689368524412662e-08 4.522089083451395059e-09
7.499999999999999722e-03 1.293092681653186179e-02 3.988342550694138899e-01 1.451364618525509680e-08 4.302403259734300071e-09
7.750000000000000812e-03 9.008651799189481418e-03 5.276488447181886324e-03 1.428234311027576229e-08 4.063661559989929414e-09
8.000000000000000167e-03 6.346696917022548803e-03 3.204223382938311670e-03 1.393823604606796100e-08 3.816412641459818510e-09
8.250000000000000389e-03 4.489040523133538789e-03 2.754859147436105552e-03 1.363939842431491638e-08 3.569197145856482699e-09
8.500000000000000611e-03 3.165044514993432985e-03 2.363539225789818704e-03 1.325652707048851581e-08 3.328677206627686290e-09
8.750000000000000833e-03 2.210506585328822406e-03 2.154099503545120996e-03 1.295172071608483083e-08 3.099782050153086371e-09
9.000000000000001055e-03 1.514467161529294741e-03 1.966531278211251441e-03 1.273373946632545882e-08 2.885846104696149095e-09
9.250000000000001277e-03 1.016928755512505698e-03 1.805798275618341253e-03 1.247101339762197876e-08 2.688673704844398066e-09
9.500000000000001499e-03 6.587590212689362372e-04 1.634119782461125256e-03 1.212234461973698101e-08 2.509233144360711683e-09
9.750000000000001721e-03 4.121436939135958151e-04 1.476260352301757934e-03 1.196568355933433480e-08 2.347662824382107878e-09
1.000000000000000021e-02 2.462537823871708263e-04 1.322117359206723651e-03 1.180385709817482776e-08 2.203289642072775026e-09
