# time 1 2 D-1 D
0.000000000000000000e+00 9.999999671943733404e-01 1.432020643757156231e-08 5.510717516654883837e-35 6.306527192161571411e-35
5.000000000000000104e-04 9.999989250888612347e-01 1.941925202206940934e-07 3.108480988690998741e-21 1.208181461529506561e-23
1.000000000000000021e-03 9.999818302542643478e-01 4.144932126553075009e-06 1.089244623827339271e-19 1.097822355756707200e-22
1.500000000000000248e-03 9.999006791443471043e-01 2.833925271942270755e-05 6.239269747865769303e-19 8.545607137051486276e-21
2.000000000000000042e-03 9.996533581924208489e-01 1.220634431157718858e-04 1.974626080584452865e-18 6.420270536234900581e-20
2.500000000000000052e-03 9.990412381928345242e-01 4.077034324813789252e-04 4.578484159188832761e-18 3.546065050052116827e-19
3.000000000000000496e-03 9.976873035255656719e-01 1.157964627803439702e-03 4.093767559118534514e-18 1.466774663449621544e-18
3.500000000000000507e-03 9.948899658164686022e-01 2.940174947246513258e-03 3.140670710145354045e-18 5.088945642479960700e-18
4.000000000000000083e-03 9.893842039894540363e-01 6.842700228951098702e-03 2.898162620943601557e-16 1.144510014964686371e-17
4.500000000000000527e-03 9.790060247615756106e-01 1.481349671218881378e-02 4.153147017680269896e-15 3.873431764025510707e-19
5.000000000000000104e-03 9.603763715846772575e-01 2.995771181377756415e-02 3.463817947441390319e-14 4.147044892911589204e-16
5.500000000000000548e-03 9.290447446037122248e-01 5.639398896930069432e-02 2.079685389858226051e-13 9.831716823747558794e-15
6.000000000000000992e-03 8.809521983638737286e-01 9.775125278817904662e-02 9.454587733672969239e-13 1.023610127474002058e-13
6.500000000000000569e-03 8.155514700504176151e-01 1.539071201136093525e-01 3.072987360464368600e-12 6.780297746375131999e-13
7.000000000000001013e-03 7.382674785035470144e-01 2.179821432266635939e-01 2.591360348508218314e-12 3.256773585686526986e-12
7.499999999999999722e-03 6.585707713691062448e-01 2.740268509208024228e-01 3.340737689273785707e-11 1.218133920196330613e-11
8.000000000000000167e-03 5.848493639072349648e-01 1.104480587168265443e-01 1.713566423318923949e-10 3.726998653589537304e-11
8.500000000000000611e-03 5.213586212917024065e-01 1.117668421853742176e-02 4.426969391529889711e-10 9.679879470723005943e-11
9.000000000000001055e-03 4.687393822434184343e-01 5.181691489118970574e-03 8.517435822490060864e-10 2.195436091497703375e-10
9.500000000000001499e-03 4.257913427606927481e-01 3.561287687878624073e-03 1.357079447052438732e-09 4.445840570718510669e-10
1.000000000000000021e-02 3.907838008761042592e-01 2.847756981080630263e-03 1.894630093586365095e-09 8.181844347272338520e-10
1.050000000000000065e-02 3.620739436636676856e-01 2.371106754238612533e-03 2.400607336425124935e-09 1.388066712102000323e-09
1.100000000000000110e-02 3.382968092260021375e-01 2.023547359512588642e-03 2.813125231026893686e-09 2.197239046497111646e-09
1.150000000000000154e-02 3.183782677955753759e-01 1.727302553405613440e-03 3.095253471548734797e-09 3.275363224073921201e-09
1.200000000000000198e-02 3.014937904037602867e-01 1.455198521574958999e-03 3.224836664577566030e-09 4.634928401141348096e-09
1.250000000000000069e-02 2.869796839765547669e-01 1.207021144288427739e-03 3.202090875456442318e-09 6.272029390715695147e-09
1.300000000000000114e-02 2.743703089989192878e-01 9.333014776421456578e-04 3.036693600764858028e-09 8.160266057906287803e-09
1.350000000000000158e-02 2.632050103288868237e-01 6.888076378402432356e-04 2.751144894123369355e-09 1.026341799001028687e-08
1.400000000000000203e-02 2.531567529174028053e-01 4.469008032975334385e-04 2.380512074742781077e-09 1.252598775414149252e-08
1.450000000000000247e-02 2.439146755512799636e-01 2.253847049324449864e-04 1.968650810633506105e-09 1.487884875746363017e-08
1.499999999999999944e-02 2.351362889357132002e-01 8.512482796957703479e-05 1.527827466628022621e-09 1.728090623795330726e-08
1.550000000000000162e-02 2.265688216680467604e-01 1.507819082315114643e-06 1.096036066014849715e-09 1.966356396114125172e-08
1.600000000000000033e-02 2.178491231391554706e-01 5.599135513642915484e-05 6.901245587774071372e-10 2.197981137559253888e-08
1.650000000000000078e-02 2.085807530333665394e-01 3.068832700359081130e-04 3.508809446676505174e-10 2.416140537188944871e-08
1.700000000000000122e-02 1.981948277209102105e-01 9.453516695779667304e-04 1.074868285672610508e-10 2.615620645422613181e-08
1.750000000000000167e-02 1.859948789044920947e-01 2.169063767523984627e-03 2.192498391764838453e-13 2.790661076957530911e-08
1.800000000000000211e-02 1.706070931822144532e-01 4.811205642853550596e-03 1.263159263944800272e-10 2.930396727593218090e-08
1.850000000000000255e-02 1.497565885849696243e-01 1.111398106817876839e-02 5.979609476320425342e-10 3.022990823610459464e-08
1.900000000000000300e-02 1.195166105394383504e-01 2.951176840806492632e-02 1.534720135806377363e-09 3.056279431305682037e-08
1.950000000000000344e-02 7.587942613989026586e-02 6.799895678925585440e-02 3.120138582211274039e-09 3.011972172304110935e-08
2.000000000000000042e-02 2.820945236086083024e-02 1.039044350341929296e-01 5.163323363968321221e-09 2.909499603381651542e-08
