# time 1 2 D-1 D
0.000000000000000000e+00 9.999999838817491549e-01 6.199332672645061835e-09 1.957198094119108701e-35 4.222375708153656729e-35
2.500000000000000052e-04 9.994161753435579776e-01 3.950764638426489252e-08 1.617089671385797481e-18 3.037742005836065848e-24
5.000000000000000104e-04 9.975576576323358369e-01 4.816296357046243732e-07 4.776039131795911427e-16 1.777044475757106503e-20
7.500000000000001240e-04 9.942774470293702649e-01 2.343114127649182314e-06 1.412204144974701147e-14 3.081617439573205129e-18
1.000000000000000021e-03 9.894584517889978281e-01 7.595449033354039908e-06 1.609002541651985739e-13 1.261063039549426780e-16
1.250000000000000026e-03 9.830268642281845271e-01 2.070661008495404352e-05 1.088454775781242606e-12 2.313473558747173957e-15
1.500000000000000248e-03 9.749594452714428483e-01 5.120325796134181942e-05 5.210784465284998264e-12 2.525622305368339772e-14
1.750000000000000253e-03 9.652779198359476842e-01 1.199275222608233658e-04 1.985921393926870158e-11 1.905741120915444496e-13
2.000000000000000042e-03 9.540260460915653828e-01 2.687293965478042453e-04 6.342531610814934620e-11 1.086241299212538564e-12
2.250000000000000264e-03 9.412318203083673840e-01 5.694457992635879517e-04 1.771265944548232419e-10 4.952610699438396303e-12
2.500000000000000052e-03 9.268679211487844682e-01 1.128176247957779574e-03 4.427544141264328745e-10 1.879111145652862388e-11
2.750000000000000274e-03 9.108291072426902835e-01 2.066955948637447336e-03 1.011011039858218645e-09 6.106533001045735409e-11
3.000000000000000496e-03 8.929395186581714494e-01 3.465957929232173825e-03 2.139008546261839696e-09 1.737414324238446950e-10
3.250000000000000284e-03 8.729861463715145042e-01 5.276534882532113620e-03 4.217182313161153286e-09 4.403404880065606009e-10
3.500000000000000507e-03 8.507599880868418341e-01 7.105511388863282839e-03 7.850776138752250390e-09 1.008154558279556891e-09
3.749999999999999861e-03 8.260805542485067932e-01 8.086441277414454024e-03 1.383322375999416478e-08 2.108626420443533586e-09
4.000000000000000083e-03 7.987899128198435728e-01 6.722040196376189922e-03 2.328947508340187509e-08 4.065938153847781944e-09
4.250000000000000305e-03 7.687238438015289166e-01 2.962795040426813211e-03 3.766924057817899392e-08 7.280017258827052978e-09
4.500000000000000527e-03 7.356961549510545595e-01 1.710135312247796843e-04 5.911456531798362022e-08 1.216175044166209289e-08
4.750000000000000749e-03 6.995515138319741144e-01 1.012893504641480683e-03 9.073735369584322790e-08 1.902159879180333929e-08
5.000000000000000104e-03 6.603216820350367167e-01 5.587633072672252600e-03 1.371984147945030096e-07 2.789539103406157531e-08
5.250000000000000326e-03 6.184350526942572479e-01 1.336586086956641564e-02 2.067278834844021241e-07 3.831272363776185203e-08
5.500000000000000548e-03 5.748259429736995996e-01 2.375627343235063235e-02 3.119310414399653031e-07 4.913347674159760148e-08
5.750000000000000770e-03 5.308017748578599537e-01 3.604222317426576672e-02 4.713716888513787560e-07 5.847007077136870104e-08
6.000000000000000992e-03 4.877059172667632114e-01 5.030852407037947338e-02 6.912851062898978995e-07 6.390037748154867369e-08
6.250000000000000347e-03 4.465821723554455058e-01 6.890515595367854851e-02 9.527359150377898967e-07 6.308235413860077773e-08
6.500000000000000569e-03 4.080151038027385324e-01 8.249523525919512379e-02 1.220790388345164119e-06 5.480615247369005007e-08
6.750000000000000791e-03 3.721592717776366910e-01 7.418034650018136278e-02 1.482390562000701822e-06 4.014867027574501651e-08
7.000000000000001013e-03 3.388659343243376476e-01 7.181328879769306728e-02 1.726882294465007614e-06 2.287730572765540088e-08
7.250000000000001235e-03 3.078234091772232284e-01 7.474948967330030669e-02 1.951482172013510168e-06 8.217758161545023701e-09
7.499999999999999722e-03 2.786658470714214464e-01 8.037021239951717966e-02 2.152767582887597239e-06 6.417257080699753900e-10
7.750000000000000812e-03 2.510210155337671001e-01 8.750033846647217728e-02 2.324475514455856032e-06 1.737394307724438649e-09
8.000000000000000167e-03 2.247040628478936819e-01 9.572566465690311721e-02 2.454223993202307726e-06 1.067538027755463119e-08
8.250000000000000389e-03 1.994010126781868286e-01 1.048761212532465376e-01 2.549744005521642047e-06 2.534868046188392098e-08
8.500000000000000611e-03 1.747676051399352504e-01 1.149323902449309598e-01 2.566903018784464826e-06 4.370238333200287800e-08
8.750000000000000833e-03 1.513997627204116680e-01 1.251234219460934105e-01 2.497664934495751752e-06 6.435773749193537318e-08
9.000000000000001055e-03 1.292823187517235239e-01 1.351881706968165453e-01 2.260281735525634033e-06 8.670762343166971519e-08
9.250000000000001277e-03 1.088480875640712303e-01 1.445648753707089729e-01 1.782192412252433673e-06 1.107704730405626878e-07
9.500000000000001499e-03 8.979178615091970572e-02 1.534323800668936366e-01 1.039929371433964747e-06 1.370018437898491817e-07
9.750000000000001721e-03 7.294387908614083371e-02 1.608563195650891120e-01 3.267360674220609003e-07 1.661430312472805627e-07
1.000000000000000021e-02 5.856169416128750860e-02 1.664936012403018251e-01 1.082124600652550015e-06 1.991147682619086741e-07
