# time 1 2 D-1 D
0.000000000000000000e+00 9.999999838817491549e-01 6.199332672645061835e-09 1.957198094119108701e-35 4.222375708153656729e-35
1.250000000000000243e-03 9.994155430887453617e-01 3.130160885273573430e-07 1.616923016120695944e-18 1.015544614474280356e-24
2.500000000000000486e-03 9.975455574256753000e-01 5.345744457955375374e-06 4.771952607241658397e-16 5.335910688853115830e-21
3.750000000000000729e-03 9.942050373721909029e-01 3.131907629932340927e-05 1.408185473096680325e-14 8.160474698828557939e-19
5.000000000000000971e-03 9.891894255164402905e-01 1.137706356807204950e-04 1.598308064230245580e-13 2.902256501127555415e-17
6.250000000000000347e-03 9.822612760843554280e-01 3.229471252540856642e-04 1.074603440921872166e-12 4.576992685946309416e-16
7.500000000000001457e-03 9.731314266881511132e-01 7.672448674843180367e-04 5.098406635335972288e-12 4.258964034362076733e-15
8.750000000000000833e-03 9.614397951347810611e-01 1.605410559039206243e-03 1.920059630163018627e-11 2.722633081095112077e-14
1.000000000000000194e-02 9.467451212485475942e-01 3.050808744909282166e-03 6.040868572231171260e-11 1.310199520669951063e-13
1.125000000000000132e-02 9.285344239677837397e-01 5.308183926891636532e-03 1.657445363700277915e-10 5.040214107328522284e-13
1.250000000000000069e-02 9.062596154831943362e-01 8.534956899758283297e-03 4.061613774620342258e-10 1.617439164458497264e-12
1.375000000000000180e-02 8.794011152297538381e-01 1.272836295506537228e-02 9.081968362084078817e-10 4.472392827633524264e-12
1.500000000000000291e-02 8.475485751880876828e-01 1.754160715774023133e-02 1.881713036015856461e-09 1.093943227849894902e-11
1.625000000000000056e-02 8.104813312596020891e-01 2.228392325517411510e-02 3.636906633364190791e-09 2.420655215989615107e-11
1.750000000000000167e-02 7.682282353741858305e-01 2.514657198318678843e-02 6.653086699361550994e-09 4.942850852561939201e-11
1.875000000000000278e-02 7.210909183019038604e-01 2.385284056778316439e-02 1.155457174531047972e-08 9.467498484900175589e-11
2.000000000000000389e-02 6.696269072991694049e-01 1.562839566485862974e-02 1.923801997981875483e-08 1.722801896634256549e-10
2.125000000000000500e-02 6.146079434724980306e-01 4.378605021764931694e-03 3.086042146362742595e-08 3.002381504664850105e-10
2.250000000000000264e-02 5.569867072218608328e-01 2.029466180150067491e-05 4.807928530689688955e-08 5.011049559879661231e-10
2.375000000000000375e-02 4.979037863730472191e-01 4.597689187006013395e-03 7.313709967682195791e-08 7.982669202014769044e-10
2.500000000000000139e-02 4.387271972869782322e-01 1.405048459327017628e-02 1.090284068132618022e-07 1.203241482442797783e-09
2.625000000000000250e-02 3.810487595044485531e-01 2.558581146102326467e-02 1.602796079698291205e-07 1.688422498335498593e-09
2.750000000000000361e-02 3.265374433895763540e-01 3.777801965288021119e-02 2.324247413880634648e-07 2.163720820892387656e-09
2.875000000000000472e-02 2.766459775732370008e-01 4.960073671382533855e-02 3.309322236265846056e-07 2.459965432619930650e-09
3.000000000000000583e-02 2.323187460160316409e-01 6.130459801352586280e-02 4.504942577075787031e-07 2.366677422247091580e-09
3.125000000000000000e-02 1.938732536861959010e-01 7.500772999996650758e-02 5.735362896327857281e-07 1.754554343765375576e-09
3.250000000000000111e-02 1.610905656824633825e-01 7.873021446118121103e-02 6.843075907429805189e-07 7.812027308822530700e-10
3.375000000000000222e-02 1.334159771719032050e-01 6.150807742507555242e-02 7.802585118146738785e-07 6.913279740469367214e-11
3.500000000000000333e-02 1.101552752558251497e-01 5.237552988158278994e-02 8.665786728730181396e-07 6.337007103282024705e-10
3.625000000000000444e-02 9.061222638494910442e-02 4.833018554020044460e-02 9.446143683679698021e-07 3.444215597927372175e-09
3.750000000000000555e-02 7.416161663327036635e-02 4.628709644551555480e-02 1.017572038807745237e-06 8.796950285689044173e-09
3.875000000000000666e-02 6.026860096958317620e-02 4.500065325828721263e-02 1.083555866428814541e-06 1.627104001372222501e-08
4.000000000000000777e-02 4.854196609591631545e-02 4.408642506756912244e-02 1.134890665289123311e-06 2.495990820227429043e-08
4.125000000000000888e-02 3.860890257929508462e-02 4.334179686424150663e-02 1.179597427070149136e-06 3.402509104685973654e-08
4.250000000000000999e-02 3.014910313456460600e-02 4.267974059619165234e-02 1.184785617789145544e-06 4.299709900888542816e-08
4.375000000000000416e-02 2.312307473614731712e-02 4.189297302925999722e-02 1.148568127753322518e-06 5.180433997069692270e-08
4.500000000000000527e-02 1.732422311638950885e-02 4.091933385968682391e-02 1.016259435832966308e-06 6.068358868955674109e-08
4.625000000000000638e-02 1.266060393594220339e-02 3.969201520803373323e-02 7.504223482399580941e-07 7.007031394550259396e-08
4.750000000000000749e-02 8.907851885060619895e-03 3.829615930151057668e-02 3.652071152640403291e-07 8.052043119637751886e-08
4.875000000000000860e-02 6.051266492799304425e-03 3.663375870228805647e-02 6.498448985121605169e-07 9.266957900188175329e-08
5.000000000000000278e-02 3.964981802787951801e-03 3.473848631890283367e-02 1.246973429978015951e-06 1.072174316862313671e-07
