# lambda 1 2 D-1 D
0.000000000000000000e+00 -1.199999994882118415e+01 -1.000000004494094341e+01 1.000000000479005990e+01 1.199999995119247131e+01
2.500000000000000139e-02 -1.170912405179347537e+01 -9.854926055151222997e+00 9.855154423003147812e+00 1.170950446928996591e+01
5.000000000000000278e-02 -1.143690869214778161e+01 -9.727574495818029021e+00 9.729415488145480850e+00 1.144017434765200747e+01
7.500000000000001110e-02 -1.118435023172153997e+01 -9.618467068308751422e+00 9.624652394319669568e+00 1.119636205221659786e+01
1.000000000000000056e-01 -1.095302921000944707e+01 -9.528241262312057813e+00 9.542534637102566109e+00 1.098456920493348932e+01
1.250000000000000000e-01 -1.074525478465073647e+01 -9.457572597942633053e+00 9.483905118495727038e+00 1.081453323117150944e+01
1.500000000000000222e-01 -1.056427177616181545e+01 -9.407076346015527335e+00 9.448167803512953711e+00 1.070024775983285004e+01
1.750000000000000167e-01 -1.041452013469036508e+01 -9.377214100410855124e+00 9.434410870424192908e+00 1.065937431054547169e+01
2.000000000000000111e-01 -1.030185332697056033e+01 -9.368362968312164085e+00 9.448364461046230289e+00 1.070861796301183766e+01
2.250000000000000056e-01 -1.023342306108751565e+01 -9.381473317996400496e+00 9.516669432610308732e+00 1.085626200726633250e+01
2.500000000000000000e-01 -1.021670948872538887e+01 -9.419920690865335899e+00 9.671405280405583227e+00 1.109906056409380071e+01
2.750000000000000222e-01 -1.025749338335793581e+01 -9.491747796545080718e+00 9.902965922733951487e+00 1.142618366021831022e+01
3.000000000000000444e-01 -1.035789060520974303e+01 -9.607066964470440951e+00 1.019133406162977451e+01 1.182461002658673266e+01
3.250000000000000111e-01 -1.051612122799936166e+01 -9.768734279306682922e+00 1.052401185757669388e+01 1.228214733509742906e+01
3.500000000000000333e-01 -1.072780153555272520e+01 -9.970251290014324752e+00 1.089275617805167684e+01 1.278842103553893494e+01
3.750000000000000000e-01 -1.098726554540991529e+01 -1.020315598529400702e+01 1.129162430235010461e+01 1.333494312323855624e+01
4.000000000000000222e-01 -1.128839303640794078e+01 -1.046144444695615938e+01 1.171614056841293028e+01 1.391487470071510835e+01
4.250000000000000444e-01 -1.162519606558450924e+01 -1.074174349852444443e+01 1.216284637697942905e+01 1.452272731033552411e+01
4.500000000000000111e-01 -1.199224946261730729e+01 -1.104264286009548890e+01 1.262901919510773574e+01 1.515408785615142939e+01
4.750000000000000333e-01 -1.238491115633907036e+01 -1.136528635942706522e+01 1.311248338794525914e+01 1.580539010616890216e+01
5.000000000000000000e-01 -1.279934835580705155e+01 -1.172011831851400743e+01 1.361145193431522138e+01 1.647373315678985506e+01
5.250000000000000222e-01 -1.323245255896050310e+01 -1.213734953488027557e+01 1.416638782767364901e+01 1.715674005860548235e+01
5.500000000000000444e-01 -1.368171757696042690e+01 -1.260541377604354096e+01 1.473682538916508555e+01 1.785244855643666995e+01
5.750000000000000666e-01 -1.414512083374534512e+01 -1.309525262015114677e+01 1.531689400909990084e+01 1.855922672410861907e+01
6.000000000000000888e-01 -1.462102261313342666e+01 -1.359793848887051837e+01 1.590537228573365525e+01 1.927570763074785276e+01
6.250000000000000000e-01 -1.510808526750829373e+01 -1.411020063486688514e+01 1.650123764742808419e+01 2.000073848710412250e+01
6.500000000000000222e-01 -1.560520952253907012e+01 -1.463018056471953798e+01 1.710362767004089335e+01 2.073334081356034631e+01
6.750000000000000444e-01 -1.611148460010000960e+01 -1.515655438127790333e+01 1.771180984340164954e+01 2.147267902635347170e+01
7.000000000000000666e-01 -1.662614836587476930e+01 -1.568827962389441666e+01 1.832515788957676506e+01 2.221803548689445051e+01
7.250000000000000888e-01 -1.714855501384669267e+01 -1.622449822636450634e+01 1.894313312808187177e+01 2.296879054377496843e+01
7.500000000000000000e-01 -1.767815009607170396e+01 -1.676448832687081847e+01 1.956526962771599898e+01 2.372440645730699771e+01
7.750000000000000222e-01 -1.821444799546061333e+01 -1.730764043929155704e+01 2.019116228762814913e+01 2.448441436402765348e+01
8.000000000000000444e-01 -1.875701556165317641e+01 -1.785343926464010167e+01 2.082045715166137256e+01 2.524840363780901242e+01
8.250000000000000666e-01 -1.930545838064877628e+01 -1.840145230023950162e+01 2.145284360686337877e+01 2.601601315314557539e+01
8.500000000000000888e-01 -1.985941046317522307e+01 -1.895132035768692447e+01 2.208804786740157766e+01 2.678692406814482752e+01
8.750000000000000000e-01 -2.041852689513312313e+01 -1.950274917183429224e+01 2.272582769169535410e+01 2.756085382935308203e+01
9.000000000000000222e-01 -2.098247915046194123e+01 -2.005550134274125895e+01 2.336596794326290905e+01 2.833755116493784243e+01
9.250000000000000444e-01 -2.155095238230086707e+01 -2.060938860294650610e+01 2.400827687811139199e+01 2.911679188206515434e+01
9.500000000000000666e-01 -2.212364448818177110e+01 -2.116426410194484120e+01 2.465258305070755895e+01 2.989837532226237116e+01
9.750000000000000888e-01 -2.270026609673350393e+01 -2.172001520164407751e+01 2.529873269827264792e+01 3.068212135804315821e+01
1.000000000000000000e+00 -2.328054129694453422e+01 -2.227655667890753932e+01 2.594658746480757117e+01 3.146786783704055068e+01
