# time 1 2 D-1 D
0.000000000000000000e+00 9.999999733066140539e-01 5.439105621402452652e-09 4.002793363420053422e-34 1.980707981135553916e-35
1.250000000000000243e-03 9.995029121393094185e-01 3.661291031143400632e-07 3.988313226873762674e-17 7.712370017207877903e-23
2.500000000000000486e-03 9.978814377239476618e-01 7.504526801348412625e-06 1.208496153572737035e-14 5.228830965292663114e-19
3.750000000000000729e-03 9.948841178436308441e-01 4.886994008795294734e-05 3.618442043145898293e-13 1.049667666534629205e-16
5.000000000000000971e-03 9.901713259236841758e-01 2.003949348513323384e-04 4.157168699617784197e-12 4.949039766473416741e-15
6.250000000000000347e-03 9.832738613396010408e-01 6.360891224440048605e-04 2.798383512990120957e-11 1.032442083885705762e-13
7.500000000000001457e-03 9.735060503222557893e-01 1.720323394790757325e-03 1.331100003560263871e-10 1.251133981673293742e-12
8.750000000000000833e-03 9.598088094185538433e-01 4.170146198746580400e-03 4.926358668325402220e-10 1.006722280965375996e-11
1.000000000000000194e-02 9.404955294845144254e-01 9.329704932426356040e-03 1.494247176103302821e-09 5.769643360679462434e-11
1.125000000000000132e-02 9.129018282877559010e-01 1.952417845374977007e-02 3.839860264421979273e-09 2.457124141833717067e-10
1.250000000000000069e-02 8.730834444236452718e-01 3.840613032370971541e-02 8.509197267267396418e-09 8.055364350169667489e-10
1.375000000000000180e-02 8.161245370277785405e-01 7.078969565333660674e-02 1.656710996459862263e-08 2.109534586312381503e-09
1.500000000000000291e-02 7.382174769839761064e-01 1.203231902934065040e-01 2.898330429269558648e-08 4.583717802101215865e-09
1.625000000000000056e-02 6.409344055920901395e-01 1.852745313537512151e-01 4.866313105636827823e-08 8.559147708573324885e-09
1.750000000000000167e-02 5.341018295839640162e-01 2.549654418042918702e-01 1.138113721490433999e-07 1.415103448902085807e-08
1.875000000000000278e-02 4.314805887166214271e-01 3.134111803841636013e-01 2.439261561530768729e-07 2.122261155517387769e-08
2.000000000000000389e-02 3.430017987109280075e-01 3.444354101135840840e-01 3.055571488948482965e-07 2.943153939296096813e-08
2.125000000000000500e-02 2.717479219644183819e-01 3.295686700451825324e-01 3.866612647125272671e-07 3.832078390060855191e-08
2.250000000000000264e-02 2.162699837609920184e-01 2.567240434256254922e-01 4.750949400143243074e-07 4.741316472263387213e-08
2.375000000000000375e-02 1.735488556611437527e-01 1.781960267343672966e-01 5.675078366267255168e-07 5.628408350498289110e-08
2.500000000000000139e-02 1.405967944110645407e-01 1.298887434180607259e-01 6.630406780817641014e-07 6.460309410029385896e-08
2.625000000000000250e-02 1.149788940449158331e-01 1.034742252674890894e-01 7.603516715881269268e-07 7.214745894712734467e-08
2.750000000000000361e-02 9.485395991357593870e-02 8.785876109698435854e-02 8.573888270290381521e-07 7.879649520978989959e-08
2.875000000000000472e-02 7.886807867057164800e-02 7.785958292308189921e-02 9.534829565186349530e-07 8.451418572909104175e-08
3.000000000000000583e-02 6.603447196124566376e-02 7.089906058474816641e-02 1.048761208395789184e-06 8.932771170817059229e-08
3.125000000000000000e-02 5.561059136922141821e-02 6.572905801020169358e-02 1.143790717460307833e-06 9.330699087394620795e-08
3.250000000000000111e-02 4.711367752092182615e-02 6.174766459562004012e-02 1.236718975868919710e-06 9.654591921219612016e-08
3.375000000000000222e-02 4.008094886913135535e-02 5.847568532529360402e-02 1.329212305105602958e-06 9.914904693076591750e-08
3.500000000000000333e-02 3.426022691767582201e-02 5.571617150753074149e-02 1.420880063242012155e-06 1.012215328840282770e-07
3.625000000000000444e-02 2.939990271691893253e-02 5.334089961339313207e-02 1.512340721197626891e-06 1.028627808549049624e-07
3.750000000000000555e-02 2.533464723427669360e-02 5.122361687050236423e-02 1.601914505633175404e-06 1.041624360956315649e-07
3.875000000000000666e-02 2.187758609309064725e-02 4.933575661636297599e-02 1.691920660186392602e-06 1.051988289723187545e-07
4.000000000000000777e-02 1.895124973638213223e-02 4.761811689101939915e-02 1.781571955815791866e-06 1.060385888398287088e-07
4.125000000000000888e-02 1.648275891591471573e-02 4.601244806309544993e-02 1.870681152811507290e-06 1.067371093306595833e-07
4.250000000000000999e-02 1.437036770840839466e-02 4.451240806101425945e-02 1.960009812708656449e-06 1.073394619351792958e-07
4.375000000000000416e-02 1.253500143643780824e-02 4.313985724887817175e-02 2.049229361483048806e-06 1.078821107967701989e-07
4.500000000000000527e-02 1.098107595996073924e-02 4.182489750589050981e-02 2.137691370438021191e-06 1.083936429480109968e-07
4.625000000000000638e-02 9.631702200098003069e-03 4.059347353441958295e-02 2.227818096576491976e-06 1.088962325577881818e-07
4.750000000000000749e-02 8.468715255798566280e-03 3.942501781865517113e-02 2.317905219799755647e-06 1.094066005524607622e-07
4.875000000000000860e-02 7.467034540900750403e-03 3.831106048066119929e-02 2.408082046548955023e-06 1.099374130461124104e-07
5.000000000000000278e-02 6.599509062559740305e-03 3.725122359778460651e-02 2.497776663718450998e-06 1.104968572571524373e-07
