# time 1 2 D-1 D
0.000000000000000000e+00 9.999999733066140539e-01 5.439105621402452652e-09 4.002793363420053422e-34 1.980707981135553916e-35
2.500000000000000052e-04 9.976477754953441135e-01 1.647206462740689642e-04 7.065761834755003246e-17 1.678512183524466940e-19
5.000000000000000104e-04 9.906744082952168018e-01 7.462520948197925172e-04 3.648408935565739181e-14 2.845113572798227727e-16
7.500000000000001240e-04 9.791173779621036299e-01 1.935898715196961465e-03 1.815771895687231882e-12 2.795396745678399295e-14
1.000000000000000021e-03 9.628592122109562723e-01 4.049431763301483689e-03 3.400150003165709916e-11 8.674341137272656420e-13
1.250000000000000026e-03 9.415651645895396493e-01 7.513493818192678968e-03 3.669413229899340871e-10 1.435370868243880483e-11
1.500000000000000248e-03 9.146003584302286882e-01 1.299486016269032172e-02 2.741129514312955400e-09 1.580801277647597160e-10
1.750000000000000253e-03 8.809174231349936601e-01 2.151284966872356666e-02 1.556707794940743153e-08 1.284284734774952832e-09
2.000000000000000042e-03 8.389190551401073392e-01 3.461658689662081706e-02 7.044286390378858531e-08 8.058721622894974815e-09
2.250000000000000264e-03 7.863543903699443671e-01 5.433007085681154646e-02 2.618576272832962687e-07 3.985748257611299836e-08
2.500000000000000052e-03 7.204666626228757309e-01 8.311179512925191692e-02 8.109448742679266652e-07 1.577677193574998640e-07
2.750000000000000274e-03 6.389234639850627229e-01 1.232059693728871363e-01 2.125227740454180165e-06 5.101903844180361252e-07
3.000000000000000496e-03 5.421962329287952631e-01 1.732524635188776030e-01 4.813050602634516492e-06 1.383771196711305982e-06
3.250000000000000284e-03 4.366269110583477775e-01 2.260895694658211497e-01 1.001535288760049019e-05 3.236371801549736383e-06
3.500000000000000507e-03 3.342628306557430262e-01 2.678607879259009006e-01 2.613075175250732961e-05 6.695857076622412793e-06
3.749999999999999861e-03 2.466193072093304794e-01 2.846704514815802667e-01 5.082446182600858085e-05 1.252436620919117494e-05
4.000000000000000083e-03 1.787559738632420736e-01 2.672162612036669826e-01 6.887917595978587464e-05 2.155991530936473787e-05
4.250000000000000305e-03 1.293879410740919611e-01 2.113991488938890273e-01 9.590053311389306451e-05 3.465092692090360709e-05
4.500000000000000527e-03 9.449931115675065663e-02 1.293382818718321059e-01 1.294391085514546007e-04 5.259659115326305551e-05
4.750000000000000749e-03 7.000770140337073122e-02 6.888196844420436948e-02 1.691585791353162910e-04 7.610068243765864967e-05
5.000000000000000104e-03 5.271395436023931791e-02 3.917862829581075096e-02 2.153376229555131445e-04 1.057414378762582723e-04
5.250000000000000326e-03 4.035424889727780295e-02 2.518058728308864361e-02 2.680483476714078908e-04 1.419566215477616579e-04
5.500000000000000548e-03 3.138969783729373547e-02 1.777648992181323287e-02 3.263597012610583610e-04 1.850410562933354098e-04
5.750000000000000770e-03 2.478593938736485883e-02 1.343389962547862290e-02 3.897594788227302107e-04 2.351533029254550277e-04
6.000000000000000992e-03 1.984644612366714272e-02 1.064419234964197707e-02 4.581953112378839895e-04 2.923283204828752745e-04
6.250000000000000347e-03 1.609355144980625235e-02 8.725697556089442863e-03 5.320622786317009663e-04 3.564934600669916547e-04
6.500000000000000569e-03 1.321137158767384141e-02 7.351922783029536494e-03 6.093301650238683179e-04 4.274857732159143822e-04
6.750000000000000791e-03 1.095988579771286359e-02 6.312656989189533926e-03 6.910724625109021220e-04 5.050692117419278366e-04
7.000000000000001013e-03 9.186917197572166266e-03 5.502536809814293460e-03 7.763711781421926044e-04 5.889507966040920207e-04
7.250000000000001235e-03 7.773035484076145675e-03 4.866006521348441825e-03 8.655373921657517943e-04 6.787952222331400344e-04
7.499999999999999722e-03 6.636049382433996564e-03 4.342860988226282526e-03 9.558843129797684563e-04 7.742376433922154751e-04
7.750000000000000812e-03 5.707361545614484354e-03 3.913011746828878347e-03 1.049773915313269345e-03 8.748945860057439055e-04
8.000000000000000167e-03 4.945556968220890873e-03 3.553722643784512289e-03 1.145711724239173619e-03 9.803730480690165273e-04
8.250000000000000389e-03 4.318047786990372380e-03 3.245472449349714236e-03 1.242860640888737407e-03 1.090277930222923602e-03
8.500000000000000611e-03 3.794183580600513431e-03 2.979346512805875358e-03 1.341884039026712853e-03 1.204217973574779003e-03
8.750000000000000833e-03 3.350811434937930704e-03 2.752735035744558866e-03 1.441926305345795365e-03 1.321810395527945768e-03
9.000000000000001055e-03 2.978910293982996345e-03 2.551527377872610421e-03 1.541612429921150693e-03 1.442684411859940317e-03
9.250000000000001277e-03 2.661098057794188902e-03 2.375569144226218760e-03 1.644701563364279421e-03 1.566483832189480979e-03
9.500000000000001499e-03 2.389399864245289867e-03 2.219260562697460484e-03 1.747600783186146556e-03 1.692868913408395078e-03
9.750000000000001721e-03 2.156268416332785768e-03 2.079146729890503538e-03 1.850954831379451101e-03 1.821517449530906784e-03
1.000000000000000021e-02 1.954884847058513224e-03 1.953286384287527405e-03 1.953011273676563339e-03 1.952125183870598302e-03
