# time 1 2 D-1 D
0.000000000000000000e+00 9.999999614817364213e-01 1.727979566329306550e-08 7.554461382353281318e-35 6.879654156584365102e-35
5.000000000000000104e-04 9.999956857604979099e-01 1.757760765153387298e-06 2.470597275707102311e-29 2.300496787846726160e-30
1.000000000000000021e-03 9.999213776225804873e-01 3.784401610995130990e-05 8.054311962663382083e-26 1.823239734708699182e-25
1.500000000000000248e-03 9.995376240863810269e-01 2.481623873084502449e-04 6.855084009643302691e-26 6.080090168456542324e-25
2.000000000000000042e-03 9.982881566759156389e-01 9.630249558483126512e-04 6.310434562084026243e-24 4.323591492982039492e-25
2.500000000000000052e-03 9.951134439145371546e-01 2.736305767249709586e-03 5.530543420124713252e-23 2.373846443649928964e-26
3.000000000000000496e-03 9.883113550115636414e-01 5.875119417071977476e-03 2.312627886134650033e-22 4.764118674821510933e-24
3.500000000000000507e-03 9.756422638866395491e-01 8.752997482321217895e-03 1.067751906978611167e-22 3.920697124073824075e-23
4.000000000000000083e-03 9.548851555366195676e-01 7.521751489404154487e-03 1.984251868756174303e-21 1.201323137968876457e-22
4.500000000000000527e-03 9.247755890919538979e-01 4.485578142310408731e-03 3.995971714406285262e-20 6.909215392515111972e-23
5.000000000000000104e-03 8.857633100700563755e-01 2.414811830188947749e-03 2.995938586099663308e-19 5.903099318006568652e-22
5.500000000000000548e-03 8.399282543649555510e-01 1.286462334595883271e-03 1.303578911137373183e-18 1.645172635373379933e-20
6.000000000000000992e-03 7.900809495567394647e-01 6.413190036047052966e-04 3.702558227654219682e-18 1.232268084391466237e-19
6.500000000000000569e-03 7.387725840897683138e-01 3.073089114525897323e-04 6.852335573849194894e-18 5.140178940003405962e-19
7.000000000000001013e-03 6.878043163998187604e-01 9.216338581276829430e-05 7.925050670736305567e-18 1.428766548289724958e-18
7.499999999999999722e-03 6.382477267014871058e-01 8.286700485933269121e-06 4.299375904175461722e-18 2.909710440151186068e-18
8.000000000000000167e-03 5.906913183460724692e-01 3.024360560662876083e-05 5.831955200854381789e-20 4.804026951543211950e-18
8.500000000000000611e-03 5.454797313986941010e-01 1.910110330152111344e-04 5.518545315971196633e-18 7.955698475839144067e-18
9.000000000000001055e-03 5.028561476043018619e-01 4.802845197718118384e-04 1.826637776316324718e-17 1.723256784596906470e-17
9.500000000000001499e-03 4.630121649974617282e-01 8.222252061296428643e-04 1.268592976158375848e-17 5.475093935254525252e-17
1.000000000000000021e-02 4.260838248186303301e-01 1.021829154718332470e-03 9.639715219193903410e-18 2.139468199592372262e-16
1.050000000000000065e-02 3.921320401381544474e-01 1.085458355921957788e-03 3.998161863536715114e-16 8.254891791854935017e-16
1.100000000000000110e-02 3.611302235684719086e-01 9.448534610942857471e-04 2.524863116651726037e-15 2.855315351888412774e-15
1.150000000000000154e-02 3.329676448154584301e-01 6.716993192492876985e-04 1.003992700218907439e-14 8.663900795390380525e-15
1.200000000000000198e-02 3.074646967223731431e-01 3.566563465876195068e-04 2.999879372882630061e-14 2.312233848013528848e-14
1.250000000000000069e-02 2.843920974000370139e-01 9.276482101661482303e-05 7.555124308537387274e-14 5.501749979227790130e-14
1.300000000000000114e-02 2.634951993241577139e-01 2.211418940634375802e-06 1.653684503286459357e-13 1.180020095559095858e-13
1.350000000000000158e-02 2.445068465476999409e-01 1.759930861445393850e-04 3.252600091301286638e-13 2.305538937353765516e-13
1.400000000000000203e-02 2.271595854689462401e-01 7.051466124848083418e-04 5.847233446220898637e-13 4.138067736572958698e-13
1.450000000000000247e-02 2.111992279980486054e-01 1.654041965483145447e-03 9.647124056265522069e-13 6.855802457473054727e-13
1.499999999999999944e-02 1.963508055093428073e-01 3.029508968784936154e-03 1.473965414985029695e-12 1.053966115211848205e-12
1.550000000000000162e-02 1.823498941603096113e-01 4.990222276252832996e-03 2.064846744932075800e-12 1.509006459044347601e-12
1.600000000000000033e-02 1.689068410848746371e-01 7.588343145973969889e-03 2.683754341949990801e-12 2.018259734662209259e-12
1.650000000000000078e-02 1.558081858521506990e-01 1.090243502741937605e-02 3.210608513171573054e-12 2.522992425272797666e-12
1.700000000000000122e-02 1.424984185538302195e-01 1.531884060759030296e-02 3.522795278768399392e-12 2.954354258400199519e-12
1.750000000000000167e-02 1.287595657403712568e-01 2.093771730158367969e-02 3.454792849170243428e-12 3.244929647329605505e-12
1.800000000000000211e-02 1.140572081119784059e-01 2.820550031361155827e-02 2.966394761927710739e-12 3.337169422059017976e-12
1.850000000000000255e-02 9.726811879198025979e-02 3.814575851269646350e-02 2.074173655075767569e-12 3.201438563954156977e-12
1.900000000000000300e-02 7.905817948797494443e-02 5.002481954179707757e-02 9.765357863163562309e-13 2.847381023908360816e-12
1.950000000000000344e-02 5.936937528429902383e-02 6.384057707547700911e-02 1.858966716383038054e-13 2.326711343036173077e-12
2.000000000000000042e-02 4.130101529256377524e-02 7.644506582827574614e-02 6.084947091137783998e-14 1.699452815142337793e-12
