# time 1 2 D-1 D
0.000000000000000000e+00 9.999999635263551179e-01 2.436797295911741040e-08 8.447102405008959743e-34 2.767701449011076793e-34
2.500000000000000052e-04 9.999998344027773989e-01 1.003414759390418822e-09 6.203981494424060539e-25 5.304955772272201345e-25
5.000000000000000104e-04 9.999972765740123837e-01 2.684454236031849203e-09 3.234545012315516113e-24 2.542528555212148898e-24
7.500000000000001240e-04 9.999853003278648123e-01 2.403983707521256172e-08 2.031481561579446912e-22 2.937361147306913748e-25
1.000000000000000021e-03 9.999499405917466888e-01 1.274473227072563575e-07 1.171514817291252713e-21 5.638479111180411450e-24
1.250000000000000026e-03 9.998665341411405727e-01 3.398229468162571443e-07 4.018363732015524187e-21 4.612566119883976136e-23
1.500000000000000248e-03 9.996938993863948575e-01 8.194216913122785561e-07 2.162168894105847444e-20 6.299769447249263822e-22
1.750000000000000253e-03 9.993668533485734473e-01 1.483350221213186558e-06 1.678603383662276207e-19 8.048650390317675000e-21
2.000000000000000042e-03 9.987891766414160877e-01 2.146597425297074143e-06 1.647392412245802303e-18 8.917438016785334825e-20
2.250000000000000264e-03 9.978317286505410388e-01 2.415992962076790652e-06 1.816378215988187389e-17 7.830964757404324953e-19
2.500000000000000052e-03 9.963422956529550678e-01 1.866392729932494785e-06 1.168052585039458375e-16 5.194541298033662581e-18
2.750000000000000274e-03 9.941713500582703977e-01 3.176436987644328337e-07 4.886931470691935779e-16 2.663182715344363137e-17
3.000000000000000496e-03 9.912088645563458256e-01 8.505895008473589305e-07 1.559348244471200016e-15 1.078971879891558486e-16
3.250000000000000284e-03 9.874152492439173256e-01 1.326729092714307046e-05 4.265984380747025196e-15 3.566297807667040990e-16
3.500000000000000507e-03 9.828240498578076911e-01 6.466572730618200076e-05 9.752981508629208133e-15 9.893228312440087532e-16
3.749999999999999861e-03 9.775009258349910413e-01 2.210011071497943748e-04 1.935068324423801728e-14 2.361574162769879841e-15
4.000000000000000083e-03 9.714851404219869702e-01 6.057994796146014705e-04 3.311244398454757070e-14 4.964169451616193435e-15
4.250000000000000305e-03 9.646856706771342882e-01 1.453479587720334565e-03 4.864672092056457513e-14 9.382452308754007236e-15
4.500000000000000527e-03 9.568176447774739968e-01 3.151467877840586924e-03 6.285336731457710318e-14 1.623357152411687391e-14
4.750000000000000749e-03 9.473590488791838737e-01 6.264938704078228289e-03 7.004380944846323371e-14 2.609224790142941744e-14
5.000000000000000104e-03 9.351538762374088654e-01 1.193214568123104023e-02 6.890757775396146601e-14 3.939855471074867115e-14
5.250000000000000326e-03 9.187384780264358231e-01 2.153780819411516695e-02 5.739195861616834452e-14 5.633458213260113160e-14
5.500000000000000548e-03 8.965759854662695982e-01 3.649056049462617857e-02 4.706414200839872678e-14 7.668922601001835667e-14
5.750000000000000770e-03 8.674287385414004570e-01 5.785625253371273757e-02 3.493042952108857202e-14 9.966975465354129564e-14
6.000000000000000992e-03 8.316055237538323430e-01 8.512047322719017151e-02 2.609623505385516474e-14 1.238691159501113649e-13
6.250000000000000347e-03 7.892284555781580169e-01 1.179336700435015678e-01 1.995441075098773493e-14 1.473169977455521401e-13
6.500000000000000569e-03 7.462026708024744881e-01 1.501568981731495889e-01 1.678685752463368183e-14 1.676849240617123442e-13
6.750000000000000791e-03 7.030161592742231180e-01 1.810821057836048964e-01 1.512359167493082694e-14 1.826557949537595811e-13
7.000000000000001013e-03 6.630203620467530756e-01 2.071749947904048261e-01 1.438917780210778156e-14 1.903749718673796471e-13
7.250000000000001235e-03 6.300032369663318699e-01 2.245178105291030235e-01 1.337301198695294230e-14 1.897591001001574678e-13
7.499999999999999722e-03 6.009974863005675960e-01 2.360710768023030481e-01 1.246222583354388162e-14 1.806885459045417793e-13
7.750000000000000812e-03 5.774568063864392586e-01 2.404406028952976171e-01 1.138322311098344276e-14 1.641429065397787582e-13
8.000000000000000167e-03 5.579900198488833007e-01 2.392205837026257498e-01 1.042231782732919516e-14 1.418445560642339189e-13
8.250000000000000389e-03 5.422129693760904257e-01 2.329963961214767953e-01 9.784056036851913884e-15 1.164971365369137965e-13
8.500000000000000611e-03 5.293683344240626143e-01 2.230554104662380022e-01 1.001797495875586346e-14 9.071892888511835135e-14
8.750000000000000833e-03 5.187484418298211608e-01 2.104613443129872419e-01 1.158994700199013303e-14 6.716897674282644180e-14
9.000000000000001055e-03 5.098619383409791483e-01 1.961184288729327374e-01 1.529608192234812998e-14 4.801491424030585783e-14
9.250000000000001277e-03 5.023369662923283796e-01 1.808412619481507000e-01 2.222686855166683871e-14 3.464143650758433726e-14
9.500000000000001499e-03 4.958578340350049962e-01 1.653773802173467422e-01 3.403846496042981364e-14 2.723409996627024960e-14
9.750000000000001721e-03 4.901857144621245554e-01 1.502738617172194036e-01 5.182617152286616509e-14 2.582010648278135044e-14
1.000000000000000021e-02 4.851400201779935695e-01 1.362234349548881729e-01 7.562665014795272996e-14 3.070069656269070862e-14
