# time 1 2 D-1 D
0.000000000000000000e+00 9.999999328071207394e-01 2.699155292257971380e-08 4.758639904418631278e-36 1.507826922403272808e-36
1.250000000000000243e-03 9.999990577862557517e-01 1.614712177578960936e-07 3.349306731011006475e-34 3.348761278386364969e-36
2.500000000000000486e-03 9.999850905711366034e-01 3.456475067689434147e-06 2.838377610635659223e-33 5.648954403922808951e-33
3.750000000000000729e-03 9.999195827878849530e-01 2.289125470347007471e-05 1.236437805013798204e-29 2.261121637931742290e-30
5.000000000000000971e-03 9.997234664915162217e-01 9.513078632275498837e-05 6.731993370283959626e-28 1.229503222487967962e-28
6.250000000000000347e-03 9.992518327471454631e-01 3.060072752762405088e-04 3.638338032032525698e-27 1.525981734433015550e-27
7.500000000000001457e-03 9.982487675751958722e-01 8.327601616463324846e-04 2.019182324347528359e-26 6.006397990142114453e-27
8.750000000000000833e-03 9.962725666090650467e-01 2.010237615262190809e-03 6.530439661300814581e-26 1.793428185503630877e-26
1.000000000000000194e-02 9.925824426375430276e-01 4.440492310693500318e-03 2.003921405249682489e-25 4.614255522869743182e-26
1.125000000000000132e-02 9.859864613815564338e-01 9.154991582374174403e-03 7.023887552547651822e-25 1.063507221333399866e-25
1.250000000000000069e-02 9.746774362252698110e-01 1.773965329873893049e-02 3.317464470637188022e-24 1.982144870785706130e-25
1.375000000000000180e-02 9.561440454418301815e-01 3.233212496614110837e-02 2.113041056148955178e-23 2.264165743674556215e-25
1.500000000000000291e-02 9.273409169061312962e-01 5.577447276304951101e-02 1.245305012741608347e-22 2.632100360558282553e-26
1.625000000000000056e-02 8.853636397191921859e-01 9.067689248371937905e-02 5.949202523192894954e-22 1.537351417171103712e-24
1.750000000000000167e-02 8.286993186376414577e-01 1.378329110946389935e-01 1.993070622562425216e-21 1.665824529299374031e-23
1.875000000000000278e-02 7.585468855325101512e-01 1.919707481949898265e-01 4.050495744996865340e-21 5.584597146586320858e-23
2.000000000000000389e-02 6.791583530093882048e-01 2.272527201884022574e-01 2.760967229323265191e-21 2.529230449501697352e-23
2.125000000000000500e-02 5.966168718343370925e-01 2.170284746559530964e-01 3.097915688173637062e-21 5.116028512390250639e-22
2.250000000000000264e-02 5.168157422152637182e-01 1.885771166941008492e-01 1.472388294574045724e-19 1.426766608560037319e-20
2.375000000000000375e-02 4.439759829425687920e-01 1.616324324175059668e-01 1.239195198903309347e-18 1.361208037840458608e-19
2.500000000000000139e-02 3.802621774078392969e-01 1.376521637333303349e-01 6.136990697660051204e-18 8.270876719835412118e-19
2.625000000000000250e-02 3.261646120404116389e-01 1.150774751077477953e-01 2.304546939632878561e-17 3.785723547466481635e-18
2.750000000000000361e-02 2.811178851979759252e-01 2.510223541116075787e-03 6.763964253298243804e-17 1.407784935008496643e-17
2.875000000000000472e-02 2.440396773573890732e-01 7.973225241094914232e-04 1.678982566011083270e-16 4.439675785512646497e-17
3.000000000000000583e-02 2.136935961218334179e-01 1.482330892135542326e-03 3.653129989689830702e-16 1.220924813329842721e-16
3.125000000000000000e-02 1.888918182742551077e-01 1.503256521454468487e-03 7.228443912654439498e-16 2.985315674423306245e-16
3.250000000000000111e-02 1.685864437945363281e-01 1.422884227203477514e-03 1.264444424146433848e-15 6.580276571108291722e-16
3.375000000000000222e-02 1.518955231180444398e-01 1.358777469241625622e-03 2.124192149786572812e-15 1.322303856832967327e-15
3.500000000000000333e-02 1.380957809777075829e-01 1.305880618905636741e-03 3.367481516518150750e-15 2.440753636546782890e-15
3.625000000000000444e-02 1.266018019967759811e-01 1.277451556386278607e-03 4.999718097560688514e-15 4.168634631244719178e-15
3.750000000000000555e-02 1.169419265636276739e-01 1.278025700324104171e-03 6.883907691898929301e-15 6.616061658814075588e-15
3.875000000000000666e-02 1.087359830379771852e-01 1.321502384261480931e-03 8.901866062089161190e-15 9.809438104968379940e-15
4.000000000000000777e-02 1.016768295901639696e-01 1.420742770233926131e-03 1.055933329528754507e-14 1.364804070174686766e-14
4.125000000000000888e-02 9.551633476424106761e-02 1.596589746064663428e-03 1.152752444185276605e-14 1.787986972114619283e-14
4.250000000000000999e-02 9.005559473989994956e-02 1.884136393579755606e-03 1.151571548820277224e-14 2.201048319376804980e-14
4.375000000000000416e-02 8.513856354490026423e-02 2.329412155050667507e-03 1.051875858215395317e-14 2.549355134338772690e-14
4.500000000000000527e-02 8.064769802669807808e-02 2.933095774182424911e-03 8.739081863977867858e-15 2.762891630417393323e-14
4.625000000000000638e-02 7.650001981123585870e-02 3.665771149346796608e-03 6.610112388905883061e-15 2.779782566083775678e-14
4.750000000000000749e-02 7.264222887277985152e-02 4.452600325357528380e-03 5.059739920541316816e-15 2.576559087083512651e-14
4.875000000000000860e-02 6.904427006618761575e-02 5.344110524371799460e-03 4.751780397692629186e-15 2.191413673463123174e-14
5.000000000000000278e-02 6.569259703386728932e-02 6.106207364646687626e-03 8.873333630480648513e-15 1.698448148788217349e-14
