# time 1 2 D-1 D
0.000000000000000000e+00 9.999999669477424025e-01 3.505030733610206197e-09 7.223412785802956736e-35 2.259300142280437018e-34
5.000000000000000104e-04 9.994255335173903854e-01 1.568731552884255358e-08 5.937186855694469623e-17 4.257567302421750149e-22
1.000000000000000021e-03 9.975744663568719695e-01 2.305075211207928520e-07 1.828044373935600335e-14 2.375386589685978548e-18
1.500000000000000248e-03 9.942278006002773783e-01 1.546664264606355010e-06 5.586248520802954949e-13 4.349500271376252479e-16
2.000000000000000042e-03 9.891269010689522911e-01 6.947239942111660540e-06 6.662941950855754488e-12 1.931937133527015997e-14
2.500000000000000052e-03 9.819624350111965105e-01 2.487532653251221584e-05 4.737694918808223248e-11 3.891714801862897000e-13
3.000000000000000496e-03 9.723513282381613942e-01 7.742405520805875586e-05 2.429493052613519842e-10 4.659959665789603263e-12
3.500000000000000507e-03 9.597940156213629059e-01 2.198652874224523985e-04 9.908790426579030088e-10 3.779855056342132840e-11
4.000000000000000083e-03 9.435954666877466313e-01 5.880842964034679616e-04 3.422741670447438853e-09 2.214063284225301522e-10
4.500000000000000527e-03 9.227137361850566988e-01 1.507283521715594224e-03 1.040065493866605064e-08 9.696822038997239559e-10
5.000000000000000104e-03 8.954564604482633250e-01 3.749573930299753867e-03 2.849019154414193307e-08 3.272282419442377512e-09
5.500000000000000548e-03 8.588607163126552591e-01 9.112103187582380054e-03 6.757017259104102614e-08 8.817144532550341480e-09
6.000000000000000992e-03 8.074961008827594711e-01 2.160153627216780670e-02 1.310536510880192514e-07 1.972046606415769355e-08
6.500000000000000569e-03 7.321689590993795127e-01 4.881586299082379260e-02 2.180554362038087229e-07 3.796113038385498305e-08
7.000000000000001013e-03 6.220970766753847192e-01 9.996246052194882048e-02 3.291468643177306998e-07 6.483617225459359385e-08
7.499999999999999722e-03 4.812442124565006751e-01 1.700236506332806208e-01 4.617906641730411890e-07 1.006762893129302182e-07
8.000000000000000167e-03 3.444026226414977909e-01 2.245385508238323669e-01 6.110390626225992690e-07 1.448665747670485121e-07
8.500000000000000611e-03 2.405203720313577320e-01 2.375236833046570351e-01 7.717814510344867502e-07 1.960806497212318435e-07
9.000000000000001055e-03 1.702199997685699684e-01 2.144500305486318759e-01 9.419159630684115954e-07 2.525978283736921241e-07
9.500000000000001499e-03 1.236283254502566487e-01 1.734169518976589885e-01 1.115951179765858206e-06 3.126004092477042319e-07
1.000000000000000021e-02 9.214308009543070721e-02 1.302809686205497752e-01 1.295392430030843839e-06 3.743964922280190965e-07
1.050000000000000065e-02 7.025283386824592025e-02 9.407682962433203122e-02 1.475114095629245169e-06 4.365548792953730330e-07
1.100000000000000110e-02 5.462398737640463547e-02 6.606668158845993566e-02 1.657359888274012806e-06 4.979620411691582886e-07
1.150000000000000154e-02 4.320517889853900395e-02 4.649358842472620101e-02 1.838566920130047221e-06 5.578240053288375901e-07
1.200000000000000198e-02 3.469386740263582375e-02 3.250475906296727835e-02 2.017480787124377927e-06 6.156318502550347400e-07
1.250000000000000069e-02 2.823731558374005871e-02 2.300387093052857351e-02 2.198939371241771172e-06 6.711117610827908144e-07
1.300000000000000114e-02 2.326223378284648924e-02 1.641080459678285683e-02 2.378649369497080248e-06 7.241706389533868180e-07
1.350000000000000158e-02 1.937433781552301212e-02 1.185151466768944936e-02 2.556367144311692484e-06 7.748460414400522693e-07
1.400000000000000203e-02 1.629703732001284641e-02 8.776204384329064356e-03 2.736936646229918364e-06 8.232627688183870973e-07
1.450000000000000247e-02 1.383286482987750553e-02 6.412488906473048575e-03 2.914048661986469590e-06 8.695972284659619377e-07
1.499999999999999944e-02 1.183859121873002788e-02 4.599369631859726720e-03 3.095233780534082394e-06 9.140525937867022233e-07
1.550000000000000162e-02 1.020881487882574143e-02 3.436095670575594740e-03 3.276106227969529261e-06 9.568404647338972176e-07
1.600000000000000033e-02 8.864931911449198607e-03 2.767350352134510371e-03 3.457151509995147966e-06 9.981679408739099270e-07
1.650000000000000078e-02 7.747598539582890159e-03 1.963876673584921163e-03 3.636613514361288926e-06 1.038229396290740862e-06
1.700000000000000122e-02 6.811499353591941690e-03 2.046310735026163688e-02 3.823025735578105428e-06 1.077202191803491686e-06
1.750000000000000167e-02 6.021663167503454699e-03 1.823595018670417026e-02 4.006895736658813237e-06 1.115245090739425895e-06
1.800000000000000211e-02 5.350834971673901555e-03 1.651663512975342848e-02 4.195177560756945910e-06 1.152497229545256479e-06
1.850000000000000255e-02 4.777577900209446782e-03 1.491415221948794341e-02 4.381799890701940802e-06 1.189078633311762621e-06
1.900000000000000300e-02 4.284886347538497016e-03 1.350508547925351882e-02 4.571686037490659777e-06 1.225091800905445224e-06
1.950000000000000344e-02 3.859161569995162890e-03 1.221520567726482216e-02 4.766880930177401004e-06 1.260623544456018305e-06
2.000000000000000042e-02 3.489446510813607339e-03 1.105217986417991738e-02 4.963889404336455168e-06 1.295729771792535310e-06
