# time 1 2 D-1 D
0.000000000000000000e+00 9.999999669477424025e-01 3.505030733610206197e-09 7.223412785802956736e-35 2.259300142280437018e-34
2.500000000000000486e-03 9.994204205316816747e-01 5.201713997252558652e-08 5.930350920954212607e-17 7.722361540515481865e-23
5.000000000000000971e-03 9.974926362805544011e-01 8.635933371891198528e-07 1.811098089768271610e-14 4.569327253917228270e-19
7.500000000000001457e-03 9.938201055730395694e-01 5.476195981305046112e-06 5.410032337799636743e-13 9.350247010125161832e-17
1.000000000000000194e-02 9.878708765257631086e-01 2.253075727978835565e-05 6.161398867004407713e-12 4.566785790030849362e-15
1.250000000000000069e-02 9.789994646377933041e-01 7.295751602264654169e-05 4.055489599486149638e-11 9.836740951251980711e-14
1.500000000000000291e-02 9.664653131740060799e-01 2.038171658322751752e-04 1.855305123974264115e-10 1.212231767389261424e-12
1.750000000000000167e-02 9.494344984356885009e-01 5.166159505575138857e-04 6.481655992178460229e-10 9.659534222073408087e-12
2.000000000000000389e-02 9.269420713381714139e-01 1.228609042525336849e-03 1.836776227126733029e-09 5.281788146140061188e-11
2.250000000000000264e-02 8.977755415875553480e-01 2.796001057910249728e-03 4.374106020910957007e-09 2.055246242131178490e-10
2.500000000000000139e-02 8.602055255207614604e-01 6.182692672308238643e-03 8.963016575824345529e-09 5.912961990434208810e-10
2.750000000000000361e-02 8.114292961835638529e-01 1.341025941094827964e-02 1.537674290286762186e-08 1.319203208376271531e-09
3.000000000000000583e-02 7.465647038154878956e-01 2.857396083310832779e-02 2.164772974303450602e-08 2.401521811701219139e-09
3.250000000000000111e-02 6.579160628162381563e-01 5.866643916523366087e-02 2.700495299536162858e-08 3.734833222355363178e-09
3.500000000000000333e-02 5.380788295572411783e-01 1.106098876411524268e-01 3.163300687568308696e-08 5.150844271105465435e-09
3.750000000000000555e-02 3.955984324324886003e-01 1.759861707510288475e-01 3.539083556408169652e-08 6.484324533079438651e-09
4.000000000000000777e-02 2.656489614217404926e-01 2.209995997040426208e-01 3.813787379751733642e-08 7.617481947463397965e-09
4.250000000000000999e-02 1.723913591564138759e-01 2.250260022785195713e-01 3.990206269131402192e-08 8.492206142241462334e-09
4.500000000000000527e-02 1.126327239640255024e-01 1.971040671417811641e-01 4.092302425095858704e-08 9.100901886509526342e-09
4.750000000000000749e-02 7.520094270948445014e-02 1.554443557381584018e-01 4.129989677678789531e-08 9.469311688962899693e-09
5.000000000000000278e-02 5.137379481779743434e-02 1.142918398728532819e-01 4.135313815634824391e-08 9.639530020681245471e-09
5.250000000000000500e-02 3.582354796734076030e-02 8.092071170772398292e-02 4.112127497722314482e-08 9.657713805896351142e-09
5.500000000000000722e-02 2.543331916209200239e-02 5.580057321203305692e-02 4.082027340271262504e-08 9.566990971053116564e-09
5.750000000000000944e-02 1.834634098353142215e-02 3.851499371867991156e-02 4.046024275880034157e-08 9.403753844443188731e-09
6.000000000000001166e-02 1.342451762981284463e-02 2.640476266793690546e-02 4.009060037080930884e-08 9.196572076459834873e-09
6.250000000000000000e-02 9.951168433389580986e-03 1.827544164552812392e-02 3.985412331082588375e-08 8.967246836202778194e-09
6.500000000000000222e-02 7.464333372746892459e-03 1.271728932250082433e-02 3.968522872044568073e-08 8.731355342296055530e-09
6.750000000000000444e-02 5.660202920748478791e-03 8.926223192996218456e-03 3.959801296641302850e-08 8.499535423164649573e-09
7.000000000000000666e-02 4.335421621991407057e-03 6.384834323331534979e-03 3.967383717892967442e-08 8.278796637644439336e-09
7.250000000000000888e-02 3.351704379122633515e-03 4.507815306617863130e-03 3.981020195868622145e-08 8.073502866178262668e-09
7.500000000000001110e-02 2.613651099630751387e-03 3.127796670437477198e-03 4.011486399250485215e-08 7.885889908752434374e-09
7.750000000000001332e-02 2.054567584358942944e-03 2.238498096575558538e-03 4.051607804889187530e-08 7.716911362764789407e-09
8.000000000000001554e-02 1.627250918147592901e-03 1.695587818592370240e-03 4.101269439337714194e-08 7.566605224578086106e-09
8.250000000000001776e-02 1.297908338881205177e-03 1.151266587581478663e-03 4.157621427853261337e-08 7.434436190991023594e-09
8.500000000000001998e-02 1.042087301575247548e-03 7.518806507882239143e-03 4.230429907479693225e-08 7.319504927669673442e-09
8.750000000000000833e-02 8.419157877033815176e-04 6.389563009430969040e-03 4.307179635975920318e-08 7.220687044205611495e-09
9.000000000000001055e-02 6.842081370018063356e-04 5.550966281273688428e-03 4.395777605587528641e-08 7.136763745883131634e-09
9.250000000000001277e-02 5.591500397367526369e-04 4.813022642093182576e-03 4.488098890579544718e-08 7.066475283950549102e-09
9.500000000000001499e-02 4.593756686246209327e-04 4.192322324855622499e-03 4.589329268063605100e-08 7.008573613396332951e-09
9.750000000000001721e-02 3.793134407394606528e-04 3.650680701743331744e-03 4.701247058938146808e-08 6.961830823970457087e-09
1.000000000000000056e-01 3.147127868636228482e-04 3.182799430360575780e-03 4.818747125182008402e-08 6.924553862036147955e-09
