# time 1 2 D-1 D
0.000000000000000000e+00 9.999999755116867339e-01 9.929979387339761137e-09 6.600272210172522100e-35 6.750276309596984678e-36
5.000000000000000104e-04 9.999930412910943422e-01 5.371755980078779943e-06 6.612228891086251957e-29 5.277519660098192829e-28
1.000000000000000021e-03 9.998552650818014476e-01 1.152896774929467263e-04 1.053807785860978730e-24 4.837129170458645311e-25
1.500000000000000248e-03 9.990414744676658909e-01 7.743169499151786794e-04 9.320744591199716467e-24 3.102990013189287687e-24
2.000000000000000042e-03 9.960594054789295715e-01 3.182112415712285303e-03 1.058311184911512792e-23 8.772959784315095235e-23
2.500000000000000052e-03 9.877140283675269750e-01 9.826229572758428052e-03 3.685775224140027369e-23 6.914681277933805035e-22
3.000000000000000496e-03 9.686294804723606378e-01 2.455040407732910629e-02 3.467431785547063168e-21 2.873958525811170442e-21
3.500000000000000507e-03 9.325157413062026279e-01 5.091121899769358167e-02 7.868595875146421815e-20 6.324991584301266322e-21
4.000000000000000083e-03 8.764790935617470247e-01 8.919465535289612668e-02 1.080765120957728753e-18 7.968685211954267101e-21
4.500000000000000527e-03 8.055021228638659103e-01 1.323086410211070096e-01 1.106995631568620946e-17 3.619006484879825576e-20
5.000000000000000104e-03 7.307432523037684646e-01 1.708161351046715293e-01 8.725910702686369916e-17 1.299288483116435024e-18
5.500000000000000548e-03 6.625243842577588360e-01 1.907059529024323630e-01 5.178419528266640398e-16 3.342453018497339964e-17
6.000000000000000992e-03 6.059745040214088441e-01 1.706911950242394338e-01 2.232389205006544901e-15 4.595628726511453476e-16
6.500000000000000569e-03 5.616868492623681153e-01 1.249399238824964731e-01 6.785813688442774218e-15 3.667626863839063158e-15
7.000000000000001013e-03 5.280437103869396465e-01 9.007667970600900798e-02 1.413808301184307867e-14 1.791776695678150649e-14
7.499999999999999722e-03 5.028687391743489332e-01 6.969212803086938246e-02 2.096187504837916679e-14 5.747518958618450216e-14
8.000000000000000167e-03 4.841609311742482435e-01 5.730067920952221922e-02 2.315802922098152034e-14 1.318326616676759152e-13
8.500000000000000611e-03 4.703037716434392279e-01 4.897632849306132741e-02 1.575031130363282112e-14 2.304938050682971040e-13
9.000000000000001055e-03 4.600609752249035789e-01 4.302434022762399723e-02 5.145556043751624323e-15 3.177674995386071349e-13
9.500000000000001499e-03 4.525088363096561039e-01 3.851769095940562465e-02 3.035983127935834581e-13 3.461854943455115123e-13
1.000000000000000021e-02 4.469634818999232984e-01 3.496504758334276902e-02 1.422977883252704884e-12 2.871172933216019241e-13
1.050000000000000065e-02 4.429195597510302007e-01 3.200614898278390796e-02 3.624693795287216159e-12 1.583744281053118920e-13
1.100000000000000110e-02 4.400030513060643189e-01 2.963092513259744584e-02 6.739571921017054294e-12 3.161350845854475980e-14
1.150000000000000154e-02 4.379364365107161761e-01 2.761496492361889196e-02 1.032932528630573707e-11 1.276038468194435678e-14
1.200000000000000198e-02 4.365132549283641805e-01 2.583423137470197001e-02 1.370083720873682099e-11 2.030357886251008657e-13
1.250000000000000069e-02 4.355794225650635454e-01 2.430680029515280144e-02 1.607597241390296010e-11 6.593714949257240492e-13
1.300000000000000114e-02 4.350196981948827868e-01 2.290966760466049343e-02 1.698676719080259081e-11 1.369330785648234053e-12
1.350000000000000158e-02 4.347477053383859702e-01 2.175550435238920652e-02 1.609581474228072848e-11 2.249323955795392778e-12
1.400000000000000203e-02 4.346985681449448413e-01 2.071671223158928418e-02 1.367530057960699578e-11 3.163639289329084985e-12
1.450000000000000247e-02 4.348234200747136402e-01 1.984115419938916811e-02 1.007461585916108604e-11 3.954778999020295911e-12
1.499999999999999944e-02 4.350852830367742952e-01 1.896936077924930852e-02 6.071980988439763516e-12 4.479849300730929323e-12
1.550000000000000162e-02 4.354559698299201309e-01 1.826135159881499270e-02 2.569678912191952155e-12 4.637335122114857962e-12
1.600000000000000033e-02 4.359137842412081909e-01 1.750993482445194899e-02 5.194353747988633519e-13 4.389307986893534898e-12
1.650000000000000078e-02 4.364417561820821412e-01 1.690207110699904619e-02 8.962078640189318599e-13 3.767295789800340315e-12
1.700000000000000122e-02 4.370263589248684633e-01 1.636506358939667297e-02 4.582232618903072086e-12 2.871177368693141214e-12
1.750000000000000167e-02 4.376565867344692773e-01 1.589449062611011931e-02 1.233516451490716455e-11 1.862054757235441758e-12
1.800000000000000211e-02 4.383233255908444148e-01 1.542120100242591434e-02 2.481893715456634398e-11 9.516507272896081713e-13
1.850000000000000255e-02 4.390188313044735557e-01 1.495423813162455318e-02 4.244702351979674256e-11 3.824880455594279041e-13
1.900000000000000300e-02 4.397364434524232979e-01 1.461714807719964766e-02 6.567448258786637250e-11 4.168964978288216089e-13
1.950000000000000344e-02 4.404704266042687721e-01 1.420503057626492163e-02 9.470109460257896674e-11 1.324138406866194969e-12
2.000000000000000042e-02 4.412160937304014929e-01 1.393457346321309333e-02 1.294479022259211911e-10 3.366841638351037540e-12
