# time 1 2 D-1 D
0.000000000000000000e+00 9.999999755116867339e-01 9.929979387339761137e-09 6.600272210172522100e-35 6.750276309596984678e-36
2.500000000000000486e-03 9.999957168639534988e-01 3.180189372432490836e-06 2.388169740832789361e-28 4.050742709664876472e-28
5.000000000000000971e-03 9.999090677499319346e-01 7.053712283519628470e-05 8.536241409594300950e-25 3.999377592242912102e-25
7.500000000000001457e-03 9.993815525268053834e-01 4.908016352174791137e-04 8.628527429268921350e-24 2.996978897466734242e-24
1.000000000000000194e-02 9.973809191029211485e-01 2.093643961992518697e-03 2.216437475697361516e-23 7.541117395452320715e-23
1.250000000000000069e-02 9.915765836602828953e-01 6.716187785692779265e-03 8.535650713567965045e-24 5.765074389018110361e-22
1.500000000000000291e-02 9.778267660960424656e-01 1.742351397207515112e-02 1.541232858064914489e-21 1.856715687489232339e-21
1.750000000000000167e-02 9.509595460897600772e-01 3.744789087344368300e-02 3.525924887121716083e-20 4.532652216797554041e-22
2.000000000000000389e-02 9.081313008983854518e-01 6.776739610468869579e-02 4.443899655257340004e-19 4.512862087567526830e-20
2.250000000000000264e-02 8.527647755190763679e-01 1.034237646031735819e-01 3.807984182663540777e-18 9.724517574192707941e-19
2.500000000000000139e-02 7.936816973412327281e-01 1.366931369508332383e-01 2.275278637631308045e-17 6.688920936138132547e-18
2.750000000000000361e-02 7.394749545435365112e-01 1.553228898781887080e-01 8.962934383512979769e-17 2.021829049365542798e-17
3.000000000000000583e-02 6.946270900982214336e-01 1.404903884731911745e-01 1.974080996942812298e-16 2.354611831729539786e-17
3.250000000000000111e-02 6.597989711892612297e-01 1.033074822421938543e-01 1.366595832275665728e-16 1.547716811289715340e-17
3.500000000000000333e-02 6.337032759117091629e-01 7.461124798698688665e-02 9.669952602950899881e-17 5.721968151832376866e-17
3.750000000000000555e-02 6.145201879085657737e-01 5.776684136378197609e-02 3.481326528565074185e-15 8.922820050654279851e-17
4.000000000000000777e-02 6.005552875233276522e-01 4.750650213173149283e-02 1.484295483899717264e-14 5.650809047741074499e-16
4.250000000000000999e-02 5.904395395483780229e-01 4.061666612588810121e-02 1.334863187278327304e-14 3.994975070920368933e-15
4.500000000000000527e-02 5.831339911560819989e-01 3.570640096389608026e-02 4.151720642707823656e-15 1.464143799510346571e-14
4.750000000000000749e-02 5.778729840118794758e-01 3.201313728403697850e-02 2.705182808180331510e-14 3.498347526389814226e-14
5.000000000000000278e-02 5.740994881629009061e-01 2.913337152740126321e-02 6.166093595580304659e-14 6.151491981058171603e-14
5.250000000000000500e-02 5.714103257908915712e-01 2.676913677865244354e-02 1.355653636668357907e-13 8.409973532526824642e-14
5.500000000000000722e-02 5.695137553368320171e-01 2.490704025036991412e-02 3.027943052802965083e-13 9.210082901560127287e-14
5.750000000000000944e-02 5.681982456975618323e-01 2.335945395972196040e-02 6.510916243828420136e-13 8.647339915986132130e-14
6.000000000000001166e-02 5.673100718365950978e-01 2.202250824602683746e-02 1.307104849081398488e-12 9.371370509782211689e-14
6.250000000000000000e-02 5.667374009639845056e-01 2.090555555869814952e-02 2.408623326489354234e-12 1.767055964346084351e-13
6.500000000000000222e-02 5.663987726513712850e-01 1.990658152456182065e-02 4.096463358633593045e-12 4.385260581013640985e-13
6.750000000000000444e-02 5.662348845939375597e-01 1.911354363093967917e-02 6.451912167599468468e-12 1.017943013592782051e-12
7.000000000000000666e-02 5.662026627095273490e-01 1.842094628750586341e-02 9.574414356464813397e-12 2.078017424466314411e-12
7.250000000000000888e-02 5.662708700363361380e-01 1.786484146264543868e-02 1.342538695329955426e-11 3.790507480777797133e-12
7.500000000000001110e-02 5.664169124310084458e-01 1.731247252834423531e-02 1.798084488643748725e-11 6.319456675943829551e-12
7.750000000000001332e-02 5.666244297733253887e-01 1.689485275906704373e-02 2.321742953298408630e-11 9.808069496102688404e-12
8.000000000000001554e-02 5.668814883601103194e-01 1.643610842801798005e-02 2.888878290256280110e-11 1.436846788386565521e-11
8.250000000000001776e-02 5.671790163771603943e-01 1.609442471440263381e-02 3.507661764912546399e-11 2.006939621986084432e-11
8.500000000000001998e-02 5.675101902647503582e-01 1.580841216726607684e-02 4.145514114733526962e-11 2.694424459451759931e-11
8.750000000000000833e-02 5.678695325188055643e-01 1.557274372628895953e-02 4.798426301843850599e-11 3.499048536663880024e-11
9.000000000000001055e-02 5.682522500889446437e-01 1.532686611514083065e-02 5.463721697045917747e-11 4.416445562753317127e-11
9.250000000000001277e-02 5.686541709482333395e-01 1.507928519911803412e-02 6.116555882257540263e-11 5.438990805132632849e-11
9.500000000000001499e-02 5.690716377712473628e-01 1.493857111362878465e-02 6.765696404700026752e-11 6.557676681122462367e-11
9.750000000000001721e-02 5.695013269052623395e-01 1.472229853167165634e-02 7.398175933217867363e-11 7.762529045903752473e-11
1.000000000000000056e-01 5.699509405959830577e-01 1.462482109002228789e-02 7.997911279918726565e-11 9.038354730049723065e-11
