# time 1 2 D-1 D
0.000000000000000000e+00 9.999999440535572992e-01 2.625677336737615416e-08 9.878158870427107434e-36 9.642956685329473862e-37
1.250000000000000243e-03 9.957073834590327577e-01 2.711252727491071223e-03 1.166321784622639531e-30 4.018340998842695950e-33
2.500000000000000486e-03 9.802464437302189637e-01 1.341496247763143169e-02 1.950138586675643274e-26 2.097247277599066358e-28
3.750000000000000729e-03 9.486179231286635538e-01 3.693859535835411489e-02 6.112496574702963881e-24 1.194724663604615959e-25
5.000000000000000971e-03 8.944374515470925324e-01 7.899380788820212218e-02 3.962215550966104011e-22 1.074870938706388063e-23
6.250000000000000347e-03 8.112333889658804864e-01 1.438681841644202652e-01 1.116653183814784755e-20 3.660749294201832280e-22
7.500000000000001457e-03 6.962227749782808894e-01 2.277408205901652605e-01 1.919452384874022034e-19 7.099526071086782442e-21
8.750000000000000833e-03 5.561673966263942503e-01 3.118422545170527749e-01 2.403068342874162504e-18 9.911338296631388394e-20
1.000000000000000194e-02 4.097596255383736397e-01 3.657249821369328302e-01 2.421978146487240305e-17 1.154284892863220909e-18
1.125000000000000132e-02 2.797138799231224660e-01 3.532496023515351302e-01 2.102569618058698199e-16 1.224457152146166772e-17
1.250000000000000069e-02 1.800128897230975911e-01 2.300574317342812813e-01 1.611579209272893289e-15 1.227859545581703794e-16
1.375000000000000180e-02 1.117082028886079020e-01 1.533896173023628073e-01 1.126216182514701571e-14 1.156258691772012943e-15
1.500000000000000291e-02 6.822950186419951546e-02 4.001684465819332209e-02 7.412098257509880129e-14 9.841203174961831036e-15
1.625000000000000056e-02 4.165532343642461971e-02 1.805634204523172762e-02 4.726010681582263228e-13 7.218977212032306971e-14
1.750000000000000167e-02 2.568449401155776038e-02 1.052638363575617540e-02 3.092987968912243288e-12 4.430481888488556460e-13
1.875000000000000278e-02 1.609663968095738015e-02 6.547374102914815461e-03 2.132104301181870319e-11 2.272316107645970004e-12
2.000000000000000389e-02 1.028996121727260987e-02 4.356417352255768406e-03 1.607292643499560372e-10 9.904765558729408931e-12
2.125000000000000500e-02 6.721326126280817090e-03 2.960037792350393628e-03 9.965989715402704925e-10 3.748869737486200916e-11
2.250000000000000264e-02 4.488413650646378046e-03 2.074472026424976304e-03 3.373544430831455897e-09 1.256583370380085341e-10
2.375000000000000375e-02 3.063657479165734013e-03 1.484437835844487283e-03 6.955340177031997864e-09 3.791970979442948254e-10
2.500000000000000139e-02 2.136069832470982761e-03 1.086765664195838690e-03 1.631031031412495578e-08 1.044175849814974511e-09
2.625000000000000250e-02 1.519933403187030858e-03 8.120467554811270630e-04 3.566483313037972353e-08 2.652958599342329660e-09
2.750000000000000361e-02 1.102589782281130455e-03 6.139548024574868496e-04 7.400553931261708660e-08 6.276840283904777648e-09
2.875000000000000472e-02 8.145258507012562632e-04 4.746453643307839052e-04 1.434998318150125643e-07 1.393723163098377571e-08
3.000000000000000583e-02 6.120887209404387479e-04 3.724798837831030658e-04 2.609116184660611565e-07 2.923442612038050682e-08
3.125000000000000000e-02 4.673788379580758219e-04 2.954023667870507661e-04 4.523451954492896589e-07 5.825381351565584081e-08
3.250000000000000111e-02 3.622546493960152655e-04 2.386633572816578605e-04 7.434024084550834853e-07 1.107973232353562205e-07
3.375000000000000222e-02 2.847191431079052013e-04 1.943088608922586007e-04 1.172863678601915995e-06 2.019540494780593095e-07
3.500000000000000333e-02 2.267094181930606528e-04 1.603823253973863739e-04 1.775698242794581465e-06 3.539725492625352889e-07
3.625000000000000444e-02 1.827224395530701467e-04 1.339350730995758014e-04 2.585911606296927031e-06 5.983028119441041771e-07
3.750000000000000555e-02 1.489458818892592281e-04 1.130053270933914413e-04 3.638662136108652164e-06 9.777355265218712814e-07
3.875000000000000666e-02 1.227012914768296141e-04 9.605131720550047893e-05 4.984580876420751095e-06 1.547313865547582866e-06
4.000000000000000777e-02 1.020819320186930042e-04 8.255849383098408519e-05 6.632460284195579859e-06 2.376703662025216161e-06
4.125000000000000888e-02 8.571270556805497245e-05 7.134796153493760181e-05 8.590376827777471911e-06 3.548489750451944037e-06
4.250000000000000999e-02 7.258991083996178242e-05 6.230074641366479995e-05 1.083245078492236406e-05 5.157587364727672323e-06
4.375000000000000416e-02 6.197288680113661530e-05 5.464289940305089944e-05 1.341655902770016011e-05 7.307740075261392816e-06
4.500000000000000527e-02 5.330883190828741391e-05 4.832549917462157545e-05 1.630944498896218136e-05 1.011156044104664934e-05
4.625000000000000638e-02 4.618087208185534670e-05 4.289935938266803780e-05 1.939560220443702602e-05 1.367654753717194961e-05
4.750000000000000749e-02 4.027187521584613442e-05 3.840089661209746577e-05 2.272785241116004684e-05 1.811431156799621882e-05
4.875000000000000860e-02 3.533811445514155119e-05 3.446480720170232425e-05 2.637245842377832584e-05 2.352682618069753618e-05
5.000000000000000278e-02 3.119059096206022323e-05 3.115946672029488263e-05 3.011035141610976838e-05 3.000522809875688784e-05
