# time 1 2 D-1 D
0.000000000000000000e+00 9.999999577563485342e-01 1.480209518161305185e-08 1.465014591626860009e-34 2.226873028587049894e-36
5.000000000000000104e-04 9.999983489201701436e-01 1.040532306392034371e-08 8.847859584993278167e-30 2.726281073728690211e-32
1.000000000000000021e-03 9.999746321780654812e-01 3.410089317717311832e-07 4.929504275166724541e-26 7.632231431784851936e-28
1.500000000000000248e-03 9.998767567723904071e-01 2.627609382246364182e-06 1.205449979435878256e-23 2.325189061536298199e-25
2.000000000000000042e-03 9.996203392335780702e-01 1.226323054483578817e-05 1.537786763590152952e-22 3.801699478958733269e-24
2.500000000000000052e-03 9.990744587428966872e-01 4.483504903513101764e-05 9.916532308055008567e-22 1.149950843268565840e-22
3.000000000000000496e-03 9.980227779011420219e-01 1.412648860298508285e-04 8.526418734979167058e-21 1.069292734939110773e-21
3.500000000000000507e-03 9.960799711415727620e-01 4.066320186765021638e-04 4.664040835675130899e-20 6.868627520444386393e-21
4.000000000000000083e-03 9.925176948363643170e-01 1.101347145295459825e-03 1.885674010084928958e-19 3.388865049677264156e-20
4.500000000000000527e-03 9.858914838362266009e-01 2.882518917956494384e-03 7.695324705681820771e-19 1.453254857885859856e-19
5.000000000000000104e-03 9.732028729589505822e-01 7.412133380726122073e-03 3.325073911276769030e-18 5.631348745508668123e-19
5.500000000000000548e-03 9.479671760026820992e-01 1.895556828571638708e-02 1.352707534326996262e-17 2.124753846278224283e-18
6.000000000000000992e-03 8.962339631272100426e-01 4.790545143215278051e-02 6.288437338431012869e-17 8.184085748267635130e-18
6.500000000000000569e-03 7.930495225301963380e-01 1.138667255875646239e-01 3.026349211829417452e-16 3.180306510130886089e-17
7.000000000000001013e-03 6.235035325683114804e-01 2.241614931144395861e-01 1.328288539641264913e-15 1.178681354546105762e-16
7.499999999999999722e-03 4.385302862834213888e-01 3.193737853573103136e-01 5.051094688979303668e-15 3.940385905559475997e-16
8.000000000000000167e-03 2.995112695697695337e-01 3.318577658961765486e-01 1.648491566775453233e-14 1.149675335536463507e-15
8.500000000000000611e-03 2.104764212882923313e-01 2.702593581750289964e-01 4.663816462411099052e-14 2.893043867112707815e-15
9.000000000000001055e-03 1.539696455478015980e-01 1.883308160518389618e-01 1.161284799271191751e-13 6.283852300104298574e-15
9.500000000000001499e-03 1.167424464916955867e-01 1.256439414632064266e-01 2.576237083133921281e-13 1.185757834772183438e-14
1.000000000000000021e-02 9.124446434815400298e-02 8.578414910792746262e-02 5.182924108999580304e-13 1.958128713745739288e-14
1.050000000000000065e-02 7.323242143088952438e-02 6.204333017728480559e-02 9.572805350757075462e-13 2.846773101184834590e-14
1.100000000000000110e-02 6.020185963394567713e-02 4.588916017666082314e-02 1.641153061973189832e-12 3.653324356424790844e-14
1.150000000000000154e-02 5.059268341013403031e-02 4.714946082067127814e-02 2.636274785136182333e-12 4.126476771842714922e-14
1.200000000000000198e-02 4.338993729164195012e-02 4.375129132540375720e-02 3.990824568333669825e-12 4.051362835512237114e-14
1.250000000000000069e-02 3.791212718071081816e-02 4.033930856026901601e-02 5.765315360847838865e-12 3.351303940338315548e-14
1.300000000000000114e-02 3.369103706569487322e-02 3.777883437761585250e-02 7.968516561022972578e-12 2.164672331076765577e-14
1.350000000000000158e-02 3.039917993128736506e-02 3.715144377015824201e-02 1.060527438902048299e-11 8.697712146336375625e-15
1.400000000000000203e-02 2.780396106948609253e-02 3.579606435953817251e-02 1.366337725253944682e-11 5.099751643319062433e-16
1.450000000000000247e-02 2.573781724057788364e-02 3.305537301004864842e-02 1.706418864619599330e-11 4.123650859637464481e-15
1.499999999999999944e-02 2.407835989962147510e-02 2.463472256660555193e-02 2.080736192520558852e-11 2.684790948161090579e-14
1.550000000000000162e-02 2.273498986885370138e-02 1.761358912875883587e-02 2.474527449981439591e-11 7.533043653799629926e-14
1.600000000000000033e-02 2.163975400268076596e-02 1.420518130362545886e-02 2.885549119128202298e-11 1.547160353243687084e-13
1.650000000000000078e-02 2.074104105505831380e-02 1.235541274808836000e-02 3.308157862196572026e-11 2.684802041171922387e-13
1.700000000000000122e-02 1.999918542833203222e-02 1.134346641926378338e-02 3.733121742863005250e-11 4.179017050445677697e-13
1.750000000000000167e-02 1.938336723816899351e-02 1.066436552869983248e-02 4.162555527472700121e-11 6.028646924914977108e-13
1.800000000000000211e-02 1.886940104046692240e-02 1.018302831038833504e-02 4.573160902699921870e-11 8.216348502270649924e-13
1.850000000000000255e-02 1.843813874878890910e-02 9.911782237550077757e-03 4.976306118597532164e-11 1.071634672519745605e-12
1.900000000000000300e-02 1.807430199019612396e-02 9.762758590344228216e-03 5.367978325765739668e-11 1.349649399498203752e-12
1.950000000000000344e-02 1.776561769713502770e-02 9.628911675522482116e-03 5.740205813885858560e-11 1.652154623948267142e-12
2.000000000000000042e-02 1.750218813916768965e-02 9.592730925682082035e-03 6.095753398888993055e-11 1.975632952190307842e-12
