# time 1 2 D-1 D
0.000000000000000000e+00 9.999999454703404345e-01 7.443107400494661816e-09 3.989907924954124840e-37 1.463146083663155480e-36
1.250000000000000243e-03 9.958241820591792193e-01 1.223266184590919787e-03 2.085569444305974918e-28 1.391337228253459832e-30
2.500000000000000486e-03 9.812589515110666794e-01 6.258638977817449801e-03 5.086265907462363449e-24 1.141905972983268307e-25
3.750000000000000729e-03 9.523285113671415836e-01 1.805592272021283237e-02 2.241975455233866692e-21 9.650918919341046193e-23
5.000000000000000971e-03 9.036374766101429312e-01 4.100511297912222408e-02 1.926253219547035490e-19 1.290122442448952948e-20
6.250000000000000347e-03 8.285785069092708177e-01 8.061324942962468099e-02 6.847387011820769097e-18 6.431567547363216454e-19
7.500000000000001457e-03 7.212175215429544872e-01 1.414836360651270664e-01 1.389866271704616469e-16 1.757671985023689811e-17
8.750000000000000833e-03 5.818163956723095831e-01 2.208021460616847731e-01 1.919522722721321220e-15 3.240684222202178052e-16
1.000000000000000194e-02 4.249752168652313200e-01 2.943124565351712407e-01 1.987679970570525498e-14 4.555722908320661141e-15
1.125000000000000132e-02 2.790577662196868092e-01 2.944365358782063957e-01 1.631809799308168912e-13 5.236043276113445280e-14
1.250000000000000069e-02 1.679712979659471750e-01 1.922741679655821656e-01 1.102778157978527800e-12 5.043707812640411155e-13
1.375000000000000180e-02 9.609742114465408269e-02 1.051105596959135136e-01 6.404299465725923788e-12 4.008437085021531582e-12
1.500000000000000291e-02 5.410956560638176954e-02 5.580041414959210216e-02 3.328364838306070434e-11 2.550875844160965498e-11
1.625000000000000056e-02 3.073624052178317370e-02 2.919159403159368726e-02 1.419162974891472720e-10 1.290146257316771856e-10
1.750000000000000167e-02 1.787179306509827093e-02 1.576761047074096145e-02 4.833433686136698262e-10 5.281345188712788518e-10
1.875000000000000278e-02 1.071518066834580701e-02 8.907552993021278925e-03 1.399695679172982987e-09 1.796700715969405830e-09
2.000000000000000389e-02 6.642718492653808954e-03 5.331592139188808498e-03 3.559126062020373465e-09 5.211497653537261825e-09
2.125000000000000500e-02 4.258600421288955516e-03 3.355840511843160862e-03 8.168567059493338830e-09 1.319483557464477736e-08
2.250000000000000264e-02 2.819715580188614148e-03 2.205575690850203417e-03 1.714371068052225895e-08 2.977891652400791112e-08
2.375000000000000375e-02 1.924422735903204111e-03 1.508568972058677753e-03 3.331243374031131214e-08 6.100395446729418045e-08
2.500000000000000139e-02 1.350734759110517420e-03 1.063264106882668260e-03 6.040162189193093657e-08 1.151801991304744772e-07
2.625000000000000250e-02 9.727718380627384427e-04 7.731136113812586306e-04 1.029280644452315537e-07 2.029806563921601931e-07
2.750000000000000361e-02 7.172240602020450934e-04 5.770221532626506776e-04 1.676998820685704884e-07 3.373624425868438701e-07
2.875000000000000472e-02 5.402490600660900385e-04 4.398493015502253516e-04 2.629188504003973828e-07 5.333395778759872176e-07
3.000000000000000583e-02 4.149489940880639262e-04 3.421965751220748704e-04 3.986606520854122418e-07 8.076414146063303160e-07
3.125000000000000000e-02 3.244120345216905702e-04 2.709703679165538742e-04 5.871480058294766304e-07 1.178295989041126591e-06
3.250000000000000111e-02 2.577602443413986753e-04 2.186232121871726011e-04 8.468548130875267518e-07 1.664175133119087741e-06
3.375000000000000222e-02 2.078424954226983014e-04 1.786624219310843956e-04 1.199598621437650802e-06 2.284532237415879464e-06
3.500000000000000333e-02 1.698627642189000028e-04 1.477848931352364835e-04 1.656745389965205437e-06 3.058560513608187068e-06
3.625000000000000444e-02 1.405431223352521437e-04 1.240653617958019210e-04 2.280783158501297325e-06 4.004990138860069839e-06
3.750000000000000555e-02 1.176042408688215052e-04 1.050638227251727587e-04 3.052010041201493111e-06 5.141730613341510368e-06
3.875000000000000666e-02 9.943509351451327086e-05 8.999483518468279826e-05 4.028566975488456809e-06 6.485574898759951607e-06
4.000000000000000777e-02 8.487983835531385233e-05 7.782452780691021682e-05 5.220530901195681976e-06 8.051966088495581998e-06
4.125000000000000888e-02 7.309334538871707036e-05 6.778692271895321044e-05 6.614750529617255119e-06 9.854804962799461110e-06
4.250000000000000999e-02 6.345736167495934915e-05 5.949101629323861918e-05 9.406649939700702776e-06 1.190632721963104589e-05
4.375000000000000416e-02 5.550749341889900997e-05 5.266241180480067316e-05 1.787100692249475194e-05 1.421704060140093182e-05
4.500000000000000527e-02 4.889289726953986243e-05 4.685073201431157311e-05 1.879242948686374944e-05 1.679565864103286168e-05
4.625000000000000638e-02 4.334627442760441478e-05 4.196347566808038856e-05 2.029894582944595424e-05 1.964911195475220549e-05
4.750000000000000749e-02 3.866080773615247204e-05 3.780283902494440540e-05 2.456538220565850631e-05 2.278261856974611417e-05
4.875000000000000860e-02 3.467497794157568803e-05 3.427646075001729694e-05 2.752143596436103007e-05 2.619966814585516195e-05
5.000000000000000278e-02 3.126523592251189988e-05 3.116889136468006864e-05 3.056628588889399791e-05 2.990215616990579280e-05
