# time 1 2 D-1 D
0.000000000000000000e+00 9.999999743194799562e-01 8.569988173430635649e-09 1.030673446800981687e-34 4.638030510604418447e-34
5.000000000000000104e-04 9.992491394608223887e-01 4.046082230704321998e-08 3.667908677191818816e-18 4.383285722688973638e-24
1.000000000000000021e-03 9.968560799616998924e-01 9.215426787997573968e-07 1.062794429923198130e-15 2.275835251495014433e-20
1.500000000000000248e-03 9.926156653017716991e-01 7.292611696236821449e-06 3.237317054774374789e-14 3.890559338412462043e-18
2.000000000000000042e-03 9.863284229048432383e-01 3.433169207056113785e-05 3.508460693366735247e-13 1.566629039216978049e-16
2.500000000000000052e-03 9.777887686750627028e-01 1.238311008352244212e-04 2.166994167489565388e-12 2.782747804525608740e-15
3.000000000000000496e-03 9.667560213170671712e-01 3.726795699966858649e-04 9.206236149128340615e-12 2.880606335114520153e-14
3.500000000000000507e-03 9.528979166754827368e-01 9.876163157827161365e-04 2.833106949144892437e-11 2.013371087755862760e-13
4.000000000000000083e-03 9.356901903182095470e-01 2.382430382852905679e-03 6.590252968674380679e-11 1.035710136140442144e-12
4.500000000000000527e-03 9.142490457860159569e-01 5.318499605815256437e-03 1.149220804344097970e-10 4.141509364464689488e-12
5.000000000000000104e-03 8.870737796347518689e-01 1.109993385491025476e-02 1.625125762996579678e-10 1.336933229078494348e-11
5.500000000000000548e-03 8.517128000933169574e-01 2.182625175603753603e-02 2.116275577689688130e-10 3.587796395811385238e-11
6.000000000000000992e-03 8.045184316798625890e-01 4.038974883719185366e-02 2.742613963766011120e-10 8.212549951133336465e-11
6.500000000000000569e-03 7.410659975961718660e-01 6.982318377531794573e-02 3.593682055922362316e-10 1.642383242069451911e-10
7.000000000000001013e-03 6.583728616816771906e-01 1.116108725639990973e-01 4.693727161353273115e-10 2.934462773023456241e-10
7.499999999999999722e-03 5.592652277151386464e-01 1.613143458467624081e-01 5.997878582892487704e-10 4.778514951862327873e-10
8.000000000000000167e-03 4.548963258879581417e-01 2.090631625342130318e-01 7.408655132620282105e-10 7.212918431608302343e-10
8.500000000000000611e-03 3.595039819723567232e-01 2.430834372329718496e-01 8.952700503870572126e-10 1.023234551957991718e-09
9.000000000000001055e-03 2.817656238383494105e-01 2.593444210119644766e-01 1.051992998571553927e-09 1.379420940043548401e-09
9.500000000000001499e-03 2.226517689737545214e-01 2.602430941643256723e-01 1.233799389280439298e-09 1.783022506634074417e-09
1.000000000000000021e-02 1.789790946354058720e-01 2.511611809775981530e-01 1.435101113377966276e-09 2.226162848544058075e-09
1.050000000000000065e-02 1.467993204540128382e-01 2.363961310322147125e-01 1.693926727911504480e-09 2.701459694611284133e-09
1.100000000000000110e-02 1.228188941959599129e-01 1.125275729247204740e-03 2.028222452960353895e-09 3.203250451113441576e-09
1.150000000000000154e-02 1.046336380290201207e-01 2.195698694479093641e-04 2.442573830578304790e-09 3.728316823710786929e-09
1.200000000000000198e-02 9.057163461730873000e-02 6.487683825122516701e-05 2.933513737836416721e-09 4.275965488537708086e-09
1.250000000000000069e-02 7.948412783760114286e-02 9.132341633201855935e-06 3.455672290660524384e-09 4.847636907399965066e-09
1.300000000000000114e-02 7.057813053828017325e-02 3.422954314991868554e-06 3.884986395562983685e-09 5.446412166116281106e-09
1.350000000000000158e-02 6.330038649278989238e-02 3.706144034936468867e-05 4.135779580288096411e-09 6.076400723571403712e-09
1.400000000000000203e-02 5.725484182218282952e-02 1.062933276127749283e-04 4.182903026377352741e-09 6.742224875600558159e-09
1.450000000000000247e-02 5.215948023499444863e-02 2.015934747143264074e-04 4.070348582056969047e-09 7.448586363797781136e-09
1.499999999999999944e-02 4.781127128833773110e-02 3.221349135347560504e-04 3.854087019331276005e-09 8.199988596161397539e-09
1.550000000000000162e-02 4.405125097217416075e-02 4.675816703882367388e-04 3.590783677361173632e-09 9.000518349976524767e-09
1.600000000000000033e-02 4.076420360946490101e-02 6.362154446812070922e-04 3.310520997090371276e-09 9.853702929802250092e-09
1.650000000000000078e-02 3.787428098537588134e-02 8.127653760100449470e-04 3.031387852825191490e-09 1.076247471277937778e-08
1.700000000000000122e-02 3.529417212456541220e-02 1.013986702758394370e-03 2.771726443042821690e-09 1.172916147082602358e-08
1.750000000000000167e-02 3.299275337357333165e-02 1.215442048625248314e-03 2.522886959651038415e-09 1.275542217401941963e-08
1.800000000000000211e-02 3.092781930918369823e-02 1.415094034318901441e-03 2.312092063389901232e-09 1.384226449451645171e-08
1.850000000000000255e-02 2.905759375732243702e-02 1.619102697587159780e-03 2.121673070771711537e-09 1.499018585677533820e-08
1.900000000000000300e-02 2.736761537934425531e-02 1.812994146688001219e-03 1.939272845744946681e-09 1.619910463989896280e-08
1.950000000000000344e-02 2.583962396457918989e-02 1.991282806903703177e-03 1.790713328470961869e-09 1.746852171321325127e-08
2.000000000000000042e-02 2.444268012330863896e-02 2.165303024177745676e-03 1.665897125545552828e-09 1.879679118222709391e-08
