# time 1 2 D-1 D
0.000000000000000000e+00 9.999999743194799562e-01 8.569988173430635649e-09 1.030673446800981687e-34 4.638030510604418447e-34
2.500000000000000486e-03 9.967029186067167812e-01 2.307790625169596342e-05 3.798240354729080114e-18 3.762889034720068222e-21
5.000000000000000971e-03 9.867216078382068378e-01 1.190201791906094760e-04 1.219709051625916899e-15 6.035675295485455099e-18
7.500000000000001457e-03 9.700848446572426509e-01 3.577154838335232538e-04 4.524955093149862121e-14 5.685489803397081826e-16
1.000000000000000194e-02 9.470243560002131744e-01 8.128759294473780154e-04 6.638157709589603538e-13 1.704130089477342897e-14
1.250000000000000069e-02 9.179263383557874079e-01 1.652926601864374836e-03 6.226370278726277419e-12 2.734634394890717954e-13
1.500000000000000291e-02 8.832540923071171557e-01 3.083003933928756338e-03 4.492848005664059955e-11 2.935301347108891673e-12
1.750000000000000167e-02 8.434450548024335914e-01 5.412054657896275128e-03 2.665963651829413622e-10 2.355042498617950691e-11
2.000000000000000389e-02 7.987865307141015503e-01 9.110395434197072692e-03 1.389077618860738898e-09 1.500385903625893030e-10
2.250000000000000264e-02 7.492748008776852764e-01 1.476612903772296474e-02 6.513239144771628208e-09 7.863849043293948131e-10
2.500000000000000139e-02 6.944722275544812362e-01 2.314020039972645992e-02 2.753029172719313683e-08 3.469302831517702298e-09
2.750000000000000361e-02 6.334163630312507065e-01 3.531257516047812961e-02 1.024389962643958754e-07 1.310877272960285402e-08
3.000000000000000583e-02 5.647469892339663788e-01 5.224622469945574416e-02 3.285118584188415779e-07 4.308676455053113351e-08
3.250000000000000111e-02 4.874280037382076602e-01 7.420656953247629917e-02 9.038171481450501374e-07 1.250744334211420893e-07
3.500000000000000333e-02 4.025099522761810822e-01 1.000967181137854822e-01 2.165281906357356056e-06 3.253849577674546795e-07
3.750000000000000555e-02 3.153209812706980752e-01 1.247224749062185861e-01 4.590873185336572764e-06 7.688681684745376095e-07
4.000000000000000777e-02 2.350106595768707562e-01 1.421074531152619613e-01 8.789301427959664669e-06 1.669366043008365951e-06
4.250000000000000999e-02 1.695207137738338199e-01 1.473001450184169003e-01 1.564231955299400409e-05 3.362431720047107379e-06
4.500000000000000527e-02 1.211190088713654384e-01 1.416946623599249500e-01 2.601637227550371097e-05 6.332452591949890286e-06
4.750000000000000749e-02 8.731603350178915313e-02 1.293580786241971259e-01 4.152401291280728197e-05 1.122474212847139904e-05
5.000000000000000278e-02 6.416009686607014595e-02 1.143661431095165104e-01 6.361248163965918599e-05 1.883684740714787112e-05
5.250000000000000500e-02 4.822377482665377718e-02 9.790440179402559728e-02 9.521397699713507424e-05 3.008867240520776042e-05
5.500000000000000722e-02 3.706853858097809706e-02 1.780396448322940899e-03 1.395790787773240193e-04 4.597907329007071649e-05
5.750000000000000944e-02 2.908652964864925569e-02 2.451821317997193543e-03 2.000352895526125911e-04 6.753767544750160113e-05
6.000000000000001166e-02 2.324167026062445157e-02 2.459942942452868903e-03 2.795221715766671379e-04 9.577929123600906962e-05
6.250000000000000000e-02 1.886511799277362442e-02 2.401477985463459485e-03 3.778724224847979768e-04 1.316646613438845277e-04
6.500000000000000222e-02 1.551960756957521462e-02 2.364809901703091802e-03 4.877232576928336167e-04 1.760682393728459625e-04
6.750000000000000444e-02 1.291662258574472096e-02 2.319321057739163333e-03 6.001752226289717822e-04 2.297529620421400484e-04
7.000000000000000666e-02 1.084844600425104166e-02 2.291693904164350624e-03 7.085805894607566770e-04 2.933515245749992333e-04
7.250000000000000888e-02 9.185748086737079848e-03 2.262492370034719941e-03 8.110017031456910825e-04 3.673541229186925517e-04
7.500000000000001110e-02 7.835780267349830297e-03 2.240167009391360892e-03 9.082770070167400312e-04 4.521027522936405386e-04
7.750000000000001332e-02 6.721600545458442620e-03 2.223403936201353952e-03 1.003289171062916527e-03 5.477909981690702243e-04
8.000000000000001554e-02 5.792955957360816296e-03 2.211410703476590807e-03 1.096688073915110537e-03 6.544700775574377807e-04
8.250000000000001776e-02 5.020234845796354116e-03 2.193760722965933975e-03 1.189229969275527659e-03 7.720577263410683842e-04
8.500000000000001998e-02 4.361212331283594035e-03 2.182820135972244561e-03 1.283225616517980365e-03 9.003527465421183682e-04
8.750000000000000833e-02 3.806075454843197738e-03 2.165497059051300910e-03 1.376161158798483138e-03 1.039047871138526090e-03
9.000000000000001055e-02 3.335237211185928131e-03 2.143613933081578524e-03 1.474165388266896869e-03 1.187746940781571510e-03
9.250000000000001277e-02 2.930477307361038872e-03 2.121443165506496729e-03 1.573735629061133196e-03 1.345977916938406217e-03
9.500000000000001499e-02 2.585266824091744624e-03 2.094467696110634443e-03 1.671791122340432001e-03 1.513211859245900542e-03
9.750000000000001721e-02 2.290938757356930384e-03 2.062499822712543680e-03 1.775850260147385229e-03 1.688873327659746798e-03
1.000000000000000056e-01 2.035478684038998041e-03 2.030428311778973652e-03 1.884158382207617262e-03 1.872348338893371072e-03
