# time 1 2 D-1 D
0.000000000000000000e+00 9.999999692195804535e-01 1.540543168482334832e-08 8.374221755257976207e-34 1.343354944119710378e-34
5.000000000000000104e-04 9.975327928651804843e-01 1.790378096714174234e-03 2.752357566089861484e-18 8.605870714653050529e-21
1.000000000000000021e-03 9.887675952694658932e-01 8.486158500310455113e-03 7.109386400100633208e-16 8.563155502574383017e-18
1.500000000000000248e-03 9.711142561984379418e-01 2.272286173366607626e-02 1.859161075983936568e-14 4.811041824002270463e-16
2.000000000000000042e-03 9.412263231523910756e-01 4.785869664237769883e-02 1.920542861326071373e-13 8.374612154003220825e-15
2.500000000000000052e-03 8.952594078702394986e-01 8.728024513073379120e-02 1.198763946809068687e-12 7.713901462909198549e-14
3.000000000000000496e-03 8.298271169337498865e-01 1.433207608709233805e-01 5.507520510122801903e-12 4.779554821901385590e-13
3.500000000000000507e-03 7.439277523011892379e-01 2.122945051526942406e-01 2.054649616436624139e-11 2.267126719425556728e-12
4.000000000000000083e-03 6.412210201658276043e-01 2.772273833679460009e-01 6.618993550248879058e-11 8.903682268044117044e-12
4.500000000000000527e-03 5.306000204932500575e-01 2.900761841331669366e-01 1.915863418449093503e-10 3.048104306237114571e-11
5.000000000000000104e-03 4.233575499777125772e-01 2.200218960401368051e-01 5.121330062624676751e-10 9.428663607150551326e-11
5.500000000000000548e-03 3.286223510792810054e-01 1.447140136319350345e-01 1.288294287576382919e-09 2.705292817790166129e-10
6.000000000000000992e-03 2.507488285072665968e-01 1.014535371698913890e-01 3.089102646849567690e-09 7.344125113001500419e-10
6.500000000000000569e-03 1.898198368821128468e-01 7.624895773421122569e-02 7.153321298659282778e-09 1.915737223410597877e-09
7.000000000000001013e-03 1.435654552461771705e-01 6.015213486991590613e-02 1.601657811342030062e-08 4.867134747122274826e-09
7.499999999999999722e-03 1.090095719334633340e-01 4.872109916973446642e-02 3.484519570249120647e-08 1.216816699832165265e-08
8.000000000000000167e-03 8.335868968509740906e-02 3.998238455842047234e-02 7.379927712598669812e-08 3.021205857399542178e-08
8.500000000000000611e-03 6.432146474169274375e-02 3.306154427033498183e-02 1.499195018829158551e-07 7.582872648335182957e-08
9.000000000000001055e-03 5.013900212498047931e-02 2.750589767600350455e-02 2.884870878219507985e-07 1.930829562968373314e-07
9.500000000000001499e-03 3.950651558752910075e-02 2.296207894746642858e-02 5.028708294726255831e-07 5.022035666887179918e-07
1.000000000000000021e-02 3.147252356417998276e-02 1.927895513805231650e-02 7.276204496498598642e-07 1.313660967129240061e-06
1.050000000000000065e-02 2.534830582184290776e-02 1.623967987037183008e-02 7.600134650207408294e-07 3.246719940825071175e-06
1.100000000000000110e-02 2.063613831129915838e-02 1.375151534929600419e-02 4.964766193882401193e-07 7.053634243451695061e-06
1.150000000000000154e-02 1.697560426166057346e-02 1.169375133235639463e-02 1.669119004875595633e-07 1.342389281843374727e-05
1.200000000000000198e-02 1.410458539340460338e-02 1.003401373385783522e-02 1.119299813563327023e-09 2.331968573862058572e-05
1.250000000000000069e-02 1.183133708386636257e-02 8.645681970048901127e-03 1.408437162431916453e-07 3.803179431668504717e-05
1.300000000000000114e-02 1.001463362252193179e-02 7.522567489596751131e-03 7.131241644387872994e-07 5.907650482574352651e-05
1.350000000000000158e-02 8.549678949947361883e-03 6.582800202909144978e-03 1.921589256485801709e-06 8.809216300514903411e-05
1.400000000000000203e-02 7.358096945692225652e-03 5.799149415753330171e-03 3.966854460648879391e-06 1.268581131542201898e-04
1.450000000000000247e-02 6.380796998385442238e-03 5.142562865934039579e-03 7.230389386013707201e-06 1.771987496969706206e-04
1.499999999999999944e-02 5.572865881886842829e-03 4.584673279390269647e-03 1.210880540525685091e-05 2.409874650195303035e-04
1.550000000000000162e-02 4.899889546318317995e-03 4.120142613348459944e-03 1.968602822802455334e-05 3.200504717359215390e-04
1.600000000000000033e-02 4.335288022611689940e-03 3.724769253440085061e-03 3.197152905407755450e-05 4.161392887406338277e-04
1.650000000000000078e-02 3.858371390181285047e-03 3.382170176560924182e-03 5.097540962312121523e-05 5.308695260616360951e-04
1.700000000000000122e-02 3.452912048701696143e-03 3.090038345902581998e-03 8.281888925697563795e-05 6.656801468321905946e-04
1.750000000000000167e-02 3.106087964920998569e-03 2.831584865854777904e-03 1.362227827569568788e-04 8.218038299303411041e-04
1.800000000000000211e-02 2.807695603032243307e-03 2.608330367885362648e-03 2.563912593289593132e-04 1.000250846314066624e-03
1.850000000000000255e-02 2.549559308755792921e-03 2.414074701084548916e-03 1.398359927519432413e-03 1.201805685434207890e-03
1.900000000000000300e-02 2.325084863909476340e-03 2.243064797294800402e-03 1.608714006514840554e-03 1.427034320784158986e-03
1.950000000000000344e-02 2.128919736952043177e-03 2.091923512731534186e-03 1.762103435824616303e-03 1.676299309924365053e-03
2.000000000000000042e-02 1.956693052168024475e-03 1.954467098437142215e-03 1.975771345383018924e-03 1.949779877546020451e-03
