# time 1 2 D-1 D
0.000000000000000000e+00 9.999999692195804535e-01 1.540543168482334832e-08 8.374221755257976207e-34 1.343354944119710378e-34
2.500000000000000486e-03 9.975327939286394718e-01 1.790378333582267516e-03 2.752247088540042834e-18 8.605493642236430212e-21
5.000000000000000971e-03 9.887677003970379852e-01 8.486100111522109149e-03 7.108388958788181966e-16 8.561874645378393519e-18
7.500000000000001457e-03 9.711148484637699418e-01 2.272251398205522160e-02 1.858556053029104758e-14 4.809347294625585745e-16
1.000000000000000194e-02 9.412283125408458240e-01 4.785745787761780390e-02 1.919487249553807914e-13 8.369679377104911310e-15
1.250000000000000069e-02 8.952644309951185431e-01 8.727691507902025914e-02 1.197805368064691035e-12 7.707351705199928540e-14
1.500000000000000291e-02 8.298376786033120345e-01 1.433137389605378120e-01 5.501407405579716323e-12 4.773938069117499674e-13
1.750000000000000167e-02 7.439469959938388444e-01 2.122820898909060505e-01 2.051622129764496221e-11 2.263586395823138969e-12
2.000000000000000389e-02 6.412520953089492215e-01 2.772101135950835182e-01 6.606468060554400671e-11 8.885776884397951483e-12
2.250000000000000264e-02 5.306451125980975458e-01 2.900587333160954406e-01 1.911355280920560276e-10 3.040421791465398425e-11
2.500000000000000139e-02 4.234171511368267082e-01 2.200100788835277488e-01 5.106717393914352120e-10 9.399630959627863150e-11
2.750000000000000361e-02 3.286953003072879409e-01 1.447119513764626719e-01 1.283933583993299973e-09 2.695317870889230302e-10
3.000000000000000583e-02 2.508328621130251346e-01 1.014580209095495844e-01 3.076899177534877761e-09 7.312246876651391947e-10
3.250000000000000111e-02 1.899122759776534219e-01 7.625892597445715904e-02 7.120877131455278453e-09 1.906100907662130733e-09
3.500000000000000333e-02 1.436637105112917312e-01 6.016692099108079950e-02 1.593419697319232593e-08 4.839150995707712333e-09
3.750000000000000555e-02 1.091114324477260450e-01 4.874162587880369324e-02 3.464484846356552286e-08 1.208963523097932072e-08
4.000000000000000777e-02 8.346239273602629183e-02 4.000745318504371484e-02 7.333042096906003120e-08 2.999447523359896116e-08
4.250000000000000999e-02 6.442569510375222019e-02 3.309106334796403648e-02 1.488731689624210557e-07 7.522997361246850780e-08
4.500000000000000527e-02 5.024282619583895354e-02 2.753944442502512593e-02 2.863011282369294934e-07 1.914249381495490620e-07
4.750000000000000749e-02 3.960931014926641347e-02 2.299905967973405255e-02 4.987714456100859221e-07 4.975696338810122762e-07
5.000000000000000278e-02 3.157390850268480820e-02 1.931917656644463466e-02 7.213338044941810404e-07 1.300738312974984848e-06
5.250000000000000500e-02 2.544807544995816850e-02 1.628233610725347488e-02 7.532665103238070511e-07 3.212800196853285155e-06
5.500000000000000722e-02 2.073422328237930351e-02 1.379601230121331110e-02 4.922475909049469953e-07 6.975484023115881438e-06
5.750000000000000944e-02 1.707202075087818280e-02 1.173987776930274576e-02 1.659006188816688541e-07 1.326590857094007769e-05
6.000000000000001166e-02 1.419941506451858834e-02 1.008171244756637767e-02 1.210830660234184642e-09 2.302770515486222749e-05
6.250000000000000000e-02 1.192469680918480275e-02 8.694634369387499451e-03 1.374969234472576844e-07 3.752493008512113867e-05
6.500000000000000222e-02 1.010666602085776022e-02 7.572813052263717946e-03 6.991584271002599879e-07 5.823853643764108682e-05
6.750000000000000444e-02 8.640539126664627603e-03 6.634323634799686904e-03 1.884150026401121434e-06 8.676336733051191025e-05
7.000000000000000666e-02 7.447943194030363229e-03 5.851683979856477959e-03 3.889553841584907327e-06 1.248245566772121626e-04
7.250000000000000888e-02 6.469791300918905155e-03 5.196367056098564509e-03 7.084181140681655333e-06 1.741831532705386313e-04
7.500000000000001110e-02 5.661162945852106672e-03 4.639531969921732030e-03 1.185419055948709487e-05 2.366378343013316788e-04
7.750000000000001332e-02 4.987643738005886375e-03 4.176125435958555863e-03 1.926147898661422419e-05 3.139301980076318003e-04
8.000000000000001554e-02 4.422643354476698402e-03 3.782173142471489686e-03 3.125878094067665940e-05 4.077169090739527499e-04
8.250000000000001776e-02 3.945468764795167019e-03 3.440882790580015657e-03 4.979982799030578287e-05 5.195094846480056766e-04
8.500000000000001998e-02 3.539883334233181241e-03 3.150141306026381285e-03 8.084631809568544418e-05 6.506343787820835847e-04
8.750000000000000833e-02 3.193058859497715542e-03 2.892970536229620086e-03 1.329167218951817473e-04 8.022044180150165278e-04
9.000000000000001055e-02 2.894786737695506564e-03 2.671243864057065275e-03 2.500913857270947705e-04 9.751036416643580999e-04
9.250000000000001277e-02 2.636882396097111822e-03 2.478647848425538213e-03 1.367822174053928913e-03 1.169984805535636890e-03
9.500000000000001499e-02 2.412750253550277960e-03 2.309360510451928007e-03 1.571720783375094802e-03 1.387277618182500760e-03
9.750000000000001721e-02 2.217027951811240388e-03 2.159970279119371051e-03 1.719708371390299287e-03 1.627204181628797005e-03
1.000000000000000056e-01 2.045344623425416047e-03 2.024211586931822307e-03 1.926030728817438274e-03 1.889799335505480769e-03
