# time 1 2 D-1 D
0.000000000000000000e+00 9.999999692195804535e-01 1.540543168482334832e-08 8.374221755257976207e-34 1.343354944119710378e-34
2.500000000000000052e-04 9.996663731033512690e-01 6.743416766824777723e-06 3.369432816222332070e-18 2.283481580786510273e-24
5.000000000000000104e-04 9.985031564334839738e-01 1.287909817272976729e-04 1.037180247730755598e-15 9.185065625150326598e-21
7.500000000000001240e-04 9.960134859324918377e-01 7.862785244220427475e-04 3.139369654042804810e-14 1.249458787666926944e-18
1.000000000000000021e-03 9.911667508339278010e-01 2.977925960827321108e-03 3.635241920101346311e-13 4.073109266580655553e-17
1.250000000000000026e-03 9.821425862210990676e-01 8.564215273660363489e-03 2.460709757588248160e-12 5.947638725235717731e-16
1.500000000000000248e-03 9.662566207773269911e-01 2.034717528353222407e-02 1.180716956014666612e-11 5.158180102908681337e-15
1.750000000000000253e-03 9.404717490405407609e-01 4.115591801920027992e-02 4.434125164224179796e-11 3.082745442426821123e-14
2.000000000000000042e-03 9.027908099574873946e-01 7.068462519504714603e-02 1.384860331350695038e-10 1.386625461848384863e-13
2.250000000000000264e-03 8.539341564156305298e-01 9.637595502038669160e-02 3.742156349204242123e-10 4.959184164831580473e-13
2.500000000000000052e-03 7.977220728161645846e-01 9.725272623964989482e-02 8.992899499879625453e-10 1.459680096301352115e-12
2.750000000000000274e-03 7.394506428374073570e-01 8.700926407503178917e-02 1.959615277732624701e-09 3.606681725738447642e-12
3.000000000000000496e-03 6.836855608262202288e-01 8.293864394480893187e-02 3.931629199564356388e-09 7.521314530769691982e-12
3.250000000000000284e-03 6.331561783276793420e-01 8.418244414534019338e-02 7.348183559709018840e-09 1.306329213046515906e-11
3.500000000000000507e-03 5.888890115383292878e-01 8.857327943812742799e-02 1.290101455558847988e-08 1.770024971725667714e-11
3.749999999999999861e-03 5.508306835158464088e-01 9.457311741546545192e-02 2.144571163595354063e-08 1.571501290587736560e-11
4.000000000000000083e-03 5.184087916602231338e-01 1.012810149662769915e-01 3.393850554587571129e-08 3.666701643113000303e-12
4.250000000000000305e-03 4.908795772273615854e-01 1.081980571606752234e-01 5.133782503244642422e-08 2.000859371546419303e-11
4.500000000000000527e-03 4.675011389511798954e-01 1.150576361204654063e-01 7.428951182827643344e-08 3.465732706746342508e-10
4.750000000000000749e-03 4.476037158697853124e-01 1.216163302129030371e-01 1.022436055647862254e-07 2.249992520054897557e-09
5.000000000000000104e-03 4.306092978530541848e-01 1.278933398119860565e-01 1.311367256716835746e-07 1.012131166617623092e-08
5.250000000000000326e-03 4.160294468090507958e-01 1.337439045188160702e-01 1.517661030330734473e-07 3.290690308575438020e-08
5.500000000000000548e-03 4.034554451834728162e-01 1.392528902030628901e-01 1.589551309464434915e-07 7.477259594722921958e-08
5.750000000000000770e-03 3.925469381394643964e-01 1.443774319620558522e-01 1.609389528976513390e-07 1.256320817346337652e-07
6.000000000000000992e-03 3.830212734738071001e-01 1.494041598364105050e-01 1.637997000657674179e-07 1.767805136316171760e-07
6.250000000000000347e-03 3.746442233413075917e-01 1.540935537282550893e-01 1.694571702043174639e-07 2.231951856829436771e-07
6.500000000000000569e-03 3.672220992973477816e-01 1.587976530696812161e-01 1.740066193070289015e-07 2.655028455017982912e-07
6.750000000000000791e-03 3.605950818240331590e-01 1.633099682698337107e-01 1.748024412713601775e-07 3.034279893199363834e-07
7.000000000000001013e-03 3.546316297527403183e-01 1.677138586658632469e-01 1.706603071735096132e-07 3.362395923630204285e-07
7.250000000000001235e-03 3.492236834917327726e-01 1.720254657999291670e-01 1.602538224888886663e-07 3.640586191270186905e-07
7.499999999999999722e-03 3.442826805326052453e-01 1.761919904698653616e-01 1.437792368255416459e-07 3.868235467901800604e-07
7.750000000000000812e-03 3.397361558911595192e-01 1.803964252741359076e-01 1.215370182856880375e-07 4.047793176162131997e-07
8.000000000000000167e-03 3.355248986690247959e-01 1.845292962069511877e-01 9.491688933116759139e-08 4.182239782247108261e-07
8.250000000000000389e-03 3.316005050185751313e-01 1.885081508179164700e-01 6.678481103440403130e-08 4.275566320101013544e-07
8.500000000000000611e-03 3.279234279259853890e-01 1.924744415774334305e-01 3.955904125972661282e-08 4.332345511704109194e-07
8.750000000000000833e-03 3.244613149810455788e-01 1.962251164957039273e-01 1.681732366044475243e-08 4.357410967620746044e-07
9.000000000000001055e-03 3.211876372854780559e-01 1.999340405754677918e-01 2.124218278202132990e-09 4.355588797880289768e-07
9.250000000000001277e-03 3.180805705098905811e-01 2.035668825424850059e-01 4.293610673038303945e-08 4.331500003606044622e-07
9.500000000000001499e-03 3.151220909971060857e-01 2.071219621698408841e-01 3.581070732109082577e-08 4.289426176424539419e-07
9.750000000000001721e-03 3.122972400227427281e-01 2.105430782032429726e-01 2.946951927849378630e-08 4.233226312805687282e-07
1.000000000000000021e-02 3.095938313679342246e-01 2.138004054604590309e-01 2.568260064689040805e-08 4.166240899170711809e-07
