# time 1 2 D-1 D
0.000000000000000000e+00 9.999999469354652337e-01 1.847104302083585666e-08 1.104024810866958450e-35 4.390930577802035135e-36
2.500000000000000486e-03 9.970950371465349127e-01 2.099452967930680645e-05 1.260617387942548082e-28 3.386924096460088175e-31
5.000000000000000971e-03 9.886502308789903992e-01 1.060644890570297565e-04 6.751285201937147339e-24 5.210244669484365399e-26
7.500000000000001457e-03 9.749497558271278397e-01 3.119939668831583825e-04 6.041046968966037572e-21 8.523625330879535452e-23
1.000000000000000194e-02 9.560799714737269195e-01 7.210898204110683524e-04 1.004593133408371628e-18 2.258342849536544444e-20
1.250000000000000069e-02 9.318816831496272712e-01 1.492180163537682380e-03 6.574303615499991428e-17 2.244402269237250467e-18
1.500000000000000291e-02 9.018706938784359917e-01 2.920089797029877705e-03 2.347699020218955884e-15 1.188334845266764201e-16
1.750000000000000167e-02 8.650816931580379565e-01 5.557254764151499209e-03 5.389370568161828173e-14 3.896058663794998293e-15
2.000000000000000389e-02 8.197371309215086832e-01 1.056146469174154556e-02 8.681152264700944357e-13 8.299664559285227432e-14
2.250000000000000264e-02 7.625171294122955468e-01 2.035261398779349140e-02 1.030507771507102541e-11 1.159043941102854152e-12
2.500000000000000139e-02 6.870174331972772608e-01 4.009823783625644789e-02 9.012566014596942714e-11 1.081811819143644683e-11
2.750000000000000361e-02 5.816284821256725301e-01 7.986375112680146882e-02 5.814565042167074386e-10 7.061569056645225352e-11
3.000000000000000583e-02 4.344622201039659015e-01 1.494615448530162150e-01 3.095466251887934600e-09 3.416457781656993049e-10
3.250000000000000111e-02 2.687438192318952201e-01 2.234198965386691438e-01 1.077874050659339886e-08 1.295414259116783826e-09
3.500000000000000333e-02 1.430316740928248287e-01 2.424993426113283279e-01 2.343959641649552709e-08 4.034837699426176318e-09
3.750000000000000555e-02 7.332256049255624075e-02 1.987820427725243699e-01 5.162248159750374621e-08 1.071853901708887335e-08
4.000000000000000777e-02 3.849913686118983103e-02 1.353217012102014838e-01 1.037908624710477491e-07 2.500991822854601685e-08
4.250000000000000999e-02 2.106974834021450513e-02 7.884344026325076915e-02 1.914157673891003339e-07 5.244952273451983668e-08
4.500000000000000527e-02 1.205542425227913890e-02 3.297689718186391089e-02 3.275842218146074520e-07 1.006630930562054397e-07
4.750000000000000749e-02 7.202225813819033463e-03 1.702963508856659286e-02 5.244897905770913152e-07 1.793579563520840507e-07
5.000000000000000278e-02 4.479856725334443492e-03 1.061512994332041056e-02 7.979493925095842720e-07 3.001051392090530792e-07
5.250000000000000500e-02 2.891219377665607982e-03 7.265263348178197314e-03 1.162129843639398282e-06 4.759449744773950246e-07
5.500000000000000722e-02 1.929303188822053530e-03 5.122518826431748939e-03 1.623442022195531375e-06 7.208721529541497331e-07
5.750000000000000944e-02 1.326755488126926891e-03 3.546845149023976178e-03 2.186895827780595473e-06 1.049270413389451125e-06
6.000000000000001166e-02 9.374545082279000857e-04 2.663046211075137479e-03 2.870238525596930747e-06 1.475343635994949760e-06
6.250000000000000000e-02 6.787609143136466442e-04 1.938886393624414872e-03 3.677714303172353272e-06 2.012608150424573710e-06
6.500000000000000222e-02 5.024159968648898768e-04 1.466712004643831984e-03 4.600794241915961767e-06 2.673442744255027794e-06
6.750000000000000444e-02 3.793896871313376102e-04 1.114188448212877301e-03 5.638329689720818574e-06 3.468762606265358717e-06
7.000000000000000666e-02 2.917334457474337218e-04 7.954139309700722143e-04 6.792733872320074522e-06 4.407744156512848634e-06
7.250000000000000888e-02 2.280676730906397128e-04 6.028691172496908769e-04 8.083061835840940555e-06 5.497709339818030537e-06
7.500000000000001110e-02 1.810079219425195706e-04 4.648088233089650427e-04 9.466739562931676604e-06 6.743996321509888245e-06
7.750000000000001332e-02 1.456595114255888586e-04 1.358543756644491778e-04 1.095274136720121014e-05 8.150028112133738260e-06
8.000000000000001554e-02 1.187132882199216298e-04 1.033841079423276682e-04 1.254182138802830023e-05 9.717267511775879325e-06
8.250000000000001776e-02 9.789146734393097151e-05 8.534838065568241369e-05 1.423362459788822559e-05 1.144542886604468187e-05
8.500000000000001998e-02 8.159935398752688851e-05 7.398774111038280130e-05 1.599611689841778559e-05 1.333245706679177733e-05
8.750000000000000833e-02 6.870328520960804263e-05 6.265165962147719735e-05 1.784837092625882687e-05 1.537483834620147921e-05
9.000000000000001055e-02 5.838540294896157570e-05 5.446004328548939333e-05 1.978189040649743069e-05 1.756756989756190780e-05
9.250000000000001277e-02 5.004789898708448528e-05 4.716240773082559708e-05 2.174345973227786947e-05 1.990451101619456083e-05
9.500000000000001499e-02 4.324816022111919192e-05 4.159406401263038977e-05 2.375277006359507301e-05 2.237836110002906068e-05
9.750000000000001721e-02 3.765474093220121555e-05 3.690043822849667230e-05 2.583246623810336103e-05 2.498096473610786220e-05
1.000000000000000056e-01 3.301683142898285516e-05 3.266546114127795431e-05 2.792083744891437364e-05 2.770326908234005389e-05
