# time 1 2 D-1 D
0.000000000000000000e+00 9.999999306815802180e-01 7.912194232844268990e-09 3.646705940811269402e-36 3.068510912563980101e-36
5.000000000000000104e-04 9.999880403205305690e-01 8.086216285787667233e-06 1.664366599444385687e-30 1.895456999364538753e-32
1.000000000000000021e-03 9.997594321224388958e-01 1.684171803253813873e-04 3.696927209327113037e-27 1.598894094152553386e-28
1.500000000000000248e-03 9.984775636142022570e-01 1.088728559494046540e-03 1.632409115404383435e-25 5.316302946569627840e-27
2.000000000000000042e-03 9.940091865428969387e-01 4.385408900217584865e-03 7.911061013632545613e-25 9.782889993203813125e-27
2.500000000000000052e-03 9.819938186407481950e-01 1.343916342096313464e-02 2.689022556767736896e-24 3.963887185963709773e-27
3.000000000000000496e-03 9.551452593495767251e-01 3.401983111805913229e-02 4.577583031140741560e-24 1.242250706310128996e-25
3.500000000000000507e-03 9.044687494984269271e-01 7.318986820152598161e-02 4.530034417826655948e-24 1.660494985661035325e-24
4.000000000000000083e-03 8.246801815884730047e-01 1.345993086170598485e-01 3.921339121621225443e-25 1.119396426124847079e-23
4.500000000000000527e-03 7.216125354508438061e-01 2.124497640096841000e-01 3.342037109877132685e-23 6.966209268299623673e-23
5.000000000000000104e-03 6.118198852007514787e-01 2.893052101351831773e-01 3.828524848913588335e-22 4.596020578357308443e-22
5.500000000000000548e-03 5.118780552392633298e-01 2.653190106701612261e-01 2.024175579333992629e-21 3.240373954321431177e-21
6.000000000000000992e-03 4.300807595339532496e-01 1.522568893264558965e-01 5.228253136771474728e-21 2.125408569724525458e-20
6.500000000000000569e-03 3.670613387658788196e-01 1.131685155336045884e-01 2.280164586167859129e-21 1.152051968390576279e-19
7.000000000000001013e-03 3.198713492557613836e-01 9.620038897268819167e-02 5.907270305889107136e-20 4.692205085177138591e-19
7.499999999999999722e-03 2.848636492408267440e-01 8.383641303164780789e-02 3.275544543085373852e-18 1.446867294104053208e-18
8.000000000000000167e-03 2.588698534239972093e-01 7.168116897959296574e-02 1.136646832910758068e-16 3.381039666640924669e-18
8.500000000000000611e-03 2.394560726290362596e-01 5.757103369471536919e-02 7.980209790289748607e-16 5.525563738390116494e-18
9.000000000000001055e-03 2.248430421582348904e-01 4.322891469350838983e-02 2.870419427190995210e-15 6.247110618544536354e-18
9.500000000000001499e-03 2.137532064534493903e-01 3.112670156283009124e-02 7.481450185936231247e-15 2.836420422300312166e-18
1.000000000000000021e-02 2.052716382084029123e-01 2.289756149821861944e-02 1.597922854977197836e-14 4.965130217648616226e-19
1.050000000000000065e-02 1.987398884504309182e-01 1.744918193529662251e-02 3.008391606477589790e-14 3.141634249128197131e-17
1.100000000000000110e-02 1.936800339556642991e-01 1.378332495926304878e-02 5.088930288208531662e-14 1.750386163511946905e-16
1.150000000000000154e-02 1.897421187402413556e-01 1.136758674323986099e-02 7.967912031901910042e-14 6.113603808356461443e-16
1.200000000000000198e-02 1.866675663477774250e-01 9.622383122712598741e-03 1.154976521695212924e-13 1.631192995831705952e-15
1.250000000000000069e-02 1.842636610356519489e-01 8.407418989052825586e-03 1.584236502883098869e-13 3.592522478665580835e-15
1.300000000000000114e-02 1.823857747903079585e-01 7.419620803721582378e-03 2.073897662203732210e-13 7.161485122752151529e-15
1.350000000000000158e-02 1.809247581342165734e-01 6.708731143799776669e-03 2.592024764445431177e-13 1.278385538601882911e-14
1.400000000000000203e-02 1.797977763765044867e-01 6.121684559536679643e-03 3.113273184555685490e-13 2.087464922633050093e-14
1.450000000000000247e-02 1.789416116774721621e-01 5.685946500893547875e-03 3.628371760788284346e-13 3.226343574352347829e-14
1.499999999999999944e-02 1.783077663514580635e-01 5.314069460106544268e-03 4.084277239572056598e-13 4.705114958866339375e-14
1.550000000000000162e-02 1.778586971688598251e-01 5.005465479240805635e-03 4.489291373458265327e-13 6.487468064940439145e-14
1.600000000000000033e-02 1.775650032903056397e-01 4.754140235421653107e-03 4.828558884404797928e-13 8.632727473590646015e-14
1.650000000000000078e-02 1.774033375595292783e-01 4.561523280672370381e-03 5.072296601875732368e-13 1.105535612082975000e-13
1.700000000000000122e-02 1.773547603605185319e-01 4.389203768991443814e-03 5.256033218740676054e-13 1.365587997913104596e-13
1.750000000000000167e-02 1.774035807965303468e-01 4.269184766785477647e-03 5.356774793716597882e-13 1.651226349207158123e-13
1.800000000000000211e-02 1.775365031836811103e-01 4.148136782302550181e-03 5.378839543480518520e-13 1.949655507195937501e-13
1.850000000000000255e-02 1.777420105546431706e-01 4.054976539975990203e-03 5.355156185553917451e-13 2.244231070502923886e-13
1.900000000000000300e-02 1.780099583260700002e-01 3.975239736834083534e-03 5.273303090934369006e-13 2.546648000258515060e-13
1.950000000000000344e-02 1.783313161087360932e-01 3.913984037053250785e-03 5.135658240696387185e-13 2.844827044153560253e-13
2.000000000000000042e-02 1.787020738276172693e-01 3.865168243694418800e-03 4.978070243210293884e-13 3.126290440601888978e-13
