# time 1 2 D-1 D
0.000000000000000000e+00 9.999999306815802180e-01 7.912194232844268990e-09 3.646705940811269402e-36 3.068510912563980101e-36
2.500000000000000486e-03 9.999954504169911162e-01 2.911473615386312346e-06 2.057798400554342523e-31 1.990044207263716232e-33
5.000000000000000971e-03 9.999026820407350691e-01 6.608887969134455713e-05 3.555498458439999357e-27 1.680492945911658927e-28
7.500000000000001457e-03 9.993419162700948322e-01 4.654107707533433418e-04 4.492138905174052038e-26 4.927772813972647665e-28
1.000000000000000194e-02 9.972199598226322292e-01 2.045612126770395434e-03 2.211642131897340331e-25 9.193627178274935091e-28
1.250000000000000069e-02 9.910068775263141116e-01 6.843105020348386539e-03 7.339972180691346009e-25 9.604285281918779043e-27
1.500000000000000291e-02 9.759004524988247331e-01 1.887534688147624734e-02 1.567917554368796374e-24 1.157784806836354974e-25
1.750000000000000167e-02 9.450022504947359625e-01 4.406767508056069066e-02 1.622744385777341725e-24 8.542716042963299525e-25
2.000000000000000389e-02 8.926392162596843427e-01 8.743870483217677791e-02 4.460649817662239691e-24 5.458420650815619176e-24
2.250000000000000264e-02 8.204293016265583605e-01 1.478930208600629237e-01 7.327997493628854244e-23 3.538518263437495987e-23
2.500000000000000139e-02 7.390043015013115779e-01 2.141467865065443676e-01 4.366616369368930949e-22 2.319834839332838504e-22
2.750000000000000361e-02 6.611612328863504251e-01 2.063216574884965959e-01 9.193126135681967317e-22 1.200401123053538385e-21
3.000000000000000583e-02 5.947224397780076499e-01 1.238559123790149014e-01 2.645440268926135254e-22 3.351754970706291678e-21
3.250000000000000111e-02 5.416802770200196404e-01 9.678473698489173382e-02 2.497792012012036658e-20 1.840940072468991233e-21
3.500000000000000333e-02 5.007451949322457851e-01 8.652592343882457848e-02 3.431429311625091756e-19 1.476529855815333681e-20
3.750000000000000555e-02 4.695829990179095081e-01 7.919418938760387772e-02 3.048971680200923848e-18 2.847653955273886035e-19
4.000000000000000777e-02 4.459099556095054706e-01 7.103454677887766078e-02 2.287376242910472510e-17 1.656761934489364465e-18
4.250000000000000999e-02 4.278500601004697201e-01 5.987531038842923425e-02 5.601251224552758592e-17 5.790558812479625209e-18
4.500000000000000527e-02 4.139693929269694928e-01 4.715331606290370375e-02 9.685240313997410564e-17 1.480087968513426175e-17
4.750000000000000749e-02 4.032063418664616483e-01 3.556729841763265482e-02 1.379787812214193212e-16 3.032715105535735948e-17
5.000000000000000278e-02 3.947842016797037945e-01 2.730198152061846448e-02 1.703166052449012463e-16 5.249470117418110678e-17
5.250000000000000500e-02 3.881362820460100838e-01 2.162991978531013035e-02 1.862578085697466818e-16 7.932269677728319096e-17
5.500000000000000722e-02 3.828478808725842009e-01 1.770283221096946580e-02 1.826148167711056814e-16 1.070954668208031309e-16
5.750000000000000944e-02 3.786136099343621053e-01 1.506813231194142032e-02 1.607792939244115013e-16 1.309361322367973921e-16
6.000000000000001166e-02 3.752067817111061632e-01 1.312674501835646955e-02 1.276294840777869996e-16 1.463331106908516288e-16
6.250000000000000000e-02 3.724579931969508317e-01 1.176538551667954437e-02 8.964966108504906065e-17 1.508386161779259249e-16
6.500000000000000222e-02 3.702393413704246905e-01 1.062889808971245742e-02 5.656254146415262417e-17 1.424775213171923394e-16
6.750000000000000444e-02 3.684532911447658265e-01 9.809508552841886622e-03 3.596619289574419290e-17 1.258957284984211290e-16
7.000000000000000666e-02 3.670247565404083367e-01 9.115625533120863891e-03 2.970400099466382698e-17 1.048618614370603699e-16
7.250000000000000888e-02 3.658951099325385425e-01 8.601368387673613558e-03 3.795773072925997424e-17 8.351904497203914438e-17
7.500000000000001110e-02 3.650179819394850922e-01 8.148674656750865344e-03 5.885197776306117363e-17 6.927021833801638107e-17
7.750000000000001332e-02 3.643561109360673456e-01 7.763937807912488914e-03 9.011601013636565308e-17 6.702308113636929741e-17
8.000000000000001554e-02 3.638789166351305004e-01 7.443351035574303012e-03 1.230508140815371109e-16 7.897625290591640320e-17
8.250000000000001776e-02 3.635609333192814652e-01 7.195604910174875982e-03 1.591513419875962988e-16 1.079357427559662088e-16
8.500000000000001998e-02 3.633805700919240933e-01 6.962789413828831923e-03 1.958406607597821834e-16 1.611445542045093941e-16
8.750000000000000833e-02 3.633189058132860194e-01 6.803303173447231532e-03 2.114077587889238781e-16 2.262447085782749841e-16
9.000000000000001055e-02 3.633595920465273466e-01 6.627965099260173416e-03 2.229648739217527075e-16 2.985378931940082703e-16
9.250000000000001277e-02 3.634880687181347159e-01 6.490763739564844349e-03 2.449054201222304534e-16 3.742428286037297823e-16
9.500000000000001499e-02 3.636912903546388742e-01 6.368414900548076407e-03 2.577626185298953764e-16 4.843619940479321368e-16
9.750000000000001721e-02 3.639575891348267311e-01 6.271666920066617905e-03 2.511164348398322230e-16 6.026459015292173069e-16
1.000000000000000056e-01 3.642765961942657227e-01 6.192695902118407550e-03 2.304058950559104973e-16 6.934538977460447752e-16
