# time 1 2 D-1 D
0.000000000000000000e+00 9.999999721597847557e-01 1.391137346567355098e-08 8.675148309068481809e-35 1.310558651731768556e-34
2.500000000000000486e-03 9.999992575451598364e-01 4.727870947127510478e-07 4.744045068110810233e-21 1.033527518342472191e-22
5.000000000000000971e-03 9.999840104075046199e-01 1.145946467124517495e-05 4.478236339591862128e-20 1.963703126962020346e-21
7.500000000000001457e-03 9.998902313826087962e-01 8.497844388959513689e-05 4.298824018044055108e-19 1.071820069837192538e-21
1.000000000000000194e-02 9.995272539987981597e-01 3.890826779151664526e-04 2.851097772732740802e-18 1.945822387704835183e-20
1.250000000000000069e-02 9.984441436345518062e-01 1.340773788429175427e-03 2.146041131914233150e-17 1.873027077801707880e-18
1.500000000000000291e-02 9.958097476607595810e-01 3.726228971375616494e-03 1.704227288386077343e-16 6.020531390385940810e-17
1.750000000000000167e-02 9.905953644500019584e-01 8.464935730777764511e-03 1.221288718989532294e-15 1.101996966398291171e-15
2.000000000000000389e-02 9.823671290913844611e-01 1.569857729287130188e-02 7.098108069971119837e-15 1.259218077260879624e-14
2.250000000000000264e-02 9.721251835424361554e-01 2.364077639151327195e-02 3.245548661228173103e-14 9.267416836883862321e-14
2.500000000000000139e-02 9.618996637052829035e-01 2.928217319949672978e-02 1.118708943678857855e-13 4.532891809865228932e-13
2.750000000000000361e-02 9.533658445026890194e-01 3.103723594984944545e-02 2.950979488371898974e-13 1.540764070535012056e-12
3.000000000000000583e-02 9.471090122392081811e-01 3.017139943932430068e-02 6.337979430890673525e-13 3.848415679153569308e-12
3.250000000000000111e-02 9.429005483030444834e-01 2.812372004703753495e-02 1.210075235768246605e-12 7.460492258532044029e-12
3.500000000000000333e-02 9.402256542274416429e-01 2.600531147390668790e-02 2.196405372332791339e-12 1.178807828345237728e-11
3.750000000000000555e-02 9.385969732467236426e-01 2.406723659777972382e-02 4.026329222981981650e-12 1.566142928692566264e-11
4.000000000000000777e-02 9.376510503841221089e-01 2.282216048578716849e-02 7.770235108909624797e-12 1.748973681950063019e-11
4.250000000000000999e-02 9.371428728222429561e-01 9.463375621901569737e-03 1.543520454542447276e-11 1.541903667490776674e-11
4.500000000000000527e-02 9.369139179166574571e-01 3.995022273844163474e-03 2.888202333873719084e-11 8.547746994058373463e-12
4.750000000000000749e-02 9.368625947850652835e-01 2.949326043624336292e-03 4.375717499066496012e-11 2.798406130579240106e-12
5.000000000000000278e-02 9.369234379528486034e-01 2.561508788914588705e-03 5.927339009473086737e-11 8.361208588931646345e-13
5.250000000000000500e-02 9.370536840930440148e-01 2.326509004865385047e-03 7.918355649527690160e-11 8.768478764487022638e-13
5.500000000000000722e-02 9.372249814768022214e-01 2.226441916043956411e-03 1.068439618447910503e-10 1.480472508062248602e-12
5.750000000000000944e-02 9.374182641732261567e-01 2.122190793848986907e-03 1.442872456723717765e-10 2.322060074561802632e-12
6.000000000000001166e-02 9.376205810701613297e-01 2.045764673631575697e-03 1.931467666561974757e-10 3.108948245819979892e-12
6.250000000000000000e-02 9.378230558740289213e-01 1.990389681822811712e-03 2.541714433773118696e-10 3.800771820442952563e-12
6.500000000000000222e-02 9.380196184234522727e-01 1.959220623397769402e-03 3.275573638617455053e-10 4.364794193960039476e-12
6.750000000000000444e-02 9.382061352215230743e-01 1.905169159850610139e-03 4.129417111711652627e-10 4.765784787172740462e-12
7.000000000000000666e-02 9.383799021143264252e-01 1.893038361612553368e-03 5.080344101627336737e-10 5.079119500777447978e-12
7.250000000000000888e-02 9.385392437992325920e-01 1.854906235019950465e-03 6.131896371742252734e-10 5.316676516463593754e-12
7.500000000000001110e-02 9.386833023570519963e-01 1.838355011138424668e-03 7.239924240688183275e-10 5.423806826872943171e-12
7.750000000000001332e-02 9.388118418246516050e-01 1.837843057057938915e-03 8.392317729291494626e-10 5.436892629723767329e-12
8.000000000000001554e-02 9.389251477221183251e-01 1.808187391360331023e-03 9.570920424342397619e-10 5.366796217064401146e-12
8.250000000000001776e-02 9.390239112758023143e-01 1.806471626704448784e-03 1.075998914308992374e-09 5.237838396355294102e-12
8.500000000000001998e-02 9.391091434842694374e-01 1.796249531298684714e-03 1.193803940459266318e-09 5.062676339047803457e-12
8.750000000000000833e-02 9.391820796899269519e-01 1.779196178060633328e-03 1.316478432289649608e-09 4.849974331000677806e-12
9.000000000000001055e-02 9.392440968974157256e-01 1.771942145441857868e-03 1.442110896307058539e-09 4.614386224810340908e-12
9.250000000000001277e-02 9.392966286581747593e-01 1.778656786922429766e-03 1.572138955555177891e-09 4.364276169303327354e-12
9.500000000000001499e-02 9.393410866813056703e-01 1.768604447850655442e-03 1.690507134579652604e-09 4.115925221019994111e-12
9.750000000000001721e-02 9.393788059162094806e-01 1.761205999900207183e-03 1.765255072366586813e-09 3.855657804125141731e-12
1.000000000000000056e-01 9.394111090840758793e-01 1.763559058546172297e-03 1.766147833619249151e-09 3.612888211600671451e-12
