# time 1 2 D-1 D
0.000000000000000000e+00 9.999999778039164733e-01 1.405656062809885711e-09 7.557441444203608133e-35 2.409763419185688964e-34
2.500000000000000052e-04 9.997108021473205541e-01 3.657258021869739321e-08 2.321286504732719549e-18 2.159246057298153539e-23
5.000000000000000104e-04 9.987890161930762511e-01 5.469977492180625988e-07 7.214179813284558307e-16 1.218406306566947765e-19
7.500000000000001240e-04 9.971555511602551158e-01 3.102227699023576656e-06 2.286347413863363531e-14 2.085714942646806814e-17
1.000000000000000021e-03 9.947357661457343347e-01 1.132738424920781032e-05 2.829142636857282085e-13 8.543037130264395409e-16
1.250000000000000026e-03 9.914607217290714036e-01 3.238641891269625732e-05 2.103923266518953589e-12 1.581202272627217272e-14
1.500000000000000248e-03 9.872674181789883319e-01 7.974811683211147269e-05 1.141636621637054286e-11 1.750759835694367526e-13
1.750000000000000253e-03 9.820965506971041092e-01 1.776258384684935776e-04 4.923105427471763695e-11 1.340576943354391766e-12
2.000000000000000042e-03 9.758851331297697662e-01 3.677658938325261014e-04 1.766797903759813498e-10 7.699814351311494226e-12
2.250000000000000264e-03 9.685503111665102471e-01 7.180449579396830199e-04 5.349960075284611780e-10 3.479440477578634259e-11
2.500000000000000052e-03 9.599609914639616326e-01 1.331794795377550574e-03 1.393990538418354969e-09 1.274330819946034753e-10
2.750000000000000274e-03 9.498977115846681807e-01 2.369015581000089542e-03 3.185149815591090455e-09 3.863510763082663195e-10
3.000000000000000496e-03 9.380086527031624710e-01 4.049974088699358210e-03 6.482749261068835831e-09 9.875159446556347308e-10
3.250000000000000284e-03 9.237762568641831873e-01 6.687675312720100379e-03 1.177536401364055385e-08 2.166853279564739164e-09
3.500000000000000507e-03 9.065064530278456045e-01 1.077136814097084429e-02 1.928157852423207061e-08 4.158372391729145466e-09
3.749999999999999861e-03 8.853351113770927538e-01 1.696297640369818713e-02 2.862357086460967897e-08 7.110658188255744438e-09
4.000000000000000083e-03 8.592396076248799419e-01 2.617923001654794829e-02 3.891583698217484032e-08 1.102782318928322775e-08
4.250000000000000305e-03 8.270702109746226327e-01 3.960456580717357233e-02 4.901279928988204000e-08 1.576333764106948302e-08
4.500000000000000527e-03 7.876825111322944828e-01 5.838255700040183294e-02 5.827220037131000639e-08 2.105971876578940236e-08
4.750000000000000749e-03 7.402786474352451851e-01 8.335100311834918452e-02 6.562783848714442899e-08 2.660649850325839536e-08
5.000000000000000104e-03 6.849652484256197882e-01 1.144027268650407714e-01 7.152396609210234739e-08 3.209179014683721757e-08
5.250000000000000326e-03 6.233655169823508757e-01 1.499045672133052787e-01 7.594181472275335456e-08 3.723645826206988006e-08
5.500000000000000548e-03 5.586501312801023245e-01 1.866282153392474497e-01 7.874056082126408294e-08 4.181116892806884435e-08
5.750000000000000770e-03 4.943545488107248254e-01 2.210414303255812951e-01 8.009186581059562813e-08 4.564182582933024302e-08
6.000000000000000992e-03 4.338944840592259267e-01 2.497388634137827634e-01 8.045390973727272497e-08 4.860909087779956380e-08
6.250000000000000347e-03 3.792893005291553821e-01 2.705707227058528064e-01 8.060830339999163258e-08 5.064530484764721042e-08
6.500000000000000569e-03 3.313170484687676387e-01 2.755252221387252676e-01 7.924380667501475912e-08 5.173048462245504158e-08
6.750000000000000791e-03 2.898481158583379180e-01 7.037254767536156586e-02 7.793170592053866616e-08 5.188799736123470699e-08
7.000000000000001013e-03 2.542753976635595548e-01 1.466925217482549677e-02 7.471966705012404132e-08 5.117926351642365205e-08
7.250000000000001235e-03 2.238241677000137042e-01 7.729289937894620773e-03 7.236728041819216880e-08 4.969718614145863610e-08
7.499999999999999722e-03 1.977219403264448561e-01 4.760477104745000805e-03 6.812985656051069457e-08 4.755839395228561627e-08
7.750000000000000812e-03 1.752702348489259265e-01 3.139598605266693491e-03 6.424870255209324219e-08 4.489449529304375408e-08
8.000000000000000167e-03 1.558641123342364987e-01 2.011506657665005065e-03 6.039601087813859461e-08 4.184299453945076410e-08
8.250000000000000389e-03 1.389927833971183468e-01 1.169768712223744457e-03 5.574160008719056263e-08 3.853879870135703832e-08
8.500000000000000611e-03 1.242487044904201227e-01 5.670374449980196060e-04 5.149087469036366257e-08 3.510670749658631399e-08
8.750000000000000833e-03 1.112703915768860907e-01 1.724934789672682891e-04 4.693971282577071592e-08 3.165612989652489754e-08
9.000000000000001055e-03 9.975266562576691476e-02 1.233078880090866538e-05 4.190123983232578106e-08 2.827778374245238708e-08
9.250000000000001277e-03 8.950005090731365243e-02 3.601076704645224288e-05 3.760672533298631572e-08 2.504240180360384978e-08
9.500000000000001499e-03 8.032929317450197837e-02 2.252239618931471731e-04 3.359612379765392549e-08 2.200123707621135504e-08
9.750000000000001721e-03 7.214357642252691716e-02 5.069119589367859606e-04 3.018467338579592625e-08 1.918791667768857752e-08
1.000000000000000021e-02 6.479945038863356432e-02 8.824625833642176995e-04 2.624501748623419429e-08 1.662084416411681275e-08
