# lambda 1 2 D-1 D
0.000000000000000000e+00 -8.999999963832767236e+00 -6.999999991243566200e+00 7.000000005195538222e+00 8.999999968733650491e+00
2.500000000000000139e-02 -8.779640394690064298e+00 -6.880782212905730333e+00 6.880884008366992433e+00 8.779902771293846442e+00
5.000000000000000278e-02 -8.568543083275173444e+00 -6.768355202836625395e+00 6.769193855246136593e+00 8.570755623888206998e+00
7.500000000000001110e-02 -8.366712454844078550e+00 -6.662687858466727064e+00 6.665601507968522910e+00 8.374597270146965755e+00
1.000000000000000056e-01 -8.174209051828869477e+00 -6.563740880388598598e+00 6.570857395181180394e+00 8.193972263447223625e+00
1.250000000000000000e-01 -7.991166543094632146e+00 -6.471475545938254470e+00 6.485863297387901127e+00 8.032016349031241731e+00
1.500000000000000222e-01 -7.817808828081682648e+00 -6.385886199820919984e+00 6.411883102367692544e+00 7.892492265956750686e+00
1.750000000000000167e-01 -7.654466425573554389e+00 -6.307049939388985393e+00 6.350932536782355697e+00 7.779707522782340234e+00
2.000000000000000111e-01 -7.501590286580380962e+00 -6.235197003416409700e+00 6.306147764281092805e+00 7.698231181308354820e+00
2.250000000000000056e-01 -7.359759692804503928e+00 -6.170794494723125467e+00 6.281413395206280725e+00 7.652368783859827772e+00
2.500000000000000000e-01 -7.229679252573298243e+00 -6.114612047692171259e+00 6.279985660245609225e+00 7.645483306825665792e+00
2.750000000000000222e-01 -7.112159114396478188e+00 -6.067708046916584053e+00 6.303569924993219331e+00 7.679402057689761918e+00
3.000000000000000444e-01 -7.008074142111096805e+00 -6.031278733708903772e+00 6.352660817864178355e+00 7.754167732385786493e+00
3.250000000000000111e-01 -6.918303877314867734e+00 -6.006389804516834019e+00 6.427156913741313815e+00 7.868213289940694466e+00
3.500000000000000333e-01 -6.843665565679994955e+00 -5.993707903943919391e+00 6.526636082911046799e+00 8.018820729911801948e+00
3.750000000000000000e-01 -6.784862366192095706e+00 -5.993345087596710030e+00 6.650376090932935469e+00 8.202645247118999450e+00
4.000000000000000222e-01 -6.742468736123615969e+00 -6.004837592889382236e+00 6.797301697962652156e+00 8.416150598812791372e+00
4.250000000000000444e-01 -6.716958305141318419e+00 -6.027219289925792367e+00 6.965969017330106539e+00 8.655902076956053293e+00
4.500000000000000111e-01 -6.708751221682707211e+00 -6.059155271229595741e+00 7.154628834083784028e+00 8.918729590488597481e+00
4.750000000000000333e-01 -6.718234507935518351e+00 -6.099124224974616482e+00 7.361357108670695482e+00 9.201797357092631913e+00
5.000000000000000000e-01 -6.745710354964534972e+00 -6.145647679014475173e+00 7.584203238830593108e+00 9.502616090823485351e+00
5.250000000000000222e-01 -6.791266940945593689e+00 -6.197545541783114231e+00 7.821310461303893291e+00 9.819024312325939974e+00
5.500000000000000444e-01 -6.854632517130021085e+00 -6.254154201501830102e+00 8.070987727645878351e+00 1.014915577950891645e+01
5.750000000000000666e-01 -6.935111387060269195e+00 -6.315422993742215496e+00 8.331737705404281158e+00 1.049140279122539887e+01
6.000000000000000888e-01 -7.031655077546906440e+00 -6.381866697500003127e+00 8.602255719255239796e+00 1.084438042803789948e+01
6.250000000000000000e-01 -7.143027438425688658e+00 -6.454514665316354538e+00 8.881414354599252547e+00 1.120689403283689423e+01
6.500000000000000222e-01 -7.267975031306262323e+00 -6.535885157945520163e+00 9.168241889147340729e+00 1.157791072282852873e+01
6.750000000000000444e-01 -7.405343235595115203e+00 -6.657092976996946021e+00 9.461900616949684206e+00 1.195653495691655266e+01
7.000000000000000666e-01 -7.554129671184828254e+00 -6.838741630670337912e+00 9.761666886812719213e+00 1.234198783172826097e+01
7.250000000000000888e-01 -7.713494199377015192e+00 -7.032960511972683904e+00 1.006691361613514069e+01 1.273358965042068469e+01
7.500000000000000000e-01 -7.882747101131213796e+00 -7.235104663130679015e+00 1.037709545439879655e+01 1.313074529048155803e+01
7.750000000000000222e-01 -8.061329315402415929e+00 -7.443876371958038973e+00 1.069173630411978415e+01 1.353293192990390104e+01
8.000000000000000444e-01 -8.248790926730045214e+00 -7.658339842558266497e+00 1.101041896852241209e+01 1.393968874387656243e+01
8.250000000000000666e-01 -8.444769227756470542e+00 -7.877676679966764794e+00 1.133277645538882794e+01 1.435060824079870656e+01
8.500000000000000888e-01 -8.648966413640081896e+00 -8.101138243332965061e+00 1.165848472835399008e+01 1.476532895973745951e+01
8.750000000000000000e-01 -8.861123763913164808e+00 -8.328039119549289993e+00 1.198725667459024002e+01 1.518352929853149114e+01
9.000000000000000222e-01 -9.080995463418840785e+00 -8.557766082926416829e+00 1.231883703590665391e+01 1.560492228192159558e+01
9.250000000000000444e-01 -9.308322079383003711e+00 -8.789792171015445632e+00 1.265299811467452962e+01 1.602925111269510694e+01
9.500000000000000666e-01 -9.542808627524689058e+00 -9.023689990768524183e+00 1.298953614937879664e+01 1.645628537660734736e+01
9.750000000000000888e-01 -9.784111620642612195e+00 -9.259138640171180157e+00 1.332826831186416427e+01 1.688581779465254584e+01
1.000000000000000000e+00 -1.003183781110005768e+01 -9.495919914339378209e+00 1.366903003274342865e+01 1.731766143491249110e+01
