# time 1 2 D-1 D
0.000000000000000000e+00 9.999999701790396323e-01 1.905557737239238350e-08 5.131032841339283903e-35 2.059936300380976629e-34
5.000000000000000104e-04 9.996117945990711240e-01 3.529330561087215948e-08 3.351306448506453003e-18 1.245642839983614254e-24
1.000000000000000021e-03 9.983335702462435846e-01 6.625375753917865599e-07 9.755766765548231263e-16 8.178270780121772452e-21
1.500000000000000248e-03 9.959325690809986975e-01 3.934691059504124854e-06 2.805818576055012719e-14 1.620414293102804074e-18
2.000000000000000042e-03 9.920940778144989869e-01 1.539778880235499577e-05 3.057221483345793368e-13 7.494866043482300019e-17
2.500000000000000052e-03 9.864263961834508487e-01 4.639077342617084032e-05 1.910960853865893876e-12 1.522676090368423915e-15
3.000000000000000496e-03 9.784678656280685338e-01 1.218547690875694707e-04 8.350750645383706250e-12 1.786104969914695368e-14
3.500000000000000507e-03 9.676924302177705162e-01 2.838764328042339300e-04 2.781970127780171912e-11 1.391327150759657967e-13
4.000000000000000083e-03 9.535104487317171973e-01 6.043900998802953376e-04 7.488750124813758634e-11 7.786020580281487330e-13
4.500000000000000527e-03 9.352633224752946450e-01 1.224729076307285065e-03 1.678989136929065769e-10 3.285561443330790896e-12
5.000000000000000104e-03 9.122144083227251565e-01 2.338623984867051371e-03 3.235947924418031536e-10 1.082138061728672743e-11
5.500000000000000548e-03 8.835460440904713275e-01 4.224978552416716431e-03 5.228542971533775885e-10 2.864348366243525528e-11
6.000000000000000992e-03 8.483832050934025926e-01 7.297463396656455638e-03 6.826252877453996685e-10 6.267338913515198047e-11
6.500000000000000569e-03 8.058802044248307705e-01 1.192797087634556684e-02 6.637885376196299510e-10 1.165502836460704928e-10
7.000000000000001013e-03 7.554190207658385559e-01 1.858600693875718871e-02 9.999758138639573474e-10 1.891175216649799027e-10
7.499999999999999722e-03 6.969527503928406587e-01 2.745541225434268082e-02 1.438081951388631793e-09 2.741801679560983941e-10
8.000000000000000167e-03 6.314434703760892775e-01 3.791129296490515499e-02 1.559080527705973638e-09 3.625418001608140194e-10
8.500000000000000611e-03 5.611762883669673130e-01 4.850506334584190476e-02 1.578118446919608193e-09 4.449056721077646257e-10
9.000000000000001055e-03 4.896142267496203515e-01 5.771637770792423933e-02 1.519455911582161202e-09 5.141454549291063270e-10
9.500000000000001499e-03 4.206452477447927274e-01 6.367339090699859760e-02 1.418428648066211803e-09 5.663347799777381308e-10
1.000000000000000021e-02 3.575537236954805520e-01 6.427845830553680084e-02 1.287611373468528745e-09 6.005713762918414109e-10
1.050000000000000065e-02 3.023126918495203097e-01 5.935049656233110094e-02 1.147388102109855177e-09 6.181994876435555796e-10
1.100000000000000110e-02 2.555040511102614209e-01 4.804127367981793351e-02 1.007012626217124544e-09 6.218767977599923582e-10
1.150000000000000154e-02 2.166894203249519757e-01 2.748993491235118131e-02 8.745230165159952962e-10 6.147140274087741190e-10
1.200000000000000198e-02 1.848915623919333284e-01 6.159404937344685645e-03 7.540012906673212792e-10 5.997702611412700951e-10
1.250000000000000069e-02 1.589684869351025154e-01 2.322048771411478699e-04 6.476493602791378618e-10 5.797100953452312383e-10
1.300000000000000114e-02 1.378302656648804358e-01 2.328149672083634466e-04 5.555065160857779136e-10 5.567237586774078035e-10
1.350000000000000158e-02 1.205336751142218610e-01 9.897310467921320055e-04 4.768275294584315716e-10 5.324710627116234583e-10
1.400000000000000203e-02 1.063048405964871213e-01 1.705437709891503405e-03 4.103268714768122147e-10 5.081920224199743530e-10
1.450000000000000247e-02 9.452865484463085499e-02 2.273239658242625586e-03 3.543702748313103407e-10 4.846926816508320120e-10
1.499999999999999944e-02 8.471865803991504573e-02 2.704659282408399500e-03 3.073123465871759610e-10 4.626707546650652834e-10
1.550000000000000162e-02 7.650708153515749232e-02 2.947711206837182359e-03 2.681612279086242973e-10 4.420002344044692358e-10
1.600000000000000033e-02 6.959588064327783263e-02 2.997320794267088664e-03 2.353329288346828695e-10 4.233891293891486499e-10
1.650000000000000078e-02 6.378993313786608665e-02 2.793369238650997809e-03 2.083691126918900321e-10 4.063077739517188488e-10
1.700000000000000122e-02 5.884294637516589155e-02 2.404393807901369397e-03 1.850975630531917019e-10 3.913362102859034877e-10
1.750000000000000167e-02 5.467835900780470409e-02 1.781753256788618650e-03 1.656107181655285323e-10 3.781339518908404100e-10
1.800000000000000211e-02 5.105542678296679654e-02 1.066956720770054733e-03 1.493939099528951231e-10 3.663361818022318476e-10
1.850000000000000255e-02 4.783145204636325698e-02 3.365347241019250543e-04 1.355132043623347774e-10 3.563810473936397486e-10
1.900000000000000300e-02 4.454707292724664758e-02 1.119677553271174258e-06 1.238399257752188173e-10 3.477403496274344798e-10
1.950000000000000344e-02 4.063933107997808047e-02 5.866181595471667244e-04 1.139256757617815343e-10 3.403414112164403938e-10
2.000000000000000042e-02 3.581093386624317060e-02 2.360933368712726538e-03 1.056606689852884557e-10 3.343447138484799761e-10
