# lambda 1 2 D-1 D
0.000000000000000000e+00 -1.499999993649916874e+01 -1.300000004720896740e+01 1.300000003896241196e+01 1.499999993261206654e+01
2.500000000000000139e-02 -1.463471849773137023e+01 -1.277470658802990755e+01 1.277499111278330801e+01 1.463498830338344092e+01
5.000000000000000278e-02 -1.428932455840958049e+01 -1.256662323710458828e+01 1.256900143125922931e+01 1.429159097777336562e+01
7.500000000000001110e-02 -1.396450433188640439e+01 -1.237568338455849393e+01 1.238405968853874306e+01 1.397252629146928449e+01
1.000000000000000056e-01 -1.366096598771797233e+01 -1.220181101501340493e+01 1.222248967012079390e+01 1.368087289637466597e+01
1.250000000000000000e-01 -1.337945022985250354e+01 -1.204492729619610891e+01 1.208687276067020910e+01 1.342005486061449737e+01
1.500000000000000222e-01 -1.312073921161650958e+01 -1.190496935911209775e+01 1.197995858335120900e+01 1.319376952746861420e+01
1.750000000000000167e-01 -1.288566049916668810e+01 -1.178191139700045476e+01 1.190449045097480685e+01 1.300583312229290023e+01
2.000000000000000111e-01 -1.267508100116923053e+01 -1.167579425385700809e+01 1.186294771054686414e+01 1.285993697556404136e+01
2.250000000000000056e-01 -1.248988418561673619e+01 -1.158676573995534476e+01 1.185724990627672604e+01 1.275934861917444074e+01
2.500000000000000000e-01 -1.233092363439969397e+01 -1.151513678504097093e+01 1.188851569190136992e+01 1.270663526305766489e+01
2.750000000000000222e-01 -1.219894924340898434e+01 -1.146145159009825854e+01 1.195697217185646188e+01 1.270348730506342427e+01
3.000000000000000444e-01 -1.209451165426620811e+01 -1.142655915256741572e+01 1.206205003755917637e+01 1.275066209615460089e+01
3.250000000000000111e-01 -1.201786564813891367e+01 -1.141165725349027049e+01 1.220261180900175368e+01 1.284800976432804198e+01
3.500000000000000333e-01 -1.196890716466198334e+01 -1.141826758321871971e+01 1.237720535117070320e+01 1.299454500309497185e+01
3.750000000000000000e-01 -1.194717797431814077e+01 -1.144811540594081833e+01 1.258424398957154722e+01 1.318857100122181336e+01
4.000000000000000222e-01 -1.195194911811491068e+01 -1.150292643052117114e+01 1.282207610854253232e+01 1.342785982838896075e+01
4.250000000000000444e-01 -1.198236047672409477e+01 -1.158420360925792458e+01 1.308897769084740581e+01 1.370984428004759259e+01
4.500000000000000111e-01 -1.203757276028514589e+01 -1.169302699067929829e+01 1.338313161699588782e+01 1.403175034469725624e+01
4.750000000000000333e-01 -1.211689051482047219e+01 -1.182985097959554111e+01 1.370263614475081226e+01 1.439064828207393631e+01
5.000000000000000000e-01 -1.221983074470351482e+01 -1.199431569435575895e+01 1.404554710558827324e+01 1.478347118873926291e+01
5.250000000000000222e-01 -1.234613264331940385e+01 -1.218523245633265617e+01 1.440993683127521408e+01 1.520706566824711814e+01
5.500000000000000444e-01 -1.249579995927032883e+01 -1.240071856017678442e+01 1.479395121653760015e+01 1.565829308096596151e+01
5.750000000000000666e-01 -1.267076957396891146e+01 -1.263672081723947827e+01 1.519585329867182111e+01 1.613414971120880992e+01
6.000000000000000888e-01 -1.290518973142427583e+01 -1.285681018217240990e+01 1.561404941182427919e+01 1.663186393827072607e+01
6.250000000000000000e-01 -1.318397486108946737e+01 -1.307366632737893752e+01 1.604710161103048449e+01 1.714894973711662374e+01
6.500000000000000222e-01 -1.348260625160369131e+01 -1.330936894510914215e+01 1.649374889425924806e+01 1.768321926302282066e+01
6.750000000000000444e-01 -1.379882792005373560e+01 -1.356383187728588879e+01 1.695378942148025558e+01 1.823276806843744069e+01
7.000000000000000666e-01 -1.413143461366918885e+01 -1.383612498233438615e+01 1.745211562530079874e+01 1.879594656738078484e+01
7.250000000000000888e-01 -1.447947117305088938e+01 -1.412525592956029641e+01 1.796775385751069365e+01 1.937132720330795621e+01
7.500000000000000000e-01 -1.484212484499001405e+01 -1.450483756365237653e+01 1.849540365063745995e+01 1.995767256442212201e+01
7.750000000000000222e-01 -1.521868675950790362e+01 -1.489849619610627229e+01 1.903403965342079118e+01 2.055390678334349275e+01
8.000000000000000444e-01 -1.560852166016986686e+01 -1.530288194628137077e+01 1.958272102643914891e+01 2.115909091020106914e+01
8.250000000000000666e-01 -1.601103780780769625e+01 -1.571715478997307969e+01 2.014057493363370099e+01 2.177240214695904541e+01
8.500000000000000888e-01 -1.642565711415043594e+01 -1.614059763675169634e+01 2.070680329582480184e+01 2.239311650814950738e+01
8.750000000000000000e-01 -1.685179452356657492e+01 -1.657260631420967911e+01 2.128068490516363909e+01 2.302059439039864941e+01
9.000000000000000222e-01 -1.728884177625254281e+01 -1.701267662977689454e+01 2.186157285198354217e+01 2.365426855710013498e+01
9.250000000000000444e-01 -1.773616980185058267e+01 -1.746036866454136671e+01 2.244888904894982673e+01 2.429363410768798914e+01
9.500000000000000666e-01 -1.819313782495648368e+01 -1.791527139928467349e+01 2.304211762493698856e+01 2.493824007182655933e+01
9.750000000000000888e-01 -1.865910749535108692e+01 -1.837697585639926245e+01 2.364079785675086498e+01 2.558768233434430783e+01
1.000000000000000000e+00 -1.913345684203113350e+01 -1.884505725077592686e+01 2.424451755282377619e+01 2.624159765281880041e+01
