# time 1 2 D-1 D
0.000000000000000000e+00 9.999999687658889247e-01 2.510651099784935676e-09 2.229031162746762687e-35 2.567812308073591732e-35
2.500000000000000486e-03 9.991476131857220944e-01 9.007715686511707417e-09 1.168828645716556887e-26 2.684951723539047103e-25
5.000000000000000971e-03 9.963717908679875501e-01 9.125061043628019050e-08 3.107585147652817334e-22 1.466628425483989727e-21
7.500000000000001457e-03 9.912692982025897992e-01 5.614753471211649710e-07 1.355214097502386883e-19 2.529409564718328434e-19
1.000000000000000194e-02 9.833483564084711803e-01 2.344887571804326504e-06 1.112258958013794592e-17 1.067230547613508353e-17
1.250000000000000069e-02 9.720337437452445384e-01 7.816802301593060327e-06 3.524726732429620179e-16 2.102637323456866608e-16
1.500000000000000291e-02 9.566576642367978778e-01 2.271966414900975168e-05 6.030874929976119622e-15 2.582527259109581812e-15
1.750000000000000167e-02 9.364331508693490846e-01 6.039240887017222368e-05 6.606653507988338919e-14 2.278907787198309881e-14
2.000000000000000389e-02 9.104058735716620276e-01 1.514530272425138697e-04 5.217640367197719831e-13 1.533036644733366721e-13
2.250000000000000264e-02 8.773774804308045461e-01 3.665145550969046615e-04 3.118222212086251043e-12 7.976350934611905931e-13
2.500000000000000139e-02 8.357874318361506738e-01 8.696939196435257702e-04 1.458864628071113234e-11 3.226863873871680065e-12
2.750000000000000361e-02 7.835232568590823066e-01 2.057939443080419092e-03 5.499147629769942143e-11 1.032062049128062210e-11
3.000000000000000583e-02 7.176250744791579095e-01 4.877027710364310702e-03 1.724825168868799048e-10 2.684138711779526954e-11
3.250000000000000111e-02 6.337224991703040988e-01 1.167609655666564800e-02 4.833732995993731380e-10 5.860985462745110515e-11
3.500000000000000333e-02 5.258029572800656526e-01 2.739146217471707251e-02 1.035425183214915045e-09 1.107368115480513045e-10
3.750000000000000555e-02 3.888166205481528026e-01 5.910581434569071868e-02 1.670001042516864004e-09 1.858146595457183055e-10
4.000000000000000777e-02 2.455728603374391084e-01 9.217824064026783337e-02 2.391816875539577725e-09 2.829220252258702125e-10
4.250000000000000999e-02 1.417939096887263495e-01 9.494651497501278847e-02 3.280580012050959278e-09 3.977910391731355350e-10
4.500000000000000527e-02 8.240963105311245596e-02 7.474311680784603840e-02 4.254935464655517897e-09 5.238830014097442510e-10
4.750000000000000749e-02 5.031718506284486164e-02 5.147473825652434942e-02 5.382264207687904788e-09 6.537915493416088499e-10
5.000000000000000278e-02 3.213859915428707997e-02 3.378734647923255230e-02 6.506501842103094452e-09 7.805123934772047926e-10
5.250000000000000500e-02 2.109526924900895564e-02 2.214552510763734619e-02 7.740976341403386058e-09 8.983964013566489031e-10
5.500000000000000722e-02 1.416328433305488049e-02 1.468002537801240195e-02 8.963613431777950698e-09 1.003528623585106242e-09
5.750000000000000944e-02 9.645679487503619823e-03 9.918549652085932589e-03 1.015822725693795044e-08 1.093758494428328004e-09
6.000000000000001166e-02 6.676889257054859257e-03 6.792425493825970939e-03 1.135546872364752401e-08 1.168489499926706639e-09
6.250000000000000000e-02 4.638163821366568344e-03 4.760890897573172298e-03 1.246305910047548606e-08 1.228282667117382401e-09
6.500000000000000222e-02 3.246214666862985276e-03 3.369130402058453065e-03 1.361478181313379981e-08 1.274452669652991924e-09
6.750000000000000444e-02 2.279314765341692531e-03 2.430628700977030109e-03 1.466048974219097002e-08 1.308781042635752068e-09
7.000000000000000666e-02 1.603649105788441985e-03 1.769395841113934791e-03 1.570115935768106329e-08 1.333193486360929179e-09
7.250000000000000888e-02 1.127062382655877760e-03 1.299808104654072904e-03 1.663015445444443262e-08 1.349574523109301816e-09
7.500000000000001110e-02 7.897267534918103217e-04 9.664754536718679276e-04 1.765211948283016724e-08 1.359680513377805060e-09
7.750000000000001332e-02 5.506036956311485906e-04 7.172678279907976177e-04 1.851666200796254093e-08 1.365058998047026295e-09
8.000000000000001554e-02 3.811955468635700242e-04 5.343603463566468136e-04 1.943156441033349922e-08 1.367002745015848223e-09
8.250000000000001776e-02 2.615264494041529865e-04 4.062396821828734208e-04 2.032735432753593212e-08 1.366597019523680428e-09
8.500000000000001998e-02 1.774358257099897058e-04 6.609634054972142372e-04 2.125105036678767174e-08 1.364708749673545882e-09
8.750000000000000833e-02 1.187909724366427314e-04 5.351556412948950577e-04 2.216133898612196197e-08 1.362006617232065458e-09
9.000000000000001055e-02 7.829122471247273670e-05 4.554185067921002247e-04 2.302852540142563076e-08 1.359004122211633333e-09
9.250000000000001277e-02 5.065667769129896994e-05 3.819848564032757494e-04 2.381390712037350070e-08 1.356098117135716524e-09
9.500000000000001499e-02 3.206820225455131489e-05 3.241519460262372266e-04 2.474393403130184636e-08 1.353553966875346793e-09
9.750000000000001721e-02 1.977304553507999797e-05 2.728798336038844481e-04 2.557193046352446004e-08 1.351527739823788246e-09
1.000000000000000056e-01 1.180074971899822969e-05 2.295674178645149823e-04 2.649878852199602785e-08 1.350167819755968805e-09
