# time 1 2 D-1 D
0.000000000000000000e+00 9.999999693641350440e-01 4.730623799656669090e-09 6.018531076210113110e-35 3.056285312137947521e-35
1.250000000000000243e-03 9.991596678532091991e-01 1.137556068077208940e-07 6.279118390140473205e-17 1.778029570567930950e-21
2.500000000000000486e-03 9.964606842663612518e-01 1.882038182987822482e-06 1.957361262975346212e-14 1.046435267939978155e-17
3.750000000000000729e-03 9.916134790766470974e-01 1.167299855573918176e-05 6.023381939844906621e-13 1.840183971266345721e-15
5.000000000000000971e-03 9.843004224900981924e-01 4.703235956746155933e-05 6.925690313801613451e-12 7.622543962341790517e-14
6.250000000000000347e-03 9.741683199247141989e-01 1.495709825666729554e-04 4.727856247506036021e-11 1.400859472722995987e-12
7.500000000000001457e-03 9.608047889551821763e-01 4.094209040979706086e-04 2.242272918335010003e-10 1.496411509775936468e-11
8.750000000000000833e-03 9.436935484485853287e-01 1.007062147744758676e-03 8.083546364575859943e-10 1.058474653621456873e-10
1.000000000000000194e-02 9.221480053260749932e-01 2.274229192962975033e-03 2.352706134550920010e-09 5.306389448658367791e-10
1.125000000000000132e-02 8.952352942482926235e-01 4.768296251213303624e-03 5.727989176824331468e-09 1.971581816069412854e-09
1.250000000000000069e-02 8.617264736764351785e-01 9.329049477246477429e-03 1.229168285945084701e-08 5.661869422620085401e-09
1.375000000000000180e-02 8.201446593612431446e-01 1.706133849839352318e-02 2.521283513357298886e-08 1.312885419549745523e-08
1.500000000000000291e-02 7.690181954162471634e-01 2.912345922643283166e-02 5.758545870194631772e-08 2.562640349965357863e-08
1.625000000000000056e-02 7.074534108858722137e-01 4.622020181279769963e-02 1.554831140108619336e-07 4.363644016810049351e-08
1.750000000000000167e-02 6.359212983286006704e-01 6.787690084372703658e-02 2.146734103270368643e-07 6.671278128545752425e-08
1.875000000000000278e-02 5.569623856983592081e-01 9.162140149524762578e-02 2.597254566846186589e-07 9.365887835904166167e-08
2.000000000000000389e-02 4.749645443993962268e-01 1.131589059540890202e-01 3.144123199220482124e-07 1.228745983741167356e-07
2.125000000000000500e-02 3.951825335677277562e-01 1.271368222699875705e-01 3.750982980703696813e-07 1.527065079755759183e-07
2.250000000000000264e-02 3.219464881118754840e-01 1.285704745495745704e-01 4.452061703722593644e-07 1.817038072504274201e-07
2.375000000000000375e-02 2.580806520114491964e-01 1.137554867892205668e-01 5.853740256767922910e-07 2.087574678320690459e-07
2.500000000000000139e-02 2.046336038350802800e-01 8.660469393536926463e-02 6.505466160630892029e-07 2.331369255092764926e-07
2.625000000000000250e-02 1.612982835830328865e-01 5.819527813225026935e-02 4.844644060821235831e-07 2.544583738824324040e-07
2.750000000000000361e-02 1.269520426797485779e-01 3.593291401474190544e-02 4.628941133288637995e-07 2.726192169885122552e-07
2.875000000000000472e-02 1.001292804522371793e-01 2.247104695958134640e-02 4.517132002537065647e-07 2.877213828169171362e-07
3.000000000000000583e-02 7.934482907961218356e-02 1.410532661808456753e-02 4.538953388071039572e-07 2.999999217352928548e-07
3.125000000000000000e-02 6.328170906580589394e-02 9.312430310346443002e-03 4.571971296731812934e-07 3.097635716478003417e-07
3.250000000000000111e-02 5.085119525061339990e-02 6.332622717191753459e-03 4.650854750053395247e-07 3.173506238606033709e-07
3.375000000000000222e-02 4.121087419137528518e-02 4.403798259892110004e-03 4.649863673461990283e-07 3.230980842184721502e-07
3.500000000000000333e-02 3.366633883189520948e-02 3.155888212813305529e-03 4.688488144262630891e-07 3.273223808335976280e-07
3.625000000000000444e-02 2.773991672982100906e-02 2.312768265287016515e-03 4.691763923607501786e-07 3.303089778117873166e-07
3.750000000000000555e-02 2.304397321890871639e-02 1.723727025457926117e-03 4.731543713158788606e-07 3.323079000759950496e-07
3.875000000000000666e-02 1.929165982415769268e-02 1.304368497377088060e-03 4.755119078566633777e-07 3.335327900830181810e-07
4.000000000000000777e-02 1.626753557250880042e-02 9.909715635483744116e-04 4.765265030380903964e-07 3.341631143485490178e-07
4.125000000000000888e-02 1.380445623790394795e-02 7.674509810788544741e-04 4.782527372865908580e-07 3.343476407573434227e-07
4.250000000000000999e-02 1.177439608405025928e-02 6.048692364189298554e-04 4.765271589977974071e-07 3.342077277021033729e-07
4.375000000000000416e-02 1.007979177284687271e-02 4.779035782112653341e-04 4.785437864324716945e-07 3.338415937572425168e-07
4.500000000000000527e-02 8.642668549079905727e-03 3.788890119681297586e-04 4.798768337528905086e-07 3.333270188034260666e-07
4.625000000000000638e-02 7.406315315082813260e-03 3.045759099549262051e-04 4.840263660800409873e-07 3.327257160801832223e-07
4.750000000000000749e-02 6.330802355281522908e-03 2.463863673947292994e-04 4.859277372156136206e-07 3.320866130423853170e-07
4.875000000000000860e-02 5.390590783071309844e-03 2.005285351602029652e-04 4.886250574644547584e-07 3.314465099329604781e-07
5.000000000000000278e-02 4.571167131741886609e-03 1.646398945309158189e-04 4.893260207743735777e-07 3.308318809851596643e-07
