# lambda 1 2 D-1 D
0.000000000000000000e+00 -8.999999964150909193e+00 -7.000000003570384877e+00 7.000000027082045051e+00 8.999999967677716484e+00
2.500000000000000139e-02 -8.779455666688823712e+00 -6.892147246720154996e+00 6.892255679983314565e+00 8.779768033588064569e+00
5.000000000000000278e-02 -8.567716737990044962e+00 -6.791797402708274589e+00 6.792666423235454332e+00 8.570359814658045750e+00
7.500000000000001110e-02 -8.364692555645081740e+00 -6.698904267359878872e+00 6.701805680836043777e+00 8.374167902853212553e+00
1.000000000000000056e-01 -8.170400258565061691e+00 -6.613409074830025602e+00 6.620127770846432114e+00 8.194354300394506296e+00
1.250000000000000000e-01 -7.984989086059089303e+00 -6.535225745346130211e+00 6.547885815307484592e+00 8.035045002845938811e+00
1.500000000000000222e-01 -7.808771348821567315e+00 -6.464221924066542613e+00 6.485174072719670946e+00 7.901439752652354542e+00
1.750000000000000167e-01 -7.642263856506167130e+00 -6.400188120764033428e+00 6.432352514495930151e+00 7.799647463484953747e+00
2.000000000000000111e-01 -7.486243937538260340e+00 -6.342790827072951387e+00 6.391246653543134926e+00 7.736005075806446030e+00
2.250000000000000056e-01 -7.341822875681184968e+00 -6.291507136272267431e+00 6.367229923054882335e+00 7.715834815435520966e+00
2.500000000000000000e-01 -7.210533118678437603e+00 -6.245544715812515690e+00 6.370777232919902389e+00 7.742118189548678586e+00
2.750000000000000222e-01 -7.094406686203202028e+00 -6.203769345380511169e+00 6.414638419481004661e+00 7.814896566582044457e+00
3.000000000000000444e-01 -6.995981584673355513e+00 -6.164706390046230666e+00 6.505905562289735045e+00 7.931724910978129373e+00
3.250000000000000111e-01 -6.918118418527697600e+00 -6.126739802937230195e+00 6.642322566292518715e+00 8.088702345426568741e+00
3.500000000000000333e-01 -6.863512578689045185e+00 -6.088641940993911206e+00 6.816918011826833990e+00 8.281427731362496658e+00
3.750000000000000000e-01 -6.833979803633951633e+00 -6.050404961433500262e+00 7.022737613044482075e+00 8.505598298554197356e+00
4.000000000000000222e-01 -6.829916161459076207e+00 -6.014107005983603926e+00 7.254211603911254969e+00 8.757289788705117317e+00
4.250000000000000444e-01 -6.850337878589010998e+00 -5.984815931135399225e+00 7.507034835251484850e+00 9.033044676726452948e+00
4.500000000000000111e-01 -6.893418300559808642e+00 -5.972704262584453971e+00 7.777835119846177037e+00 9.329867094041514264e+00
4.750000000000000333e-01 -6.957082412818952122e+00 -5.995656844559754006e+00 8.063917330972397934e+00 9.645179971888314441e+00
5.000000000000000000e-01 -7.039372306953422864e+00 -6.064431355405224267e+00 8.363090868382252907e+00 9.976771252267775836e+00
5.250000000000000222e-01 -7.138582051216888047e+00 -6.167530262795972718e+00 8.673552666400004441e+00 1.032274091080706135e+01
5.500000000000000444e-01 -7.253267026667703732e+00 -6.293119258791115556e+00 8.993804432755752032e+00 1.068145331576350898e+01
5.750000000000000666e-01 -7.382209122128562839e+00 -6.435576310670304778e+00 9.322591931942275423e+00 1.105149616779523747e+01
6.000000000000000888e-01 -7.524375324973247459e+00 -6.591949814553020204e+00 9.658858768516987325e+00 1.143164585442616676e+01
6.250000000000000000e-01 -7.678881325657203050e+00 -6.760287060690986394e+00 1.000171040512611320e+01 1.182083851336664360e+01
6.500000000000000222e-01 -7.844961571884660145e+00 -6.939107936586008663e+00 1.035038559254585877e+01 1.221814595767278178e+01
6.750000000000000444e-01 -8.021944545303369978e+00 -7.127217106512699019e+00 1.070423353238338748e+01 1.262275564817791462e+01
7.000000000000000666e-01 -8.209231959813786617e+00 -7.323613795497914580e+00 1.106269529200212709e+01 1.303395399721618197e+01
7.250000000000000888e-01 -8.406281082347701883e+00 -7.527442755849593325e+00 1.142528874984276577e+01 1.345111240204091452e+01
7.500000000000000000e-01 -8.612589827839208567e+00 -7.737958379325011293e+00 1.179159621589639784e+01 1.387367551440559765e+01
7.750000000000000222e-01 -8.827684551283587311e+00 -7.954504506336268932e+00 1.216125428775779760e+01 1.430115134630694662e+01
8.000000000000000444e-01 -9.051110561540212984e+00 -8.176499777972829008e+00 1.253394549083732556e+01 1.473310288927031664e+01
8.250000000000000666e-01 -9.282425352858044931e+00 -8.403427852290356270e+00 1.290939134958239265e+01 1.516914098702266500e+01
8.500000000000000888e-01 -9.521194435623401731e+00 -8.634830145716216876e+00 1.328734665347442778e+01 1.560891825120052978e+01
8.750000000000000000e-01 -9.766989495215014472e+00 -8.870300084096676585e+00 1.366759463384660300e+01 1.605212384924436009e+01
9.000000000000000222e-01 -1.001938846383062298e+01 -9.109477913428715823e+00 1.404994300004248231e+01 1.649847902496946617e+01
9.250000000000000444e-01 -1.027797699254817587e+01 -9.352045829541189903e+00 1.443422056689031763e+01 1.694773323724373526e+01
9.500000000000000666e-01 -1.054235078068116493e+01 -9.597723321249727491e+00 1.482027442965791764e+01 1.739966082215292076e+01
9.750000000000000888e-01 -1.081211825763881151e+01 -9.846262579721798858e+00 1.520796757183180858e+01 1.785405810009550720e+01
1.000000000000000000e+00 -1.108690320320424405e+01 -1.009744427241661313e+01 1.559717685836078971e+01 1.831074086226141873e+01
