# time 1 2 D-1 D
0.000000000000000000e+00 9.999999635493918015e-01 5.762203496507095131e-09 4.625983530218412839e-35 7.273626713186594705e-36
5.000000000000000104e-04 9.989075198861133709e-01 5.620722611815006575e-08 2.281359229209980681e-29 6.940016049786419731e-34
1.000000000000000021e-03 9.953857606295247740e-01 9.276836034334243766e-07 5.342350092039537254e-25 1.963163954147820705e-28
1.500000000000000248e-03 9.890170274721402643e-01 6.096198328290804242e-06 2.241232448729937749e-22 4.797495465559081153e-25
2.000000000000000042e-03 9.793104152520816230e-01 2.664147272962632949e-05 1.862512115683036511e-20 1.420714724852947697e-22
2.500000000000000052e-03 9.656739953479114291e-01 9.318469540644043383e-05 6.531079811693075595e-19 1.295293860734640252e-20
3.000000000000000496e-03 9.473506511082065984e-01 2.845516344801198852e-04 1.343218930904493174e-17 5.491728885915959442e-19
3.500000000000000507e-03 9.232910086289530804e-01 7.993828062994848185e-04 1.927877727908017690e-16 1.306175041719264947e-17
4.000000000000000083e-03 8.919047616107715903e-01 2.118076425104223511e-03 2.180959294796177642e-15 1.887914812293800995e-16
4.500000000000000527e-03 8.505683744356521414e-01 5.382059114573124227e-03 2.528364260122965223e-14 1.733876155972347966e-15
5.000000000000000104e-03 7.946918822756653400e-01 1.317306211047297379e-02 2.405186051500143957e-13 1.066922456990905322e-14
5.500000000000000548e-03 7.164186900745571629e-01 3.063102036076949253e-02 8.908395290581198096e-13 4.696812454082963637e-14
6.000000000000000992e-03 6.057042309294345950e-01 6.430843844611479343e-02 2.591965816866269145e-12 1.578037612106074766e-13
6.500000000000000569e-03 4.637120460967532609e-01 1.093868797763220407e-01 6.151780896592624933e-12 4.275122280689981325e-13
7.000000000000001013e-03 3.212030944356752959e-01 1.347870873071747855e-01 1.241427057959231905e-11 9.756312271870175306e-13
7.499999999999999722e-03 2.115661231515623686e-01 1.183142160610933802e-01 2.198852395526069659e-11 1.940385552411064101e-12
8.000000000000000167e-03 1.390046326813898225e-01 7.912629102688384375e-02 3.524083073016525806e-11 3.452973949347841431e-12
8.500000000000000611e-03 9.256391775137795541e-02 4.514814384138052250e-02 5.198071689000272228e-11 5.612637277289866404e-12
9.000000000000001055e-03 6.232239653415151681e-02 2.450800936780551942e-02 7.197416024794725487e-11 8.471833849649351011e-12
9.500000000000001499e-03 4.218116231212371003e-02 1.296015815743370957e-02 9.438024223748174327e-11 1.202890355608963723e-11
1.000000000000000021e-02 2.855067144914396823e-02 7.087039568414452498e-03 1.189083734221772592e-10 1.623251550121412970e-11
1.050000000000000065e-02 1.925744175303882935e-02 3.987828791063523400e-03 1.446388399951481011e-10 2.098851804129060160e-11
1.100000000000000110e-02 1.292012271974896272e-02 2.339761838841176306e-03 1.708872287268679478e-10 2.620862964351666960e-11
1.150000000000000154e-02 8.618767996071032347e-03 1.518957163039615478e-03 1.976414386352897985e-10 3.179202928004166924e-11
1.200000000000000198e-02 5.719676841485834065e-03 9.741840985069897922e-04 2.245615649364376225e-10 3.754640650404950687e-11
1.250000000000000069e-02 3.779602376415044495e-03 6.082374913389909481e-04 2.508137433617810184e-10 4.346556625820550001e-11
1.300000000000000114e-02 2.488926739949714594e-03 4.142073845253727384e-04 2.770457859707083191e-10 4.952759812218859207e-11
1.350000000000000158e-02 1.633831467495484467e-03 2.873826702317418312e-04 3.029055949942827999e-10 5.541182625193068320e-11
1.400000000000000203e-02 1.068797627797810068e-03 1.978480676467913603e-04 3.282714113113803167e-10 6.135974841742377647e-11
1.450000000000000247e-02 6.960797202585944669e-04 1.437813562918962391e-04 3.532368570990087644e-10 6.726858323520626771e-11
1.499999999999999944e-02 4.506368269841719786e-04 1.063388646570874495e-04 3.779087943185252871e-10 7.306512598389540437e-11
1.550000000000000162e-02 2.894151296945836923e-04 7.487813642693612424e-05 4.021307507035116487e-10 7.869789193069514570e-11
1.600000000000000033e-02 1.839561489534883903e-04 5.563520555840888203e-05 4.262972005525810024e-10 8.432841965537227156e-11
1.650000000000000078e-02 1.154210696724685645e-04 4.018813107227968000e-05 4.500009626817376230e-10 8.982649468517800663e-11
1.700000000000000122e-02 7.129807092031991724e-05 1.541945473064220741e-04 4.736140551955704688e-10 9.545472403806817384e-11
1.750000000000000167e-02 4.324654146705529412e-05 1.187324966608585319e-04 4.971915058497050513e-10 1.006860199256292315e-10
1.800000000000000211e-02 2.569275126259081343e-05 8.852171438253368045e-05 5.206925769148609574e-10 1.061464477586414745e-10
1.850000000000000255e-02 1.491433685251792331e-05 6.587683120400786231e-05 5.437164334351529531e-10 1.115153585129411751e-10
1.900000000000000300e-02 8.438666860891302115e-06 4.890876439013650765e-05 5.670487996962116658e-10 1.168830121538251901e-10
1.950000000000000344e-02 4.641361328479793817e-06 3.562329182584843333e-05 5.903020494967909305e-10 1.220872732199344628e-10
2.000000000000000042e-02 2.473080888933837525e-06 2.609837333365153309e-05 6.136753534286347507e-10 1.273720453173144767e-10
