# time 1 2 D-1 D
0.000000000000000000e+00 9.999999525950075130e-01 4.874830996326349365e-10 1.208620562230176646e-35 1.105038158169876650e-35
5.000000000000000104e-04 9.989466665269230994e-01 8.465841760471881084e-09 1.888738377164652438e-27 1.682495920864924181e-24
1.000000000000000021e-03 9.954702889537260235e-01 1.931039979776942071e-07 8.836888073330809849e-23 9.210425640714784011e-21
1.500000000000000248e-03 9.889366462125919188e-01 1.330326192726515331e-06 6.561844834931335187e-20 1.579841930468062596e-18
2.000000000000000042e-03 9.785267217968168785e-01 5.698710958133377521e-06 7.818706085669168025e-18 6.503514241743460520e-17
2.500000000000000052e-03 9.632683286270548040e-01 1.965738797756754844e-05 3.317824659733010609e-16 1.213825164806527847e-15
3.000000000000000496e-03 9.420506183437180603e-01 5.856823933119396111e-05 7.084200798724870316e-15 1.361193865318868574e-14
3.500000000000000507e-03 9.135996279712184087e-01 1.622450824301924081e-04 9.278352056767653219e-14 1.059420511987873228e-13
4.000000000000000083e-03 8.763846973247005900e-01 4.215671870779407284e-04 8.401152879289476380e-13 6.147128646678211195e-13
4.500000000000000527e-03 8.284129272884085404e-01 1.072370320790315542e-03 5.664325744189165177e-12 2.734510645991528593e-12
5.000000000000000104e-03 7.668450250563909609e-01 2.720778034282670104e-03 2.948994678899743938e-11 9.454488433240861912e-12
5.500000000000000548e-03 6.872900772415790893e-01 6.969846566080083877e-03 1.238618992525950485e-10 2.597251376916992737e-11
6.000000000000000992e-03 5.831659967948729095e-01 1.762453651158589485e-02 4.287720215017286299e-10 5.858517675967080515e-11
6.500000000000000569e-03 4.449667992049694543e-01 4.366268113751266278e-02 1.091366708613670473e-09 1.124578763163443753e-10
7.000000000000001013e-03 2.822384092004134870e-01 8.225052867745322183e-02 2.069298530327248104e-09 1.897549516336495711e-10
7.499999999999999722e-03 1.516519361643951236e-01 9.453830537810306578e-02 3.284535109536918076e-09 2.891019547792821948e-10
8.000000000000000167e-03 8.039677650718067559e-02 7.323324820753270015e-02 4.713325211959110135e-09 4.062811534647661661e-10
8.500000000000000611e-03 4.548634628956108039e-02 4.717718345075817832e-02 6.344609749398247194e-09 5.355307445689326290e-10
9.000000000000001055e-03 2.713750585519382821e-02 2.898255297560967808e-02 8.132884357538402445e-09 6.708061161218674745e-10
9.500000000000001499e-03 1.696447882748090830e-02 1.779058068947346818e-02 1.008363025622250083e-08 8.067465187681332025e-10
1.000000000000000021e-02 1.086512837907705614e-02 1.125094044570828025e-02 1.215117686097333834e-08 9.391057871768525651e-10
1.050000000000000065e-02 7.184671382141860803e-03 7.263947025353978230e-03 1.433210451830020881e-08 1.064930341051054385e-09
1.100000000000000110e-02 4.837066102513078864e-03 4.829608633395108055e-03 1.661941216848396586e-08 1.182470521447267865e-09
1.150000000000000154e-02 3.315704420225431756e-03 3.289130855246435656e-03 1.902239688882969245e-08 1.290933981023525946e-09
1.200000000000000198e-02 2.309983970897375345e-03 2.287444577418923028e-03 2.149621961229526547e-08 1.390232682735795871e-09
1.250000000000000069e-02 1.633947816193841640e-03 1.618591396785036855e-03 2.402254729194122504e-08 1.480806423147362833e-09
1.300000000000000114e-02 1.174775495049335374e-03 1.159050039311794933e-03 2.665182352375363050e-08 1.563401345218171258e-09
1.350000000000000158e-02 8.523909055389523783e-04 8.426739431849849214e-04 2.940544116449665301e-08 1.638909670992419099e-09
1.400000000000000203e-02 6.260775584117282645e-04 6.192737341527463453e-04 3.214559309495242127e-08 1.708320248173916108e-09
1.450000000000000247e-02 4.648153837475784604e-04 4.565861700017333756e-04 3.502130893343040578e-08 1.772588734821774246e-09
1.499999999999999944e-02 3.486085406814314644e-04 3.391595805378784132e-04 3.793134993254015505e-08 1.832623291134589672e-09
1.550000000000000162e-02 2.637504105868966088e-04 2.519296028967951706e-04 4.099043643513337677e-08 1.889249423289288428e-09
1.600000000000000033e-02 2.012719590158549741e-04 1.855415950647300804e-04 4.406553184142039945e-08 1.943195036601560197e-09
1.650000000000000078e-02 1.548324365059618938e-04 1.356035857915277078e-04 4.714279918100338317e-08 1.995086861402464520e-09
1.700000000000000122e-02 1.200127606922036334e-04 9.729615244477025210e-05 5.041918674030528987e-08 2.045461692018055963e-09
1.750000000000000167e-02 9.369062272580987508e-05 6.744158511853293734e-05 5.368004940737233732e-08 2.094785491125635164e-09
1.800000000000000211e-02 7.363770954200956535e-05 4.523464063894772817e-05 5.701181048756644511e-08 2.143453121368866370e-09
1.850000000000000255e-02 5.824858417955201080e-05 2.807216937479319426e-05 6.036773239497872488e-08 2.191729595396972035e-09
1.900000000000000300e-02 4.635625433976195355e-05 1.611221069579747985e-05 6.383857530274639717e-08 2.239836348124818016e-09
1.950000000000000344e-02 3.710530619438040897e-05 8.157283952950936825e-06 6.737483245574437544e-08 2.288023097906021934e-09
2.000000000000000042e-02 2.986335922266470817e-05 3.332540794385709823e-06 7.088092260650039855e-08 2.336402827245840846e-09
