# time 1 2 D-1 D
0.000000000000000000e+00 9.999999329023496752e-01 1.189006343374065380e-08 8.799684416506855235e-37 5.823288811378223393e-36
1.250000000000000243e-03 9.999957715087414156e-01 4.013424152766245143e-08 3.811467521815391972e-30 9.681460005660515474e-33
2.500000000000000486e-03 9.999377803806021037e-01 1.113791567686550739e-06 8.425446989644757164e-26 1.197684216828722364e-27
3.750000000000000729e-03 9.997057077709061712e-01 8.351484193544721958e-06 1.336697225360374129e-23 2.688416018347339961e-25
5.000000000000000971e-03 9.991176537013514158e-01 3.829616147623417900e-05 2.502345869672429866e-22 1.682560975219528069e-23
6.250000000000000347e-03 9.979103663811752511e-01 1.367687705481844518e-04 2.439432121051398340e-21 1.739087883328455630e-22
7.500000000000001457e-03 9.956657967199616932e-01 4.194654619317504966e-04 1.399994347637983516e-20 1.351757586488707879e-21
8.750000000000000833e-03 9.916433550200950409e-01 1.166062136539415669e-03 6.607817774041141937e-20 8.090677449423983015e-21
1.000000000000000194e-02 9.844266023588521541e-01 3.052786212783366489e-03 3.119300604603908002e-19 4.162214433936815651e-20
1.125000000000000132e-02 9.711778853048046445e-01 7.667752651857991097e-03 2.134564633116733454e-18 1.922696303893143352e-19
1.250000000000000069e-02 9.460897533778852564e-01 1.871750583865905079e-02 1.919250710282931457e-17 8.649375718795080860e-19
1.375000000000000180e-02 8.976946864958844641e-01 4.414624748736092202e-02 1.051467355180884191e-16 3.849071764033300208e-18
1.500000000000000291e-02 8.077740180133508030e-01 9.628574646947825333e-02 5.234730126261054841e-16 1.610720731211988737e-17
1.625000000000000056e-02 6.668059020889203214e-01 1.757861118613944507e-01 2.157670006529110439e-15 6.012002799049206520e-17
1.750000000000000167e-02 5.053417751554450943e-01 2.421784417107851750e-01 7.267181474358475057e-15 1.912532210364266960e-16
1.875000000000000278e-02 3.705145274559561996e-01 2.488640160282082348e-01 2.038239588929780334e-14 5.138639027064760779e-16
2.000000000000000389e-02 2.755985527873441865e-01 2.058662489008927232e-01 4.868397870557055759e-14 1.173077241170438671e-15
2.125000000000000500e-02 2.108480060901612441e-01 1.524334556375837868e-01 1.011917908267712776e-13 2.309320177069853663e-15
2.250000000000000264e-02 1.652723404923784889e-01 1.093012078520074343e-01 1.872926776068445613e-13 3.999661114557550588e-15
2.375000000000000375e-02 1.317345187388884176e-01 8.009194951221039471e-02 3.130521402412871381e-13 6.005655166060572934e-15
2.500000000000000139e-02 1.060832628358540780e-01 6.081703566420576523e-02 4.822838176435195352e-13 8.108949035760913468e-15
2.625000000000000250e-02 8.591683861654199339e-02 4.792552093273196034e-02 6.901445551764007789e-13 9.711119546096095405e-15
2.750000000000000361e-02 6.979877852751283085e-02 3.976724642606915133e-02 9.288392723759024835e-13 1.040770320168995315e-14
2.875000000000000472e-02 5.681347234413242769e-02 3.267715233369119371e-02 1.187247762793720744e-12 9.957881265580509896e-15
3.000000000000000583e-02 4.632194140939913801e-02 2.871754035663841645e-02 1.453232557161152289e-12 8.356936459765851405e-15
3.125000000000000000e-02 3.783584013903644461e-02 2.488393284340709166e-02 1.711351378505704082e-12 5.782504979317565384e-15
3.250000000000000111e-02 3.095971006750108945e-02 2.240063931182381674e-02 1.952133404663079269e-12 3.069490396601664957e-15
3.375000000000000222e-02 2.536776630263799792e-02 1.998697520821044946e-02 2.173355408010337596e-12 8.606464419873004065e-16
3.500000000000000333e-02 2.079426235396695730e-02 1.815801527649350128e-02 2.363432822046307843e-12 2.104546341651014144e-17
3.625000000000000444e-02 1.702705760116485917e-02 1.681388872659660139e-02 2.521929236382322990e-12 1.347386281618190837e-15
3.750000000000000555e-02 1.390087019964283271e-02 1.556482468109558412e-02 2.650102506945647000e-12 5.374030034682275496e-15
3.875000000000000666e-02 1.128985701020894170e-02 1.460013113534447404e-02 2.746992022822879761e-12 1.255927921426950393e-14
4.000000000000000777e-02 9.100064490498997044e-03 1.371294805895237681e-02 2.814797012030898497e-12 2.345374522210356211e-14
4.125000000000000888e-02 7.262206167327808076e-03 1.255140966473259831e-02 2.859827539585924671e-12 3.734755008510941343e-14
4.250000000000000999e-02 5.725043504114218224e-03 8.746434057508521362e-03 2.882934775614594029e-12 5.564681712601040084e-14
4.375000000000000416e-02 4.449540816822373721e-03 7.651849712205742796e-03 2.880537338075152897e-12 7.708038628979077166e-14
4.500000000000000527e-02 3.404001170054575271e-03 7.099168236520044320e-03 2.865442952389002665e-12 1.015843405852073708e-13
4.625000000000000638e-02 2.560427870244390974e-03 6.735464654305849119e-03 2.839374555008239384e-12 1.295475409315618060e-13
4.750000000000000749e-02 1.892283504924224856e-03 6.238369183210047512e-03 2.796348299140638631e-12 1.599108665056147858e-13
4.875000000000000860e-02 1.373608819447081492e-03 5.857825761304898994e-03 2.747631580001654785e-12 1.922090975240050095e-13
5.000000000000000278e-02 9.791792192596416363e-04 5.375746389076838279e-03 2.689491221868427874e-12 2.282813946129567895e-13
