# time 1 2 D-1 D
0.000000000000000000e+00 9.999999666293091227e-01 5.590516300052176800e-09 6.060848872839715460e-35 2.171960912014340628e-34
5.000000000000000104e-04 9.999957218718474872e-01 2.449103363856691244e-07 6.229702750935558220e-21 5.430991637321216070e-23
1.000000000000000021e-03 9.999316562044431311e-01 4.968015665886943536e-06 2.803225191694007958e-20 8.592606969828021415e-23
1.500000000000000248e-03 9.996545221964963090e-01 3.192819107429747369e-05 1.342813843983800010e-20 1.086709137101192598e-20
2.000000000000000042e-03 9.989097259749051272e-01 1.288660352110095866e-04 1.760749616241494220e-19 1.053450507058141260e-19
2.500000000000000052e-03 9.973356085828433137e-01 4.004308928442738423e-04 2.110120191012023878e-18 6.805701925712631814e-19
3.000000000000000496e-03 9.944396203207650498e-01 1.058893611641378157e-03 1.833714053255642238e-17 4.954270600989147682e-18
3.500000000000000507e-03 9.895407476283800685e-01 2.504557823868575062e-03 2.282314624601344664e-16 5.899013268955618701e-17
4.000000000000000083e-03 9.816607220232675957e-01 5.448264913798638726e-03 2.428718755813059192e-15 7.283741639977716261e-16
4.500000000000000527e-03 9.693522093219768543e-01 1.109825335632108785e-02 1.959541987992139557e-14 7.576760645272420060e-15
5.000000000000000104e-03 9.504841855450423260e-01 2.137804581087611802e-02 1.115877008281290553e-13 6.106725550531958950e-14
5.500000000000000548e-03 9.221009527712216158e-01 3.909752620125553357e-02 4.440650464432413192e-13 3.762167147389334162e-13
6.000000000000000992e-03 8.806718515500777666e-01 6.767919695791045631e-02 1.369526418878624237e-12 1.819968539438200026e-12
6.500000000000000569e-03 8.232383837209572564e-01 1.100985304658105984e-01 3.688930078155882411e-12 7.095496321540543782e-12
7.000000000000001013e-03 7.495724155402321287e-01 1.666053775730578779e-01 9.272100741986540869e-12 2.297799694842238875e-11
7.499999999999999722e-03 6.639410290215658206e-01 2.331133206826928039e-01 2.185454996581218626e-11 6.347235559452717056e-11
8.000000000000000167e-03 5.741353776857753832e-01 3.013748577069850221e-01 4.775507637274834050e-11 1.529917024482641343e-10
8.500000000000000611e-03 4.879346891545854881e-01 3.598624163692121791e-01 9.615487462115377581e-11 3.282556724875616516e-10
9.000000000000001055e-03 4.102555582906849962e-01 3.847521008380266339e-01 1.787601532675875672e-10 6.372705894854096532e-10
9.500000000000001499e-03 3.428394863498021583e-01 3.269923206843793340e-01 3.072073951888980086e-10 1.135231955264966568e-09
1.000000000000000021e-02 2.854179438010858161e-01 2.252876892812991083e-01 4.925890670261459510e-10 1.877591884899592627e-09
1.050000000000000065e-02 2.368824196952842853e-01 1.573413930423587515e-01 7.415298107127380075e-10 2.911999874617659581e-09
1.100000000000000110e-02 1.959585704035440024e-01 1.191339051271985833e-01 1.054670660345913989e-09 4.271079167277372985e-09
1.150000000000000154e-02 1.614815205262408737e-01 9.550304069564745368e-02 1.426483396286664292e-09 5.967234228914166114e-09
1.200000000000000198e-02 1.324660072097378072e-01 7.942314790291354898e-02 1.846171337438771737e-09 7.990711132988479760e-09
1.250000000000000069e-02 1.080966128837642926e-01 6.782854830124092349e-02 2.297605197184547693e-09 1.031078984837498929e-08
1.300000000000000114e-02 8.769644689166505858e-02 5.922679416817192705e-02 2.761417973481960145e-09 1.287943699225309231e-08
1.350000000000000158e-02 7.069608275057566449e-02 5.240617452974998675e-02 3.219262761252038977e-09 1.563558010850026548e-08
1.400000000000000203e-02 5.660880133812331433e-02 4.648474401365886716e-02 3.653616178581669372e-09 1.851209514424997341e-08
1.450000000000000247e-02 4.501256549340840185e-02 4.147445650227817721e-02 4.045472868732276905e-09 2.144068811092853296e-08
1.499999999999999944e-02 3.553749691524797638e-02 3.703130565902329474e-02 4.395502869519332930e-09 2.435659237405893449e-08
1.550000000000000162e-02 2.785747307248810298e-02 3.285116133917289488e-02 4.683983166551527089e-09 2.720173083841361703e-08
1.600000000000000033e-02 2.168460163863504542e-02 2.930957019145657289e-02 4.911138575245039043e-09 2.992706842963775152e-08
1.650000000000000078e-02 1.676558425152242446e-02 2.612398361601970392e-02 5.075260537947852203e-09 3.249380077383523401e-08
1.700000000000000122e-02 1.287917401359766657e-02 2.329167746547726806e-02 5.183409038919372753e-09 3.487329058509620447e-08
1.750000000000000167e-02 9.834120206530306760e-03 2.045317081993928282e-02 5.243490095795314476e-09 3.704624258243985647e-08
1.800000000000000211e-02 7.467180929739401264e-03 1.804286672548046158e-02 5.249837160556790059e-09 3.900171555243143976e-08
1.850000000000000255e-02 5.640964087696409210e-03 1.585879724968635579e-02 5.212307511431100253e-09 4.073603230445626382e-08
1.900000000000000300e-02 4.241513822084014285e-03 1.392231165372563931e-02 5.146987425666972513e-09 4.225118694596166933e-08
1.950000000000000344e-02 3.175678571029349161e-03 1.209545699026641150e-02 5.048147779942267985e-09 4.355371438908939744e-08
2.000000000000000042e-02 2.368367744388232173e-03 1.055134962583284888e-02 4.924399105472462940e-09 4.465344006683168455e-08
