# time 1 2 D-1 D
0.000000000000000000e+00 9.999999781762819451e-01 5.709813243956235001e-09 4.154667233546292968e-34 6.263033901181145704e-35
2.500000000000000052e-04 9.987698565806554241e-01 2.178534492088323529e-08 4.087202507980119556e-16 6.730366589573476771e-21
5.000000000000000104e-04 9.948193275766699095e-01 5.960830652471214146e-07 1.231406240887684675e-13 3.905599522018906237e-17
7.500000000000001240e-04 9.877128933034077241e-01 4.784241288935700070e-06 3.641510722827060664e-12 7.030798771464703290e-15
1.000000000000000021e-03 9.769377524478253250e-01 2.486970670272195164e-05 4.139439623520055144e-11 3.012230045457558273e-13
1.250000000000000026e-03 9.618644925367532128e-01 1.044883048222586681e-04 2.752124259507518540e-10 5.729968794787103522e-12
1.500000000000000248e-03 9.416589645408838249e-01 3.874642228497864917e-04 1.282257477193569348e-09 6.229450159216498370e-11
1.750000000000000253e-03 9.150680821508143659e-01 1.315862411197800744e-03 4.577778923502059408e-09 4.298038764252092921e-10
2.000000000000000042e-03 8.799123060142242103e-01 4.133655358940497085e-03 1.335969347870824539e-08 1.979173683269725595e-09
2.250000000000000264e-03 8.320648287402671039e-01 1.195255220138262409e-02 3.344693044864412209e-08 6.412907845858116910e-09
2.500000000000000052e-03 7.643078849484903348e-01 3.103314942650410579e-02 7.265035310861305166e-08 1.565583843224191818e-08
2.750000000000000274e-03 6.688811003538353006e-01 6.850432103166384512e-02 1.314283114016268069e-07 3.080965134467070342e-08
3.000000000000000496e-03 5.503111704484817679e-01 1.199311621578335318e-01 1.983618907998490938e-07 5.161476962020597291e-08
3.250000000000000284e-03 4.330080341164776470e-01 1.621480172420857180e-01 2.584917830225898821e-07 7.663830463839560868e-08
3.500000000000000507e-03 3.386256985453487411e-01 1.760357144261575357e-01 3.118122983805932996e-07 1.038403210336909557e-07
3.749999999999999861e-03 2.700782794158897993e-01 1.631829076937013345e-01 3.490158252611579200e-07 1.311448667392412196e-07
4.000000000000000083e-03 2.213595057072605399e-01 1.341943639418996803e-01 4.535669136493241577e-07 1.568243088895381268e-07
4.250000000000000305e-03 1.861758100944635452e-01 1.011959853032042694e-01 6.872835170524755937e-07 1.796681361088055460e-07
4.500000000000000527e-03 1.600779899634474646e-01 7.180755964149389270e-02 6.196055844817917012e-07 1.989895472513578824e-07
4.750000000000000749e-03 1.401873643131641423e-01 4.925966815873626670e-02 6.288143630354868970e-07 2.145419132377144151e-07
5.000000000000000104e-03 1.246503485082905427e-01 3.338072107568476610e-02 6.436278426435705053e-07 2.264023393740987750e-07
5.250000000000000326e-03 1.122488655832187820e-01 2.314222835262948197e-02 6.715734413038962170e-07 2.348574573452265286e-07
5.500000000000000548e-03 1.021607457420661280e-01 5.326384912843840427e-03 6.981704243206204071e-07 2.403080191900326620e-07
5.750000000000000770e-03 9.381630469056920218e-02 3.520647568277863147e-03 7.301194085105846834e-07 2.431999503942911217e-07
6.000000000000000992e-03 8.681131654177763612e-02 2.446928844725926051e-03 7.553024131547747953e-07 2.439767821132207945e-07
6.250000000000000347e-03 8.085289938643130947e-02 1.719552107678365199e-03 7.812406281459256992e-07 2.430511750094068004e-07
6.500000000000000569e-03 7.572493358931854657e-02 1.191369322869775902e-03 8.038075142727699977e-07 2.407900991607610459e-07
6.750000000000000791e-03 7.126535778236309238e-02 8.111973352934693593e-04 8.360960891630670010e-07 2.375094619635108740e-07
7.000000000000001013e-03 6.735089156451566639e-02 5.324367511931796639e-04 8.478703874435154598e-07 2.334743170886729959e-07
7.250000000000001235e-03 6.388651747133480829e-02 3.323897507121532403e-04 8.773212967139436497e-07 2.289024680383531994e-07
7.499999999999999722e-03 6.079812208594433803e-02 1.928970896712537460e-04 9.009021555416298274e-07 2.239701883799261532e-07
7.750000000000000812e-03 5.802718063520178465e-02 9.906754982156629229e-05 9.248784177768796494e-07 2.188177986173112356e-07
8.000000000000000167e-03 5.552701219811255473e-02 4.071669508550156803e-05 9.432196057706734512e-07 2.135556199532817204e-07
8.250000000000000389e-03 5.325990458293411445e-02 9.561118094969354268e-06 9.725737497270494335e-07 2.082681538986799028e-07
8.500000000000000611e-03 5.119510730698888928e-02 1.267556323186825033e-07 9.920813400097803360e-07 2.030199355105946137e-07
8.750000000000000833e-03 4.930724970254282691e-02 6.549260723508047878e-06 1.008154165276739222e-06 1.978599229315801840e-07
9.000000000000001055e-03 4.757520502877880808e-02 2.527061689613179348e-05 1.031109041802714743e-06 1.928227273540383789e-07
9.250000000000001277e-03 4.598116673269098120e-02 5.294776344740982323e-05 1.057917817337893945e-06 1.879330764789561338e-07
9.500000000000001499e-03 4.451006541720210763e-02 8.691266549455991511e-05 1.077980812955450150e-06 1.832082795505720921e-07
9.750000000000001721e-03 4.314896265216084520e-02 1.246891070423145585e-04 1.107705344284378509e-06 1.786585637427412628e-07
1.000000000000000021e-02 4.188640073792163077e-02 1.655295630659870993e-04 1.131747874381959049e-06 1.742895317149725437e-07
