# time 1 2 D-1 D
0.000000000000000000e+00 9.999999770771067498e-01 1.020864152074433037e-08 7.918129947138929723e-35 3.475936795381504161e-35
5.000000000000000104e-04 9.999997798060019649e-01 1.941509089607376042e-08 2.395084692214659997e-23 1.850202602347921133e-24
1.000000000000000021e-03 9.999970019053558978e-01 3.969037317611343256e-07 2.279097568666832918e-21 3.284435100542585816e-23
1.500000000000000248e-03 9.999848424390315182e-01 2.581714140432134012e-06 1.453981244428961521e-20 2.316804999418755551e-22
2.000000000000000042e-03 9.999507984361727386e-01 1.015947535522340023e-05 8.867332163162796338e-20 2.972775772941289492e-22
2.500000000000000052e-03 9.998744857970955913e-01 3.074838765604795936e-05 3.029348829691478428e-19 4.585049490193038236e-22
3.000000000000000496e-03 9.997234654443510893e-01 7.677234163917077297e-05 6.985567617864757577e-20 1.264172014275577030e-22
3.500000000000000507e-03 9.994460636148111421e-01 1.699697070024684903e-04 5.242918729113925830e-18 2.154893098797931202e-20
4.000000000000000083e-03 9.989599428442472728e-01 3.469825025339696978e-04 9.842507115223590488e-17 7.546588920858417287e-19
4.500000000000000527e-03 9.981350212599903182e-01 6.590637954517210816e-04 9.286496972741117193e-16 1.095683089829135191e-17
5.000000000000000104e-03 9.967696142589912434e-01 1.203443958287589259e-03 6.307731849501741359e-15 1.039987473522245897e-16
5.500000000000000548e-03 9.945602882293013147e-01 2.028144952645655891e-03 3.386630003163047816e-14 7.359878806595638826e-16
6.000000000000000992e-03 9.910702376082990428e-01 3.415142441017435596e-03 1.495542858254317482e-13 4.115576977769998554e-15
6.500000000000000569e-03 9.857092749146114663e-01 5.473043923929919036e-03 5.577196992274230003e-13 1.876448023174717222e-14
7.000000000000001013e-03 9.777495447118689231e-01 8.722601044211499011e-03 1.786826020677982408e-12 7.125167578861895279e-14
7.499999999999999722e-03 9.664072915840893341e-01 1.316180973402591818e-02 4.999641215136319713e-12 2.290528232128272974e-13
8.000000000000000167e-03 9.510076656317907329e-01 1.883327400276016070e-02 1.237684882552616547e-11 6.314513437808368818e-13
8.500000000000000611e-03 9.312050736526747974e-01 2.626433561328627569e-02 2.745011120980982482e-11 1.508935969386931622e-12
9.000000000000001055e-03 9.071729024485573056e-01 3.525570209616969708e-02 5.516937790887985631e-11 3.155136207693777373e-12
9.500000000000001499e-03 8.796565208710132033e-01 4.494113381434949872e-02 1.016142506839151369e-10 5.821849542448246944e-12
1.000000000000000021e-02 8.498424773830035583e-01 5.506911894922544154e-02 1.731834073060185168e-10 9.557883235289171106e-12
1.050000000000000065e-02 8.191009718673532003e-01 6.470608080472678436e-02 2.757825766390564676e-10 1.407115289450682879e-11
1.100000000000000110e-02 7.887187496067639136e-01 7.343877761688095973e-02 4.139244738830000989e-10 1.871957521247611128e-11
1.150000000000000154e-02 7.597173273910188263e-01 8.048977701180612399e-02 5.901345242505339398e-10 2.267879729229482866e-11
1.200000000000000198e-02 7.327849992977122362e-01 8.412242282848989006e-02 8.051282537666070898e-10 2.522970335456428057e-11
1.250000000000000069e-02 7.082976317540248257e-01 7.851894000281375852e-02 1.057737513824381862e-09 2.601761899142694482e-11
1.300000000000000114e-02 6.863853515837370356e-01 3.823032908139496061e-02 1.342418162136354896e-09 2.515009227322534299e-11
1.350000000000000158e-02 6.670094579021966785e-01 8.408934170259894578e-03 1.621361847969662691e-09 2.310285943758083070e-11
1.400000000000000203e-02 6.500295876314752253e-01 2.558652268464686914e-03 5.008756898456773462e-11 2.051032050999549187e-11
1.450000000000000247e-02 6.352540231461512032e-01 9.405959085728949958e-04 4.246417696088415435e-12 1.796145065436224757e-11
1.499999999999999944e-02 6.224734342775131157e-01 3.339089329770389978e-04 1.369118284393817920e-11 1.588459348860676631e-11
1.550000000000000162e-02 6.114814107332063875e-01 9.399096915694770077e-05 1.928330440629238367e-11 1.453440860903284224e-11
1.600000000000000033e-02 6.020855134628742000e-01 1.086046304805507348e-05 2.385447109542082472e-11 1.404590152780734864e-11
1.650000000000000078e-02 5.941120243664557155e-01 5.453266324573536358e-06 2.761569594933553086e-11 1.450707122775659090e-11
1.700000000000000122e-02 5.874068179588949334e-01 5.229839304082551228e-05 3.032137696618084190e-11 1.601388621748389604e-11
1.750000000000000167e-02 5.818339935744643032e-01 1.341886366798232121e-04 3.151457496554829012e-11 1.870531642662824936e-11
1.800000000000000211e-02 5.772733023420200116e-01 2.430238597418666550e-04 3.318986628336860412e-11 2.274409715926444100e-11
1.850000000000000255e-02 5.736170037882427630e-01 3.687624613676091737e-04 3.619620395709352880e-11 2.833303952690664155e-11
1.900000000000000300e-02 5.707663742318725975e-01 5.129150573242731133e-04 3.753395471859117216e-11 3.570375445575190152e-11
1.950000000000000344e-02 5.686283150814248621e-01 6.775348323042582098e-04 3.943645870106881693e-11 4.521066977475898138e-11
2.000000000000000042e-02 5.671130147226832730e-01 8.484998455472798256e-04 4.182618198070476391e-11 5.714792188385495652e-11
