# time 1 2 D-1 D
0.000000000000000000e+00 9.999999804585609775e-01 9.104807538174432568e-09 9.375742942158565164e-34 4.518600284560873181e-35
2.500000000000000052e-04 9.995916799371018513e-01 4.586287530962214382e-09 3.311592498913742065e-19 7.902911941984040709e-25
5.000000000000000104e-04 9.982893240088256404e-01 3.554315523363031742e-08 1.135213708448814616e-16 4.137611735042286612e-21
7.500000000000001240e-04 9.959820635522521615e-01 2.514045435597217573e-07 3.352587704899708890e-15 6.900720285052363070e-19
1.000000000000000021e-03 9.925752072144389260e-01 1.316547468646832310e-06 3.960197323457555367e-14 2.738134072117978245e-17
1.250000000000000026e-03 9.880041555616766447e-01 4.775623939474509742e-06 2.757283142259126638e-13 4.859235746760987045e-16
1.500000000000000248e-03 9.822499510970712500e-01 1.431514602332189892e-05 1.384633390928650982e-12 5.092925162472408989e-15
1.750000000000000253e-03 9.753525385449071106e-01 3.725789493001798288e-05 5.276961243274246621e-12 3.639550880258232892e-14
2.000000000000000042e-03 9.674158608996158426e-01 8.533762549359918959e-05 1.693087876615874863e-11 1.923481104528276497e-13
2.250000000000000264e-03 9.585978837291366794e-01 1.773828790744768843e-04 4.650055284485379461e-11 7.885111064418526604e-13
2.500000000000000052e-03 9.490828040952379308e-01 3.359595804234675217e-04 1.100689148125454555e-10 2.578304442315375155e-12
2.750000000000000274e-03 9.390408757337107559e-01 5.912030888495818778e-04 2.288773849253029007e-10 6.832432987766419918e-12
3.000000000000000496e-03 9.285905080235200559e-01 9.738668545632540256e-04 4.198795493971078213e-10 1.479655623011760969e-11
3.250000000000000284e-03 9.177776704318668655e-01 1.524222928479232290e-03 6.742457704444518970e-10 2.627631199082830446e-11
3.500000000000000507e-03 9.065759832895764481e-01 2.289496271396534392e-03 9.528500432784038458e-10 3.827998696352505228e-11
3.749999999999999861e-03 8.948972860304088561e-01 3.345950871482177968e-03 1.180832874537105006e-09 4.570298459272862867e-11
4.000000000000000083e-03 8.825982007129939966e-01 4.816494851889714310e-03 1.267205168986871462e-09 4.467410774590636118e-11
4.250000000000000305e-03 8.694755864861014594e-01 6.863808488380968367e-03 1.178312118015602780e-09 3.581553079774488332e-11
4.500000000000000527e-03 8.552500264751594639e-01 9.723017946971003814e-03 9.193185267902263965e-10 2.353131831667432635e-11
4.750000000000000749e-03 8.395662225465032602e-01 1.368458784280675300e-02 5.954544371658521346e-10 1.270798685872118336e-11
5.000000000000000104e-03 8.219391736957210037e-01 1.914082537344168750e-02 2.988290669274224507e-10 5.728573630592519419e-12
5.250000000000000326e-03 8.018002859991599784e-01 2.652480335703309364e-02 9.852832458872544120e-11 2.203313019237151376e-12
5.500000000000000548e-03 7.784775726915227345e-01 3.631511887459134419e-02 8.723617533070308610e-12 8.084450121318047660e-13
5.750000000000000770e-03 7.514565546126501516e-01 4.881368757446973017e-02 1.089403722162076435e-11 3.854820364279572696e-13
6.000000000000000992e-03 7.196397994836490897e-01 6.485097493087958742e-02 7.450537577291549206e-11 3.487893118505394027e-13
6.250000000000000347e-03 6.825207022182263605e-01 8.466965821583875840e-02 1.711507104442370453e-10 5.401792514311196956e-13
6.500000000000000569e-03 6.390465662600353092e-01 1.090683541531487361e-01 2.824145924205739063e-10 9.663461519128022723e-13
6.750000000000000791e-03 5.908623161754316122e-01 1.361959675598570507e-01 3.944229374462109515e-10 1.622491661625131129e-12
7.000000000000001013e-03 5.387777853043250742e-01 1.651206120614920059e-01 4.814318266980164303e-10 2.426336435288537381e-12
7.250000000000001235e-03 4.816885099180177043e-01 1.969136567264349047e-01 4.736887631694122098e-10 3.222175834377231961e-12
7.499999999999999722e-03 4.241994072018176465e-01 2.270293706601297923e-01 4.085756590171884586e-10 3.814776070724976492e-12
7.750000000000000812e-03 3.681742517799109771e-01 2.537431611719944691e-01 3.720558239344810647e-10 4.011285910647497139e-12
8.000000000000000167e-03 3.146479853235130131e-01 2.754769942506753444e-01 3.606490434867112500e-10 3.671410800469429502e-12
8.250000000000000389e-03 2.653792850643060253e-01 2.889955125694072535e-01 3.625261981436045804e-10 2.754946459009978045e-12
8.500000000000000611e-03 2.212372179211896661e-01 2.842065321165224145e-01 3.738450093627950202e-10 1.412614308427339541e-12
8.750000000000000833e-03 1.823464317543899427e-01 2.313221686284969436e-01 3.864583454373204607e-10 2.353176999069226790e-13
9.000000000000001055e-03 1.481750462484801023e-01 1.517364218717675850e-01 4.021393298403544855e-10 2.517470948942942663e-13
9.250000000000001277e-03 1.176535271167618024e-01 1.051303742728990909e-01 4.150561874233419533e-10 3.494585288933860301e-12
9.500000000000001499e-03 8.763381980476221689e-02 8.676406250369925188e-02 4.230297278581481764e-10 1.223504343187475653e-11
9.750000000000001721e-03 5.235300658478572733e-02 8.776707035889357023e-02 4.234344380771741366e-10 2.880056985095856445e-11
1.000000000000000021e-02 4.542302953545398689e-03 1.094813690366490955e-01 4.154508869370743535e-10 5.348969811476157873e-11
