# time 1 2 D-1 D
0.000000000000000000e+00 9.999999622041094716e-01 3.062365606174771944e-10 2.565002141891157201e-35 5.543870130767918665e-35
5.000000000000000104e-04 9.993674699281045459e-01 2.292185838881035685e-07 4.252728762441214239e-29 1.724076781183432602e-26
1.000000000000000021e-03 9.973469471820747279e-01 4.047201289116812508e-06 7.362087527248873219e-25 9.147793610144379355e-23
1.500000000000000248e-03 9.937529048455111536e-01 2.517948285989376613e-05 2.940234131733889309e-22 1.487446496333314463e-20
2.000000000000000042e-03 9.884001778318635134e-01 9.962749166628469830e-05 2.287817043316987383e-20 5.661225220104878746e-19
2.500000000000000052e-03 9.810991758152675102e-01 3.080668773802626415e-04 7.040269357073906431e-19 9.504801760076342965e-18
3.000000000000000496e-03 9.716371200912292672e-01 8.059223433074563965e-04 1.160983346123995523e-17 9.311664000924824631e-17
3.500000000000000507e-03 9.597413558911891407e-01 1.879210712344082240e-03 1.264759451463725016e-16 6.174928149066032939e-16
4.000000000000000083e-03 9.450321796060509039e-01 3.978061784927345960e-03 9.813041605313601703e-16 3.031517950557053712e-15
4.500000000000000527e-03 9.269949919629204560e-01 7.707164270189435784e-03 5.849831272495429348e-15 1.170407418976185879e-14
5.000000000000000104e-03 9.050187567177143677e-01 1.377411038260426684e-02 2.796603448064105731e-14 3.716222013402821940e-14
5.500000000000000548e-03 8.785284184529167373e-01 2.261134196311744005e-02 1.136188142307595090e-13 1.004949097675989101e-13
6.000000000000000992e-03 8.471697242700017005e-01 3.311185334910247274e-02 4.016498938424996329e-13 2.378214318469224477e-13
6.500000000000000569e-03 8.109398347481844294e-01 7.017040138668388725e-05 1.195031479675453883e-12 5.023720434107436428e-13
7.000000000000001013e-03 7.701803480333093699e-01 7.500441042119732234e-03 2.823272794262306459e-12 9.598272988809512700e-13
7.499999999999999722e-03 7.254659766457868253e-01 1.531555760481300051e-02 5.245229864827349573e-12 1.673061109445675552e-12
8.000000000000000167e-03 6.775049194809507069e-01 2.460469845947466788e-02 8.403950206386453569e-12 2.677305027596786903e-12
8.500000000000000611e-03 6.271430044466216325e-01 3.605278827090356575e-02 1.266626784398842681e-11 3.956938088189142835e-12
9.000000000000001055e-03 5.754473979728434996e-01 5.035174918295284852e-02 2.427000376881240179e-11 5.436205489260206554e-12
9.500000000000001499e-03 5.237510898205185450e-01 6.592509967307794150e-02 3.565016130790041533e-11 6.992310600248181712e-12
1.000000000000000021e-02 4.735449465425860538e-01 8.216868649557133863e-02 3.804117990349210898e-11 8.483021418571103358e-12
1.050000000000000065e-02 4.262257422126463080e-01 9.747452754055509205e-02 4.118759753404377616e-11 9.777805329641310056e-12
1.100000000000000110e-02 3.828361926093455381e-01 1.107894055911251285e-01 4.300503239096483900e-11 1.077964079229488364e-11
1.150000000000000154e-02 3.439333351536624228e-01 1.220849898748070095e-01 4.268930123722398761e-11 1.143388118380258468e-11
1.200000000000000198e-02 3.096175119295094813e-01 1.310331306616788760e-01 4.076077165227815350e-11 1.172624906991666809e-11
1.250000000000000069e-02 2.796588290365862872e-01 1.377578918473938152e-01 3.697181090282652570e-11 1.167294828838811216e-11
1.300000000000000114e-02 2.536416401181441627e-01 2.657061677996008786e-03 3.190805793913855763e-11 1.130997528407426052e-11
1.350000000000000158e-02 2.310794562564763011e-01 2.281851676842216060e-03 2.599874915105804880e-11 1.068327872276354653e-11
1.400000000000000203e-02 2.114881854138258022e-01 2.567217126951906129e-03 1.972481619741078795e-11 9.842518770558465867e-12
1.450000000000000247e-02 1.944245078482932654e-01 2.862461353365401348e-03 1.371928023821959767e-11 8.835788235291498092e-12
1.499999999999999944e-02 1.795010340739911225e-01 3.232134097137863080e-03 8.357230878129900405e-12 7.707956919235301618e-12
1.550000000000000162e-02 1.663883489060774823e-01 3.576407204922758213e-03 4.343190914920069875e-12 6.502402785493969717e-12
1.600000000000000033e-02 1.548105341429497350e-01 3.978707783150297814e-03 1.547788619860236549e-12 5.262330382409199796e-12
1.650000000000000078e-02 1.445382322019848065e-01 4.237128394946973291e-03 2.285745771124465883e-13 4.033760564998243264e-12
1.700000000000000122e-02 1.353812547201308225e-01 4.540684689044033329e-03 1.251705077221729788e-13 2.868409080845330125e-12
1.750000000000000167e-02 1.271821170524447264e-01 4.791968268744325153e-03 8.627173395829537334e-13 1.825579676470127541e-12
1.800000000000000211e-02 1.198089670954426700e-01 5.022870249179656535e-03 2.045519253015742512e-12 9.695243860352238871e-13
1.850000000000000255e-02 1.131524922895145169e-01 5.258396782785958699e-03 3.349846210769363012e-12 3.622704547736898976e-13
1.900000000000000300e-02 1.071218910671007524e-01 5.434140398356728310e-03 4.449540040396963071e-12 4.958831330727250627e-14
1.950000000000000344e-02 1.016364655843801645e-01 5.602802304712268047e-03 5.161389916561853871e-12 4.843887358129953543e-14
2.000000000000000042e-02 9.663202128194581242e-02 5.740283233946739255e-03 5.539750638631094830e-12 3.388671725449785138e-13
