# time 1 2 D-1 D
0.000000000000000000e+00 9.999999734164499721e-01 1.173147627835329276e-08 2.347462218592107726e-34 8.726870060504661390e-35
2.500000000000000486e-03 9.973840545430383564e-01 6.298818172036073782e-05 4.696180377283106294e-16 1.230388252959836136e-18
5.000000000000000971e-03 9.897940901141097925e-01 3.106721772230538418e-04 2.420203069795444093e-13 2.190294715490480459e-15
7.500000000000001457e-03 9.774455224900993056e-01 8.833331375263818105e-04 1.207055299428667584e-11 2.270288965542345776e-13
1.000000000000000194e-02 9.602880723037541255e-01 2.014561734900714284e-03 2.252528873103068194e-10 7.438063823849871699e-12
1.250000000000000069e-02 9.379472668677916181e-01 4.086770633251842443e-03 2.419317602736470151e-09 1.289239548558642640e-10
1.500000000000000291e-02 9.096223134451205672e-01 7.802061167846578542e-03 1.790780239394126315e-08 1.452242226954713223e-09
1.750000000000000167e-02 8.738950687849599275e-01 1.436881743079695094e-02 1.007072216653397717e-07 1.154295268773265443e-08
2.000000000000000389e-02 8.283901022548038062e-01 2.591492648148339961e-02 4.540599874343576317e-07 6.682282855236978609e-08
2.250000000000000264e-02 7.692833651293082831e-01 4.607061055535501687e-02 1.650832211677805287e-06 2.887996282257490167e-07
2.500000000000000139e-02 6.911101758972507669e-01 8.023390043478680067e-02 4.153205721471583264e-06 9.661571253071345343e-07
2.750000000000000361e-02 5.889018232832844424e-01 1.336314533291445839e-01 7.703044227012267799e-06 2.614122124349762231e-06
3.000000000000000583e-02 4.658995077147870534e-01 2.033089045083080193e-01 1.332787112318844564e-05 5.966623391964737083e-06
3.250000000000000111e-02 3.411082768253445585e-01 2.707775295656110193e-01 2.199542522918497873e-05 1.190266129248592011e-05
3.500000000000000333e-02 2.374725421548439519e-01 3.130760922667319424e-01 3.415186064847198995e-05 2.134175091285763883e-05
3.750000000000000555e-02 1.632395043033862958e-01 3.203486923062218716e-01 5.067986194975069718e-05 3.514476115713838380e-05
4.000000000000000777e-02 1.136233165575580434e-01 2.929220368504792393e-01 7.185862030942031381e-05 5.404100316691066254e-05
4.250000000000000999e-02 8.093290717356993458e-02 2.321609230095258714e-01 9.799964513962727505e-05 7.858677158350368247e-05
4.500000000000000527e-02 5.913775751916194173e-02 1.529599882767724850e-01 1.299453562643206874e-04 1.091512462735990877e-04
4.750000000000000749e-02 4.429109997414952538e-02 7.268845594565342960e-02 1.670534906137066851e-04 1.459223219122682616e-04
5.000000000000000278e-02 3.393380353196234767e-02 3.161568919594846122e-02 2.094723699423979395e-04 1.889247213061324266e-04
5.250000000000000500e-02 2.653774923726386070e-02 1.805018198641563168e-02 2.578463411646817892e-04 2.380445997733723245e-04
5.500000000000000722e-02 2.113965307700717625e-02 1.236566106543194807e-02 3.117496546521878733e-04 2.930557107970981740e-04
5.750000000000000944e-02 1.711996245580633610e-02 9.421500208092306594e-03 3.703983283985382621e-04 3.536454158647717974e-04
6.000000000000001166e-02 1.407152308639020473e-02 7.573426113195784633e-03 4.345487845948870940e-04 4.194373254221061349e-04
6.250000000000000000e-02 1.172102586698185733e-02 6.384266243989261506e-03 5.042034573766172086e-04 4.900121432333184998e-04
6.500000000000000222e-02 9.881245156958975637e-03 5.508290934202623133e-03 5.759649331522998872e-04 5.649235746988476997e-04
6.750000000000000444e-02 8.421446106688204244e-03 4.866940354076563363e-03 6.540716253892452656e-04 6.437131084888495988e-04
7.000000000000000666e-02 7.248750110201074813e-03 4.359680159499433952e-03 7.340930185772782859e-04 7.259202860008512727e-04
7.250000000000000888e-02 6.296044751334105814e-03 3.952826260851415550e-03 8.175960216168569284e-04 8.110900970239124383e-04
7.500000000000001110e-02 5.514020108445164860e-03 3.626131330147367663e-03 9.049385644994409946e-04 8.987793599357904234e-04
7.750000000000001332e-02 4.866047670955849988e-03 3.351139434410615060e-03 9.949387819029509219e-04 9.885597842394658677e-04
8.000000000000001554e-02 4.323972287622577376e-03 3.116477413941168111e-03 1.086038217996783276e-03 1.080026431730958048e-03
8.250000000000001776e-02 3.868025001609477070e-03 2.913023741451367145e-03 1.179361833972797152e-03 1.172791702193587849e-03
8.500000000000001998e-02 3.481221579831981095e-03 2.734617905146704501e-03 1.275031014932955301e-03 1.266495296090310117e-03
8.750000000000000833e-02 3.150475652712877474e-03 2.583482814482400153e-03 1.372940652677213068e-03 1.360793604029643042e-03
9.000000000000001055e-02 2.866216382842104362e-03 2.448349471892599920e-03 1.467111665711065376e-03 1.455372860372805685e-03
9.250000000000001277e-02 2.620268223248698857e-03 2.325275720279933699e-03 1.564751321583514234e-03 1.549934206285466781e-03
9.500000000000001499e-02 2.406345702407064642e-03 2.217387341192475665e-03 1.662904732159553893e-03 1.644207438326127091e-03
9.750000000000001721e-02 2.219579701269110660e-03 2.121104168719787665e-03 1.764388504641115334e-03 1.737937221650761709e-03
1.000000000000000056e-01 2.056037367234292163e-03 2.032161737719576609e-03 1.862205087440611632e-03 1.830878330712799569e-03
