# time 1 2 D-1 D
0.000000000000000000e+00 9.999999550496193601e-01 3.171884911701302489e-08 6.984319071555627954e-36 5.357682845857208953e-37
1.250000000000000243e-03 9.984683743811311185e-01 5.176388776900556905e-08 1.546083605879453880e-24 1.484599268009176624e-23
2.500000000000000486e-03 9.935450520054085466e-01 9.048281422127563790e-07 3.593921158022934235e-20 8.154513580104796435e-20
3.750000000000000729e-03 9.846824770000804916e-01 6.647359095306995697e-06 1.430501006393880675e-17 1.439267729512343659e-17
5.000000000000000971e-03 9.712480932496548869e-01 3.209475116330187634e-05 1.027358943645082275e-15 6.390417554649479183e-16
6.250000000000000347e-03 9.524825265819407694e-01 1.226054246511639736e-04 2.740995908015515115e-14 1.370261103786038147e-14
7.500000000000001457e-03 9.274018539158438434e-01 4.052504375506100673e-04 3.675479318833772046e-13 1.868749507476804175e-13
8.750000000000000833e-03 8.945850983397493073e-01 1.212980020330591815e-03 2.762465130819372376e-12 1.793416209459411377e-12
1.000000000000000194e-02 8.517318950450679660e-01 3.367991224830558551e-03 1.249346045049085356e-11 1.225926093801421730e-11
1.125000000000000132e-02 7.948237098033065218e-01 8.748413541948290087e-03 3.636897498811915552e-11 5.978809207810111863e-11
1.250000000000000069e-02 7.169675018933144850e-01 2.109702523261190732e-02 7.509091753420946207e-11 2.148239871864497885e-10
1.375000000000000180e-02 6.095572053180087213e-01 4.478555054961221027e-02 1.147187110687617583e-10 5.995643699600935739e-10
1.500000000000000291e-02 4.711206001557635692e-01 7.779588696417051585e-02 1.288794855980239031e-10 1.371071929415125215e-09
1.625000000000000056e-02 3.292248154443909725e-01 9.632808830675704259e-02 1.043471292794404136e-10 2.686137997163647904e-09
1.750000000000000167e-02 2.174660853865278132e-01 8.480206719135197080e-02 4.983014199859692266e-11 4.667357479322451235e-09
1.875000000000000278e-02 1.426434200437390332e-01 5.888802638818532026e-02 2.189908385136453158e-12 7.383669676519192780e-09
2.000000000000000389e-02 9.486705154901926840e-02 3.641579310628370592e-02 5.010927523706281323e-11 1.084755454867718439e-08
2.125000000000000500e-02 6.410836536093737770e-02 2.179886945018157107e-02 2.920231741822884026e-10 1.502404336710726552e-08
2.250000000000000264e-02 4.398172764938289986e-02 1.311498342884593292e-02 1.034057085767288048e-07 1.984536460417996907e-08
2.375000000000000375e-02 3.054507565404341110e-02 8.085255818350744333e-03 1.334155104622912904e-07 2.522590590594485291e-08
2.500000000000000139e-02 2.142549835927008012e-02 5.160078084340448921e-03 1.674789760565124295e-07 3.107478658743801183e-08
2.625000000000000250e-02 1.522014222142463978e-02 3.363526744513378394e-03 2.055590906735888993e-07 3.730472229489857005e-08
2.750000000000000361e-02 1.092992338645753896e-02 2.244964576561987724e-03 2.472239184775756890e-07 4.383756871225420269e-08
2.875000000000000472e-02 7.930424968836939648e-03 1.529764940171339732e-03 2.927719913844108847e-07 5.060671980965365880e-08
3.000000000000000583e-02 5.806958399709333425e-03 1.064338472515066313e-03 3.414664059540894235e-07 5.755756053859528007e-08
3.125000000000000000e-02 4.287581448294963161e-03 7.549224512882261829e-04 3.936686530690868541e-07 6.464688605123382660e-08
3.250000000000000111e-02 3.192740364875400194e-03 5.418274429925349495e-04 4.486483723869535101e-07 7.184129324868007738e-08
3.375000000000000222e-02 2.395720888298433129e-03 3.927912448555544796e-04 5.068754666442744493e-07 7.911550374225899731e-08
3.500000000000000333e-02 1.804781577151160291e-03 2.924605263153672941e-04 5.675898620556081808e-07 8.645060195202709445e-08
3.625000000000000444e-02 1.371075506044999335e-03 2.163884038846908850e-04 6.313374629410051571e-07 9.383275983482176607e-08
3.750000000000000555e-02 1.043297019055823647e-03 1.651015241071442032e-04 6.968308049115913418e-07 1.012511123502895428e-07
3.875000000000000666e-02 7.984386019610343515e-04 1.253557085551365287e-04 7.647965908964550806e-07 1.086979571831076794e-07
4.000000000000000777e-02 6.126824504935861468e-04 9.782593193885317487e-05 8.353643953182274115e-07 1.161668491283573532e-07
4.125000000000000888e-02 4.729846927424662790e-04 7.529624794907359127e-05 9.076998839246595009e-07 1.236527876327308294e-07
4.250000000000000999e-02 3.646214962724203795e-04 5.999517180637512029e-05 9.815921615916850129e-07 1.311514522572894137e-07
4.375000000000000416e-02 2.825568944756245331e-04 4.744584162301995073e-05 1.056939263804935211e-06 1.386584188222506732e-07
4.500000000000000527e-02 2.193143029841058706e-04 3.787566831820793665e-05 1.133530851389154070e-06 1.461698386969745086e-07
4.625000000000000638e-02 1.704752243505064445e-04 3.061586681560883100e-05 1.212466507107623145e-06 1.536814262579365623e-07
4.750000000000000749e-02 1.327545264091223298e-04 2.484956244411235023e-05 1.292104713003638992e-06 1.611894568340528437e-07
4.875000000000000860e-02 1.035903459652195015e-04 2.022362239792194755e-05 1.372568123522383941e-06 1.686897353622155895e-07
5.000000000000000278e-02 8.078084666112057572e-05 1.669180306262684112e-05 1.454989823305234755e-06 1.761524059432050298e-07
