# time 1 2 D-1 D
0.000000000000000000e+00 9.999999549175676572e-01 2.062614399103147465e-08 2.472211556573123415e-36 4.434699375270931875e-35
2.500000000000000052e-04 9.989906752824746494e-01 4.367953488357610098e-08 1.741036096935781238e-26 1.177436333497527145e-25
5.000000000000000104e-04 9.956861482862658930e-01 7.517906950322137917e-07 3.997039009236046738e-22 6.353832032695770814e-22
7.500000000000001240e-04 9.895700913756267925e-01 5.051204439335606024e-06 1.702415954351735163e-19 1.087141449897512623e-19
1.000000000000000021e-03 9.800187980032702972e-01 2.197727206307897781e-05 1.331380386746586781e-17 4.612772809206548964e-18
1.250000000000000026e-03 9.663129415639328812e-01 7.497721431252757406e-05 4.009005277571318449e-16 9.304866935128655405e-17
1.500000000000000248e-03 9.476155964828301137e-01 2.195623411335094575e-04 6.563230414127571786e-15 1.178284494562873701e-15
1.750000000000000253e-03 9.229073943891032972e-01 5.794445138383680447e-04 7.233489814211021987e-14 1.043363560637569815e-14
2.000000000000000042e-03 8.908619546067971795e-01 1.423802532827050547e-03 6.217097333578037542e-13 6.630748928632793406e-14
2.250000000000000264e-03 8.496295038244373599e-01 3.324848891479749869e-03 3.932439458820415733e-12 3.060592217088275389e-13
2.500000000000000052e-03 7.964299964344513372e-01 7.527732409089356660e-03 1.416367463566550063e-11 1.057200261595649180e-12
2.750000000000000274e-03 7.272167740976552830e-01 1.636805208586009433e-02 3.267313214246794757e-11 2.851902553600488049e-12
3.000000000000000496e-03 6.363149176475181301e-01 3.401046389282631061e-02 5.864035832622830161e-11 6.273284058507291298e-12
3.250000000000000284e-03 5.196003955298926780e-01 6.426522707022722103e-02 8.993769540205722013e-11 1.168897717562164292e-11
3.500000000000000507e-03 3.840560069343944560e-01 1.027101440880574396e-01 1.220727587730773401e-10 1.903244814086127375e-11
3.749999999999999861e-03 2.610008724904465116e-01 1.248384745981442195e-01 1.526469073899672063e-10 2.777302272541076696e-11
4.000000000000000083e-03 1.701296854434898309e-01 1.208305641170029504e-01 1.778708752851192017e-10 3.707523584376301686e-11
4.250000000000000305e-03 1.116612424139272891e-01 9.907834559739683855e-02 1.970289392194020628e-10 4.603564506951548641e-11
4.500000000000000527e-03 7.472201646805755326e-02 7.406651482799180009e-02 2.070192199319384823e-10 5.388738484833941727e-11
4.750000000000000749e-03 5.048664131001696920e-02 5.330658211559801546e-02 2.129711705252648128e-10 6.013662239336875198e-11
5.000000000000000104e-03 3.457740166606353832e-02 3.773048143098366863e-02 2.132288846033110545e-10 6.456279323269607594e-11
5.250000000000000326e-03 2.373571802101616390e-02 2.687584765554169169e-02 2.113057811199528527e-10 6.719761596236112845e-11
5.500000000000000548e-03 1.634698795558525708e-02 1.929466229622901069e-02 2.038789601204091585e-10 6.823724158344630554e-11
5.750000000000000770e-03 1.127042391180355443e-02 1.403786037433019801e-02 1.974593319168504975e-10 6.795524241442415309e-11
6.000000000000000992e-03 7.765927367933016245e-03 1.034550476350768432e-02 1.890745479705041752e-10 6.666346665310345420e-11
6.250000000000000347e-03 5.344298287816262073e-03 7.734433219625011513e-03 1.779359335424486374e-10 6.465053151288791746e-11
6.500000000000000569e-03 3.669558545016505732e-03 5.870543484910012086e-03 1.700491192695570545e-10 6.216511278503731070e-11
6.750000000000000791e-03 2.511881818223845545e-03 4.557166587685358358e-03 1.619163104241191239e-10 5.941380143483779267e-11
7.000000000000001013e-03 1.712779365459507919e-03 2.714176076655410320e-03 1.533027636711649934e-10 5.655226178886799863e-11
7.250000000000001235e-03 1.162501542479593176e-03 2.020635396518996683e-03 1.434970133919319229e-10 5.369153288662776629e-11
7.499999999999999722e-03 7.848200942623919296e-04 1.556336733709755239e-03 1.374543382164234428e-10 5.091521213622825133e-11
7.750000000000000812e-03 5.266841541158222371e-04 1.207303305646889374e-03 1.309916390794681470e-10 4.826820795282343198e-11
8.000000000000000167e-03 3.511385922215163723e-04 9.335760237164417684e-04 1.238309392467122848e-10 4.578726741660315992e-11
8.250000000000000389e-03 2.324467119322946417e-04 7.212525708452239811e-04 1.185260337623580942e-10 4.348794190180979451e-11
8.500000000000000611e-03 1.527109880940247526e-04 5.629210687699926028e-04 1.138914481101810160e-10 4.136891071923369052e-11
8.750000000000000833e-03 9.952044418893491080e-05 4.346472729564989030e-04 1.100894259450674617e-10 3.942629884254691596e-11
9.000000000000001055e-03 6.430336619492393673e-05 3.380863364363636062e-04 1.076156156495980223e-10 3.765605971460440931e-11
9.250000000000001277e-03 4.117106872476679948e-05 2.616597504919359815e-04 1.030932281633104026e-10 3.605444490382460325e-11
9.500000000000001499e-03 2.610292655748217274e-05 2.018010466646853686e-04 1.001788191693735217e-10 3.460984809245517911e-11
9.750000000000001721e-03 1.637418546841157678e-05 1.551023298488530720e-04 9.789033920305596650e-11 3.330143931183947924e-11
1.000000000000000021e-02 1.015117381441195149e-05 1.188745579994503302e-04 9.671031021086634802e-11 3.212057680284473048e-11
