# time 1 2 D-1 D
0.000000000000000000e+00 9.999999549175676572e-01 2.062614399103147465e-08 2.472211556573123415e-36 4.434699375270931875e-35
2.500000000000000052e-04 9.989821035308409369e-01 8.010854769919141039e-08 1.815489090942333069e-27 1.174612021176420908e-25
5.000000000000000104e-04 9.955504840028444047e-01 1.434178788605459461e-06 4.730350636329934750e-23 6.251764294599714981e-22
7.500000000000001240e-04 9.889033259565569445e-01 9.384672670462732699e-06 2.468559305929998125e-20 1.023675516964476841e-19
1.000000000000000021e-03 9.780053059875573052e-01 3.916789516330590698e-05 2.240125186160443363e-18 3.940764213070006719e-18
1.250000000000000026e-03 9.616894714513670728e-01 1.270961904132856342e-04 7.488941432037848406e-17 6.734003869088750295e-17
1.500000000000000248e-03 9.387397016642183845e-01 3.514930112679860870e-04 1.316276120074509560e-15 6.752845040679060908e-16
1.750000000000000253e-03 9.079238600628661837e-01 8.715783121964203227e-04 1.517105961662225076e-14 4.545016920012985841e-15
2.000000000000000042e-03 8.679459540395630945e-01 2.003825288913280329e-03 1.327468068315235852e-13 2.180233302814108129e-14
2.250000000000000264e-03 8.172841273568962617e-01 4.368274548117631259e-03 8.064804590172159864e-13 7.690909011412192949e-14
2.500000000000000052e-03 7.538328906943965180e-01 9.221653038664434296e-03 2.566281876575132144e-12 2.061516955645315467e-13
2.750000000000000274e-03 6.746846063645066671e-01 1.874329344945464479e-02 4.954977929746288815e-12 4.368383769393461058e-13
3.000000000000000496e-03 5.759565101125465603e-01 3.653327232351492870e-02 7.294831207777318740e-12 7.625474039072128979e-13
3.250000000000000284e-03 4.561111630758561408e-01 6.514132993565698027e-02 9.140006118887146311e-12 1.137884283534052509e-12
3.500000000000000507e-03 3.244404768445361964e-01 9.892026397982346675e-02 1.017298675073332711e-11 1.498334762253719757e-12
3.749999999999999861e-03 2.106076611836663059e-01 1.153217680223027758e-01 1.051244189341064882e-11 1.786558027050090089e-12
4.000000000000000083e-03 1.302896325000211797e-01 1.076842520875488651e-01 1.022357611828209641e-11 1.970284995761116606e-12
4.250000000000000305e-03 8.084651724153621433e-02 8.555380257869567295e-02 9.555962662258872741e-12 2.044163636692398814e-12
4.500000000000000527e-03 5.102751213949110326e-02 6.211537739355616622e-02 8.567749948324089358e-12 2.021625843390215171e-12
4.750000000000000749e-03 3.243474924851147412e-02 4.343691887493811993e-02 7.608005898543570078e-12 1.927931465669598064e-12
5.000000000000000104e-03 2.087013080608380103e-02 2.988516200239508050e-02 6.649949416810560570e-12 1.788874731750224485e-12
5.250000000000000326e-03 1.342943239609894687e-02 2.067125238742741067e-02 5.816472820116899368e-12 1.626766409427795965e-12
5.500000000000000548e-03 8.654590000517825565e-03 1.439864018633132785e-02 5.005213919117664693e-12 1.458165387785765051e-12
5.750000000000000770e-03 5.572993675108868158e-03 1.015228502203543298e-02 4.365581488192763070e-12 1.294390044378476851e-12
6.000000000000000992e-03 3.579310866675002208e-03 7.243084279392300422e-03 3.800193137962182704e-12 1.142511872082720598e-12
6.250000000000000347e-03 2.291142658884579627e-03 5.236334075782417274e-03 3.280382606991111312e-12 1.005772159457303057e-12
6.500000000000000569e-03 1.460012499612297829e-03 3.838890051458548978e-03 2.898034566570332975e-12 8.850173109607051950e-13
6.750000000000000791e-03 9.252591821457165858e-04 2.872278179785036929e-03 2.569594800137041879e-12 7.795823204237089128e-13
7.000000000000001013e-03 5.825310671499051669e-04 1.188622999711259594e-03 2.280636164357542381e-12 6.882852535508460238e-13
7.250000000000001235e-03 3.639689435315396782e-04 8.186412740718574917e-04 2.014113212576293703e-12 6.098169333803077080e-13
7.499999999999999722e-03 2.254417361366779261e-04 5.848787496795343184e-04 1.829405701763565544e-12 5.424646318030378322e-13
7.750000000000000812e-03 1.382795715635111423e-04 4.203588788675850611e-04 1.661965478020330099e-12 4.849330698388281690e-13
8.000000000000000167e-03 8.389842952911387116e-05 3.000044067265621888e-04 1.505343639435699574e-12 4.356973422669430459e-13
8.250000000000000389e-03 5.029446112407252992e-05 2.134754447202591790e-04 1.386154087681044555e-12 3.936004660205152944e-13
8.500000000000000611e-03 2.975214216802594017e-05 1.531308524438464332e-04 1.286477627771589033e-12 3.575412676061955956e-13
8.750000000000000833e-03 1.734393080703151865e-05 1.083333586229510862e-04 1.205483757614425915e-12 3.266256813501450701e-13
9.000000000000001055e-03 9.947372017114936726e-06 7.696283957485869072e-05 1.145861560145154141e-12 3.001235702070781217e-13
9.250000000000001277e-03 5.602161743625755061e-06 5.419311937188991024e-05 1.071420691778917346e-12 2.771370624861809130e-13
9.500000000000001499e-03 3.090464662520933545e-06 3.786201209824824993e-05 1.018062463402338548e-12 2.570706024013258940e-13
9.750000000000001721e-03 1.664773443788671788e-06 2.622704057694732463e-05 9.756811120081078144e-13 2.398838599596475513e-13
1.000000000000000021e-02 8.720634939983372846e-07 1.800759661170593320e-05 9.472290743490214443e-13 2.249463047149675088e-13
