# time 1 2 D-1 D
0.000000000000000000e+00 9.999999655133463561e-01 1.241800520025283513e-08 1.452440819876018445e-34 3.514257911218310306e-34
5.000000000000000104e-04 9.994022631879877494e-01 1.360692188970768936e-07 1.566298605103099102e-17 1.033521072823310895e-22
1.000000000000000021e-03 9.974624760633649112e-01 2.549070367268522205e-06 4.741196417689789741e-15 5.661801437584149424e-19
1.500000000000000248e-03 9.939185561389316526e-01 1.560986963292840845e-05 1.405197255280534772e-13 9.990382284070049127e-17
2.000000000000000042e-03 9.884593593294659364e-01 6.105225637710799029e-05 1.589571548516192822e-12 4.187699857106640243e-15
2.500000000000000052e-03 9.807232810445646320e-01 1.851516053383695079e-04 1.041675237869487663e-11 7.770599113937116122e-14
3.000000000000000496e-03 9.702810036350417722e-01 4.760173610211664865e-04 4.756705177300406364e-11 8.351640406266699695e-13
3.500000000000000507e-03 9.565998443225253167e-01 1.102308240501730270e-03 1.667330643599461317e-10 5.941193182103691257e-12
4.000000000000000083e-03 9.389895297281672937e-01 2.337459179873171110e-03 4.782757655069151815e-10 3.011726323935734915e-11
4.500000000000000527e-03 9.165326642926975298e-01 4.660107231481812155e-03 1.202917059155344527e-09 1.143474178416601504e-10
5.000000000000000104e-03 8.880097981981081023e-01 8.825913788507751614e-03 2.915493679559343604e-09 3.395387176140560807e-10
5.500000000000000548e-03 8.518469667960297809e-01 1.591465308526790468e-02 8.197931149920318099e-09 8.219208632633581036e-10
6.000000000000000992e-03 8.061571574478806346e-01 2.746680183503811060e-02 2.335605273069946783e-08 1.684729313607631050e-09
6.500000000000000569e-03 7.490377055160356567e-01 4.513491696618227023e-02 4.321334774888676915e-08 3.019120517435625178e-09
7.000000000000001013e-03 6.793645941328685378e-01 7.027114138533369081e-02 6.797364554205085295e-08 4.852119040179313168e-09
7.499999999999999722e-03 5.982243718926996134e-01 1.021805350688538838e-01 9.948119499984500142e-08 7.132784959165037294e-09
8.000000000000000167e-03 5.100839091237620027e-01 1.374649459275681107e-01 1.386830096126815935e-07 9.738672558827601417e-09
8.500000000000000611e-03 4.225067516862175965e-01 1.697516829474235156e-01 1.844621492062335294e-07 1.249811752751299816e-08
9.000000000000001055e-03 3.420131720699183253e-01 1.939606865135807823e-01 2.367125783259290282e-07 1.522062796876525473e-08
9.500000000000001499e-03 2.736497397648540164e-01 2.062015779027725759e-01 2.937490196902479775e-07 1.772636048553259469e-08
1.000000000000000021e-02 2.180869400279037695e-01 2.069851580029174187e-01 3.547103926794410436e-07 1.986907464821445678e-08
1.050000000000000065e-02 1.740683822955938487e-01 1.979450056598949514e-01 4.183477080718602979e-07 2.154965094773967419e-08
1.100000000000000110e-02 1.395468317919423273e-01 1.814557151498616128e-01 4.835358856325237088e-07 2.271955461994869918e-08
1.150000000000000154e-02 1.124854558370063790e-01 1.600961636586857306e-01 5.498490904451179294e-07 2.337657080902972557e-08
1.200000000000000198e-02 9.116427957894045198e-02 1.399137475276439335e-01 6.166750218081319846e-07 2.355514016135241764e-08
1.250000000000000069e-02 7.423081007525497710e-02 1.058576815079096400e-01 6.838724797381979367e-07 2.331502051961588900e-08
1.300000000000000114e-02 6.065541850395964746e-02 7.409970128610525453e-02 7.509574671743071704e-07 2.273007458111755079e-08
1.350000000000000158e-02 4.966528128609811604e-02 5.798937088400104439e-02 8.185644565924406877e-07 2.187857097433003040e-08
1.400000000000000203e-02 4.068353881812517003e-02 4.867617195715867595e-02 8.861970096995775713e-07 2.083589843061334845e-08
1.450000000000000247e-02 3.328036421097674974e-02 4.302628297836709470e-02 9.545052811078339876e-07 1.966978778748750552e-08
1.499999999999999944e-02 2.713555033272370409e-02 3.906862580769460136e-02 1.022556788910126646e-06 1.843773801461225662e-08
1.550000000000000162e-02 2.201030450897117213e-02 3.611907932701826501e-02 1.091629913294008991e-06 1.718616143108503152e-08
1.600000000000000033e-02 1.772584593007962145e-02 3.382139439380921903e-02 1.161563833706966534e-06 1.595072711075096475e-08
1.650000000000000078e-02 1.414698062964725445e-02 3.196544383785488580e-02 1.231189258575560963e-06 1.475745521224858833e-08
1.700000000000000122e-02 1.116927977644244056e-02 3.033048528568661056e-02 1.302606050309130557e-06 1.362413467234421052e-08
1.750000000000000167e-02 8.709098805296041843e-03 2.884555673999952136e-02 1.373403992700060586e-06 1.256187337244429564e-08
1.800000000000000211e-02 6.696558980579063285e-03 2.745163383605129723e-02 1.445895195658947836e-06 1.157656807564794306e-08
1.850000000000000255e-02 5.070216529394149831e-03 2.610537066953830601e-02 1.519358164420420652e-06 1.067019495959588144e-08
1.900000000000000300e-02 3.774330292899558993e-03 2.479314931950469050e-02 1.594247441723002078e-06 9.841907507471682604e-09
1.950000000000000344e-02 2.757620155987027238e-03 2.350714101048103494e-02 1.669399328836872526e-06 9.088929093606357176e-09
2.000000000000000042e-02 1.972869513343740271e-03 2.225164088352147435e-02 1.745248680658639072e-06 8.406252588402110973e-09
