# time 1 2 D-1 D
0.000000000000000000e+00 9.999999655133463561e-01 1.241800520025283513e-08 1.452440819876018445e-34 3.514257911218310306e-34
1.250000000000000243e-03 9.994022645294128315e-01 1.360774192522411370e-07 1.566279687254134565e-17 1.033598342164044466e-22
2.500000000000000486e-03 9.974624921004365818e-01 2.549109653700298941e-06 4.740953122172617681e-15 5.661136918648589442e-19
3.750000000000000729e-03 9.939186385639012800e-01 1.560997729363098973e-05 1.405103353653209001e-13 9.989819598898272483e-17
5.000000000000000971e-03 9.884596244359038497e-01 6.105249451230947610e-05 1.589402604195719731e-12 4.187303800325316108e-15
6.250000000000000347e-03 9.807239342930074155e-01 1.851520427903326433e-04 1.041508603376915567e-11 7.769404052038696438e-14
7.500000000000001457e-03 9.702823659315666927e-01 4.760184985644946832e-04 4.755645031118744770e-11 8.349826911716484275e-13
8.750000000000000833e-03 9.566023673685910556e-01 1.102311839922862514e-03 1.666839685952499249e-10 5.939469041887039807e-12
1.000000000000000194e-02 9.389938056507869391e-01 2.337470403146971448e-03 4.780967945146087882e-10 3.010602966838485864e-11
1.125000000000000132e-02 9.165394244231790388e-01 4.660142126643005041e-03 1.202366733299801480e-09 1.142946891066173636e-10
1.250000000000000069e-02 8.880198874998681546e-01 8.826008174546443041e-03 2.913907794901484983e-09 3.393499190997943082e-10
1.375000000000000180e-02 8.518612883796425894e-01 1.591491436408857749e-02 8.192790972415983818e-09 8.213804394068342695e-10
1.500000000000000291e-02 8.061765626554098230e-01 2.746741107549641181e-02 2.333933089657304963e-08 1.683445158871349857e-09
1.625000000000000056e-02 7.490628322659494964e-01 4.513633627795599068e-02 4.317797353364381885e-08 3.016490538383470417e-09
1.750000000000000167e-02 6.793956428770353551e-01 7.027402156265835642e-02 6.791031346766497017e-08 4.847348977730545019e-09
1.875000000000000278e-02 5.982609606105223632e-01 1.021862313275107154e-01 9.937623844692995227e-08 7.124976864359809285e-09
2.000000000000000389e-02 5.101250038148487098e-01 1.374751030347615144e-01 1.385192318167735045e-07 9.726921817110397963e-09
2.125000000000000500e-02 4.225512368635215288e-01 1.697665004222710661e-01 1.842171075671335093e-07 1.248169652261253357e-08
2.250000000000000264e-02 3.420591138770869288e-01 1.939829280121737332e-01 2.363607810656998270e-07 1.519912466675078477e-08
2.375000000000000375e-02 2.736963916881819392e-01 2.062320687179062528e-01 2.932680020349135168e-07 1.769976605359404554e-08
2.500000000000000139e-02 2.181336148028554800e-01 2.070213765135879569e-01 3.540675317167523818e-07 1.983787789429864884e-08
2.625000000000000250e-02 1.741146691670704127e-01 1.979915793377647892e-01 4.175108714492556021e-07 2.151487197127796308e-08
2.750000000000000361e-02 1.395924837679385910e-01 1.815082232596838541e-01 4.824678151991236486e-07 2.268265417158894758e-08
2.875000000000000472e-02 1.125303110687211755e-01 1.601467070268579873e-01 5.485144931337347224e-07 2.333940745374950360e-08
3.000000000000000583e-02 9.120821261327904939e-02 1.399684659691253219e-01 6.150288779595592344e-07 2.351986330726992756e-08
3.125000000000000000e-02 7.427370396145724363e-02 1.058894682553034872e-01 6.818831876687858572e-07 2.328393103941486809e-08
3.250000000000000111e-02 6.069714953536753388e-02 7.413052663813458898e-02 7.485664296298331611e-07 2.270552689091412047e-08
3.375000000000000222e-02 4.970571118104321479e-02 5.801465020045406401e-02 8.157337726412424653e-07 2.186288250109416397e-08
3.500000000000000333e-02 4.072251163574260036e-02 4.870225972395410274e-02 8.828603662457727075e-07 2.083126783380672180e-08
3.625000000000000444e-02 3.331770741918974044e-02 4.305219561587363131e-02 9.505879532615447986e-07 1.967823516351222089e-08
3.750000000000000555e-02 2.717107975298920647e-02 3.909773783756353288e-02 1.018001269601670459e-06 1.846106534140324341e-08
3.875000000000000666e-02 2.204383306431240142e-02 3.615022999537051418e-02 1.086360141082548685e-06 1.722592547003260557e-08
4.000000000000000777e-02 1.775719579986092742e-02 3.385647353314154978e-02 1.155501806944299412e-06 1.600823014872153931e-08
4.125000000000000888e-02 1.417599707726750584e-02 3.200401862293206917e-02 1.224255643348946660e-06 1.483374921731547447e-08
4.250000000000000999e-02 1.119584561851529048e-02 3.037218903630804767e-02 1.294674507641714308e-06 1.372003676767946597e-08
4.375000000000000416e-02 8.733148391245480063e-03 2.889125291589865474e-02 1.364394144401425591e-06 1.267798104117320947e-08
4.500000000000000527e-02 6.718082294866992155e-03 2.750150097856736420e-02 1.435682646103029930e-06 1.171327410527160559e-08
4.625000000000000638e-02 5.089264610734488617e-03 2.615906516473621990e-02 1.507831928579947553e-06 1.082771069658317481e-08
4.750000000000000749e-02 3.791009475251718754e-03 2.485060883839045748e-02 1.581249771867954467e-06 1.002027942721200491e-08
4.875000000000000860e-02 2.772086388227836592e-03 2.356847079988834762e-02 1.654808699513355883e-06 9.288051455283739456e-09
5.000000000000000278e-02 1.985317605267483167e-03 2.231636630031473556e-02 1.728947003449020015e-06 8.626419253451757947e-09
