# time 1 2 D-1 D
0.000000000000000000e+00 9.999999549175676572e-01 2.062614399103147465e-08 2.472211556573123415e-36 4.434699375270931875e-35
2.500000000000000486e-03 9.989906870498583835e-01 4.371595546859996243e-08 1.726578675367583373e-26 1.176787206529397113e-25
5.000000000000000971e-03 9.956862884149038084e-01 7.521108341436563485e-07 3.987216294791507921e-22 6.349310076668100674e-22
7.500000000000001457e-03 9.895707900518195821e-01 5.052433991698400963e-06 1.704043711665326521e-19 1.086924310249900941e-19
1.000000000000000194e-02 9.800210084992213577e-01 2.198049957000107213e-05 1.330858029015236932e-17 4.609561922529295209e-18
1.250000000000000069e-02 9.663183670059023456e-01 7.498476947624544277e-05 4.006567749560592399e-16 9.296018398535586450e-17
1.500000000000000291e-02 9.476268478135546625e-01 2.195778892370036544e-04 6.555631332243236571e-15 1.176622935478972322e-15
1.750000000000000167e-02 9.229281867391285754e-01 5.794771229572538707e-04 7.222484033587494213e-14 1.041515909321147521e-14
2.000000000000000389e-02 8.908970958798921869e-01 1.423883459222023175e-03 6.204241492709406265e-13 6.615467057972801585e-14
2.250000000000000264e-02 8.496847917885933521e-01 3.325086636782840967e-03 3.922524122670346869e-12 3.052150391608166054e-13
2.500000000000000139e-02 7.965114510062775155e-01 7.528738066959211710e-03 1.412069620335462777e-11 1.053698602969960731e-12
2.750000000000000361e-02 7.273307822895378472e-01 1.636996307226149319e-02 3.255978477490718569e-11 2.841143837949262412e-12
3.000000000000000583e-02 6.364627009518761813e-01 3.401708870115610628e-02 5.841453308997474351e-11 6.246965497485865928e-12
3.250000000000000111e-02 5.197743719379996907e-01 6.428546301351982517e-02 8.956025244758108558e-11 1.163520446332187835e-11
3.500000000000000333e-02 3.842371673381323460e-01 1.027583656009288110e-01 1.215258693323013862e-10 1.893880955325224223e-11
3.750000000000000555e-02 2.611725766306569607e-01 1.249199338014166383e-01 1.519557320510019948e-10 2.763130141381434356e-11
4.000000000000000777e-02 1.702831243089527047e-01 1.209384312745595685e-01 1.770559244061609640e-10 3.688156139391523621e-11
4.250000000000000999e-02 1.117954882771093061e-01 9.919871925834689019e-02 1.961716297551593243e-10 4.579469271807325880e-11
4.500000000000000527e-02 7.483981611054454919e-02 7.418608541643068044e-02 2.062267942447070563e-10 5.362704895668017248e-11
4.750000000000000749e-02 5.058847205530864199e-02 5.342114881378136337e-02 2.123657168989735514e-10 5.989447274479242440e-11
5.000000000000000278e-02 3.466599039129721060e-02 3.783273916338516368e-02 2.129471092871082421e-10 6.439069967865054280e-11
5.250000000000000500e-02 2.381186611027355862e-02 2.696744840766695031e-02 2.114919150538607138e-10 6.714700502088183065e-11
5.500000000000000722e-02 1.641178555602266012e-02 1.937665344074766469e-02 2.045629855818039204e-10 6.835201202961123064e-11
5.750000000000000944e-02 1.132502481943326554e-02 1.411106697332714134e-02 1.987433824424537438e-10 6.828106913074375303e-11
6.000000000000001166e-02 7.811467288249760756e-03 1.041112310062317602e-02 1.910432959239348326e-10 6.723400370571233260e-11
6.250000000000000000e-02 5.381901331122730496e-03 7.793850804998826015e-03 1.806232985101514900e-10 6.549137793203355996e-11
6.500000000000000222e-02 3.700302080799756574e-03 5.924579792387649549e-03 1.734806011396979417e-10 6.329752352085004283e-11
6.750000000000000444e-02 2.536770415308765066e-03 4.604653703785325375e-03 1.661631241271833796e-10 6.084956468977090295e-11
7.000000000000000666e-02 1.732729744013405048e-03 2.742776979997506043e-03 1.583618737170703863e-10 5.829646856446424848e-11
7.250000000000000888e-02 1.178335209883409670e-03 2.045244553086186540e-03 1.492420416379825914e-10 5.574791258863920257e-11
7.500000000000001110e-02 7.972613298554219029e-04 1.578255525147416634e-03 1.440068173218009624e-10 5.327948684392622137e-11
7.750000000000001332e-02 5.363617757297945918e-04 1.227226326310891817e-03 1.383207564892959089e-10 5.093784949748733873e-11
8.000000000000001554e-02 3.585908564699425414e-04 9.514461256528048902e-04 1.318557614035375283e-10 4.875256335042604440e-11
8.250000000000001776e-02 2.381278094158447930e-04 7.371705549103639609e-04 1.272905307485652795e-10 4.673773149625717319e-11
8.500000000000001998e-02 1.569986888598023066e-04 5.772116185892281265e-04 1.233773198238099822e-10 4.489236100105086081e-11
8.750000000000000833e-02 1.027244849168691248e-04 4.472867598006184989e-04 1.202517175296839945e-10 4.321443628836535296e-11
9.000000000000001055e-02 6.667417606183648877e-05 3.493164254492641578e-04 1.186084590047295993e-10 4.171303179327099179e-11
9.250000000000001277e-02 4.290834858568634742e-05 2.715777606861072085e-04 1.145744748052908764e-10 4.036396141439671263e-11
9.500000000000001499e-02 2.736370981815943541e-05 2.105098464808855213e-04 1.122686088617842157e-10 3.914165965744673875e-11
9.750000000000001721e-02 1.728038214648658824e-05 1.627115556269655063e-04 1.105652444138482641e-10 3.804747222121199516e-11
1.000000000000000056e-01 1.079627621120621660e-05 1.254944508476063200e-04 1.101186133479170487e-10 3.707550311421359458e-11
