# time 1 2 D-1 D
0.000000000000000000e+00 9.999999417387437362e-01 1.898389148110382234e-09 1.069834168661412427e-35 2.460115099813562342e-36
5.000000000000000104e-04 9.990197110161574967e-01 9.811071857375450264e-08 1.273513005021521457e-32 2.237342275149060558e-36
1.000000000000000021e-03 9.958803499825695793e-01 1.715324578586245605e-06 3.801358067414417953e-28 4.688155156666633127e-34
1.500000000000000248e-03 9.902653727914570991e-01 1.117740004873909308e-05 1.946241222137670925e-25 1.608766956325561934e-30
2.000000000000000042e-03 9.818277259865787476e-01 4.860917550892974494e-05 1.615984383912432960e-23 6.573982516662798236e-28
2.500000000000000052e-03 9.701681497546367217e-01 1.728468081638822424e-04 5.317735648578563553e-22 7.450199987498624586e-26
3.000000000000000496e-03 9.547782250106987556e-01 5.279027019315294094e-04 8.827785662514975026e-21 3.537898353290877925e-24
3.500000000000000507e-03 9.349154472225629231e-01 1.482267472471587681e-03 8.909971568642680211e-20 9.010592532589585786e-23
4.000000000000000083e-03 9.093720002333558483e-01 3.781499497771929376e-03 6.174838916470445871e-19 1.425749969877566954e-21
4.500000000000000527e-03 8.761446005335370435e-01 8.944738356733410861e-03 3.095151933136857105e-18 1.539433008102709872e-20
5.000000000000000104e-03 8.322096929423368206e-01 1.913944103371017710e-02 1.157871403175312359e-17 1.204409968342826648e-19
5.500000000000000548e-03 7.740378116764414784e-01 3.723545937168724895e-02 3.335505986319504855e-17 7.097807146972650352e-19
6.000000000000000992e-03 6.996751894844288611e-01 6.416463831318824917e-02 7.691011819459568039e-17 3.235416120384725905e-18
6.500000000000000569e-03 6.117384548972958358e-01 9.778928334356135066e-02 1.422892746989601997e-16 1.163647960862389375e-17
7.000000000000001013e-03 5.179636820457108604e-01 1.334924383857538921e-01 2.178810168131675950e-16 3.352959807675127433e-17
7.499999999999999722e-03 4.275275830179052772e-01 1.664958505268644695e-01 2.757586038949754502e-16 7.915005828668929815e-17
8.000000000000000167e-03 3.468556313259316681e-01 1.940458237780670336e-01 2.865456762289692951e-16 1.545448729772065671e-16
8.500000000000000611e-03 2.785242099340353716e-01 2.116763970164654007e-01 2.416031310407784089e-16 2.445519655122528351e-16
9.000000000000001055e-03 2.224343945139064527e-01 2.151977393912390957e-01 1.593523442274401537e-16 3.144801830243632402e-16
9.500000000000001499e-03 1.772321266241515536e-01 2.086751288803464222e-01 8.291435597160246180e-17 3.198694755880270802e-16
1.000000000000000021e-02 1.411908958761747268e-01 1.577111261859793362e-02 3.387212811778008130e-17 2.555132441988942400e-16
1.050000000000000065e-02 1.126228154678137194e-01 8.905804081371409414e-03 1.208400772062938987e-17 1.521346629514593202e-16
1.100000000000000110e-02 9.003563016651815187e-02 8.449386019906513640e-03 4.883804152477015906e-18 5.754526573306386905e-17
1.150000000000000154e-02 7.217620776607416855e-02 8.426359271454518171e-03 3.715458344201327293e-18 6.532869677090123109e-18
1.200000000000000198e-02 5.802603307449635817e-02 8.343446244664218595e-03 6.098375575527445363e-18 1.350078143692826453e-17
1.250000000000000069e-02 4.677564905002263435e-02 8.333989516908042391e-03 1.231110598646299672e-17 7.238156064597209622e-17
1.300000000000000114e-02 3.779258156925285189e-02 8.392935783184566484e-03 2.198896032226371917e-17 1.637211293331526247e-16
1.350000000000000158e-02 3.058501445323025258e-02 8.431815339293118397e-03 3.595885224823244117e-17 2.637767210722513635e-16
1.400000000000000203e-02 2.479128034632237243e-02 8.366911143477595569e-03 4.966305575309997379e-17 3.513572310405583758e-16
1.450000000000000247e-02 2.009048048644913528e-02 8.292023295744715972e-03 5.948393897754140659e-17 4.138176416572765278e-16
1.499999999999999944e-02 1.627942834969501457e-02 8.187014128234334012e-03 7.433644136424415843e-16 4.457431050707274488e-16
1.550000000000000162e-02 1.318616496751811792e-02 8.010161762122111964e-03 9.067787766013524725e-16 4.501157940295376673e-16
1.600000000000000033e-02 1.068325050684018097e-02 7.816500981912173629e-03 8.995283702579389214e-16 4.371070270502302743e-16
1.650000000000000078e-02 8.641861817255448025e-03 7.572006232518993692e-03 7.910271728966580711e-16 4.200112416640395809e-16
1.700000000000000122e-02 6.979616258834440978e-03 7.293764901259778069e-03 6.596778731330258620e-16 4.139964796501318709e-16
1.750000000000000167e-02 5.623349178819441602e-03 7.004438827594044494e-03 5.422170371096296212e-16 4.363349719691644768e-16
1.800000000000000211e-02 4.536760125018914416e-03 6.682512584205897894e-03 4.536355329981701257e-16 5.032796765388068334e-16
1.850000000000000255e-02 3.650288545968508047e-03 6.358724870540199449e-03 3.830742891133474569e-16 6.322110944189678254e-16
1.900000000000000300e-02 2.938022442859263353e-03 6.024762340364804396e-03 3.145799676017551996e-16 8.273491511795748161e-16
1.950000000000000344e-02 2.371645331991965519e-03 5.682983991989618011e-03 2.351046636788868643e-16 1.073441401498108873e-15
2.000000000000000042e-02 1.908724592437673236e-03 5.354947549860276761e-03 1.482805489748464504e-16 1.341038154862185735e-15
