# time 1 2 D-1 D
0.000000000000000000e+00 9.999999417387437362e-01 1.898389148110382234e-09 1.069834168661412427e-35 2.460115099813562342e-36
2.500000000000000486e-03 9.990192347631950964e-01 2.166829806522447135e-07 1.268179894699816591e-32 7.459395572617934903e-36
5.000000000000000971e-03 9.958717275076000019e-01 4.053651175457636085e-06 3.804862997490322774e-28 7.750442922929246311e-34
7.500000000000001457e-03 9.902147691776875815e-01 2.657209974746219466e-05 1.951588206251414615e-25 2.972131686439929985e-30
1.000000000000000194e-02 9.816391873221039788e-01 1.131582308077540023e-04 1.626929307769496710e-23 1.254078577504107712e-27
1.250000000000000069e-02 9.696188328271623247e-01 3.857219907005465581e-04 5.393187515305999302e-22 1.433241942810185887e-25
1.500000000000000291e-02 9.534098812937987777e-01 1.111246213450929003e-03 9.066413960098119791e-21 6.881821486715182573e-24
1.750000000000000167e-02 9.318715268073745062e-01 2.908505985479293253e-03 9.335004523159690732e-20 1.779600011129967693e-22
2.000000000000000389e-02 9.031924198332564879e-01 6.869424802233099238e-03 6.665442244691326609e-19 2.871084513084025659e-21
2.250000000000000264e-02 8.645886688856940783e-01 1.500837931607237191e-02 3.486968312968336258e-18 3.171265437650853735e-20
2.500000000000000139e-02 8.122902724688860765e-01 2.967610345233831839e-02 1.384370192217202342e-17 2.547633012250175253e-19
2.750000000000000361e-02 7.425651527071903679e-01 5.354294264148461158e-02 4.319488954237622360e-17 1.549874532070551402e-18
3.000000000000000583e-02 6.544796619433905782e-01 8.588465121231535215e-02 1.102824765037800411e-16 7.352249468165303782e-18
3.250000000000000111e-02 5.530500290012053677e-01 1.222659825621269930e-01 2.317786768091064812e-16 2.785510417464927786e-17
3.500000000000000333e-02 4.487617368866581580e-01 1.563440651785011071e-01 4.128714764481261359e-16 8.603191509218694115e-17
3.750000000000000555e-02 3.524185780707194127e-01 1.828135133732461115e-01 6.236332788836645326e-16 2.226414801649597734e-16
4.000000000000000777e-02 2.704824786848186169e-01 1.997160482127147973e-01 7.953722650549649004e-16 4.906343641824320027e-16
4.250000000000000999e-02 2.045641176850065412e-01 2.039273909977160071e-01 8.553396231325712698e-16 9.102867067759513621e-16
4.500000000000000527e-02 1.533303727908528757e-01 1.937835907481715025e-01 7.627373033091481768e-16 1.438183749014867491e-15
4.750000000000000749e-02 1.143352015247713904e-01 1.758492828716447520e-01 5.872621564763212430e-16 1.910847914537991245e-15
5.000000000000000278e-02 8.503269983021799483e-02 1.415761865168398831e-02 4.048756783799771729e-16 2.183016542093055800e-15
5.250000000000000500e-02 6.318380365210356231e-02 7.692243365413430067e-03 2.763196282753486936e-16 2.171203332069445290e-15
5.500000000000000722e-02 4.696263756613625051e-02 6.750724419752697492e-03 1.968407764214164109e-16 1.917294006569949666e-15
5.750000000000000944e-02 3.494090285680774566e-02 6.201979540579612149e-03 1.568495998015500562e-16 1.511435311604702055e-15
6.000000000000001166e-02 2.603050245860391229e-02 5.655125832051572168e-03 1.467940898565141818e-16 1.065425458970527908e-15
6.250000000000000000e-02 1.941696571719534262e-02 5.196065636780033796e-03 1.540795147677479057e-16 6.740779031804540451e-16
6.500000000000000222e-02 1.449800315295871576e-02 4.811672433683770664e-03 1.660467011382380904e-16 4.032072785678472792e-16
6.750000000000000444e-02 1.083006559735189001e-02 4.448480808939131274e-03 1.905051182325025915e-16 2.854447700764650653e-16
7.000000000000000666e-02 8.094641715274353277e-03 4.066104469621860569e-03 2.190751666288612076e-16 3.322568232551823914e-16
7.250000000000000888e-02 6.041582978577785847e-03 3.714316309042333016e-03 2.536735286397588025e-16 5.438657658067284801e-16
7.500000000000001110e-02 4.503927209972316895e-03 3.383879680868600442e-03 2.262781266204203892e-15 9.190248867786078042e-16
7.750000000000001332e-02 3.352907990515530730e-03 3.060299561336011793e-03 3.831680526767391462e-15 1.471729663678890516e-15
8.000000000000001554e-02 2.494635507420607089e-03 2.764601413354665811e-03 5.432183443177938009e-15 2.221897010021901362e-15
8.250000000000001776e-02 1.850743135258787206e-03 2.483057294993332598e-03 6.867535870376757916e-15 3.217615621372407754e-15
8.500000000000001998e-02 1.368966520506880759e-03 2.221487012571904309e-03 8.046872573972492963e-15 4.531458908757091146e-15
8.750000000000000833e-02 1.008409400572788956e-03 1.984314751464197335e-03 8.764273031086451749e-15 6.239650416093421421e-15
9.000000000000001055e-02 7.429868700748976052e-04 1.764925217050641870e-03 8.901494698769639830e-15 8.401995529176750746e-15
9.250000000000001277e-02 5.447233717361099885e-04 1.568059571702275700e-03 8.303119241527239497e-15 1.110091565072538810e-14
9.500000000000001499e-02 3.986962638429167858e-04 1.390056412610347772e-03 7.020851982218995640e-15 1.442142018827985874e-14
9.750000000000001721e-02 2.922401906098356212e-04 1.229480901709204942e-03 5.267037217507448226e-15 1.814364168781018012e-14
1.000000000000000056e-01 2.127334214943656663e-04 1.088057887707892567e-03 3.338446288342691118e-15 2.163961561330700075e-14
