# time 1 2 D-1 D
0.000000000000000000e+00 9.999999672573938181e-01 8.541475124643956499e-09 3.794789638042049648e-35 1.709433272324541479e-34
2.500000000000000052e-04 9.978854058178684427e-01 6.492687563211411371e-06 2.975806451259872771e-16 4.494285212547913241e-19
5.000000000000000104e-04 9.917774022785927901e-01 2.913603193486782614e-05 1.431366470664731186e-13 8.005512849886242584e-16
7.500000000000001240e-04 9.819425160891653848e-01 7.303723756639241959e-05 6.735330145790579467e-12 8.268668301863696812e-14
1.000000000000000021e-03 9.685277969426451250e-01 1.508692682576445948e-04 1.211858061408077951e-10 2.696138712538151610e-12
1.250000000000000026e-03 9.515484405740984863e-01 2.795844227975895126e-04 1.275229203440024658e-09 4.676379052831603632e-11
1.500000000000000248e-03 9.308754798595718638e-01 4.739349918014886670e-04 9.352255028945260048e-09 5.357546243102940772e-10
1.750000000000000253e-03 9.062205236997187274e-01 7.655169948610537206e-04 5.227478947414116340e-08 4.453000580134914737e-09
2.000000000000000042e-03 8.771155892659711073e-01 1.202263624118837197e-03 2.324092742837604989e-07 2.781654396612794034e-08
2.250000000000000264e-03 8.428870013896704316e-01 1.845163655002118224e-03 8.353922528467571666e-07 1.325189653655778078e-07
2.500000000000000052e-03 8.026220891528283996e-01 2.839849857518366404e-03 2.424015305406160278e-06 4.908677510868573477e-07
2.750000000000000274e-03 7.551402275533409814e-01 4.335391904026965337e-03 5.727366398597986497e-06 1.458751903981416661e-06
3.000000000000000496e-03 6.989249211872508027e-01 6.626872387355972616e-03 1.155467522026816639e-05 3.609955807631957356e-06
3.250000000000000284e-03 6.321476665828973385e-01 1.014826081935123886e-02 2.079698126647743151e-05 7.707207941404434079e-06
3.500000000000000507e-03 5.529236075168467712e-01 1.547141635178153271e-02 3.407517942594578226e-05 1.462553538278553053e-05
3.749999999999999861e-03 4.609261739247965117e-01 2.281962450706775947e-02 5.186721735693425301e-05 2.526011860750463178e-05
4.000000000000000083e-03 3.603005045634793402e-01 3.161783668630695904e-02 7.436407980768580466e-05 4.044460129951896649e-05
4.250000000000000305e-03 2.643727156633794984e-01 3.751284465223503339e-02 1.019355116641601028e-04 6.089250151117748839e-05
4.500000000000000527e-03 1.863440966989278469e-01 3.786331049586344477e-02 1.344882106228785035e-04 8.716380942313063163e-05
4.750000000000000749e-03 1.331465367852402160e-01 3.108830727134250307e-02 1.723902991162368464e-04 1.196531261175157239e-04
5.000000000000000104e-03 1.047759656736373945e-01 1.614861123627370568e-02 2.152635642232752404e-04 1.585936457041000019e-04
5.250000000000000326e-03 5.990381901193126551e-02 3.051433804394431543e-02 2.638646023110170812e-04 2.040713479833556503e-04
5.500000000000000548e-03 3.178177237856496390e-02 3.711871999679497436e-02 3.177937399406528286e-04 2.560447565677670162e-04
5.750000000000000770e-03 2.320525684103827771e-02 3.030203559166280355e-02 3.773917576416006402e-04 3.143668407351664948e-04
6.000000000000000992e-03 1.798339264253871403e-02 2.430399301948337962e-02 4.418775961915367566e-04 3.788067626078883286e-04
6.250000000000000347e-03 1.432181114358784327e-02 1.962813435217897196e-02 5.103546225847558574e-04 4.490700707597939474e-04
6.500000000000000569e-03 1.158251872380038593e-02 1.605817844901418628e-02 5.852011754242314933e-04 5.248166007706405898e-04
6.750000000000000791e-03 9.645858906048956558e-03 1.314088469888741520e-02 6.629529889399882409e-04 6.056757934812609118e-04
7.000000000000001013e-03 8.072081925191685464e-03 1.092472181011508621e-02 7.452910612643774994e-04 6.912594296169661916e-04
7.250000000000001235e-03 6.909325127138252198e-03 9.089038649735510858e-03 8.320162554236127999e-04 7.811719501011953016e-04
7.499999999999999722e-03 5.902891612087024682e-03 7.695083855728827339e-03 9.220898485045037063e-04 8.750186160552455303e-04
7.750000000000000812e-03 5.137606063171053748e-03 6.518243430494998977e-03 1.014047830012981214e-03 9.724117975369516928e-04
8.000000000000000167e-03 4.505152612199803119e-03 5.564160283427064223e-03 1.110169954654697134e-03 1.072975680600237293e-03
8.250000000000000389e-03 3.970251881877944096e-03 4.791581849612554407e-03 1.209141538490822627e-03 1.176349663967089570e-03
8.500000000000000611e-03 3.520223433851478022e-03 4.155378004804869546e-03 1.309771542683002207e-03 1.282190688774496098e-03
8.750000000000000833e-03 3.159430437632156606e-03 3.606989385886638731e-03 1.413246700785945713e-03 1.390174713411666428e-03
9.000000000000001055e-03 2.832678158723212023e-03 3.167453817456924395e-03 1.516783473668190238e-03 1.499997513994069404e-03
9.250000000000001277e-03 2.566991660202325772e-03 2.783086481183420953e-03 1.624456489208238189e-03 1.611374981088827419e-03
9.500000000000001499e-03 2.333653240771902618e-03 2.461608682439832621e-03 1.734071398036743763e-03 1.724043043338089817e-03
9.750000000000001721e-03 2.130238538180999341e-03 2.188771345097993096e-03 1.843104350657932518e-03 1.837757132293951594e-03
1.000000000000000021e-02 1.950171826152450596e-03 1.957809667624420616e-03 1.953155119907918486e-03 1.952291184928555204e-03
