# time 1 2 D-1 D
0.000000000000000000e+00 9.999999525959434310e-01 1.668488406858782745e-08 2.280271997518297232e-35 1.875783917873571036e-35
5.000000000000000104e-04 9.948181300888622181e-01 2.619006560035471614e-05 2.776988736694121369e-27 8.944557430585905127e-30
1.000000000000000021e-03 9.795795397720862274e-01 1.158130878928519429e-04 1.578200920187684335e-22 1.443315702867078607e-24
1.500000000000000248e-03 9.546533938286361209e-01 2.932694670798358821e-04 1.483844885447094271e-19 2.490744896914471242e-21
2.000000000000000042e-03 9.202739509555236674e-01 6.355063031150301293e-04 2.530190637035417697e-17 6.904647955291861802e-19
2.500000000000000052e-03 8.765474078624255760e-01 1.259155225738077836e-03 1.648762826680683421e-15 7.007983647168500304e-17
3.000000000000000496e-03 8.234678356201573513e-01 2.461388824043691040e-03 5.624619467485316589e-14 3.609967958703347889e-15
3.500000000000000507e-03 7.608831307229477758e-01 4.847683840930123479e-03 1.145280057427632537e-12 1.068693821449839639e-13
4.000000000000000083e-03 6.882407200535077818e-01 9.808575948824622970e-03 1.474630299737520970e-11 1.892815458559356609e-12
4.500000000000000527e-03 6.036853566454185582e-01 2.062002974095747745e-02 1.227805567848569853e-10 2.071255979083587262e-11
5.000000000000000104e-03 5.018236621311606971e-01 4.485743233839464134e-02 6.600828421938945308e-10 1.482008112386966908e-10
5.500000000000000548e-03 3.727666501810085187e-01 9.535095079652484984e-02 2.107258542238326884e-09 7.457217048075153104e-10
6.000000000000000992e-03 2.252323134781248348e-01 1.664565226900759920e-01 4.742326097294906086e-09 2.833054800463811888e-09
6.500000000000000569e-03 1.125421462786075910e-01 2.070142221785770675e-01 1.061830065254223231e-08 8.627527821474718372e-09
7.000000000000001013e-03 5.428911642556862038e-02 1.960122080130722866e-01 2.134087951574546431e-08 2.207623854700550135e-08
7.499999999999999722e-03 2.754916955233342388e-02 1.414719183469414776e-01 4.076347680173445770e-08 4.920618727837265400e-08
8.000000000000000167e-03 1.490937369694570781e-02 6.489438049833892719e-02 7.391920755613357486e-08 9.818968377943906556e-08
8.500000000000000611e-03 8.562761028139843217e-03 3.001254164416676182e-02 1.233070679781024137e-07 1.791202363294952219e-07
9.000000000000001055e-03 5.181014519524772440e-03 1.694180085514436496e-02 2.007386747931830299e-07 3.035658472536994777e-07
9.500000000000001499e-03 3.280738600291144107e-03 1.081765319002014371e-02 7.811896944337902662e-07 4.839967582514352040e-07
1.000000000000000021e-02 2.161698896738060635e-03 7.766960058718797889e-03 1.109531185214240964e-06 7.331814016246942148e-07
1.050000000000000065e-02 1.474907060222557537e-03 1.236845723376525435e-03 1.539187712388083516e-06 1.063622937808624401e-06
1.100000000000000110e-02 1.037707759973109743e-03 7.298230658808776798e-04 2.038226194093549461e-06 1.487082202409871772e-06
1.150000000000000154e-02 7.502190341887714914e-04 5.203737302515063726e-04 2.656667466606703705e-06 2.014208559845608181e-06
1.200000000000000198e-02 5.556338121257467901e-04 3.885052667339050181e-04 3.357318255903054296e-06 2.654282443101158276e-06
1.250000000000000069e-02 4.204829157588963026e-04 2.985880024385028178e-04 4.205551473192825844e-06 3.415061432496765754e-06
1.300000000000000114e-02 3.244102043859152756e-04 2.358056898132448922e-04 5.139110818315940451e-06 4.302715006977223520e-06
1.350000000000000158e-02 2.546741852106162475e-04 1.889291037885269331e-04 6.197978697196237107e-06 5.321831196509453578e-06
1.400000000000000203e-02 2.030892723297783229e-04 1.549264871157423555e-04 7.381146797206020195e-06 6.475476679798209846e-06
1.450000000000000247e-02 1.642708080969437691e-04 1.289411722339079737e-04 8.679777861448360315e-06 7.765293057683625593e-06
1.499999999999999944e-02 1.345993974350894807e-04 1.083002700149228047e-04 1.011903744641548291e-05 9.191620489403163445e-06
1.550000000000000162e-02 1.115937106716365296e-04 9.203851409213493963e-05 1.165912094472850726e-05 1.075363484024452487e-05
1.600000000000000033e-02 9.352156493252854717e-05 7.915916256589633764e-05 1.332749598683262188e-05 1.244949209245042045e-05
1.650000000000000078e-02 7.915345579090936128e-05 6.849507816421864209e-05 1.509999889871283188e-05 1.427647492697041972e-05
1.700000000000000122e-02 6.760314917382381609e-05 5.982731633858880263e-05 1.696113049678380511e-05 1.623111771734749793e-05
1.750000000000000167e-02 5.822270999252013811e-05 5.284431291689819431e-05 1.898419431855412662e-05 1.830933704562015665e-05
1.800000000000000211e-02 5.053214906173248382e-05 4.674985375913813659e-05 2.112838092776046360e-05 2.050655010018475751e-05
1.850000000000000255e-02 4.417151623371779563e-05 4.171335328381026527e-05 2.329069580164595745e-05 2.281778518713436826e-05
1.900000000000000300e-02 3.886780316716662335e-05 3.744756078198426701e-05 2.560262487055115258e-05 2.523782175191860959e-05
1.950000000000000344e-02 3.441171443681709268e-05 3.382723837743909856e-05 2.788693548389566349e-05 2.776122208008581450e-05
2.000000000000000042e-02 3.064119523693899520e-05 3.062854922255151072e-05 3.042299381888158104e-05 3.038235983019428821e-05
