# time 1 2 D-1 D
0.000000000000000000e+00 9.999999588769088454e-01 5.728544324897430724e-09 7.305109643185106787e-35 1.531228328739881998e-35
1.250000000000000243e-03 9.999916130162243011e-01 3.286860610576762920e-08 2.019173303801470991e-25 3.314787220612534492e-27
2.500000000000000486e-03 9.998699968484312528e-01 9.165379820519501838e-07 3.615281998715112470e-22 1.155339208283209230e-23
3.750000000000000729e-03 9.993697183676950591e-01 6.344965342942777404e-06 4.833123187626658355e-21 1.243517606685659656e-22
5.000000000000000971e-03 9.981067796931115677e-01 2.570262929715481397e-05 1.773841591684408948e-20 2.375668955039976779e-22
6.250000000000000347e-03 9.956281654038409146e-01 8.243295000823595029e-05 6.092727245095431259e-20 5.928323590375288450e-22
7.500000000000001457e-03 9.914383787316121133e-01 2.256199111986885062e-04 2.165474853342422611e-19 1.997412208602229261e-21
8.750000000000000833e-03 9.849786510259149752e-01 5.677288623406072160e-04 8.372446086454489948e-19 5.420625695399464447e-21
1.000000000000000194e-02 9.755292815003653306e-01 1.335557432036353978e-03 3.069434653869004102e-18 1.540287111216151408e-21
1.125000000000000132e-02 9.619840436700184405e-01 3.022862568692267615e-03 1.088661238365492294e-17 4.637980262599681279e-19
1.250000000000000069e-02 9.423842326711225903e-01 6.767767241563197450e-03 3.087063841611026348e-17 1.490084441131980454e-17
1.375000000000000180e-02 9.129470191468193052e-01 1.512045915228175941e-02 7.028682178341749847e-17 2.115623388141608956e-16
1.500000000000000291e-02 8.660721905613124605e-01 3.392949626006105945e-02 1.129111271712061902e-16 1.883250909909061118e-15
1.625000000000000056e-02 7.872735569445170611e-01 7.510759602401655133e-02 1.369140031778203357e-16 1.180769201027177009e-14
1.750000000000000167e-02 6.580272314812767309e-01 1.544095536587673512e-01 1.778409202995132329e-16 5.601145725388455986e-14
1.875000000000000278e-02 4.862663737255886742e-01 2.602099833255867578e-01 5.671627633958771107e-16 2.111681795245630214e-13
2.000000000000000389e-02 3.267487524666858878e-01 3.344655850245092377e-01 3.376585435320062505e-15 6.583143455136031198e-13
2.125000000000000500e-02 2.171696461387930266e-01 3.371009224579690211e-01 2.242485824360789639e-14 1.750355463846380266e-12
2.250000000000000264e-02 1.496119912318864265e-01 2.788727411837279568e-01 1.165535140555343730e-13 4.069689934583725640e-12
2.375000000000000375e-02 1.078586397310093148e-01 1.944473098257904209e-01 4.800919148551798213e-13 8.458427117879404613e-12
2.500000000000000139e-02 8.102135465440588047e-02 1.247254472063887704e-01 1.610213769850341679e-12 1.597946833582057114e-11
2.625000000000000250e-02 6.298894300336088659e-02 8.066702621249458027e-02 4.597885967676138019e-12 2.781790776708865286e-11
2.750000000000000361e-02 5.036220462931113862e-02 5.534650639475618278e-02 1.156393766933451636e-11 4.515090766091900963e-11
2.875000000000000472e-02 4.118850394763645673e-02 3.822728589528567172e-02 3.699507049805777113e-12 6.899169789641604628e-11
3.000000000000000583e-02 3.430133271900429048e-02 1.756528726452282960e-02 1.894697840812087272e-12 1.000795107293384262e-10
3.125000000000000000e-02 2.897766172193671358e-02 1.692894944597429438e-02 8.421016132935074734e-13 1.387453589233686199e-10
3.250000000000000111e-02 2.475462592198668377e-02 1.644478317281561353e-02 1.630124536551678241e-13 1.849301457788637016e-10
3.375000000000000222e-02 2.132761549274838839e-02 1.620853500569407329e-02 2.190844942171750205e-13 2.381864141942560173e-10
3.500000000000000333e-02 1.849141908912523349e-02 1.622024949421180945e-02 1.448867796838674841e-12 2.977016180062510624e-10
3.625000000000000444e-02 1.610498416680478800e-02 1.632739134037909309e-02 4.236572321126394900e-12 3.624618305997883950e-10
3.750000000000000555e-02 1.406960040913540766e-02 1.649142659057249022e-02 8.901786389560303860e-12 4.312296646695076124e-10
3.875000000000000666e-02 1.231498088448991154e-02 1.669800342007281974e-02 1.564701785024555115e-11 5.027560424501875235e-10
4.000000000000000777e-02 1.079017564395428480e-02 1.688603150918616472e-02 2.459471711758109543e-11 5.758192952580531013e-10
4.125000000000000888e-02 9.457369191192620955e-03 1.712578007902573057e-02 3.575517912269132863e-11 6.492535306658329491e-10
4.250000000000000999e-02 8.287911013335633181e-03 1.734949830703845161e-02 4.903320192971901069e-11 7.219156879350280313e-10
4.375000000000000416e-02 7.259389583682921213e-03 1.757376034108731541e-02 6.426158051427551936e-11 7.929021895924113617e-10
4.500000000000000527e-02 6.353789445458956492e-03 1.776394974408936414e-02 8.120971188168904043e-11 8.615342141766683428e-10
4.625000000000000638e-02 5.556308816361951383e-03 1.790736869191755787e-02 9.968060933185251334e-11 9.272723299923028595e-10
4.750000000000000749e-02 4.853769149552966330e-03 1.805982351868039293e-02 1.193705021929981063e-10 9.895802837011739650e-10
4.875000000000000860e-02 4.235625934305597973e-03 1.819007823962023526e-02 1.399705319028043192e-10 1.047971287839732226e-09
5.000000000000000278e-02 3.692422270951740536e-03 1.827811395094260452e-02 1.611636832258232047e-10 1.102569178538188757e-09
