# time 1 2 D-1 D
0.000000000000000000e+00 9.999999513266891737e-01 2.157896123162708701e-08 1.827050909611963385e-35 6.491506840297806278e-36
5.000000000000000104e-04 9.958675551825415528e-01 1.919288255242696396e-04 5.145449089780219713e-32 2.735656026598595892e-36
1.000000000000000021e-03 9.827216594261609650e-01 8.586067315264775618e-04 1.293856603457102364e-27 9.471939610175802014e-31
1.500000000000000248e-03 9.592274741508494129e-01 2.239802748709127621e-03 6.207948507123752383e-25 2.052838322612560998e-27
2.000000000000000042e-03 9.237977696521303406e-01 4.609706007457266448e-03 6.328942320528812780e-23 5.905533037310761399e-25
2.500000000000000052e-03 8.747401400567986762e-01 8.138482255819210268e-03 2.886908489432693376e-21 5.600350536899353115e-23
3.000000000000000496e-03 8.106308657997607359e-01 1.324084475979248055e-02 8.673472999784058091e-20 2.622302881646354315e-21
3.500000000000000507e-03 7.309946078052370622e-01 2.003368696489076298e-02 2.434897081111147395e-18 7.486812899296101959e-20
4.000000000000000083e-03 6.372389496289447841e-01 2.880102534003091408e-02 4.864622752958937185e-17 1.471903344901513415e-18
4.500000000000000527e-03 5.335020175441490542e-01 3.930003163651206444e-02 4.755787529971089398e-16 2.148700935318900785e-17
5.000000000000000104e-03 4.267497761616065866e-01 4.967466007176209175e-02 3.962125174068195560e-15 2.446324897988255682e-16
5.500000000000000548e-03 3.255107339072922934e-01 5.781794310848439172e-02 3.005266017323835713e-14 2.243489245802664624e-15
6.000000000000000992e-03 2.374186972005899177e-01 6.162893749494574580e-02 2.225033223932512823e-13 1.693415839622685554e-14
6.500000000000000569e-03 1.668629631001898039e-01 6.005577966448864130e-02 1.895212536801900569e-12 1.069490742826419242e-13
7.000000000000001013e-03 1.142522534551272673e-01 5.421001990010457239e-02 2.173450569254886891e-11 5.740820641494462986e-13
7.499999999999999722e-03 7.710229295392952154e-02 4.555306028364683457e-02 1.045371126837558390e-10 2.662369516346368659e-12
8.000000000000000167e-03 5.179866806600422896e-02 3.624150105010206374e-02 3.761946704164836707e-10 1.084238972940666623e-11
8.500000000000000611e-03 3.490231667232986112e-02 2.732035924957504705e-02 1.217149207756487941e-09 3.935536410839980867e-11
9.000000000000001055e-03 2.370349024705254576e-02 4.904686824067622632e-04 3.545699191827135865e-09 1.289654686889947043e-10
9.500000000000001499e-03 1.627263032527256903e-02 3.211194730971480725e-04 9.208865796563625560e-09 3.856650067505320380e-10
1.000000000000000021e-02 1.130935214837696517e-02 1.900463328758093850e-04 2.127791124803665308e-08 1.062036038715628726e-09
1.050000000000000065e-02 7.961438564390407174e-03 1.146125214765553575e-04 4.442640015718269173e-08 2.713924726641711078e-09
1.100000000000000110e-02 5.676779084503534231e-03 6.921979552472189178e-05 8.585890710767614666e-08 6.478469505082054695e-09
1.150000000000000154e-02 4.098235517570538063e-03 4.327745705623448617e-05 1.574161434373777186e-07 1.453106192129774954e-08
1.200000000000000198e-02 2.993749180507284877e-03 2.827929894295671799e-05 2.751280292575316323e-07 3.078364808089199043e-08
1.250000000000000069e-02 2.211315072451651605e-03 1.879399420390577745e-05 4.612471739200761384e-07 6.187908937846983179e-08
1.300000000000000114e-02 1.650356076383877914e-03 1.243183575110681754e-05 7.437242106556125179e-07 1.185104714538367939e-07
1.350000000000000158e-02 1.243575729775892513e-03 8.673878888419549548e-06 1.152865255644879501e-06 2.170465782789299107e-07
1.400000000000000203e-02 9.454181404717154841e-04 6.294582447823223920e-06 1.739157590797931198e-06 3.813759080189879611e-07
1.450000000000000247e-02 7.246755815170762829e-04 4.808016982957776093e-06 2.524830200764583417e-06 6.447993829983781853e-07
1.499999999999999944e-02 5.597502362819878167e-04 3.722428167022994333e-06 3.556881453538730895e-06 1.051723053263978778e-06
1.550000000000000162e-02 4.354013744573075832e-04 3.072875062900550824e-06 4.855866864418517746e-06 1.658855470951977098e-06
1.600000000000000033e-02 3.408230202991761036e-04 2.711233816026235824e-06 6.473243231746097889e-06 2.535601536152042818e-06
1.650000000000000078e-02 2.685801733341338640e-04 2.381312615032216147e-06 8.373947375591887988e-06 3.763477655102550271e-06
1.700000000000000122e-02 2.126548936924809949e-04 2.437459636189970504e-06 1.063345861196498464e-05 5.434357962285563378e-06
1.750000000000000167e-02 1.692995301281665504e-04 2.511142079006284822e-06 1.319225151874995322e-05 7.647880675378637667e-06
1.800000000000000211e-02 1.350793832121253339e-04 3.003314531227581225e-06 1.611197000551630766e-05 1.050775128534044690e-05
1.850000000000000255e-02 1.076814872030528049e-04 3.970168224436898374e-06 1.933840338624134467e-05 1.411908189710770694e-05
1.900000000000000300e-02 8.409810995268846760e-05 6.728091655208024428e-06 2.277508516450639254e-05 1.858210467206644078e-05
1.950000000000000344e-02 6.045375657545708117e-05 1.387638204681950281e-05 2.652891096429956652e-05 2.399396071478965891e-05
2.000000000000000042e-02 3.070590849731073829e-05 3.048885365495536870e-05 3.050295242839988407e-05 3.043885356092455272e-05
