# time 1 2 D-1 D
0.000000000000000000e+00 9.999999513266891737e-01 2.157896123162708701e-08 1.827050909611963385e-35 6.491506840297806278e-36
2.500000000000000052e-04 9.987564219199277504e-01 2.348998970300693890e-06 5.343736451437145817e-32 4.151079220711401922e-37
5.000000000000000104e-04 9.946542149984145542e-01 4.126770980450260567e-05 1.245509643371295012e-27 9.715954385160025887e-32
7.500000000000001240e-04 9.868924296524883566e-01 2.394338721948724197e-04 5.174327385045352897e-25 2.501387702260323175e-28
1.000000000000000021e-03 9.742680480682395228e-01 8.592869046151124313e-04 4.153765958424962758e-23 7.539926556441748395e-26
1.250000000000000026e-03 9.550691151055522576e-01 2.314707535582174579e-03 1.353727187667109015e-21 6.791407947801389155e-24
1.500000000000000248e-03 9.270305421172239102e-01 5.222334085780780399e-03 2.573553676046962335e-20 2.763516401240371567e-22
1.750000000000000253e-03 8.875018515951184073e-01 1.029537019601924411e-02 3.635978869660492752e-19 6.315735453127266548e-21
2.000000000000000042e-03 8.340065862279814057e-01 1.840883805387706629e-02 2.731570571476536442e-18 9.228790953340111899e-20
2.250000000000000264e-03 7.652741078626149607e-01 3.030191776149746344e-02 1.257645780279588377e-17 9.396982926439096119e-19
2.500000000000000052e-03 6.825015834740422171e-01 4.555718356386670442e-02 5.695590637641591171e-17 7.094029143352366703e-18
2.750000000000000274e-03 5.901287927531634336e-01 6.256854318551141603e-02 2.475899335258426180e-16 4.157521075783325727e-17
3.000000000000000496e-03 4.952334766132767130e-01 7.833179912831163272e-02 1.074325380969569108e-15 1.957138395323183672e-16
3.250000000000000284e-03 4.053993034034436560e-01 8.940754696974123616e-02 5.297050054629545741e-15 7.597383487718433584e-16
3.500000000000000507e-03 3.262718660717394692e-01 9.417982218775995673e-02 3.070419059914771543e-14 2.486533738781772275e-15
3.749999999999999861e-03 2.603823576662381845e-01 9.196720411555434072e-02 7.493007062146143017e-14 7.000675802978684309e-15
4.000000000000000083e-03 2.075803423143631199e-01 8.473442671287420569e-02 1.506122628343520379e-13 1.726857995498884498e-14
4.250000000000000305e-03 1.662033079565747862e-01 7.402646538221055450e-02 2.824132981238326381e-13 3.792121268098333115e-14
4.500000000000000527e-03 1.341048018834866962e-01 1.398864374070217000e-02 4.850824851627580745e-13 7.519786652925173224e-14
4.750000000000000749e-03 1.092423710937632936e-01 1.349017274942069036e-02 7.498724748111060870e-13 1.362025057484857796e-13
5.000000000000000104e-03 8.990766110394779465e-02 1.243671129602217165e-02 1.038261145169266352e-12 2.277330964530500910e-13
5.250000000000000326e-03 7.476059437359992843e-02 1.151830829256559469e-02 1.304947835136680338e-12 3.545421172555295290e-13
5.500000000000000548e-03 6.278354993689577723e-02 1.070783070965424313e-02 1.527156230446802347e-12 5.177785602795949208e-13
5.750000000000000770e-03 5.321528710973195270e-02 9.990576798511931200e-03 1.704207259830884760e-12 7.148722079224711729e-13
6.000000000000000992e-03 4.548913875869439738e-02 9.359583445671242410e-03 1.824180567749857591e-12 9.374213000432652229e-13
6.250000000000000347e-03 3.918285121868605309e-02 8.800819421567894832e-03 1.886029646194358482e-12 1.176034449635070302e-12
6.500000000000000569e-03 3.398033106922285218e-02 8.299487698375417749e-03 1.885570972255935522e-12 1.416362835140927803e-12
6.750000000000000791e-03 2.964334227080662673e-02 7.856695806043872618e-03 1.826759638478382176e-12 1.646234718632097118e-12
7.000000000000001013e-03 2.599101647780872534e-02 7.463695515165594437e-03 1.730991539004070583e-12 1.854401130847845528e-12
7.250000000000001235e-03 2.288436086374025583e-02 7.117715273429366975e-03 1.590005840159898242e-12 2.029415366777067613e-12
7.499999999999999722e-03 2.022399770151657103e-02 6.801261666022738114e-03 1.425432502565424682e-12 2.168783775882283980e-12
7.750000000000000812e-03 1.790701641936309763e-02 6.536705520159968343e-03 1.244947661474015055e-12 2.265243254499602834e-12
8.000000000000000167e-03 1.584499599365098502e-02 6.339917843617661440e-03 1.068778322493882314e-12 2.322878687447379462e-12
8.250000000000000389e-03 1.407607928444952125e-02 6.125959300946023575e-03 8.933571133893164889e-13 2.341217349324128896e-12
8.500000000000000611e-03 1.240565719838154085e-02 6.045320172746344867e-03 7.377185465991851269e-13 2.325924517803860710e-12
8.750000000000000833e-03 1.092296810887837151e-02 5.974867548756214106e-03 5.965808431626906083e-13 2.282432274134907717e-12
9.000000000000001055e-03 9.443481890495358105e-03 6.071808406707070518e-03 4.774378051645447409e-13 2.215152684762377346e-12
9.250000000000001277e-03 7.940977010976915662e-03 6.339862931419144865e-03 3.762718546166040294e-13 2.132223780432054021e-12
9.500000000000001499e-03 6.049904782076043729e-03 7.125834881044093745e-03 2.914930735057549314e-13 2.036121235803700879e-12
9.750000000000001721e-03 3.468791928580370731e-03 8.715382147027645951e-03 2.238545954544539699e-13 1.934557972843602576e-12
1.000000000000000021e-02 5.185648615765199847e-04 1.077425579269785695e-02 1.694056837488590517e-13 1.828120786207147944e-12
