# time 1 2 D-1 D
0.000000000000000000e+00 9.999999513266891737e-01 2.157896123162708701e-08 1.827050909611963385e-35 6.491506840297806278e-36
2.500000000000000052e-04 9.987673241517190936e-01 5.234472878567476186e-07 5.283069513989283394e-32 4.727255123606638449e-36
5.000000000000000104e-04 9.948372311757649467e-01 8.760799184496135622e-06 1.253819472453975633e-27 4.691680762833605519e-31
7.500000000000001240e-04 9.878609586215809646e-01 5.186657319500852811e-05 5.289020971870446456e-25 1.084118562796310983e-27
1.000000000000000021e-03 9.774549812839504748e-01 1.973614069922657182e-04 4.372872515373625046e-23 2.939909850118709123e-25
1.250000000000000026e-03 9.631173214642088087e-01 5.794243245902722366e-04 1.494764791259858426e-21 2.416924227433326109e-23
1.500000000000000248e-03 9.441107749889430245e-01 1.451955123752618829e-03 3.054041792525231099e-20 9.136554189919659789e-22
1.750000000000000253e-03 9.193710319240813167e-01 3.213267614195847947e-03 4.853423890406183862e-19 1.974467688865775484e-20
2.000000000000000042e-03 8.875513788212269217e-01 6.479827521958256634e-03 4.461431882613190713e-18 2.771028793979780237e-19
2.250000000000000264e-03 8.473415355486482170e-01 1.203779538483077879e-02 2.486359094618434095e-17 2.742145969382889736e-18
2.500000000000000052e-03 7.981247264627454596e-01 2.040373823312760862e-02 1.309965383956599918e-16 2.025863865306713870e-17
2.750000000000000274e-03 7.407855615726952614e-01 3.150485174230775731e-02 6.367811319129073882e-16 1.164026455257116443e-16
3.000000000000000496e-03 6.781236448517043991e-01 4.415037337980055876e-02 2.957673297275535541e-15 5.358406087659606626e-16
3.250000000000000284e-03 6.143083270131592943e-01 5.610499156981706148e-02 1.467044787933922523e-14 2.022145713627528669e-15
3.500000000000000507e-03 5.535150222046367752e-01 6.539410323900038402e-02 7.412052472653997009e-14 6.385468334332055208e-15
3.749999999999999861e-03 4.986776234539554986e-01 7.022273104735389515e-02 1.554447435574537236e-13 1.721095133085315061e-14
4.000000000000000083e-03 4.510887565904393437e-01 7.071057794512117245e-02 2.857849037717082439e-13 4.036477356606494872e-14
4.250000000000000305e-03 4.107423292268802539e-01 6.712367270573746381e-02 4.985007762154357756e-13 8.385061991066221497e-14
4.500000000000000527e-03 3.769056556951771442e-01 1.924699790767995730e-02 8.011120353562758884e-13 1.567252570202581188e-13
4.750000000000000749e-03 3.485787292511818292e-01 2.133534578236681925e-02 1.165296189519111437e-12 2.671865356406510255e-13
5.000000000000000104e-03 3.247591289940586767e-01 2.266899431512668650e-02 1.526553885976008594e-12 4.203110231457585763e-13
5.250000000000000326e-03 3.045594317473298562e-01 2.409381637783385155e-02 1.826077442782708975e-12 6.162248838349967314e-13
5.500000000000000548e-03 2.872401651201804129e-01 2.559515450806163286e-02 2.041095400884655556e-12 8.493111229586305175e-13
5.750000000000000770e-03 2.722032084746287550e-01 2.715481402388165294e-02 2.180567999359756474e-12 1.108469981076797963e-12
6.000000000000000992e-03 2.589712906863343989e-01 2.878476733486162037e-02 2.238717701394748350e-12 1.378879193737618561e-12
6.250000000000000347e-03 2.471643551747848555e-01 3.048206319454021054e-02 2.221524987958418872e-12 1.643996060368427669e-12
6.500000000000000569e-03 2.364783586653932956e-01 3.222510056495202918e-02 2.136183233912267411e-12 1.888107077185830471e-12
6.750000000000000791e-03 2.266674146039954763e-01 3.404057271061693840e-02 1.990436969776967970e-12 2.098013537747084954e-12
7.000000000000001013e-03 2.175304229099387088e-01 3.592979235002570493e-02 1.814693731831118158e-12 2.264351684964047514e-12
7.250000000000001235e-03 2.088966940292194263e-01 3.791813744661623464e-02 1.604970434076812218e-12 2.381712771102355188e-12
7.499999999999999722e-03 2.006816646470247489e-01 3.993358664061134877e-02 1.386007844704128235e-12 2.449201129782033254e-12
7.750000000000000812e-03 1.926147269408216567e-01 4.217936112353296713e-02 1.167315344545314021e-12 2.469066977222402843e-12
8.000000000000000167e-03 1.843533230023345348e-01 4.488792011695898199e-02 9.646356780416541281e-13 2.446165688581019443e-12
8.250000000000000389e-03 1.766037110895843365e-01 4.734201107967882238e-02 7.784086821889090230e-13 2.387502098371347285e-12
8.500000000000000611e-03 1.677705985139892331e-01 5.108648672806358898e-02 6.181626693374309040e-13 2.299788246411062077e-12
8.750000000000000833e-03 1.589289758156456900e-01 5.502178243646658334e-02 4.815696794759363442e-13 2.190661967197216800e-12
9.000000000000001055e-03 1.480791627985227066e-01 6.113496782181877115e-02 3.696989076770054584e-13 2.067265247050126129e-12
9.250000000000001277e-03 1.346503922988139257e-01 6.999103150338041590e-02 2.790961448379626672e-13 1.935360852837909694e-12
9.500000000000001499e-03 1.127980465658070391e-01 8.743339859566338912e-02 2.069435909395937178e-13 1.800230165061036588e-12
9.750000000000001721e-03 7.501122582675576189e-02 1.209742313102544348e-01 1.512102294232622679e-13 1.666346262549597239e-12
1.000000000000000021e-02 1.898915905590189274e-02 1.729167308626642363e-01 1.085873021378155030e-13 1.536116253363733170e-12
