# time 1 2 D-1 D
0.000000000000000000e+00 9.999999757783378795e-01 9.816072724897228225e-09 5.150546047562935800e-34 1.439275283146808397e-34
1.250000000000000243e-03 9.994405573443035928e-01 1.762580621452880830e-08 7.191476073112542879e-24 1.556552836527857639e-26
2.500000000000000486e-03 9.976542182636384259e-01 2.581576943554497295e-07 4.118150466867964462e-21 4.951736283827843713e-23
3.750000000000000729e-03 9.944776977612546087e-01 1.578142720229874937e-06 1.457272220429293067e-19 7.915911531413582205e-21
5.000000000000000971e-03 9.897497903676798492e-01 6.247104646442112229e-06 2.314710730657348473e-18 3.016732310427890352e-19
6.250000000000000347e-03 9.833196370308737722e-01 1.937858982583805958e-05 2.010147270365237061e-17 4.986202198419343400e-18
7.500000000000001457e-03 9.750591089562565816e-01 5.181510193269111311e-05 1.171908210189176559e-16 4.681952184781515244e-17
8.750000000000000833e-03 9.648762097864356235e-01 1.260136503055968489e-04 5.608823479477230614e-16 2.870579048635958983e-16
1.000000000000000194e-02 9.527219290547560560e-01 2.877542764731740358e-04 3.420934668508963060e-15 1.237929231337297440e-15
1.125000000000000132e-02 9.385800965162437448e-01 6.265374838061804836e-04 4.060027590356872101e-14 3.949326114907468718e-15
1.250000000000000069e-02 9.224304987527756072e-01 1.309095884287989108e-03 1.135587343946154485e-13 9.689713611482792231e-15
1.375000000000000180e-02 9.041824060308877309e-01 2.624421672897865512e-03 1.839879367807784253e-13 1.898156626077545381e-14
1.500000000000000291e-02 8.835841844053662353e-01 5.046341159137647699e-03 2.530255702144761195e-13 3.071419853661304846e-14
1.625000000000000056e-02 8.601204307867071908e-01 9.306915856198680337e-03 3.091770876151584311e-13 4.237372105966104462e-14
1.750000000000000167e-02 8.329160893166916990e-01 1.645483705787010795e-02 3.382723166313170708e-13 5.120295675877636616e-14
1.875000000000000278e-02 8.006873005833136103e-01 2.791808131791800179e-02 3.389419663649813078e-13 5.544500953972005429e-14
2.000000000000000389e-02 7.618677691153241671e-01 4.538217474676183028e-02 3.128422907738836926e-13 5.484638692193374573e-14
2.125000000000000500e-02 7.149738616782782552e-01 7.026703804144297794e-02 2.653476272448848964e-13 5.032028979583007366e-14
2.250000000000000264e-02 6.594015719960013566e-01 1.033114344613385999e-01 2.200343631599119765e-13 4.336860751955151732e-14
2.375000000000000375e-02 5.965708450443499844e-01 1.429865967047791731e-01 1.784304184619586536e-13 3.544176213249156498e-14
2.500000000000000139e-02 5.296685192391493713e-01 1.855800817587685281e-01 1.414924671693244392e-13 2.765493247002976318e-14
2.625000000000000250e-02 4.633636888085061467e-01 2.259073145246622560e-01 1.141294028978264095e-13 2.071554043798121391e-14
2.750000000000000361e-02 4.016892505037567007e-01 2.595084731414648571e-01 9.290673071370746518e-14 1.493501846901018441e-14
2.875000000000000472e-02 3.471142299535075471e-01 2.819502181842182265e-01 7.788000734084249756e-14 1.037485811548029429e-14
3.000000000000000583e-02 3.003968590433038766e-01 2.921915320500645397e-01 6.613131719201400848e-14 6.926310899853888137e-15
3.125000000000000000e-02 2.611394184622236048e-01 2.883897308865077114e-01 5.750618414488777744e-14 4.486376359334166693e-15
3.250000000000000111e-02 2.284050130793267575e-01 2.712515050435893582e-01 5.088758209746606643e-14 2.793830668494722993e-15
3.375000000000000222e-02 2.011236469137103189e-01 1.412557282383783142e-01 4.523987723393722047e-14 1.711549329109340635e-15
3.500000000000000333e-02 1.782945832238444217e-01 2.445003064200019713e-02 4.002612921235203808e-14 1.090908693213180794e-15
3.625000000000000444e-02 1.590609628467006820e-01 9.865228078999623007e-03 3.525579691832546805e-14 7.544406371769400337e-16
3.750000000000000555e-02 1.427202558823427725e-01 5.013928742631599406e-03 3.098843877211104634e-14 5.875707827055429918e-16
3.875000000000000666e-02 1.287090179993570227e-01 2.640357962853166849e-03 2.710240790555533336e-14 5.295864865154398958e-16
4.000000000000000777e-02 1.165808421278976686e-01 1.220235036582306698e-03 2.362386828898997459e-14 4.972581157064912665e-16
4.125000000000000888e-02 1.059851735212958834e-01 4.501144922545461465e-04 2.054205642068509316e-14 4.687624204897267302e-16
4.250000000000000999e-02 9.664699252849220934e-02 8.543870336436234949e-05 1.784836648410216979e-14 4.276054785027889251e-16
4.375000000000000416e-02 8.835718679124110464e-02 8.019989305610841977e-06 1.557431809576848282e-14 3.517479015412116315e-16
4.500000000000000527e-02 8.095065217985282502e-02 1.389705505288102623e-04 1.369678373959321697e-14 2.647179626593610576e-16
4.625000000000000638e-02 7.430810276190033536e-02 4.148350513010785195e-04 1.223280275421792152e-14 1.693230960745630715e-16
4.750000000000000749e-02 6.832274727276711757e-02 7.847392272651801002e-04 1.115746168077183508e-14 1.087096179353759108e-16
4.875000000000000860e-02 6.292811811085098628e-02 1.218376930636773121e-03 1.025072731670846260e-14 2.759412486401556304e-16
5.000000000000000278e-02 5.806350589650674521e-02 1.672137391926051698e-03 6.396047437005271738e-15 3.800669402763557637e-15
