# time 1 2 D-1 D
0.000000000000000000e+00 9.999999385524065421e-01 1.518582836688418418e-08 2.604550022114374980e-35 1.630645993049417359e-35
2.500000000000000052e-04 9.999975679404243811e-01 1.108729191323261422e-06 4.167885116508312643e-36 1.545087453053825114e-35
5.000000000000000104e-04 9.999538703682422369e-01 2.457108759502796744e-05 1.173507931849933221e-31 2.583101684144418180e-34
7.500000000000001240e-04 9.997262748858005699e-01 1.525057192816423762e-04 1.114330841372842193e-30 1.792777281781339781e-31
1.000000000000000021e-03 9.989934624027136945e-01 5.950816556053133274e-04 3.958893881409608996e-29 7.107823276145411994e-30
1.250000000000000026e-03 9.971726806839728008e-01 1.818000910819571412e-03 1.837073271254379560e-28 3.545971170460113951e-29
1.500000000000000248e-03 9.933663125997135301e-01 9.131064888075285336e-04 4.407062567737976566e-28 1.103810657240314500e-28
1.750000000000000253e-03 9.864009690181151369e-01 1.548333885837593210e-03 1.115864200868248341e-29 2.421129456712107163e-28
2.000000000000000042e-03 9.750127025579322648e-01 2.778227726081002481e-03 5.079637551275514410e-27 4.208282422309233541e-28
2.250000000000000264e-03 9.581595467795401833e-01 4.578588700422139314e-03 4.864160421451163558e-27 6.081145545462880520e-28
2.500000000000000052e-03 9.353316687752950553e-01 6.528300876240239123e-03 3.416368717583044406e-28 6.995116433716056368e-28
2.750000000000000274e-03 9.066909046407061190e-01 8.740540704773766892e-03 1.827676759177001006e-26 6.439712482799010882e-28
3.000000000000000496e-03 8.729756561884121080e-01 1.131963331771733937e-02 2.324587445948388428e-25 4.320027232176802237e-28
3.250000000000000284e-03 8.352625523356878023e-01 1.408365281372904627e-02 1.363374341930770969e-24 2.612807665070100398e-28
3.500000000000000507e-03 7.947289772017434029e-01 1.715315073683800623e-02 5.909919614903937487e-24 4.537763642706639457e-28
3.749999999999999861e-03 7.524927912829340038e-01 2.057921866583951875e-02 2.124797923414013071e-23 4.563670675359034732e-27
4.000000000000000083e-03 7.095275000205599758e-01 2.489993261662422699e-02 6.709668074918188951e-23 6.082704519245653318e-26
4.250000000000000305e-03 6.666245898085928490e-01 2.976633618754407143e-02 1.964707198436254823e-22 5.688196688161161779e-25
4.500000000000000527e-03 6.243842770006357012e-01 3.527344686998131612e-02 4.871643194862883496e-22 3.512893340245681156e-24
4.750000000000000749e-03 5.832275866608644943e-01 4.140377991127530688e-02 1.063304001752475926e-21 1.298509689879695034e-23
5.000000000000000104e-03 5.434232467311538306e-01 4.806392189254990455e-02 2.265084896932725910e-21 1.545262919781682548e-23
5.250000000000000326e-03 5.051224746615474714e-01 5.515572386997025928e-02 4.075497898080208587e-21 1.137425425221769137e-23
5.500000000000000548e-03 4.683939875818038945e-01 6.294193018523050465e-02 9.046336630871651772e-21 3.599396641331443157e-22
5.750000000000000770e-03 4.332186001460563429e-01 7.332419238575524356e-02 1.216393182594372370e-20 2.136805138579874453e-23
6.000000000000000992e-03 3.996848697297990527e-01 9.367444582128696753e-03 8.086717099677870830e-21 6.561665373401924163e-24
6.250000000000000347e-03 3.676514698063171882e-01 1.119982783923722559e-02 1.760426952276125468e-20 2.156170291678506375e-21
6.500000000000000569e-03 3.371034568045604973e-01 1.491506435996084630e-02 1.698154191918605973e-20 1.834031626254812264e-21
6.750000000000000791e-03 3.079833254308894652e-01 1.849886739633232677e-02 4.462389014554000596e-21 1.300684931023349386e-21
7.000000000000001013e-03 2.802384729386348527e-01 2.338136859703241963e-02 2.795754803410992317e-20 2.530291166273667596e-21
7.250000000000001235e-03 2.538449528095590435e-01 2.919816649382304605e-02 1.293684239292238279e-20 1.389005521880002774e-20
7.499999999999999722e-03 2.288417362019670165e-01 3.540551738765645995e-02 6.705222485733684792e-23 1.728162616612533301e-20
7.750000000000000812e-03 2.053515495955687276e-01 4.186550834015205502e-02 4.311088443434920471e-20 3.640874351765890193e-21
8.000000000000000167e-03 1.835804091295131224e-01 4.919211423885701262e-02 1.901582878198853444e-19 1.378852694475434543e-20
8.250000000000000389e-03 1.638094973673546451e-01 5.571893459293401907e-02 3.197534188216059309e-19 5.707390922697431054e-20
8.500000000000000611e-03 1.462548932951531766e-01 6.197312011280358551e-02 3.771261697792404525e-19 8.047709459236583943e-20
8.750000000000000833e-03 1.309800360479006776e-01 6.737510335095750480e-02 1.344336930116657530e-19 1.134682155742711216e-20
9.000000000000001055e-03 1.180051576415345610e-01 7.183554230602114121e-02 8.218350829430532709e-20 2.735032031142425304e-20
9.250000000000001277e-03 1.071435497250337737e-01 7.579472691498918835e-02 1.542384827046843511e-18 1.961238224922729488e-19
9.500000000000001499e-03 9.817818572725857396e-02 7.866406021077318456e-02 6.535990489159083141e-21 2.278321847074354628e-19
9.750000000000001721e-03 9.083335056662841800e-02 7.931692417244341764e-02 2.025505225654096758e-19 1.047494729959551025e-19
1.000000000000000021e-02 8.484146859955522813e-02 6.179110179726934188e-02 9.569337222019360525e-19 8.449164538893511463e-19
