# time 1 2 D-1 D
0.000000000000000000e+00 9.999999385524065421e-01 1.518582836688418418e-08 2.604550022114374980e-35 1.630645993049417359e-35
2.500000000000000052e-04 9.999955966134677077e-01 2.028615023241444956e-06 1.358247723578124097e-35 3.242312458902232738e-36
5.000000000000000104e-04 9.999182329199348684e-01 4.293522677876343303e-05 1.132599541352735185e-31 3.311049950244047030e-34
7.500000000000001240e-04 9.995263458674781276e-01 2.572279904500075548e-04 8.445090968469027718e-31 1.521533212362594309e-31
1.000000000000000021e-03 9.983037827927108143e-01 9.708305732075974900e-04 3.864373946375702129e-29 7.659768825406566158e-30
1.250000000000000026e-03 9.953666797157350032e-01 2.873764175705889948e-03 1.879232515915740151e-28 4.039239160740617966e-29
1.500000000000000248e-03 9.894310645477020216e-01 1.405392788310576421e-03 4.128088557649639340e-28 1.166767452732046869e-28
1.750000000000000253e-03 9.789176509160376627e-01 2.296598945008920898e-03 7.131820410417463062e-30 2.398644372411808128e-28
2.000000000000000042e-03 9.622444593893575426e-01 3.964473661789551587e-03 4.930380292137795409e-27 4.040074934827060067e-28
2.250000000000000264e-03 9.382573765282202771e-01 6.279621707136078847e-03 5.316151230806335817e-27 5.859229204536922641e-28
2.500000000000000052e-03 9.066157840058749473e-01 8.591870872747228369e-03 1.174097825081917181e-27 8.332355531845634037e-28
2.750000000000000274e-03 8.679227522452205301e-01 1.103355398928519693e-02 1.132845794715336051e-26 1.710786566474387690e-27
3.000000000000000496e-03 8.235376940457089789e-01 1.371070601394664898e-02 2.267960973648526885e-25 7.272147131064064563e-27
3.250000000000000284e-03 7.752087811652141891e-01 1.637631470904934300e-02 1.652683450490739079e-24 4.442719346058870759e-26
3.500000000000000507e-03 7.247200003967936288e-01 1.916884024848606455e-02 8.105467401716710778e-24 2.537427997265950990e-25
3.749999999999999861e-03 6.736581814732657270e-01 2.213701385065978272e-02 3.083781206882797664e-23 1.173736289067730938e-24
4.000000000000000083e-03 6.233010818461340863e-01 2.584644380747412595e-02 1.004734707457713640e-22 4.073242857764665158e-24
4.250000000000000305e-03 5.745879904817294825e-01 2.987025961423581816e-02 2.517472631133325737e-22 1.350413738918191095e-23
4.500000000000000527e-03 5.281403818681703610e-01 3.428777088216428126e-02 5.891571278941430538e-22 3.481862281143428105e-23
4.750000000000000749e-03 4.843103362366064091e-01 3.907098301975150956e-02 1.490495315356817939e-21 2.557980137744037851e-23
5.000000000000000104e-03 4.432419448309927734e-01 4.411642032999419510e-02 2.765205970235516250e-21 2.656163148998296876e-23
5.250000000000000326e-03 4.049331613233024263e-01 4.933587795686840416e-02 7.399359523034018901e-21 4.309187288673186196e-22
5.500000000000000548e-03 3.692895865682072065e-01 5.500951398472316706e-02 8.882222888519487034e-21 8.982991869034735908e-23
5.750000000000000770e-03 3.361367563508295131e-01 6.300663658118910160e-02 5.451476023760980853e-21 1.746185876827016836e-23
6.000000000000000992e-03 3.053912898955737365e-01 9.468946905888302526e-03 1.969548995818331475e-20 1.374318060473282983e-21
6.250000000000000347e-03 2.767902343492804618e-01 1.097842664636910007e-02 1.152378752946749384e-20 6.569687289216802996e-21
6.500000000000000569e-03 2.501867532514445713e-01 1.407020242852836077e-02 2.561819924950715755e-21 3.482540471738911657e-21
6.750000000000000791e-03 2.254134867734232106e-01 1.692118643039862078e-02 3.518670596235960557e-20 6.995645906996229971e-22
7.000000000000001013e-03 2.023217248355552444e-01 2.074977953763907507e-02 5.170407848933475713e-21 2.288652063275408120e-20
7.250000000000001235e-03 1.807989512565973400e-01 2.521063265635645895e-02 2.842145853396417224e-21 3.013692631668434291e-20
7.499999999999999722e-03 1.607924169511575629e-01 2.985046140694355005e-02 7.081891330107347525e-20 9.333398596786327310e-21
7.750000000000000812e-03 1.423202512377044759e-01 3.456979595055163085e-02 1.134108751234827280e-19 2.235380246834574201e-20
8.000000000000000167e-03 1.254661110596261564e-01 3.985617607178178201e-02 1.501858563214051223e-18 9.292706784808410345e-20
8.250000000000000389e-03 1.103690747843883851e-01 4.443415268823076164e-02 3.781289069278556768e-19 1.270120433392549539e-19
8.500000000000000611e-03 9.711883686380656799e-02 4.873829368223034364e-02 1.993566551482740529e-21 1.081663679959990467e-20
8.750000000000000833e-03 8.569669040960904705e-02 5.235053818787469004e-02 1.114525947180134193e-18 7.248135523642228569e-20
9.000000000000001055e-03 7.605870469785258603e-02 5.522285012214169647e-02 2.361194771638446216e-18 3.258140292301221995e-19
9.250000000000001277e-03 6.802207348840168255e-02 5.764452885608651461e-02 8.262030478665028369e-19 4.084575364160231099e-19
9.500000000000001499e-03 6.139339633799392737e-02 5.914551849628144065e-02 3.419742685411798662e-20 3.980203834772775481e-20
9.750000000000001721e-03 5.594881527465467297e-02 5.853183904882261479e-02 1.551520564939847462e-18 2.751264809040661185e-19
1.000000000000000021e-02 5.147974531489153682e-02 4.367759374160801178e-02 2.855355371176744082e-19 1.960795326647190804e-18
