# time 1 2 D-1 D
0.000000000000000000e+00 9.999999673355104424e-01 1.446523173149539009e-08 5.759922319029208789e-35 7.993361585591556391e-36
1.250000000000000243e-03 9.976125363750404373e-01 8.820643079134719042e-05 1.494325593750465757e-17 5.157160187426116849e-20
2.500000000000000486e-03 9.895142454310622560e-01 4.345537738022564947e-04 3.849334473512632501e-15 6.112776300847231710e-17
3.750000000000000729e-03 9.740435742973013733e-01 1.172313823933065569e-03 9.949715745235955657e-14 4.086969568803736125e-15
5.000000000000000971e-03 9.492231997164429780e-01 2.536104586924737506e-03 1.012419029841270106e-12 8.452901967637009790e-14
6.250000000000000347e-03 9.129544530937663271e-01 4.778864601511680597e-03 6.285188077225522470e-12 9.238022351609386504e-13
7.500000000000001457e-03 8.634391785242619966e-01 8.136848048323902516e-03 2.892256740424014169e-11 6.784225056581723494e-12
8.750000000000000833e-03 7.998410466524616957e-01 1.298552456037303446e-02 1.114520412288047837e-10 3.811386499257732687e-11
1.000000000000000194e-02 7.230190625016122974e-01 1.959946051862188759e-02 3.929344971411152662e-10 1.770390855700231092e-10
1.125000000000000132e-02 6.359521442138516001e-01 2.812126375993492799e-02 1.451873032662061109e-09 7.137533468573258625e-10
1.250000000000000069e-02 5.434790329852862145e-01 3.788373884182819062e-02 6.842680823064471033e-09 2.573466222231562398e-09
1.375000000000000180e-02 4.514141941271621605e-01 4.846430313067762174e-02 6.059874191030346195e-08 8.453693153126370241e-09
1.500000000000000291e-02 3.650956107877878498e-01 5.818900670260936797e-02 5.830461189418701141e-07 2.563399733194868376e-08
1.625000000000000056e-02 2.886906060718717471e-01 6.589331907234532992e-02 1.727853691580733464e-06 7.244183923830555242e-08
1.750000000000000167e-02 2.246586530833352691e-01 7.005470342266735539e-02 3.843799873819856118e-06 1.917850671129755584e-07
1.875000000000000278e-02 1.732708620011906842e-01 7.037820276771425410e-02 7.576078745478957806e-06 4.760821125787465873e-07
2.000000000000000389e-02 1.334445105587531710e-01 6.708209863918854210e-02 1.367147243927001204e-05 1.106441703677667317e-06
2.125000000000000500e-02 1.032420716015202966e-01 6.116376523459501197e-02 2.297003441122328284e-05 2.405273459385313638e-06
2.250000000000000264e-02 8.058095906581559664e-02 5.336556176345791380e-02 3.641681968472559709e-05 4.869803577130556685e-06
2.375000000000000375e-02 6.360706767692346497e-02 4.425643783285666821e-02 5.497091926970708564e-05 9.226177936301817610e-06
2.500000000000000139e-02 5.083481123882706287e-02 3.206671137030220331e-02 7.953234505706570801e-05 1.638407976177245099e-05
2.625000000000000250e-02 4.114215860228026544e-02 8.714313770273837342e-03 1.110671688495020061e-04 2.739470689470664176e-05
2.750000000000000361e-02 3.370759426494698840e-02 1.999162994604729543e-04 1.503709399376573688e-04 4.341915324171209743e-05
2.875000000000000472e-02 2.793790204386627576e-02 4.176784774434977093e-05 1.982059172996981857e-04 6.556600349573962923e-05
3.000000000000000583e-02 2.340607278345311487e-02 1.714040167960190577e-04 2.549022938360907603e-04 9.492883641423089530e-05
3.125000000000000000e-02 1.980368418972588279e-02 2.621687037943454626e-04 3.210366513982762689e-04 1.324927062524064154e-04
3.250000000000000111e-02 1.690635376744153984e-02 3.184877768122831203e-04 3.948087266131715053e-04 1.791184397511512666e-04
3.375000000000000222e-02 1.454764570918162456e-02 3.624414107427405686e-04 4.765110235717217148e-04 2.355228081558061908e-04
3.500000000000000333e-02 1.260796471902806207e-02 3.939704848265721156e-04 5.630001843525236135e-04 3.022696388047246417e-04
3.625000000000000444e-02 1.099195980800601012e-02 4.301405568012309070e-04 6.513606753198201635e-04 3.797666448525670378e-04
3.750000000000000555e-02 9.633567676247482489e-03 4.679837223180583340e-04 7.398303260346876607e-04 4.682687183220459793e-04
3.875000000000000666e-02 8.471002175222468525e-03 5.224917089934879785e-04 8.245507110023798675e-04 5.678863053549855228e-04
4.000000000000000777e-02 7.469157797141657944e-03 5.839819563308219514e-04 9.130854407353772339e-04 6.785977300774512612e-04
4.125000000000000888e-02 6.581235028761298414e-03 6.698243041962416173e-04 9.948564559333337477e-04 8.002639643452099738e-04
4.250000000000000999e-02 5.783502945626608528e-03 7.790951437635896225e-04 1.085444447729140517e-03 9.326449406992303685e-04
4.375000000000000416e-02 5.047572344974770274e-03 9.205784078550437047e-04 1.183087924382249983e-03 1.075416395175721402e-03
4.500000000000000527e-02 4.355625535615251925e-03 1.096387110121326220e-03 1.287963890520158524e-03 1.228185834323010329e-03
4.625000000000000638e-02 3.701959927630768098e-03 1.299553765475371407e-03 1.414806427175495504e-03 1.390507362232320555e-03
4.750000000000000749e-02 3.071663457994038612e-03 1.534700446237341085e-03 1.561308276396841362e-03 1.561895487113135845e-03
4.875000000000000860e-02 2.488243537081747791e-03 1.769909700681449125e-03 1.733061032365029860e-03 1.741837483531496729e-03
5.000000000000000278e-02 1.979445449895188194e-03 1.970517468349176037e-03 1.936870945171104402e-03 1.929801944232913515e-03
