# time 1 2 D-1 D
0.000000000000000000e+00 9.999999454129885335e-01 1.462530946153033738e-08 5.184113758118603893e-37 9.829181852382347075e-37
5.000000000000000104e-04 9.999989089244870621e-01 9.497569872382412297e-08 4.734419727236587361e-35 1.132874644999065895e-35
1.000000000000000021e-03 9.999806834064264294e-01 2.175736540847667132e-06 1.848359072830801011e-30 4.166213575594851537e-33
1.500000000000000248e-03 9.998891915747827319e-01 1.557288418423259421e-05 1.600739117918851161e-28 1.185738111968666237e-31
2.000000000000000042e-03 9.995993675434325931e-01 7.020325182696184952e-05 9.852822282891186482e-28 1.176425547063952485e-28
2.500000000000000052e-03 9.988714951888139071e-01 2.387177693604026682e-04 6.607697727924030006e-27 1.131188001549139868e-27
3.000000000000000496e-03 9.972837935245761898e-01 6.741514049774091416e-04 2.738849264141784756e-26 3.422586577985125874e-27
3.500000000000000507e-03 9.941476399812535503e-01 1.649195106066297890e-03 7.994408036066656919e-26 1.089890118155286762e-26
4.000000000000000083e-03 9.884296789098343528e-01 3.602707702104601586e-03 2.117022898953629118e-25 2.923553588738467107e-26
4.500000000000000527e-03 9.787353188278384852e-01 7.127839551418561383e-03 5.743919073136560563e-25 6.830229285072583926e-26
5.000000000000000104e-03 9.634249042470676150e-01 1.284733810929019650e-02 1.703389697011675400e-24 1.403749740338444523e-25
5.500000000000000548e-03 9.408852438658384942e-01 2.142710390568008938e-02 5.744661267437413960e-24 2.304558095103018144e-25
6.000000000000000992e-03 9.098466843891005462e-01 3.357930566277445017e-02 2.103817526029413232e-23 2.508683247873677498e-25
6.500000000000000569e-03 8.695392533689664250e-01 5.034143732484398087e-02 7.589315812078096216e-23 1.099984897331934075e-25
7.000000000000001013e-03 8.196378207878672884e-01 7.277887234826607710e-02 2.393410677619834958e-22 1.242203473320065279e-26
7.499999999999999722e-03 7.602717559526714908e-01 1.020366492125295704e-01 5.913264600287940824e-22 2.419510963507990955e-25
8.000000000000000167e-03 6.924331072065619264e-01 1.379412438966443610e-01 9.795409895607310611e-22 5.588328617058713928e-26
8.500000000000000611e-03 6.188113986829023583e-01 1.781550469325872965e-01 7.105111854542859990e-22 4.997952004515365514e-24
9.000000000000001055e-03 5.437744422008760070e-01 2.184874944566958799e-01 4.158720265965837173e-23 4.325034798977350762e-23
9.500000000000001499e-03 4.722893263823784160e-01 2.539220928592262894e-01 8.047355568764841489e-21 1.015938800730316545e-22
1.000000000000000021e-02 4.082150046844306712e-01 2.782924246403293833e-01 5.784668416309267050e-20 2.123128742757862974e-23
1.050000000000000065e-02 3.534054416593310766e-01 2.750839736282209569e-01 2.069457205665352986e-19 5.196911799478528466e-22
1.100000000000000110e-02 3.079508137483412678e-01 3.789297253941949911e-02 4.878561671874192258e-19 6.665898691405235796e-21
1.150000000000000154e-02 2.709228077050602201e-01 1.003285064520536294e-03 7.892210134458930616e-19 2.599866122317145008e-20
1.200000000000000198e-02 2.410233403787813977e-01 8.469287925426048984e-07 8.725483155137930008e-19 4.256892580419258356e-20
1.250000000000000069e-02 2.169578058588788605e-01 1.807335600808791147e-04 5.967999365375966347e-19 8.413642385202900081e-21
1.300000000000000114e-02 1.975933931187946191e-01 4.049602579264721712e-04 2.431132682425569353e-19 9.716103775138850220e-20
1.350000000000000158e-02 1.819989920218518242e-01 6.011848144023678592e-04 9.190144866500752732e-20 1.565538651291638587e-18
1.400000000000000203e-02 1.694349249050830231e-01 7.624150615545227747e-04 1.161701567295838665e-20 7.590677239486245124e-18
1.450000000000000247e-02 1.593247741607377033e-01 9.158704746643808780e-04 1.184766080863747756e-20 2.568883725243913550e-17
1.499999999999999944e-02 1.512226444943899628e-01 1.065023365245392319e-03 5.546223671635360799e-20 6.949052805171602954e-17
1.550000000000000162e-02 1.447864309999122023e-01 1.207690062420758645e-03 4.411013032028861125e-20 1.525722071868217563e-16
1.600000000000000033e-02 1.397568351906628148e-01 1.351953182235024519e-03 7.352565729382549193e-21 2.875943647139658477e-16
1.650000000000000078e-02 1.359176950040336118e-01 1.498655230751046088e-03 2.542673251935070811e-19 5.262341958593364642e-16
1.700000000000000122e-02 1.330791238941954058e-01 1.645307155462720538e-03 1.234027052432733226e-19 8.599164379555628625e-16
1.750000000000000167e-02 1.310289739087645566e-01 1.788494605929619478e-03 9.509737325135441965e-20 1.308956233011130159e-15
1.800000000000000211e-02 1.294155920084238409e-01 1.890473186351042606e-03 2.024834169096542389e-19 1.932531375298839460e-15
1.850000000000000255e-02 1.275760376809014218e-01 1.847127755600231963e-03 5.870176967621131183e-19 2.750361520239252548e-15
1.900000000000000300e-02 1.242569567458093882e-01 1.471093715401390828e-03 1.283868540685140394e-18 3.734147483880942236e-15
1.950000000000000344e-02 1.176932713719756746e-01 3.659439517828721777e-05 3.074127072948085263e-18 4.906800584014005783e-15
2.000000000000000042e-02 1.070308335253704335e-01 4.291280057192732068e-03 6.608464643615339785e-18 6.224337749090830802e-15
