# time 1 2 D-1 D
0.000000000000000000e+00 9.999999872889371311e-01 3.401847929826590555e-09 3.828585100628190948e-35 2.100843503789592234e-34
1.250000000000000243e-03 9.999976988624652563e-01 2.026043300815909683e-06 4.328493010516627082e-21 2.479264565287519309e-22
2.500000000000000486e-03 9.999515265463092550e-01 4.379042465602519385e-05 1.065684962073970943e-19 1.658097507214087789e-21
3.750000000000000729e-03 9.996764536022743064e-01 2.977471553599983652e-04 5.003576673317124688e-19 1.225014767859035548e-20
5.000000000000000971e-03 9.986496315081778707e-01 1.262698194692758041e-03 3.551710990696252451e-18 7.492225209456447319e-22
6.250000000000000347e-03 9.956685749646148054e-01 4.104133698501809605e-03 1.846719151883964408e-17 7.569683492558005652e-20
7.500000000000001457e-03 9.883956885404254766e-01 1.110333891964684905e-02 1.225232242295056780e-16 1.668608620250245139e-18
8.750000000000000833e-03 9.731444545758825004e-01 2.582368675657053039e-02 7.954678196488513717e-16 1.682401753537638941e-17
1.000000000000000194e-02 9.458047505723710113e-01 5.199733565389731693e-02 4.787484394607756508e-15 1.259808460414070314e-16
1.125000000000000132e-02 9.045656092743601384e-01 9.020831362001247022e-02 2.482266534315655272e-14 6.934817996222794467e-16
1.250000000000000069e-02 8.525953398846830567e-01 1.342141968211324199e-01 1.100184159995407715e-13 2.687500444933153411e-15
1.375000000000000180e-02 7.970520664725920801e-01 1.718938346396638728e-01 4.174605297874643763e-13 6.532628087501965606e-15
1.500000000000000291e-02 7.449339305285300750e-01 1.919227496990840720e-01 1.365484682895783094e-12 6.098474233428630788e-15
1.625000000000000056e-02 7.002340872453846066e-01 1.952566851656710178e-01 3.856168230889675304e-12 2.346185004590244426e-15
1.750000000000000167e-02 6.639880090333342144e-01 1.901002846976042326e-01 9.384898889647794141e-12 1.879718782758067836e-13
1.875000000000000278e-02 6.355401767819370829e-01 1.884310247762423784e-01 1.985601505901949825e-11 1.400474373072664215e-12
2.000000000000000389e-02 6.136109941329737083e-01 1.003793144780350532e-01 3.784004349872647587e-11 5.116924828705165247e-12
2.125000000000000500e-02 5.968655399626938696e-01 4.045826775414335802e-02 6.778675995484305667e-11 1.252681492402460869e-11
2.250000000000000264e-02 5.841385862384997907e-01 3.023062866186246311e-02 1.175658297454135024e-10 2.397366373551264162e-11
2.375000000000000375e-02 5.744884977481043986e-01 2.521440776587480920e-02 2.002108686178549164e-10 3.887481073659021689e-11
2.500000000000000139e-02 5.671828822793211211e-01 2.193969452341057794e-02 3.470781488605973092e-10 5.590754984973186093e-11
2.625000000000000250e-02 5.616627387782688885e-01 1.951646102572624636e-02 1.444988817206686352e-10 7.326048005245788812e-11
2.750000000000000361e-02 5.575053637110894966e-01 1.779439284683412281e-02 9.146856150591281164e-11 8.898312000587633369e-11
2.875000000000000472e-02 5.543921694266914502e-01 1.641552396495837840e-02 6.214849926613265006e-11 1.013159072539056106e-10
3.000000000000000583e-02 5.520830321750238578e-01 1.522005347852130840e-02 3.819252972478688959e-11 1.090211580311577336e-10
3.125000000000000000e-02 5.503966518275252851e-01 1.419019751233198401e-02 2.024450811442128394e-11 1.114976556162803168e-10
3.250000000000000111e-02 5.491956899326339014e-01 1.338814873690957752e-02 8.182437428387763583e-12 1.088236160408717038e-10
3.375000000000000222e-02 5.483757231003248966e-01 1.270302171159953461e-02 3.129511521721180990e-12 1.016713647460979344e-10
3.500000000000000333e-02 5.478569746966410747e-01 1.211686125765697002e-02 4.946401467399106064e-12 9.108666846103403358e-11
3.625000000000000444e-02 5.475782402094457879e-01 1.160224498594789912e-02 1.271189295808995034e-11 7.831223043196049510e-11
3.750000000000000555e-02 5.474922895011217205e-01 1.117290410161882706e-02 2.471162342079711836e-11 6.463653181421206523e-11
3.875000000000000666e-02 5.475624065718528444e-01 1.080541772439751365e-02 4.027034688041729728e-11 5.116314976616434833e-11
4.000000000000000777e-02 5.477597842325871991e-01 1.048202146983402347e-02 5.757158653473877729e-11 3.884091030757372114e-11
4.125000000000000888e-02 5.480615509666614260e-01 1.020425118101852234e-02 7.556745988784380656e-11 2.836793779039185444e-11
4.250000000000000999e-02 5.484492832500277304e-01 9.969050211768777994e-03 9.334275259238375083e-11 2.009797925035558944e-11
4.375000000000000416e-02 5.489078917319616391e-01 9.760381150164487013e-03 1.097796406214588492e-10 1.434040825577915600e-11
4.500000000000000527e-02 5.494248035716533529e-01 9.576292790310175079e-03 1.248609188861784126e-10 1.103114505470826830e-11
4.625000000000000638e-02 5.499893661361893171e-01 9.411946357409444949e-03 1.381463247924644692e-10 1.007560201084917484e-11
4.750000000000000749e-02 5.505924458361967089e-01 9.270684462369485970e-03 1.495335329614357188e-10 1.129443622417896986e-11
4.875000000000000860e-02 5.512261017408800479e-01 9.144400824891135010e-03 1.588955281518513277e-10 1.438095335003963757e-11
5.000000000000000278e-02 5.518835410994121782e-01 9.031055355344156516e-03 1.667809904648136800e-10 1.903171446128246612e-11
