# time 1 2 D-1 D
0.000000000000000000e+00 9.999999742272523973e-01 7.218230400250322560e-09 2.070780235767311804e-34 3.003755408335576013e-35
2.500000000000000486e-03 9.999975625765260556e-01 1.424655722241701268e-06 1.200856951812484955e-29 5.609651208707818951e-29
5.000000000000000971e-03 9.999448281151830376e-01 3.780064593110992718e-05 2.287638866802462193e-25 1.485927866219203295e-26
7.500000000000001457e-03 9.995972683996643404e-01 3.055046697187837473e-04 3.059226583337569485e-24 6.818150966144963527e-25
1.000000000000000194e-02 9.981435127299541632e-01 1.526470349232760156e-03 1.371525380780116955e-23 1.225861525403021826e-23
1.250000000000000069e-02 9.935037328659750422e-01 5.653133276177749363e-03 3.099810162090212433e-23 9.023389112128439520e-23
1.500000000000000291e-02 9.818585127175244454e-01 1.638801160654748332e-02 5.734488094587260644e-24 1.867503704162992472e-22
1.750000000000000167e-02 9.594785747462487580e-01 3.724145392795603221e-02 6.051166459897263258e-22 1.497942006107278302e-21
2.000000000000000389e-02 9.273326967603984228e-01 6.531985893405542476e-02 1.381184026970329295e-20 1.522169896060256756e-19
2.250000000000000264e-02 8.920268712683164791e-01 7.050785796180898679e-02 1.045969796913533907e-19 2.950986363033904361e-18
2.500000000000000139e-02 8.602486933976155603e-01 4.297807670577350608e-02 3.922687214291728291e-19 2.722191760556353120e-17
2.750000000000000361e-02 8.348949894516792813e-01 3.201776970776334247e-02 9.622109544282383165e-19 1.453422198323414992e-16
3.000000000000000583e-02 8.158902919643389318e-01 2.581503612548171830e-02 2.859891522697847835e-18 4.935229650529371414e-16
3.250000000000000111e-02 8.020496656177789063e-01 2.116816819589953727e-02 2.056251945446225264e-17 1.124625246167651759e-15
3.500000000000000333e-02 7.920961475879457758e-01 1.779870765736077040e-02 1.787533791086444962e-16 1.696585699260853709e-15
3.750000000000000555e-02 7.849831837185682337e-01 1.520902397109396252e-02 8.312442593383936948e-16 1.409939921836286754e-15
4.000000000000000777e-02 7.799280759094628923e-01 1.362631127776823582e-02 1.334851808877028552e-15 6.391997068683874393e-16
4.250000000000000999e-02 7.763636401517134411e-01 1.242864148952497853e-02 1.106553052785927809e-15 1.547839171601798313e-16
4.500000000000000527e-02 7.738814579152042405e-01 1.155429246779512628e-02 6.260657444108407237e-16 7.788639461601943027e-18
4.750000000000000749e-02 7.721861909404309499e-01 1.079889038379426743e-02 9.002080731736478098e-16 1.889138237647386323e-16
5.000000000000000278e-02 7.710624686146622109e-01 1.027444752969954717e-02 4.589109727125200930e-15 9.913284852981805027e-16
5.250000000000000500e-02 7.703522011095771393e-01 9.915321998496800376e-03 1.857668221096953288e-14 3.705667916070037461e-15
5.500000000000000722e-02 7.699386715565618156e-01 9.498175058011525465e-03 5.715068032987220172e-14 1.152155404274720228e-14
5.750000000000000944e-02 7.697353695502172632e-01 9.169625028235555211e-03 1.428587203715463297e-13 3.013094128334099105e-14
6.000000000000001166e-02 7.696783139575371635e-01 8.996949273817339207e-03 3.064474846559519997e-13 6.767777719684496455e-14
6.250000000000000000e-02 7.697202693148943453e-01 8.845599211650735996e-03 5.834477692578625694e-13 1.340298649629022099e-13
6.500000000000000222e-02 7.698266348322987396e-01 8.602202388823016951e-03 1.007243630995173374e-12 2.394899058638573769e-13
6.750000000000000444e-02 7.699723320618490074e-01 8.400681636945447894e-03 1.620931245814195647e-12 3.933115220046419185e-13
7.000000000000000666e-02 7.701395165894211470e-01 8.266472494349528730e-03 1.328946765614105448e-12 6.023231642536442145e-13
7.250000000000000888e-02 7.703157975520861234e-01 8.189519126026502741e-03 1.145452094990947551e-12 8.699405698698190309e-13
7.500000000000001110e-02 7.704928958061227906e-01 8.124076678115016437e-03 1.248186068486748668e-12 1.195725176171080787e-12
7.750000000000001332e-02 7.706655899159389200e-01 7.941443039119949754e-03 1.351230365149863294e-12 1.575663225526092945e-12
8.000000000000001554e-02 7.708308215621539894e-01 7.962848261224635474e-03 1.415850860551629344e-12 2.001842630736073235e-12
8.250000000000001776e-02 7.709871559421253018e-01 7.847561161510852729e-03 1.425265126902287063e-12 2.465579918334965596e-12
8.500000000000001998e-02 7.711341979596516572e-01 7.840340796859239514e-03 1.406644484792982700e-12 2.955901511833926969e-12
8.750000000000000833e-02 7.712721956930346234e-01 7.759560970981228128e-03 1.354407267923575805e-12 3.460363209441166315e-12
9.000000000000001055e-02 7.714017812905809013e-01 7.727679070505785557e-03 1.281394696882438204e-12 3.969490332293018885e-12
9.250000000000001277e-02 7.715238115912610439e-01 7.645318453676063636e-03 1.172990974341642579e-12 4.474177682926390058e-12
9.500000000000001499e-02 7.716391364145448462e-01 7.603540217178723568e-03 1.065102136406110991e-12 4.964791241956500375e-12
9.750000000000001721e-02 7.717485509561603507e-01 7.578232394028997648e-03 9.593767817801040849e-13 5.434821084571705387e-12
1.000000000000000056e-01 7.718542164530637351e-01 7.525638357469546444e-03 8.673219154035537729e-13 5.881422839959864916e-12
