# time 1 2 D-1 D
0.000000000000000000e+00 9.999999617846132560e-01 8.899629566589536148e-09 6.181138019059668964e-36 1.679708532899973443e-36
2.500000000000000052e-04 9.989708397364284176e-01 6.000937824174867406e-07 7.208531991594255166e-35 3.641349169145724301e-36
5.000000000000000104e-04 9.956773637395439636e-01 1.168792022295076253e-05 6.437258244547752567e-31 1.168024451564796289e-34
7.500000000000001240e-04 9.897932596510350400e-01 7.475338476259090913e-05 5.723538071936779691e-28 3.870406280769804315e-31
1.000000000000000021e-03 9.809576087260595267e-01 3.021735490773610339e-04 1.033368982090304627e-25 2.210557545174286467e-28
1.250000000000000026e-03 9.687398821049161279e-01 9.428400868671858812e-04 7.622651067887783048e-24 3.491211547364723214e-26
1.500000000000000248e-03 9.525745243129873918e-01 2.512603201775512936e-03 2.866263060488223657e-22 2.409321285013136290e-24
1.750000000000000253e-03 9.316794959877759963e-01 6.172422123442710372e-03 6.589734595444081599e-21 9.255941572115853311e-23
2.000000000000000042e-03 9.050191090578746378e-01 8.738588867097387206e-03 9.880495415017794533e-20 2.275087547261851547e-21
2.250000000000000264e-03 8.714135490029449871e-01 1.058907535213653335e-02 1.061602381975143363e-18 3.902092114389060217e-20
2.500000000000000052e-03 8.298674693547926084e-01 1.613778491944410295e-02 8.613939511361034581e-18 4.949350681036113154e-19
2.750000000000000274e-03 7.800546910469807749e-01 2.479443223330347196e-02 5.210851520635249133e-17 4.837725171559916022e-18
3.000000000000000496e-03 7.227504495028111986e-01 3.886288882326047189e-02 2.525302265938201367e-16 3.754859995979796641e-17
3.250000000000000284e-03 6.599699913734938805e-01 7.410783358943590082e-02 9.010196743142316337e-16 2.364661985590044674e-16
3.500000000000000507e-03 5.946541429902989506e-01 4.919336672562005935e-02 2.152262088549770348e-15 1.226811771087180477e-15
3.749999999999999861e-03 5.299463603778628018e-01 4.558811524954718697e-02 1.456907875778619745e-15 5.304571232724580324e-15
4.000000000000000083e-03 4.684011369113465495e-01 4.772021858750857132e-02 4.015284685610636404e-17 1.933265615559340678e-14
4.250000000000000305e-03 4.115439510894693953e-01 5.152448526286081826e-02 1.151729608752512278e-15 6.019672189125876341e-14
4.500000000000000527e-03 3.599164817915205261e-01 5.671538341914149350e-02 7.029350732516091571e-16 1.627043344321010656e-13
4.750000000000000749e-03 3.134016011909783184e-01 6.313450922242203056e-02 3.870877250949487187e-15 3.880756466796919841e-13
5.000000000000000104e-03 2.716319688010552236e-01 7.033555595349980094e-02 7.212886551175924990e-14 8.291280671298405708e-13
5.250000000000000326e-03 2.342378936555343238e-01 7.788834582264012041e-02 3.977404091282577522e-13 1.606589867589008438e-12
5.500000000000000548e-03 2.009685202829063766e-01 8.522166947028814166e-02 1.327781937708241235e-12 2.851726339960724506e-12
5.750000000000000770e-03 1.716985778948746377e-01 9.173183850882686563e-02 3.264194797463134393e-12 4.675332378935419796e-12
6.000000000000000992e-03 1.463180407987527687e-01 9.698083873119434095e-02 6.239836074814827817e-12 7.131242526344373330e-12
6.250000000000000347e-03 1.246503599111251637e-01 1.005572631827263697e-01 1.017276369458734334e-11 1.018890378188469744e-11
6.500000000000000569e-03 1.064089241169149797e-01 1.023434858062194086e-01 1.494369835022645007e-11 1.372276427154461700e-11
6.750000000000000791e-03 9.121119864632766527e-02 1.023870303280705191e-01 2.045477283756416518e-11 1.751839715035471682e-11
7.000000000000001013e-03 7.862757200755968179e-02 1.006965978080158752e-01 2.695613492567014613e-11 2.115976665487149655e-11
7.250000000000001235e-03 6.823139019918214587e-02 9.744328692969753125e-02 3.431191126805065664e-11 2.463904516476471646e-11
7.499999999999999722e-03 5.963229060757652827e-02 9.282198303077363044e-02 4.316467059405738345e-11 2.715209841024616112e-11
7.750000000000000812e-03 5.249344967571110965e-02 8.676163342529208400e-02 5.286466221901701344e-11 2.936712071528644613e-11
8.000000000000000167e-03 4.653499965027740881e-02 7.566606435424966248e-02 6.440276210354676318e-11 3.023269762804462974e-11
8.250000000000000389e-03 4.152990715132850313e-02 3.484461746078575636e-06 7.704311374769056567e-11 3.044383633696176590e-11
8.500000000000000611e-03 3.729656430996024230e-02 3.543312853708328463e-05 9.086798751615474386e-11 2.988959526598649669e-11
8.750000000000000833e-03 3.369071195156645576e-02 4.941329128628689596e-05 1.044666131427722577e-10 2.995525460753434860e-11
9.000000000000001055e-03 3.059799510247623172e-02 9.564793753752950445e-05 1.185684415999322900e-10 2.988893103543760947e-11
9.250000000000001277e-03 2.792764029676912674e-02 1.075668765739635683e-04 1.314086623448434596e-10 3.143965831144732339e-11
9.500000000000001499e-03 2.560732709035120139e-02 1.355372772291173753e-04 1.443723507003694957e-10 3.282040897293984581e-11
9.750000000000001721e-03 2.357913617627835356e-02 1.535907971254439923e-04 1.568812419873333171e-10 3.579208750728907010e-11
1.000000000000000021e-02 2.179639972423756678e-02 1.630825630963905282e-04 1.682419338838258924e-10 3.987450721480829506e-11
