# time 1 2 D-1 D
0.000000000000000000e+00 9.999999617846132560e-01 8.899629566589536148e-09 6.181138019059668964e-36 1.679708532899973443e-36
2.500000000000000052e-04 9.970883694495277227e-01 4.540744624304140597e-04 4.865161187848950193e-34 1.040113045259506307e-35
5.000000000000000104e-04 9.874399491202279222e-01 2.241996700573740519e-03 6.708727421614309948e-29 4.561642039950431378e-31
7.500000000000001240e-04 9.695016092052164414e-01 6.132505582329645342e-03 6.143728717965936887e-26 6.273478541676004809e-28
1.000000000000000021e-03 9.415056825912427874e-01 1.312806743846282355e-02 8.272891130288859441e-24 1.398134807531179637e-25
1.250000000000000026e-03 9.015899024734972400e-01 2.426001407462012247e-02 3.819724333446864483e-22 1.146912699420419661e-23
1.500000000000000248e-03 8.480785881574957052e-01 4.106059482105822028e-02 8.956240095182953913e-21 4.975887145805291061e-22
1.750000000000000253e-03 7.799921424366360601e-01 6.876910363020911909e-02 1.279457176561189831e-19 1.382258965508477270e-20
2.000000000000000042e-03 6.977721375441358065e-01 7.382400139310306419e-02 1.259821945292210875e-18 2.753542224155981519e-19
2.250000000000000264e-03 6.040058209157852520e-01 6.629262919460784942e-02 8.990636069123670169e-18 4.228855244933147730e-18
2.500000000000000052e-03 5.036874652712353129e-01 7.249894289483692356e-02 4.783346701947857779e-17 5.255396312047965431e-17
2.750000000000000274e-03 4.035626288517901727e-01 8.000816319035368440e-02 1.992675801758933500e-16 5.461892242088515442e-16
3.000000000000000496e-03 3.105916045520344948e-01 8.907187261655805099e-02 6.262541000905390662e-16 4.853289568777019177e-15
3.250000000000000284e-03 2.302056825341639579e-01 9.902581551198026688e-02 1.644144545983920076e-15 3.739148424134575563e-14
3.500000000000000507e-03 1.651857128296795041e-01 2.819260290090750548e-02 4.071620685853394814e-15 2.517612453386013667e-13
3.749999999999999861e-03 1.155758134013148697e-01 1.541537801547473996e-02 1.493999040137709471e-14 1.487097318273010886e-12
4.000000000000000083e-03 7.946006419304102453e-02 1.054326072829795020e-02 3.817483276923948978e-14 7.721490453255433426e-12
4.250000000000000305e-03 5.405100003314906865e-02 7.794037120162891109e-03 5.497979494572565524e-15 3.532549339069521200e-11
4.500000000000000527e-03 3.656567753445953695e-02 6.112452313087885468e-03 4.020593898842893034e-13 1.429280080804458266e-10
4.750000000000000749e-03 2.468118718095965378e-02 5.017358255742701729e-03 8.022627676040994671e-12 5.140284835062443748e-10
5.000000000000000104e-03 1.665151494861495315e-02 4.226407591078128884e-03 6.350804978467750108e-11 1.652943828470401581e-09
5.250000000000000326e-03 1.123918291461747584e-02 3.609416085928511542e-03 3.249428675268826160e-10 4.782937697981141347e-09
5.500000000000000548e-03 7.595019461385322905e-03 3.092855426312028470e-03 1.220629174650901552e-09 1.253809115575184467e-08
5.750000000000000770e-03 5.144443533339366006e-03 2.639327156694656288e-03 3.577386844731374023e-09 2.999153098105032536e-08
6.000000000000000992e-03 3.498556286132837364e-03 2.240338212392843035e-03 8.766797618453289411e-09 6.596557880138528396e-08
6.250000000000000347e-03 2.393758350243248203e-03 1.881498563506974701e-03 1.911466977337550460e-08 1.344700811272798178e-07
6.500000000000000569e-03 1.651340543736913406e-03 1.565798683598606297e-03 3.826340840710966474e-08 2.560169376871131717e-07
6.750000000000000791e-03 1.150682038048402196e-03 1.294593596907315809e-03 7.421156980057139147e-08 4.584226256545981701e-07
7.000000000000001013e-03 8.110075434907774300e-04 1.060396435202789296e-03 1.430993127851651810e-07 7.747029901996177290e-07
7.250000000000001235e-03 5.786428381836179790e-04 8.583583555804920632e-04 2.667491354756653957e-07 1.248401319996040233e-06
7.499999999999999722e-03 4.180967306671702849e-04 6.945229833668906724e-04 4.981704392442114284e-07 1.909208110280575277e-06
7.750000000000000812e-03 3.059396618997899954e-04 5.507167138583334790e-04 8.847235027317782281e-07 2.816892523188909695e-06
8.000000000000000167e-03 2.266704350426057503e-04 3.503017738630007723e-04 1.558844144630872943e-06 3.966318283693256632e-06
8.250000000000000389e-03 1.699791359716136411e-04 8.481167888960949842e-05 2.629839691618184431e-06 5.398143078677577042e-06
8.500000000000000611e-03 1.289563666378226714e-04 7.737582534078860249e-05 4.277467786981287619e-06 7.104244740919886015e-06
8.750000000000000833e-03 9.892907332874169356e-05 6.496301081293048797e-05 6.536665980521548119e-06 9.240553051793124527e-06
9.000000000000001055e-03 7.670464682355216052e-05 5.647625695813264784e-05 9.647285874037694818e-06 1.177432953620115726e-05
9.250000000000001277e-03 6.007874610550734254e-05 4.777094700077692797e-05 1.343422337679644236e-05 1.510015513522454278e-05
9.500000000000001499e-03 4.751301321352903662e-05 4.118670411932950101e-05 1.829000741923985022e-05 1.899979035196758354e-05
9.750000000000001721e-03 3.792241539448164349e-05 3.543966968040020171e-05 2.403323557537615686e-05 2.404799751851555473e-05
1.000000000000000021e-02 3.053368422944434401e-05 3.045779725954409533e-05 3.059984518155110502e-05 3.038035693606058675e-05
