# time 1 2 D-1 D
0.000000000000000000e+00 9.999999380166092466e-01 2.616189160802872898e-08 1.668637064309933945e-35 1.201140561068108796e-35
2.500000000000000052e-04 9.957213817972904168e-01 2.276217257056253104e-03 1.853716759427608657e-28 5.006995541268153806e-31
5.000000000000000104e-04 9.799016460667231421e-01 1.177005083862996300e-02 3.462122178448916511e-24 3.271942112864127142e-26
7.500000000000001240e-04 9.462768170878547158e-01 3.436213578062596863e-02 1.197661526946159607e-21 2.209308787205280159e-23
1.000000000000000021e-03 8.859428000904018274e-01 7.805605144635370529e-02 8.261706138107922497e-20 2.315500522367801459e-21
1.250000000000000026e-03 7.890604794419484591e-01 1.508132339047858761e-01 2.400824943991881153e-18 8.845218787630508319e-20
1.500000000000000248e-03 6.520701065776370875e-01 2.458883963149708918e-01 4.098962099726014745e-17 1.803364114134185555e-18
1.750000000000000253e-03 4.892322425930848984e-01 3.183580218190067979e-01 4.903860326358087073e-16 2.409007354623111711e-17
2.000000000000000042e-03 3.322333951511008965e-01 2.787007468895696949e-01 4.544733544906579292e-15 2.390112470566018299e-16
2.250000000000000264e-03 2.083808416771129324e-01 1.387829524675994741e-01 3.480327145326940893e-14 1.920011026385512327e-15
2.500000000000000052e-03 1.244893160651107250e-01 5.466942568914275741e-02 2.299038663454828658e-13 1.330683259605508770e-14
2.750000000000000274e-03 7.284288194178759057e-02 2.729961510057312551e-02 1.343949663560395614e-12 8.564745627982408111e-14
3.000000000000000496e-03 4.260381588037479017e-02 1.615467768766150336e-02 6.985919958333942571e-12 5.367272071180094063e-13
3.250000000000000284e-03 2.523947693524018418e-02 1.054481928369885475e-02 3.258669169675819571e-11 3.252653749340329947e-12
3.500000000000000507e-03 1.526735772985428341e-02 7.238178603633423254e-03 1.346359201280446735e-10 1.886506004364797832e-11
3.749999999999999861e-03 9.471361240392174238e-03 5.152400913755380077e-03 5.040297543123422266e-10 8.568660134595289728e-11
4.000000000000000083e-03 6.038166750291422066e-03 3.773012774341012385e-03 1.938322025276951863e-09 8.720516964359914423e-11
4.250000000000000305e-03 3.957810336040847032e-03 2.823917544057539045e-03 4.377960765771767827e-09 1.804303972136591980e-09
4.500000000000000527e-03 2.665962421257205353e-03 2.153005340537343052e-03 9.893412732839239574e-09 6.792525395572278469e-09
4.750000000000000749e-03 1.843469045281134885e-03 1.670363919153546690e-03 2.313842092292245058e-08 1.685991972079830769e-08
5.000000000000000104e-03 1.306727855233408547e-03 1.315224539559198789e-03 4.907159788400678064e-08 3.723640289470595914e-08
5.250000000000000326e-03 9.480060488398055077e-04 1.050528450760153604e-03 9.680657628408083318e-08 7.358428558344107901e-08
5.500000000000000548e-03 7.027439377648459504e-04 8.502884448269090734e-04 1.757408598708864570e-07 1.365856878195619010e-07
5.750000000000000770e-03 5.314139847347913248e-04 6.963641736876293722e-04 3.009685093825836782e-07 2.369514940110910832e-07
6.000000000000000992e-03 4.092939856938814154e-04 5.767170516455957059e-04 4.844529245893256009e-07 3.943272971688814289e-07
6.250000000000000347e-03 3.205970919050678053e-04 4.824931964624829634e-04 7.543054631600701049e-07 6.177836339753141420e-07
6.500000000000000569e-03 2.550384599971325817e-04 4.074693279314885890e-04 1.110635372206312442e-06 9.494853112970044250e-07
6.750000000000000791e-03 2.057882651061728970e-04 3.466211163364448997e-04 1.610310002163290726e-06 1.379260663822313349e-06
7.000000000000001013e-03 1.682278426705537924e-04 2.972844590094310315e-04 2.227356876730388786e-06 1.983392992040231023e-06
7.250000000000001235e-03 1.391796365575255934e-04 2.566842359052039246e-04 3.046324389734390499e-06 2.730364737427334504e-06
7.499999999999999722e-03 1.164217795182864566e-04 2.227811876321496656e-04 4.033327478629423336e-06 3.708872302463010103e-06
7.750000000000000812e-03 9.837674315601819066e-05 1.941580329201993832e-04 5.277912449209628432e-06 4.885017391803591072e-06
8.000000000000000167e-03 8.390827465236184491e-05 1.700323331061984417e-04 6.715481704992791256e-06 6.378969240556660365e-06
8.250000000000000389e-03 7.218683854784464934e-05 1.491742853853864027e-04 8.528045070022428306e-06 8.063359817625394057e-06
8.500000000000000611e-03 6.259909415906699242e-05 1.309305598387919647e-04 1.050448015049252273e-05 1.020225125648573012e-05
8.750000000000000833e-03 5.468611634287315202e-05 1.147060158197225216e-04 1.297477720007632290e-05 1.251621465858983662e-05
9.000000000000001055e-03 4.810065428818456878e-05 1.002185428138571038e-04 1.565108557850113344e-05 1.534071128497200439e-05
9.250000000000001277e-03 4.257717878946446415e-05 8.667078969927428402e-05 1.871986794645376115e-05 1.853347281897401331e-05
9.500000000000001499e-03 3.791063614142638173e-05 7.284242809528080058e-05 2.224816761611468077e-05 2.206787411844179418e-05
9.750000000000001721e-03 3.394117989459982605e-05 5.519744852172671064e-05 2.619456041330528017e-05 2.602171726735447936e-05
1.000000000000000021e-02 3.054314147818669174e-05 3.100380944053363741e-05 3.038829574854801116e-05 3.059790841850188522e-05
