# time 1 2 D-1 D
0.000000000000000000e+00 9.999999667887253807e-01 1.841128864650456179e-08 4.316709129807145836e-35 4.684344988026814650e-35
2.500000000000000052e-04 9.974893372517696921e-01 1.159188515798841615e-04 7.175285915039683482e-16 8.961150694432972081e-19
5.000000000000000104e-04 9.893992513644314091e-01 6.500000874693819680e-04 2.184410939371494889e-13 1.076885299560177791e-15
7.500000000000001240e-04 9.747597551309001851e-01 2.076647665109670939e-03 6.682401552229574027e-12 7.295742040351379758e-14
1.000000000000000021e-03 9.522621062115587121e-01 5.366348202522159584e-03 7.924582299979932812e-11 1.522708130172134803e-12
1.250000000000000026e-03 9.198329900691685213e-01 1.246114617555425449e-02 5.602557007697820961e-10 1.665874386172093679e-11
1.500000000000000248e-03 8.737618696547911901e-01 2.715832001131942425e-02 2.843649333685603630e-09 1.209809934399677292e-10
1.750000000000000253e-03 8.072541681723045537e-01 5.676072575981803287e-02 1.145287051758032942e-08 6.611104693117185529e-10
2.000000000000000042e-03 7.097512911588081952e-01 1.126842326119163046e-01 3.885285247915623791e-08 2.926323750714312479e-09
2.250000000000000264e-03 5.740538992033773491e-01 2.033700844392816731e-01 1.151332484209191685e-07 1.097488951134999683e-08
2.500000000000000052e-03 4.173122876437132533e-01 3.129490441859137939e-01 3.062225977707799667e-07 3.579528074286540499e-08
2.750000000000000274e-03 2.799789554497031929e-01 4.021777115823243487e-01 7.458753606586141830e-07 1.023074854398823181e-07
3.000000000000000496e-03 1.836850506161069319e-01 4.497691670907013051e-01 1.692507093387537581e-06 2.518980511634216629e-07
3.250000000000000284e-03 1.226729556732819304e-01 4.554630056372815372e-01 3.633204627592039348e-06 5.110817993198067213e-07
3.500000000000000507e-03 8.462800488957882006e-02 2.131833217373431122e-01 7.507747842671521618e-06 7.156269250517125515e-07
3.749999999999999861e-03 6.041809864464615931e-02 7.024079133870114733e-02 1.482914294876883442e-05 3.660216662096043375e-07
4.000000000000000083e-03 4.452843932825221313e-02 4.143911572143605532e-02 2.619598593750996097e-05 2.845025120216703187e-08
4.250000000000000305e-03 3.376224375340050599e-02 2.932842967921173855e-02 4.087747138860005119e-05 1.660147585412849074e-06
4.500000000000000527e-03 2.624757678539459127e-02 2.229461287691844942e-02 5.925699488857612767e-05 6.094316318506559945e-06
4.750000000000000749e-03 2.085967479615610451e-02 1.766647191838031927e-02 8.355808965903021570e-05 1.226111943328062614e-05
5.000000000000000104e-03 1.690259707163575126e-02 1.441820344491645534e-02 1.127149391371699323e-04 2.229702467043179459e-05
5.250000000000000326e-03 1.393321774038025485e-02 1.201460217125657412e-02 1.501777182109826118e-04 3.375523675981097308e-05
5.500000000000000548e-03 1.166165875842428007e-02 1.016945724368747798e-02 1.948902650095284540e-04 4.866260389344813570e-05
5.750000000000000770e-03 9.893620448443215393e-03 8.727122581783699692e-03 2.385864332782509738e-04 7.625550000041690483e-05
6.000000000000000992e-03 8.495876468063105064e-03 7.575803652733926682e-03 2.990359559592121390e-04 9.975030781767033180e-05
6.250000000000000347e-03 7.375246604965651591e-03 6.645883775108024638e-03 1.453672773232029278e-04 3.510163691735341922e-04
6.500000000000000569e-03 6.465226539929510088e-03 5.877685098951645169e-03 1.719590680568202550e-04 4.366607629211567069e-04
6.750000000000000791e-03 5.717623994642906035e-03 5.250168460032425717e-03 2.257976507346877806e-04 5.106316496828182828e-04
7.000000000000001013e-03 5.096927404314078973e-03 4.720656674968814505e-03 3.005153526922602764e-04 5.801305984757559224e-04
7.250000000000001235e-03 4.576589218107772992e-03 4.271406465501550662e-03 3.716805609174496871e-04 6.702694792705905834e-04
7.499999999999999722e-03 4.136502847913284958e-03 3.892843959503131893e-03 4.491588844068418809e-04 7.716593844021732386e-04
7.750000000000000812e-03 3.761246465025241612e-03 3.564859714604949083e-03 5.591882351756148357e-04 8.582954384379983849e-04
8.000000000000000167e-03 3.438873385888328513e-03 3.281304997948658684e-03 6.705595165378892180e-04 9.613512905157812908e-04
8.250000000000000389e-03 3.160001686695835567e-03 3.035943339096442047e-03 7.938678391942203746e-04 1.069921677366583767e-03
8.500000000000000611e-03 2.917207805075435791e-03 2.821817761785792768e-03 9.239949564570647299e-04 1.188552885662924998e-03
8.750000000000000833e-03 2.704571708345015254e-03 2.630791197553311762e-03 1.067708146607132362e-03 1.309673620645288115e-03
9.000000000000001055e-03 2.517316306127871228e-03 2.462692608973877234e-03 1.237350457545485132e-03 1.419946950772842673e-03
9.250000000000001277e-03 2.351563236563024469e-03 2.314016886966390428e-03 1.392924078940074991e-03 1.558236069137489740e-03
9.500000000000001499e-03 2.204137599351022048e-03 2.180886915361922047e-03 1.583594263196591058e-03 1.674150834469313644e-03
9.750000000000001721e-03 2.072431443668364213e-03 2.061347199536181680e-03 1.753491892848063746e-03 1.822292456325574862e-03
1.000000000000000021e-02 1.954266199902324804e-03 1.954073597854869525e-03 1.948193794066164358e-03 1.955813262729250504e-03
