# time 1 2 D-1 D
0.000000000000000000e+00 9.999999652003809247e-01 2.116453643595425803e-08 3.910281958010339395e-34 3.651085453654025427e-34
5.000000000000000104e-04 9.993175583285741626e-01 1.519248082096229222e-06 7.863793501665029871e-17 1.693764514878798951e-21
1.000000000000000021e-03 9.971173135680352351e-01 3.552588219980628572e-05 2.424550688750480493e-14 8.714064516752125489e-18
1.500000000000000248e-03 9.931048669592785760e-01 2.522290532706258936e-04 7.183105301709640950e-13 1.377959098434874894e-15
2.000000000000000042e-03 9.868099488683454990e-01 1.109741987871507712e-03 7.844075897950738682e-12 5.003688511300653954e-14
2.500000000000000052e-03 9.774194774509702421e-01 3.679290532700670024e-03 4.745031622565842198e-11 7.695997263025991508e-13
3.000000000000000496e-03 9.637644107912859415e-01 9.782722165304427037e-03 1.887791985095493405e-10 6.473569942362702617e-12
3.500000000000000507e-03 9.450993594637941975e-01 2.108164670701277721e-02 5.367272364155949767e-10 3.384695123770890470e-11
4.000000000000000083e-03 9.227383482185674834e-01 3.651387327789632625e-02 1.162838807003563834e-09 1.194068423639485648e-10
4.500000000000000527e-03 9.003517849088576996e-01 5.028621882068583931e-02 2.044939208283184332e-09 3.052650663962966525e-10
5.000000000000000104e-03 8.815714319756277062e-01 5.583709972692778994e-02 3.145128609695648909e-09 6.081019505880474540e-10
5.500000000000000548e-03 8.678928940467693920e-01 5.496212745235886515e-02 4.568030219964207213e-09 1.012248641540246526e-09
6.000000000000000992e-03 8.589101665226247517e-01 5.348496628342976067e-02 6.529807147701713551e-09 1.493630060739141298e-09
6.500000000000000569e-03 8.534771460472476701e-01 5.355199696106419105e-02 8.795345429228886456e-09 2.040738130776402342e-09
7.000000000000001013e-03 8.504691868937493959e-01 5.497945592799879239e-02 1.026039085726460809e-08 2.656970128543488939e-09
7.499999999999999722e-03 8.490329796488477188e-01 3.240604080917655616e-02 1.081423605524378748e-08 3.353222292288944199e-09
8.000000000000000167e-03 8.485874521611789234e-01 2.092834200835761924e-02 1.098320964832179080e-08 4.140653358079386543e-09
8.500000000000000611e-03 8.487556232567046166e-01 1.712848312702018247e-02 1.099635295789962168e-08 5.026325435645489135e-09
9.000000000000001055e-03 8.492976293133955856e-01 1.543452285664338210e-02 1.094954019303152227e-08 6.011132551595867241e-09
9.500000000000001499e-03 8.500614245703135285e-01 1.429961884343216270e-02 1.091319156529964398e-08 7.089355146493225402e-09
1.000000000000000021e-02 8.509504322503531615e-01 1.366452391898977277e-02 1.100702665944661596e-08 8.248911255623093349e-09
1.050000000000000065e-02 8.519030039470675275e-01 1.313940462484728712e-02 1.138720674919295318e-08 9.472831077688204832e-09
1.100000000000000110e-02 8.528796667133738962e-01 1.267640897663376703e-02 1.207700185659867052e-08 1.074144997715277141e-08
1.150000000000000154e-02 8.538552347415848676e-01 1.243122033752983545e-02 1.340012414353571909e-08 1.203544205234886640e-08
1.200000000000000198e-02 8.548137269864423127e-01 1.217342604268504928e-02 1.525697960380719705e-08 1.333805656501761693e-08
1.250000000000000069e-02 8.557452800179370378e-01 1.192122068325195648e-02 1.712249314432557766e-08 1.463770528759097110e-08
1.300000000000000114e-02 8.566439948994515330e-01 1.177316530787968218e-02 1.828496553304632393e-08 1.592905789110434434e-08
1.350000000000000158e-02 8.575067007187737733e-01 1.160734303723159368e-02 1.857810897212551320e-08 1.721360267310478344e-08
1.400000000000000203e-02 8.583319577798936839e-01 1.147688081068877659e-02 1.830913336294417621e-08 1.849933799327343439e-08
1.450000000000000247e-02 8.591195540665370611e-01 1.140774581972062857e-02 1.769455715941477873e-08 1.980036081029299001e-08
1.499999999999999944e-02 8.598700025591389240e-01 1.128969109847458192e-02 1.685069240237327815e-08 2.113885150002965496e-08
1.550000000000000162e-02 8.605843521101451676e-01 1.119264046964163484e-02 1.577836313404763646e-08 2.256794766159232220e-08
1.600000000000000033e-02 8.612639309773509888e-01 1.111640486370615334e-02 1.453292061902361686e-08 2.405802158760664375e-08
1.650000000000000078e-02 8.619102675410301728e-01 1.105778297387538349e-02 1.305165785792667755e-08 2.569035252257411820e-08
1.700000000000000122e-02 8.625249716322020976e-01 1.102424016697480143e-02 1.140759902890744599e-08 2.740017859656757553e-08
1.750000000000000167e-02 8.631096543858656212e-01 1.096043036096453968e-02 9.463500996926752040e-09 2.934223748396448202e-08
1.800000000000000211e-02 8.636659368781325341e-01 1.092755058331036123e-02 7.266157868658712455e-09 3.147723104457949827e-08
1.850000000000000255e-02 8.641954025483609136e-01 1.086054125404608585e-02 4.992542649760341194e-09 3.363557016326234428e-08
1.900000000000000300e-02 8.646995714125854660e-01 1.082870353550117841e-02 2.854092691946707744e-09 3.561328654715439333e-08
1.950000000000000344e-02 8.651798943350440529e-01 1.079382266017430737e-02 1.199901420444442158e-09 3.706795450616889978e-08
2.000000000000000042e-02 8.656407595621024020e-01 1.078579765960707183e-02 2.227735729449662372e-10 3.780926611997249268e-08
