# time 1 2 D-1 D
0.000000000000000000e+00 9.999999689440268735e-01 1.664045856134253734e-08 5.454293787815413369e-36 9.220577687850021074e-35
2.500000000000000486e-03 9.991906476744785159e-01 7.576397359580234777e-07 4.630609849281833553e-17 3.309189515735919422e-22
5.000000000000000971e-03 9.965987106551351671e-01 1.760385649933560122e-05 1.436967345682708629e-14 1.603593411784756806e-18
7.500000000000001457e-03 9.919558307435167865e-01 1.250160875455767556e-04 4.304661592432542075e-13 2.334965633318943774e-16
1.000000000000000194e-02 9.849257649372610279e-01 5.564684700547360870e-04 4.795084095135836044e-12 7.666535991081450267e-15
1.250000000000000069e-02 9.749946619261263825e-01 1.897013866287702291e-03 2.996465482964628028e-11 1.041888816938124952e-13
1.500000000000000291e-02 9.613175497918420298e-01 5.357361647383244822e-03 1.251475225818660169e-10 7.475684058338963482e-13
1.750000000000000167e-02 9.428213231949623685e-01 1.269782096021242548e-02 3.806604771426709661e-10 3.131028301832895787e-12
2.000000000000000389e-02 9.191285442000876049e-01 2.532988089873261170e-02 8.884672020594299896e-10 7.880947477044638220e-12
2.250000000000000264e-02 8.919654894786988031e-01 4.249096939997135808e-02 1.663714881898452981e-09 1.151654126958508068e-11
2.500000000000000139e-02 8.650139939067588157e-01 6.167724317751828444e-02 2.560246972929690995e-09 8.167231791091677540e-12
2.750000000000000361e-02 8.416999793955707299e-01 7.954473770451116199e-02 3.304329803407356957e-09 8.357394565559160892e-13
3.000000000000000583e-02 8.235286544270141729e-01 8.076059090153747677e-02 3.596991150579082634e-09 4.867173629990782333e-12
3.250000000000000111e-02 8.102913811909134845e-01 4.794732743288686316e-02 3.428919040087111267e-09 3.342333018316361997e-11
3.500000000000000333e-02 8.010173964888357423e-01 3.109394446288327868e-02 3.040464746803423728e-09 8.567902752278335152e-11
3.750000000000000555e-02 7.946540419604382066e-01 2.376352360127596125e-02 2.626454702366759787e-09 1.510404043402086617e-10
4.000000000000000777e-02 7.903379472499763025e-01 1.985596954151383486e-02 2.238603436146329436e-09 2.184523871696774594e-10
4.250000000000000999e-02 7.874369449990769043e-01 1.740252320958419335e-02 1.855494791190300501e-09 2.808031001301700091e-10
4.500000000000000527e-02 7.855109061826996975e-01 1.569355465637544203e-02 1.399704297126308751e-09 3.349399293505353492e-10
4.750000000000000749e-02 7.842591524601425501e-01 1.444254491725186461e-02 9.077693192498321045e-10 3.801892306473295132e-10
5.000000000000000278e-02 7.834769051067631551e-01 1.344394157530702169e-02 5.759828555758208046e-10 4.171108325332423794e-10
5.250000000000000500e-02 7.830238953251702494e-01 1.262547564043550730e-02 3.954356722231640390e-10 4.467072194845215915e-10
5.500000000000000722e-02 7.828030837201682690e-01 1.195367754711752599e-02 2.963234257501306744e-10 4.700446199699946090e-10
5.750000000000000944e-02 7.827465652510661176e-01 1.138836084667235737e-02 2.341483428090469005e-10 4.880982352339650333e-10
6.000000000000001166e-02 7.828063237528191110e-01 1.090113788238065290e-02 1.913073007215383539e-10 5.017416643978370603e-10
6.250000000000000000e-02 7.829479423995933107e-01 1.047963122174443151e-02 1.585058563615090917e-10 5.116366726138649448e-10
6.500000000000000222e-02 7.831466287949255811e-01 1.011428139292663148e-02 1.323684933744079304e-10 5.184384650528935548e-10
6.750000000000000444e-02 7.833842889594515579e-01 9.791175388230351564e-03 1.107455832917526202e-10 5.225287123136410232e-10
7.000000000000000666e-02 7.836477282966904934e-01 9.503521078686811424e-03 9.274119797948150171e-11 5.244035815819746418e-10
7.250000000000000888e-02 7.839271842039557958e-01 9.249650063226392757e-03 7.722285007349679060e-11 5.245547405729640577e-10
7.500000000000001110e-02 7.842155321289848713e-01 9.022342754887030525e-03 6.420495827426671298e-11 5.230113960606999512e-10
7.750000000000001332e-02 7.845074464666906833e-01 8.827819748222054397e-03 5.328974214256285052e-11 5.199327299044801237e-10
8.000000000000001554e-02 7.847990855908124619e-01 8.645074586659659208e-03 4.378830247359210764e-11 5.161178504048906507e-10
8.250000000000001776e-02 7.850875718659184876e-01 8.483483978465331324e-03 3.609693595106423930e-11 5.110501900032808328e-10
8.500000000000001998e-02 7.853708769028421299e-01 8.340194661445990421e-03 2.951392884161567931e-11 5.054942126554897693e-10
8.750000000000000833e-02 7.856475059643120984e-01 8.204635546394972723e-03 2.413438950345838300e-11 4.992422566552002343e-10
9.000000000000001055e-02 7.859164557699024334e-01 8.083010795877067223e-03 1.970855967402597100e-11 4.926329975476825657e-10
9.250000000000001277e-02 7.861770235934510964e-01 7.973579978031828872e-03 1.625622743994051989e-11 4.855303449098094619e-10
9.500000000000001499e-02 7.864287927701173464e-01 7.870996853695492665e-03 1.343334609957766298e-11 4.783314374282122875e-10
9.750000000000001721e-02 7.866715005360311874e-01 7.784339415117144147e-03 1.138379206603780936e-11 4.707934783213711337e-10
1.000000000000000056e-01 7.869050823983203546e-01 7.699230174471521915e-03 9.749211794419457547e-12 4.633400806954854656e-10
