# time 1 2 D-1 D
0.000000000000000000e+00 9.999999632468455912e-01 9.628101732757905287e-09 5.501313561848306205e-36 8.701009184786572134e-34
2.500000000000000052e-04 9.996031315991984467e-01 2.761078678798376801e-07 1.642277480818234450e-20 1.287336087663274726e-26
5.000000000000000104e-04 9.983303354789618833e-01 5.872688182354535192e-06 4.731384669042434160e-18 5.316695134665309551e-23
7.500000000000001240e-04 9.960459537789904116e-01 3.744257033844880316e-05 1.335007070699732795e-16 9.095789603561478077e-21
1.000000000000000021e-03 9.925910472275398799e-01 1.487129653997177768e-04 1.426718906108812080e-15 3.804011098796718638e-19
1.250000000000000026e-03 9.877665448609802556e-01 4.563942191631395625e-04 8.888889330454513340e-15 7.100872945875723071e-18
1.500000000000000248e-03 9.813038551880211013e-01 1.185946947967603943e-03 3.926984045823863122e-14 7.736148166712440890e-17
1.750000000000000253e-03 9.728288086076227748e-01 2.721899731323119530e-03 1.358703796805218730e-13 5.664658918210877300e-16
2.000000000000000042e-03 9.618499950225664064e-01 5.630220291680782842e-03 3.907505088326177302e-13 3.024492315617699727e-15
2.250000000000000264e-03 9.478361152849097415e-01 1.058791981881134631e-02 9.781809877045906266e-13 1.237976642192977885e-14
2.500000000000000052e-03 9.304430356626040011e-01 1.812718659736236443e-02 2.176776025623874792e-12 4.013173921559808135e-14
2.750000000000000274e-03 9.098364643167677901e-01 2.835137163643495356e-02 4.402049344069035276e-12 1.054401425006196024e-13
3.000000000000000496e-03 8.868783421672049583e-01 4.074381084894179716e-02 8.180998714070121726e-12 2.288983388459118791e-13
3.250000000000000284e-03 8.629542562190063437e-01 3.003719136307107600e-04 1.412530607782754191e-11 4.190387396050498325e-13
3.500000000000000507e-03 8.395147754717804389e-01 3.482835912142544319e-04 2.278757093342622610e-11 6.638172071464997974e-13
3.749999999999999861e-03 8.176557120912275600e-01 4.511046242038391934e-04 3.417845085515143622e-11 9.399734653616168513e-13
4.000000000000000083e-03 7.979571796782551907e-01 5.330446464382559936e-04 4.801383821281681128e-11 1.233067864155214552e-12
4.250000000000000305e-03 7.805528525035705378e-01 6.148516737883430710e-04 6.406589717692259298e-11 1.546777084040071048e-12
4.500000000000000527e-03 7.652886180079241374e-01 6.941043806721894837e-04 9.765110714846054688e-11 1.894960695177594620e-12
4.750000000000000749e-03 7.518673978371408495e-01 7.316961928692903043e-04 1.345120667804817430e-10 2.288140901428200934e-12
5.000000000000000104e-03 7.399450243143218531e-01 7.017906374018313903e-04 1.708305571330530595e-10 2.724804437757786717e-12
5.250000000000000326e-03 7.291812792130196730e-01 6.713747432727102792e-04 2.027438091786928139e-10 3.190510419923955832e-12
5.500000000000000548e-03 7.192604003725522333e-01 5.954421342241526891e-04 2.266807557783864842e-10 3.662720588958523694e-12
5.750000000000000770e-03 7.098943439313972759e-01 5.137356122299031403e-04 2.420219085928574552e-10 4.117813637708514420e-12
6.000000000000000992e-03 7.008163160815139570e-01 2.247566760996132262e-04 2.478080483262649065e-10 4.538247583936353041e-12
6.250000000000000347e-03 6.917691465115783922e-01 1.259117557542029167e-05 2.444489274579235949e-10 4.916717753266430004e-12
6.500000000000000569e-03 6.824895310739917953e-01 2.249034026533548378e-02 2.342095259528647244e-10 5.258191171538498044e-12
6.750000000000000791e-03 6.726882199324568656e-01 2.637389482297824300e-02 2.187445014866348709e-10 5.579294514791065254e-12
7.000000000000001013e-03 6.620245753545065392e-01 3.117461955184121572e-02 1.976989493428442179e-10 5.907089719426010190e-12
7.250000000000001235e-03 6.500734928965573589e-01 3.685496440951895047e-02 1.745211779731208728e-10 6.277405508166610233e-12
7.499999999999999722e-03 6.362822507424045204e-01 4.424341006661709069e-02 1.478385258613246104e-10 6.735629113124369437e-12
7.750000000000000812e-03 6.199158672277126358e-01 5.356300811572288489e-02 7.448752764431034683e-11 7.338057323704783398e-12
8.000000000000000167e-03 5.999943113911325732e-01 6.507698363133590513e-02 1.152175827278218720e-11 8.155070858761343962e-12
8.250000000000000389e-03 5.752378647020667257e-01 7.862546840248713087e-02 1.712500875725754298e-11 9.273706379635664344e-12
8.500000000000000611e-03 5.440677093743262471e-01 9.794111138931226035e-02 2.198002993417813915e-11 1.079274725698195050e-11
8.750000000000000833e-03 5.047646854910389225e-01 1.204686542938784855e-01 2.762202323504708245e-11 1.278684681891775870e-11
9.000000000000001055e-03 4.559542551793801524e-01 1.476467247042715369e-01 3.680046148959224849e-11 1.517087485293298892e-11
9.250000000000001277e-03 3.975511895925870620e-01 1.782884120389470473e-01 5.068350585758984662e-11 1.721662062094623637e-11
9.500000000000001499e-03 3.319281665399982373e-01 2.015563754042672961e-01 7.305163430843068847e-11 1.664125713207309669e-11
9.750000000000001721e-03 2.643372658539311360e-01 2.256150960902564839e-01 1.080069073496941729e-10 8.240232160231350495e-12
1.000000000000000021e-02 2.014573695729709180e-01 2.496837433849870835e-01 1.427100368185737843e-10 8.366661635113121220e-13
