# time 1 2 D-1 D
0.000000000000000000e+00 9.999999612202207233e-01 1.220783286293617637e-08 1.196947122724794255e-35 6.163355653651263112e-35
2.500000000000000052e-04 9.990230653716973830e-01 4.301913541201449998e-06 3.462453349916026341e-27 1.949104580286391702e-25
5.000000000000000104e-04 9.958250071142499271e-01 9.232911562921699276e-05 7.398169780863867890e-23 1.053835213684329612e-21
7.500000000000001240e-04 9.897411637436616116e-01 6.462821710272030097e-04 2.936952083597721467e-20 1.755457823677276140e-19
1.000000000000000021e-03 9.793685420241691197e-01 2.820616920716956418e-03 2.146404229558149758e-18 6.857244964245597057e-18
1.250000000000000026e-03 9.618116782315350166e-01 9.325634947718904402e-03 6.087238886844945425e-17 1.182807403334582208e-16
1.500000000000000248e-03 9.321394110446570291e-01 2.502453434105822785e-02 9.086109564352166640e-16 1.197673710206661951e-15
1.750000000000000253e-03 8.850901041689007709e-01 5.467543450354171025e-02 8.468708050138798365e-15 8.368276424438096176e-15
2.000000000000000042e-03 8.206451382377879522e-01 9.624125394047593207e-02 5.416414993561272205e-14 4.515102134602574670e-14
2.250000000000000264e-03 7.477273487742794877e-01 1.347578783255910795e-01 2.517720764153139877e-13 2.056396920021570866e-13
2.500000000000000052e-03 6.784397114295158682e-01 1.529844964418937692e-01 8.593366977412948487e-13 8.416164896417149933e-13
2.750000000000000274e-03 6.201616686382928068e-01 1.521216063569737764e-01 2.093909289307786572e-12 3.146703913801800276e-12
3.000000000000000496e-03 5.744792328812461379e-01 1.449975094199358883e-01 3.479405705942860891e-12 1.015579933963517048e-11
3.250000000000000284e-03 5.399501281557803622e-01 1.372926233936460627e-01 3.695441045880776313e-12 2.674425205286735378e-11
3.500000000000000507e-03 5.143187778929201315e-01 1.307784679188464805e-01 2.050452441964822675e-12 5.755001252733809477e-11
3.749999999999999861e-03 4.954695897469101329e-01 1.045394011702560980e-02 2.425201908125819859e-14 1.056426611709101593e-10
4.000000000000000083e-03 4.816874508554856438e-01 7.479274346323603641e-03 2.151610827102126479e-12 1.719237465572719310e-10
4.250000000000000305e-03 4.716593046120250432e-01 6.386659326579366240e-03 1.216833722042353033e-09 2.551113190008328712e-10
4.500000000000000527e-03 4.644044789854613886e-01 5.913190807331708890e-03 1.566145166179361117e-09 3.522671749153135524e-10
4.750000000000000749e-03 4.591983550694076488e-01 5.471061673111513729e-03 1.871882604604915250e-09 4.595770765142250186e-10
5.000000000000000104e-03 4.555075576455356878e-01 5.020040925024653149e-03 2.163428821920949501e-09 5.730255486196027136e-10
5.250000000000000326e-03 4.529395673450502535e-01 4.776246837321323005e-03 2.432814629152736420e-09 6.888424973052770117e-10
5.500000000000000548e-03 4.512047812610113229e-01 4.512546757774072749e-03 2.679512574381759397e-09 8.037020527861831079e-10
5.750000000000000770e-03 4.500889101179804674e-01 4.261834518515585438e-03 2.900232996438714646e-09 9.147944894540131771e-10
6.000000000000000992e-03 4.494327662687385705e-01 4.081900743525187884e-03 3.092316620316151497e-09 1.019819926250973444e-09
6.250000000000000347e-03 4.491176198414267295e-01 3.904608872338938014e-03 3.264124314120675974e-09 1.116595260501306637e-09
6.500000000000000569e-03 4.490544439117702957e-01 3.757521939987812191e-03 3.416374515597241580e-09 1.202699220129910197e-09
6.750000000000000791e-03 4.491763389126661732e-01 3.625333982899988945e-03 3.547793815669625396e-09 1.277943233791769406e-09
7.000000000000001013e-03 4.494328336874970908e-01 3.495569786875539139e-03 3.662978161821116880e-09 1.345137644560792451e-09
7.250000000000001235e-03 4.497857423015551581e-01 3.358175214143669946e-03 3.768315680695114878e-09 1.396535770485097375e-09
7.499999999999999722e-03 4.502061355246749774e-01 3.265049533467378248e-03 3.873925524284131740e-09 1.425475811428780667e-09
7.750000000000000812e-03 4.506720741248251283e-01 3.169828317013444544e-03 3.970199838549287655e-09 1.443819492723342950e-09
8.000000000000000167e-03 4.511669128068778178e-01 3.072536593794402814e-03 4.074528014799940516e-09 1.436384940435808625e-09
8.250000000000000389e-03 4.516780745960984333e-01 3.011050459041411144e-03 4.189746583334726938e-09 1.402432649967768600e-09
8.500000000000000611e-03 4.521960992522402467e-01 2.932871825571036536e-03 4.317553065707882712e-09 1.342165165454639762e-09
8.750000000000000833e-03 4.527138642197350848e-01 2.862000057568425248e-03 4.485982298807493168e-09 1.229267551621106579e-09
9.000000000000001055e-03 4.532260374320650209e-01 2.794699086852884141e-03 4.710399758476437076e-09 1.049955256428297953e-09
9.250000000000001277e-03 4.537287835576546691e-01 2.735281304765614218e-03 5.010580508222830865e-09 7.859257785600410048e-10
9.500000000000001499e-03 4.542192854734084517e-01 2.680314941471324125e-03 5.395435980114531441e-09 4.293987265519470555e-10
9.750000000000001721e-03 4.546955590334451625e-01 2.625659350949447694e-03 5.759313197920620374e-09 8.704062937234212946e-11
1.000000000000000021e-02 4.551670347359021984e-01 2.587448614814619793e-03 5.827618762850093856e-09 3.324134849838064477e-11
