# time 1 2 D-1 D
0.000000000000000000e+00 9.999999495244074055e-01 6.106693177919521472e-09 6.329450479946307992e-35 4.892561886550276231e-36
1.250000000000000243e-03 9.999866202508823632e-01 6.712664763772274431e-09 1.117934645925691776e-29 6.319609095452373625e-32
2.500000000000000486e-03 9.997975502556623040e-01 4.905249137822469793e-08 3.677622057724714309e-25 9.471158419880715959e-27
3.750000000000000729e-03 9.990293458541151805e-01 3.267014635824546296e-07 4.259090020560529114e-25 3.370428202616314956e-27
5.000000000000000971e-03 9.970894858414522943e-01 1.648148974479201196e-06 3.480227418599693375e-22 4.346625647408497374e-23
6.250000000000000347e-03 9.932230201237350897e-01 6.853214452651719218e-06 3.488665136141454318e-21 4.740914702412213563e-22
7.500000000000001457e-03 9.864624526456253761e-01 2.614408391594835705e-05 1.941990807380575663e-20 3.473138594560205142e-21
8.750000000000000833e-03 9.754513431166201842e-01 9.416578475746155950e-05 9.158432452064180455e-20 2.089241174564128737e-20
1.000000000000000194e-02 9.580646704622259868e-01 3.279963208255009264e-04 4.152078107837803332e-19 1.031366851330917829e-19
1.125000000000000132e-02 9.306800326212495422e-01 1.144457092045504448e-03 2.215683081871833044e-18 4.138258796222634496e-19
1.250000000000000069e-02 8.868171431049114428e-01 3.990851503473097535e-03 1.985459578092848974e-17 1.361128855564965019e-18
1.375000000000000180e-02 8.133426339136479166e-01 1.500146268970721508e-02 5.943974573191139176e-17 3.661116316949794445e-18
1.500000000000000291e-02 6.843910072949901391e-01 5.299139436627388344e-02 2.055460907836776662e-16 7.605544432905802996e-18
1.625000000000000056e-02 4.777421203689430906e-01 1.392592017453147257e-01 6.312632190480554526e-16 1.094025425521386662e-17
1.750000000000000167e-02 2.839708800508425335e-01 1.957851971576655414e-01 1.704492694345648677e-15 7.806334436798757600e-18
1.875000000000000278e-02 1.733112947392787817e-01 1.755921719941233305e-01 4.009848848311151036e-15 2.511135345219014296e-20
2.000000000000000389e-02 1.154073538457156684e-01 1.281240925799606023e-01 8.375568061958720419e-15 3.508243772411574065e-17
2.125000000000000500e-02 8.155200648357921467e-02 8.704959593727742972e-02 1.576858350516207354e-14 2.654271890825185477e-16
2.250000000000000264e-02 5.986344854135858262e-02 5.877367029084484829e-02 2.739536678172780405e-14 1.039208612524854672e-15
2.375000000000000375e-02 4.527187518540831679e-02 4.047544710080293318e-02 4.347873794034695180e-14 2.909757508166311194e-15
2.500000000000000139e-02 3.486926379467741172e-02 2.885766319997144433e-02 6.411338544931415045e-14 6.683038439343453264e-15
2.625000000000000250e-02 2.719050435495217605e-02 2.137259249900805985e-02 9.274798289561335543e-14 1.327412111660222090e-14
2.750000000000000361e-02 2.143139873865927691e-02 1.637527339432658449e-02 1.259568790841738700e-13 2.344153272381730188e-14
2.875000000000000472e-02 1.710108938263845899e-02 1.286061287181579360e-02 1.612861579136535420e-13 3.781792278243269724e-14
3.000000000000000583e-02 1.381199110506765512e-02 1.029011604315416273e-02 2.021273963598507864e-13 5.726541034144276481e-14
3.125000000000000000e-02 1.115721128121098006e-02 8.474323671438396821e-03 2.553037786820338880e-13 8.096419375813316896e-14
3.250000000000000111e-02 9.107960993444392736e-03 7.049397136442914907e-03 3.054478525523158601e-13 1.096070334279979202e-13
3.375000000000000222e-02 7.402304771749557664e-03 6.011498951735931920e-03 3.539258194143616372e-13 1.420894549728127551e-13
3.500000000000000333e-02 6.063097658797646575e-03 5.153674476614193006e-03 4.139230432922815037e-13 1.774599768096182084e-13
3.625000000000000444e-02 4.952318855501608615e-03 4.483787830058072986e-03 4.697821388227297203e-13 2.167299675881105608e-13
3.750000000000000555e-02 4.028086429597487958e-03 3.950033690288310383e-03 5.301644990540852516e-13 2.574203469074613622e-13
3.875000000000000666e-02 3.261674409674896434e-03 3.512967957188712492e-03 5.892977932630806796e-13 2.955928293021467978e-13
4.000000000000000777e-02 2.614351766879684322e-03 3.160544671719715815e-03 6.386079052144939150e-13 3.377616367220066979e-13
4.125000000000000888e-02 2.110336751633296818e-03 2.830585488112892165e-03 6.942324625635253599e-13 3.822671261486179824e-13
4.250000000000000999e-02 1.680146993577042456e-03 2.563523376516253782e-03 7.492419602532859416e-13 4.248541584126036604e-13
4.375000000000000416e-02 1.320778622490979218e-03 2.339710293964443553e-03 8.123271933642118568e-13 4.550616450972129900e-13
4.500000000000000527e-02 1.024331706494561274e-03 2.148992812318091007e-03 8.559221040837874052e-13 4.829316174705570431e-13
4.625000000000000638e-02 7.881646935739824783e-04 1.978550338994790065e-03 9.087967562920798556e-13 5.349861804580665936e-13
4.750000000000000749e-02 5.966891183656875507e-04 1.831686082334223762e-03 9.462407045883042301e-13 5.724648559228145678e-13
4.875000000000000860e-02 4.401875832452684122e-04 1.706985387215395004e-03 9.837704976171190832e-13 5.854636233696649626e-13
5.000000000000000278e-02 3.330902105568783267e-04 1.580492345743369229e-03 1.025669124468031899e-12 6.019968625344063170e-13
