# lambda 1 2 D-1 D
0.000000000000000000e+00 -8.999999967300158943e+00 -7.000000021791878524e+00 7.000000024945038035e+00 8.999999964240238626e+00
2.500000000000000139e-02 -8.779414946597235314e+00 -6.897669923160705707e+00 6.897574193017174338e+00 8.779207783721012959e+00
5.000000000000000278e-02 -8.568646678074976819e+00 -6.803435711683420095e+00 6.802664896431441122e+00 8.566890467110084728e+00
7.500000000000001110e-02 -8.369509495444303226e+00 -6.718012151180055014e+00 6.715412282763724150e+00 8.363190745842951301e+00
1.000000000000000056e-01 -8.184400811960422573e+00 -6.642065061747995713e+00 6.635986455688124508e+00 8.168330738443732031e+00
1.250000000000000000e-01 -8.016520411907752219e+00 -6.576078165193150582e+00 6.564583085807413454e+00 7.982623854530348950e+00
1.500000000000000222e-01 -7.870128600829968235e+00 -6.520168165423731566e+00 6.501421220417702429e+00 7.806490727934333407e+00
1.750000000000000167e-01 -7.750753155006743000e+00 -6.473905429147466251e+00 6.446735983558019356e+00 7.640481869095957279e+00
2.000000000000000111e-01 -7.665106636365813131e+00 -6.436355427644109284e+00 6.400760353264747238e+00 7.485311305865188558e+00
2.250000000000000056e-01 -7.620331324937765771e+00 -6.406720687518053126e+00 6.363689323409477794e+00 7.341908283660735890e+00
2.500000000000000000e-01 -7.622389074869403203e+00 -6.385768616655807861e+00 6.335612595801494606e+00 7.211498576652264347e+00
2.750000000000000222e-01 -7.674238963854163487e+00 -6.377341368748112416e+00 6.316396774598581842e+00 7.095732577781278749e+00
3.000000000000000444e-01 -7.775084491397114661e+00 -6.389499381981277537e+00 6.305495164253079210e+00 6.996877964175878262e+00
3.250000000000000111e-01 -7.921174609057302973e+00 -6.453342446055051695e+00 6.301693344511557271e+00 6.918064141955261093e+00
3.500000000000000333e-01 -8.107311404905194863e+00 -6.613942012211307286e+00 6.302932972565509218e+00 6.863431776060117784e+00
3.750000000000000000e-01 -8.328080458501910144e+00 -6.821504032163833386e+00 6.306658258318767807e+00 6.837741998046711345e+00
4.000000000000000222e-01 -8.578506658081712644e+00 -7.058404289225832073e+00 6.311217539291492429e+00 6.844921761098204271e+00
4.250000000000000444e-01 -8.854284488097542649e+00 -7.318216896282244477e+00 6.317703752338575285e+00 6.886182390782421336e+00
4.500000000000000111e-01 -9.151789712955674005e+00 -7.596668065716947638e+00 6.330299291446547016e+00 6.959674394491235816e+00
4.750000000000000333e-01 -9.468004697157333283e+00 -7.890520735039167732e+00 6.354893210880746324e+00 7.061944878569278217e+00
5.000000000000000000e-01 -9.800421820186222988e+00 -8.197227868673474305e+00 6.397974059094444499e+00 7.189385206429644626e+00
5.250000000000000222e-01 -1.014695145146431088e+01 -8.514752016426003323e+00 6.467387075864611035e+00 7.338799549400775390e+00
5.500000000000000444e-01 -1.050584312561958633e+01 -8.841447022803423650e+00 6.570125919617174404e+00 7.507451474062149188e+00
5.750000000000000666e-01 -1.087562117728554334e+01 -9.175972695166693782e+00 6.698317798750510477e+00 7.692985493809883835e+00
6.000000000000000888e-01 -1.125503327759868277e+01 -9.517230571220116175e+00 6.840498398850881401e+00 7.893359361644856520e+00
6.250000000000000000e-01 -1.164300963043322312e+01 -9.864314568263150562e+00 6.992130668920317760e+00 8.106799942381279322e+00
6.500000000000000222e-01 -1.203863066145400573e+01 -1.021647270037419197e+01 7.151569528989083935e+00 8.331771215497683514e+00
6.750000000000000444e-01 -1.244110147312350811e+01 -1.057307700156662555e+01 7.318045993941050043e+00 8.566946438175046197e+00
7.000000000000000666e-01 -1.284973108442994594e+01 -1.093360005741748786e+01 7.491132304778320261e+00 8.811181824040785315e+00
7.250000000000000888e-01 -1.326391628031690750e+01 -1.129759580989956724e+01 7.670586438300697196e+00 9.063491689419114650e+00
7.500000000000000000e-01 -1.368312773679659955e+01 -1.166468561857841024e+01 7.856299290473334196e+00 9.323025672910812744e+00
7.750000000000000222e-01 -1.410689960195383819e+01 -1.203454518063454159e+01 8.048270351845452808e+00 9.589048491888529924e+00
8.000000000000000444e-01 -1.453482004986987874e+01 -1.240689599739399185e+01 8.246584962337497160e+00 9.860922387988427573e+00
8.250000000000000666e-01 -1.496652376121083527e+01 -1.278149728695471232e+01 8.451380056209389480e+00 1.013809216422522930e+01
8.500000000000000888e-01 -1.540168598993632720e+01 -1.315813945047992739e+01 8.662794255727240156e+00 1.042007257252613606e+01
8.750000000000000000e-01 -1.584001687603767472e+01 -1.353663969681599433e+01 8.880909067849424687e+00 1.070643775159909872e+01
9.000000000000000222e-01 -1.628125716798655276e+01 -1.391683726627007900e+01 9.105699728556899686e+00 1.099681240958119943e+01
9.250000000000000444e-01 -1.672517418724067895e+01 -1.429859076409022833e+01 9.337014703076341959e+00 1.129086446863274418e+01
9.500000000000000666e-01 -1.717155894352470824e+01 -1.468177447431028781e+01 9.574589760281682516e+00 1.158829892320418864e+01
9.750000000000000888e-01 -1.762022298455844194e+01 -1.506627667128880432e+01 9.818084361184897801e+00 1.188885270082536039e+01
1.000000000000000000e+00 -1.807099596693231547e+01 -1.545199787564047966e+01 1.006712069125739006e+01 1.219229034925713862e+01
