# time 1 2 D-1 D
0.000000000000000000e+00 9.999999693132008982e-01 1.272390109648267275e-08 4.871718787547887493e-34 6.112570624275895041e-35
1.250000000000000243e-03 9.994891708940053521e-01 5.154819558494799778e-07 2.110180963884173226e-17 8.151584319837974977e-23
2.500000000000000486e-03 9.978497515632333004e-01 9.884948735993558927e-06 6.578164858439497738e-15 3.934496917110492634e-19
3.750000000000000729e-03 9.949015364625146685e-01 6.506671962680500804e-05 1.995720301781953505e-13 6.199757442811520240e-17
5.000000000000000971e-03 9.904206037943283913e-01 2.740240623182997625e-04 2.314856314172019174e-12 2.322970398824025213e-15
6.250000000000000347e-03 9.840914510765654821e-01 9.026949746196358650e-04 1.550013481880175237e-11 3.846500102829581892e-14
7.500000000000001457e-03 9.754132517315554640e-01 2.529095009596843587e-03 7.156928853828788129e-11 3.671667634415275166e-13
8.750000000000000833e-03 9.635851259127866664e-01 6.228235645253325965e-03 2.484923394629657760e-10 2.300659563239806998e-12
1.000000000000000194e-02 9.475472348664430999e-01 1.358200777180209977e-02 6.844454126821006425e-10 1.011434006834822381e-11
1.125000000000000132e-02 9.265404584334820948e-01 2.602517744885422118e-02 1.535785643093044146e-09 3.231998378692276722e-11
1.250000000000000069e-02 9.012226986437092968e-01 4.344797818959565683e-02 2.887148408026669713e-09 7.657772188782420073e-11
1.375000000000000180e-02 8.742285421570642479e-01 6.324146453122567180e-02 4.672681862563444352e-09 1.361523601987263504e-10
1.500000000000000291e-02 8.490166842458277685e-01 8.088488753505013173e-02 6.724409742795913096e-09 1.818242033352019684e-10
1.625000000000000056e-02 8.280370539385786266e-01 5.795667391191974827e-02 8.930084200217156350e-09 1.776795623708892718e-10
1.750000000000000167e-02 8.120330603806258374e-01 2.378338066454186578e-02 1.136196427390017987e-08 1.124399004092887429e-10
1.875000000000000278e-02 8.005339380409746131e-01 1.716575445079363688e-02 1.425044810749567823e-08 2.748010662307309992e-11
2.000000000000000389e-02 7.925963824348083442e-01 1.498644700602360172e-02 1.806353829272861809e-08 4.396587931260107282e-12
2.125000000000000500e-02 7.872739197014333445e-01 1.417738166979877826e-02 2.345703868375544031e-08 1.023166509032134326e-10
2.250000000000000264e-02 7.837990924694074879e-01 1.374331887166157715e-02 3.134114085940287165e-08 3.130531657811384009e-10
2.375000000000000375e-02 7.816073927875617500e-01 1.351833563778693723e-02 4.237211952505117202e-08 5.936625955299516387e-10
2.500000000000000139e-02 7.803068858542253627e-01 1.337062197099463806e-02 5.521469140227921279e-08 9.074328183988746589e-10
2.625000000000000250e-02 7.796134236052988387e-01 1.327689622889355152e-02 5.972127728201099875e-08 1.231454655889760628e-09
2.750000000000000361e-02 7.793510382425893335e-01 1.316759961658563530e-02 4.367622826119346854e-08 1.550425651137086569e-09
2.875000000000000472e-02 7.793916281066848306e-01 1.307808421203260525e-02 2.979891610193234262e-08 1.852237002901521164e-09
3.000000000000000583e-02 7.796368225739993552e-01 1.299434758920050940e-02 2.367817044357520306e-08 2.127417920918859852e-09
3.125000000000000000e-02 7.800257243697699128e-01 1.290113968619096413e-02 2.009060159781980644e-08 2.369565442934205748e-09
3.250000000000000111e-02 7.805345964732299802e-01 1.278382542219067518e-02 1.828118321277450974e-08 2.575550102803625179e-09
3.375000000000000222e-02 7.810966205282388053e-01 1.267807603645265159e-02 1.623678370771596783e-08 2.745235349052496548e-09
3.500000000000000333e-02 7.816861280586763217e-01 1.258920715734673269e-02 1.481980821180758777e-08 2.880718877027992099e-09
3.625000000000000444e-02 7.823158761551727292e-01 1.249178960806793769e-02 1.240279808588891462e-08 2.985519432008098799e-09
3.750000000000000555e-02 7.829299850745615741e-01 1.242018957958284514e-02 1.023939389029109964e-08 3.063896924493316709e-09
3.875000000000000666e-02 7.836174837880064414e-01 1.228503586149661854e-02 8.037961892554800433e-09 3.120196884019311332e-09
4.000000000000000777e-02 7.842469848927079434e-01 1.220477950483419942e-02 5.783563800085342502e-09 3.158619572660788924e-09
4.125000000000000888e-02 7.848948571707873301e-01 1.210241866368541933e-02 3.805244527604716246e-09 3.183030917129246815e-09
4.250000000000000999e-02 7.855058971989378191e-01 1.202639137043684005e-02 2.403609435644514112e-09 3.196506440408118941e-09
4.375000000000000416e-02 7.860976767770427864e-01 1.196268106175949267e-02 1.160536288595020931e-09 3.202098106699980723e-09
4.500000000000000527e-02 7.866670670611075611e-01 1.190619822976997193e-02 4.638721798575075556e-10 3.201851982417458286e-09
4.625000000000000638e-02 7.872293686486938613e-01 1.184575577403486867e-02 1.656788867363125540e-10 3.197693133046930987e-09
4.750000000000000749e-02 7.877754058084717181e-01 1.178605561790108808e-02 3.235676722458276097e-11 3.191169672327730324e-09
4.875000000000000860e-02 7.883122018604165060e-01 1.172329434378247513e-02 3.414238617343316129e-11 3.183159575981746202e-09
5.000000000000000278e-02 7.888417343736893184e-01 1.165572295442970745e-02 6.940449275321941726e-11 3.173509887626593685e-09
