# time 1 2 D-1 D
0.000000000000000000e+00 9.999999594970963024e-01 1.852544931357549439e-08 1.328675958413817116e-35 2.302802616810477027e-34
2.500000000000000486e-03 9.951781807704881411e-01 1.679618994473996768e-03 3.849571472494122446e-25 2.345981907624314058e-26
5.000000000000000971e-03 9.776489264172630866e-01 8.643989085490667856e-03 1.436202243704210098e-21 2.955079753086342029e-24
7.500000000000001457e-03 9.414614085407111421e-01 2.502167329363760850e-02 1.735144551381660044e-19 3.624576564843562689e-21
1.000000000000000194e-02 8.790211796205571471e-01 5.607311761223399138e-02 5.236553984065615659e-18 5.155330999421556291e-19
1.250000000000000069e-02 7.830132025409723973e-01 1.070087159330630200e-01 7.380222514374902463e-17 1.542752628120634868e-17
1.500000000000000291e-02 6.522295016828051351e-01 1.759536022046883641e-01 6.726610943914809499e-16 2.099519629739479586e-16
1.750000000000000167e-02 4.998837112870296306e-01 2.448585706397478912e-01 4.528316997607219940e-15 1.713057450391496421e-15
2.000000000000000389e-02 3.528157898505349666e-01 2.725191076414697489e-01 2.509372276690434941e-14 9.540588806963317121e-15
2.250000000000000264e-02 2.344186187165178958e-01 2.128478367692675788e-01 1.223004095587500678e-13 3.823817599962841179e-14
2.500000000000000139e-02 1.511742414267921719e-01 1.190269857548039295e-01 5.460352619955423639e-13 1.077009960093168718e-13
2.750000000000000361e-02 9.703498195209520061e-02 6.562675191702418975e-02 2.232327665460701863e-12 1.757298411112042416e-13
3.000000000000000583e-02 6.297181994527779880e-02 3.973299017274908862e-02 8.377812629009817114e-12 3.681896652590259596e-14
3.250000000000000111e-02 4.165957975155593768e-02 2.562211807315518258e-02 2.737476842380014907e-11 1.167455738348900686e-12
3.500000000000000333e-02 2.820015611653040044e-02 1.730615621480063870e-02 7.211857327097797322e-11 2.350454309780790201e-11
3.750000000000000555e-02 1.955576436415546598e-02 1.209250824413452170e-02 1.454556614443739398e-10 1.717236616605534949e-10
4.000000000000000777e-02 1.389015861101902498e-02 8.719768100088761201e-03 2.248347846593666136e-10 8.011323919435304360e-10
4.250000000000000999e-02 1.009613191713949754e-02 6.454960279058574030e-03 2.812625199479900114e-10 2.869391156797293103e-09
4.500000000000000527e-02 7.500064447194705608e-03 4.889554373757250792e-03 2.863801264210537299e-10 8.686224232568326981e-09
4.750000000000000749e-02 5.686108856467618662e-03 3.790029359443862142e-03 2.487164624709544366e-10 2.320032853400588115e-08
5.000000000000000278e-02 4.393052978356431180e-03 2.989656858815416176e-03 1.457662336285089363e-10 5.614062720894642803e-08
5.250000000000000500e-02 3.453770005584584548e-03 2.412449069973334956e-03 9.082967792945994337e-11 1.250466836588255975e-07
5.500000000000000722e-02 2.759307426776579694e-03 1.969043253700361248e-03 3.226280372096318003e-11 2.595586939657312738e-07
5.750000000000000944e-02 2.237328761974690175e-03 1.634038918811736314e-03 2.057143194437565089e-12 5.067568189457793246e-07
6.000000000000001166e-02 1.838938114139789448e-03 1.369549641504015343e-03 1.920620335548959266e-10 9.376709112883029903e-07
6.250000000000000000e-02 1.530524079139427337e-03 1.166026414936493063e-03 6.939989322173266729e-10 1.654438134015544793e-06
6.500000000000000222e-02 1.288597068463728009e-03 1.003635142030624575e-03 2.578518296727611645e-09 2.797575621361662407e-06
6.750000000000000444e-02 1.096494765666233264e-03 8.729742949009144460e-04 5.205629767066798887e-09 4.552439231351463123e-06
7.000000000000000666e-02 9.422179733255741860e-04 7.679835066757834377e-04 3.324029082745264246e-05 7.153722120169628927e-06
7.250000000000000888e-02 8.170144584481712656e-04 6.793615676785735987e-04 4.316195558873190476e-05 1.088675722915491583e-05
7.500000000000001110e-02 7.144102765745339581e-04 6.035370039462475359e-04 5.474190035359657890e-05 1.608448786280467635e-05
7.750000000000001332e-02 6.295660194625004279e-04 5.415079758175995669e-04 6.793472718526248968e-05 2.311944883672849556e-05
8.000000000000001554e-02 5.588152062375787137e-04 4.901313413577806791e-04 8.267177965511808969e-05 3.239070668542615346e-05
8.250000000000001776e-02 4.993578765805846724e-04 4.449390096971082321e-04 9.884690405105033841e-05 4.430684579906765051e-05
8.500000000000001998e-02 4.490263686705441189e-04 4.066487640750855509e-04 1.158750450314589061e-04 5.926627031767626791e-05
8.750000000000000833e-02 4.061348858958455034e-04 3.747371645282836163e-04 1.337427205174170867e-04 7.763780262208296111e-05
9.000000000000001055e-02 3.693525090229652003e-04 3.462303792442817546e-04 1.529129528293530994e-04 9.974305890813635464e-05
9.250000000000001277e-02 3.376268502603583187e-04 3.212528294319705953e-04 1.721283275728573646e-04 1.258427881817380351e-04
9.500000000000001499e-02 3.101108872933437764e-04 2.991551227873471349e-04 1.919349038356398722e-04 1.561285322478641702e-04
9.750000000000001721e-02 2.861277353461992492e-04 2.796453270848265867e-04 2.123259813720068223e-04 1.907193974728986442e-04
1.000000000000000056e-01 2.651267554672212469e-04 2.615492879597326368e-04 2.323101079603591618e-04 2.296617761186170285e-04
