# time 1 2 D-1 D
0.000000000000000000e+00 9.999999491127833373e-01 1.967664777603620212e-08 1.376413197260442656e-35 2.891773500207926682e-36
5.000000000000000104e-04 9.999864717489114208e-01 1.218076183362500894e-05 1.527778553909372609e-31 6.235470911938954249e-33
1.000000000000000021e-03 9.996987005965415340e-01 2.757751967792801753e-04 4.208276862946538873e-28 3.211326644794571105e-29
1.500000000000000248e-03 9.979608758048297279e-01 1.862360498516701631e-03 8.000672490982625774e-27 1.795272369781559494e-29
2.000000000000000042e-03 9.918244047148776499e-01 7.257146642725795238e-03 5.830680181779704157e-26 3.036072074829729638e-28
2.500000000000000052e-03 9.765834882641905024e-01 1.949319736746655055e-02 2.225608552087391423e-25 6.044405470933740345e-27
3.000000000000000496e-03 9.483172277353322244e-01 2.760906978687390628e-02 6.151935662477738815e-25 3.191182061564627942e-26
3.500000000000000507e-03 9.075455338230321578e-01 1.969572655904902603e-02 1.361757587337511518e-24 9.409044588194033641e-26
4.000000000000000083e-03 8.590938358645899831e-01 2.532675625136756800e-02 2.598121221494135137e-24 4.868437385017557757e-25
4.500000000000000527e-03 8.082446852620337463e-01 3.617270914980930813e-02 4.182745029897462330e-24 7.225077318006638629e-24
5.000000000000000104e-03 7.583433750482017066e-01 5.068338945545153990e-02 3.538640828948290410e-24 1.005571709154130471e-22
5.500000000000000548e-03 7.111829242760547842e-01 6.694232879604680719e-02 8.290571215105897403e-25 8.598301116171520277e-22
6.000000000000000992e-03 6.679964314873667597e-01 8.234954957072763981e-02 4.835204058062248234e-23 4.564287308318880572e-21
6.500000000000000569e-03 6.297620102818879406e-01 9.423844031090926332e-02 3.898040327812634317e-22 1.582184512453339250e-20
7.000000000000001013e-03 5.970317084525693652e-01 1.015495697881938636e-01 1.141603163416217664e-20 3.741032808685458334e-20
7.499999999999999722e-03 5.698182492841887825e-01 1.045918969338163612e-01 4.426394393106503885e-20 6.078813556452161505e-20
8.000000000000000167e-03 5.476965830955665693e-01 1.042649100495841308e-01 1.075566240830562905e-19 5.651333365147139817e-20
8.500000000000000611e-03 5.300040908247305449e-01 1.020433690126307247e-01 1.905746838064732708e-19 1.405861275945248181e-20
9.000000000000001055e-03 5.160145497221807487e-01 9.872264284019183211e-02 2.562169759298658502e-19 2.636766647169446657e-20
9.500000000000001499e-03 5.050442148060160230e-01 9.456233954575769818e-02 2.394468996608195148e-19 3.791432078288674067e-19
1.000000000000000021e-02 4.964991800515247133e-01 8.989208175172036519e-02 1.667926460677167641e-19 1.565680462875856785e-18
1.050000000000000065e-02 4.898863582089413859e-01 8.498687602777114936e-02 5.720441569368369654e-20 4.176461537245784528e-18
1.100000000000000110e-02 4.848071325914418139e-01 7.935177644115284923e-02 6.700299658646437434e-21 9.176235621629006572e-18
1.150000000000000154e-02 4.809439984148163316e-01 7.364821373258538528e-02 4.530229916193238340e-20 1.597270226272587235e-17
1.200000000000000198e-02 4.780460935482275797e-01 6.788553556525207811e-02 1.983347920095849754e-19 2.619987329950783486e-17
1.250000000000000069e-02 4.759159186621157445e-01 6.203895282136395045e-02 7.560104456918205015e-19 3.546464799227555999e-17
1.300000000000000114e-02 4.743980862558052070e-01 5.642466342888844549e-02 1.529603474272763894e-18 4.647642581137229797e-17
1.350000000000000158e-02 4.733702049028733483e-01 5.093853146989876790e-02 3.263070687531811310e-18 5.341201231531801376e-17
1.400000000000000203e-02 4.727355726998411778e-01 4.620691383325235824e-02 8.335470564599475765e-18 5.854382782032626367e-17
1.450000000000000247e-02 4.724175620043793988e-01 4.161125673336902447e-02 1.051150690078805731e-17 8.980367987023121297e-17
1.499999999999999944e-02 4.723551815898965889e-01 3.770030163058565864e-02 1.166944287104606746e-14 1.308597037203639498e-16
1.550000000000000162e-02 4.724995998521757667e-01 3.440504226460172621e-02 2.118408729916422746e-14 2.092098753936112199e-16
1.600000000000000033e-02 4.728114839059550656e-01 3.135448663222530769e-02 3.435712761594235930e-14 4.043557364225850225e-16
1.650000000000000078e-02 4.732589256055189098e-01 2.865871395513091419e-02 5.167398472639285099e-14 8.217126421393709674e-16
1.700000000000000122e-02 4.738157643016702725e-01 2.627430724351825439e-02 7.143312368946791879e-14 1.466217299408610979e-15
1.750000000000000167e-02 4.744604047881512132e-01 2.415569144618946729e-02 9.213311195011474850e-14 2.617066498002817953e-15
1.800000000000000211e-02 4.751748275266157173e-01 2.238076460626611114e-02 1.121236184527850921e-13 4.439977230336338463e-15
1.850000000000000255e-02 4.759438443786230821e-01 2.084652383583594087e-02 1.289356342138664214e-13 6.714991445290574959e-15
1.900000000000000300e-02 4.767545511557815252e-01 1.935627804854912065e-02 1.390831091183597193e-13 9.281178875926129882e-15
1.950000000000000344e-02 4.775959926813507228e-01 1.819942219026697214e-02 1.419644043582607865e-13 1.219435608169290608e-14
2.000000000000000042e-02 4.784696905527246469e-01 1.701204716120714722e-02 1.363422976432099563e-13 1.429292855631222473e-14
