# time 1 2 D-1 D
0.000000000000000000e+00 9.999999491127833373e-01 1.967664777603620212e-08 1.376413197260442656e-35 2.891773500207926682e-36
5.000000000000000104e-04 9.999640127719623406e-01 3.359581788001303660e-05 1.438176373199442432e-31 5.282838489171316151e-33
1.000000000000000021e-03 9.992634491488269211e-01 6.888946054639025467e-04 6.392296249943788075e-28 5.574570104596178217e-29
1.500000000000000248e-03 9.953968061894438168e-01 4.257778478699313952e-03 1.198638159757539509e-26 4.678771389580779162e-29
2.000000000000000042e-03 9.828434602365656581e-01 1.529927995324190625e-02 7.594706880516826574e-26 3.567306753513185649e-28
2.500000000000000052e-03 9.537913216808724393e-01 3.825842879769844607e-02 2.460891229226191705e-25 7.020820600397839590e-27
3.000000000000000496e-03 9.027552957153480717e-01 5.116506186712202475e-02 6.164649029686716398e-25 3.491467413941591146e-26
3.500000000000000507e-03 8.320309057600113745e-01 3.431106094736346285e-02 1.464889997803597304e-24 1.101503001839790924e-25
4.000000000000000083e-03 7.506895041768748555e-01 4.075609271326208899e-02 4.585809423196144158e-24 4.534742619540897800e-25
4.500000000000000527e-03 6.682122896813428303e-01 5.351690353734449290e-02 7.883470966505209857e-23 4.799736395241786902e-24
5.000000000000000104e-03 5.906645579258330558e-01 6.904838566877231909e-02 6.301317754933517386e-22 8.216327245049468745e-23
5.500000000000000548e-03 5.210505661490884011e-01 8.438954785698450645e-02 4.808207267567781549e-21 1.093294046242435745e-21
6.000000000000000992e-03 4.606932791757651913e-01 9.666829768600082584e-02 1.942315011924282047e-20 8.833447559572696780e-21
6.500000000000000569e-03 4.099350795967819372e-01 1.036725362617421514e-01 3.869443504829950240e-20 8.994840645339695244e-20
7.000000000000001013e-03 3.683570463832154807e-01 1.053641043095268348e-01 3.315035669008811603e-20 3.337748484810769152e-19
7.499999999999999722e-03 3.349873987160948974e-01 1.029773844243290076e-01 1.468625841887367310e-19 1.479960997104056944e-18
8.000000000000000167e-03 3.085844700009296449e-01 9.796297857154800948e-02 5.246469946433765309e-19 4.968764785729654310e-18
8.500000000000000611e-03 2.878847701459728570e-01 9.199443182170524702e-02 3.059032560033080618e-18 1.354562800522375986e-17
9.000000000000001055e-03 2.717507630910965810e-01 8.581788558285539936e-02 1.209463589111783689e-17 3.430785004788417934e-17
9.500000000000001499e-03 2.592279448055672675e-01 7.958216804484988249e-02 4.448012431074923887e-17 7.488479615357700915e-17
1.000000000000000021e-02 2.495467035651671994e-01 7.349318104886159997e-02 1.234739408618175161e-16 1.650070913259199728e-16
1.050000000000000065e-02 2.420996648116206795e-01 6.770197366267322048e-02 3.240203463335195383e-16 3.164001024554031836e-16
1.100000000000000110e-02 2.364122291875114246e-01 6.169138721987840052e-02 7.167668382248000620e-16 6.371991559642856581e-16
1.150000000000000154e-02 2.321145990246681057e-01 5.598328198947897377e-02 1.531719284794502424e-15 1.138820283956626123e-15
1.200000000000000198e-02 2.289182622120116695e-01 5.052242850874594932e-02 2.933945604588965091e-15 1.958815836581593646e-15
1.250000000000000069e-02 2.265972486192427693e-01 4.524112687543501571e-02 5.374055366066650038e-15 2.862032673942997381e-15
1.300000000000000114e-02 2.249737116628814371e-01 4.035495551007435566e-02 1.048541558408617002e-14 3.406839635023416176e-15
1.350000000000000158e-02 2.239069591994636843e-01 3.574407441537898189e-02 1.592281310656714862e-14 4.053489406944501536e-15
1.400000000000000203e-02 2.232849408714988881e-01 3.185802267300808649e-02 2.662630669263390240e-14 3.829404743327217490e-15
1.450000000000000247e-02 2.230180726608245456e-01 2.818987423569612252e-02 4.200839110920308959e-14 2.794738119131840897e-15
1.499999999999999944e-02 2.230344087013674537e-01 2.512727878400598455e-02 3.841319721357573056e-12 1.495403923493494467e-15
1.550000000000000162e-02 2.232759030010174617e-01 2.258881447258297148e-02 4.238935450974984125e-12 3.805968839318001257e-16
1.600000000000000033e-02 2.236954869238315102e-01 2.028494729153954013e-02 4.530724305012795254e-12 1.305123597289441328e-16
1.650000000000000078e-02 2.242550388354379587e-01 1.828190818818725000e-02 4.677415721404693831e-12 1.521918720629397526e-15
1.700000000000000122e-02 2.249234570964281088e-01 1.653657106990670533e-02 4.669150322292627291e-12 4.623177396129055585e-15
1.750000000000000167e-02 2.256753101077566548e-01 1.500717509684161739e-02 4.509258027466309056e-12 8.841605443626901357e-15
1.800000000000000211e-02 2.264897789808466566e-01 1.373791021097326565e-02 4.228295619396312162e-12 1.352725579606549195e-14
1.850000000000000255e-02 2.273498147912301481e-01 1.265042798919771387e-02 3.839796986861448206e-12 1.597733664128937266e-14
1.900000000000000300e-02 2.282413413518105394e-01 1.160892866456454155e-02 3.374023632819687164e-12 1.513782436916338256e-14
1.950000000000000344e-02 2.291528475621665839e-01 1.080025030620457641e-02 2.883442322026932952e-12 1.176289347092256483e-14
2.000000000000000042e-02 2.300750843954500469e-01 9.983668347891433772e-03 2.391310829140845858e-12 5.621844374037158049e-15
