# time 1 2 D-1 D
0.000000000000000000e+00 9.999999354571790233e-01 8.072658329099703572e-09 7.671205534928576821e-36 1.873045211186584441e-36
2.500000000000000486e-03 9.999916273903669550e-01 6.695205621539043118e-06 1.707160206352452020e-30 1.007808197040915751e-32
5.000000000000000971e-03 9.998338682243529396e-01 1.356899287937223604e-04 1.674389635810135232e-27 6.741587152840233660e-29
7.500000000000001457e-03 9.989471104194466156e-01 8.835817704228770067e-04 1.723040896636564971e-25 1.074635657699695881e-26
1.000000000000000194e-02 9.958154459000055914e-01 3.582698855167055271e-03 1.336417233761865444e-24 9.556281108277326011e-27
1.250000000000000069e-02 9.871723987614727802e-01 1.127146763453397947e-02 6.481732560081442556e-24 1.851402596360533536e-26
1.500000000000000291e-02 9.670195838531734367e-01 2.953665690344000130e-02 2.108513393800659993e-23 1.325577623673932861e-25
1.750000000000000167e-02 9.265602826813614801e-01 6.677861736443442553e-02 5.527774904387772692e-23 9.906459771061017632e-25
2.000000000000000389e-02 8.576402537028986472e-01 1.290641406201998576e-01 1.189281374852597557e-22 6.725057179262557422e-24
2.250000000000000264e-02 7.606802099503019443e-01 2.006254178045432934e-01 2.363808023345136465e-22 4.368828854886614569e-23
2.500000000000000139e-02 6.492305171417825926e-01 2.143809211061974973e-01 4.780332110777406700e-22 3.234124037161008510e-22
2.750000000000000361e-02 5.420197341146315573e-01 1.744283429731897372e-01 1.453358885114281724e-21 2.565395324035358200e-21
3.000000000000000583e-02 4.513406775351653244e-01 1.407006221387429867e-01 1.024450899195531936e-20 1.778289760209623136e-20
3.250000000000000111e-02 3.803823736546142475e-01 1.192498171706580234e-01 1.190542171531786849e-19 9.162877513634772941e-20
3.500000000000000333e-02 3.270200676962258801e-01 1.032791722701696530e-01 1.294350676310376031e-18 3.193153570002330893e-19
3.750000000000000555e-02 2.875366832206282530e-01 9.182455524966184890e-02 1.187127719632872674e-17 6.833135004755126928e-19
4.000000000000000777e-02 2.584227587137594151e-01 8.328403956382939011e-02 9.831223697777006791e-17 7.469063493978778492e-19
4.250000000000000999e-02 2.368980448002890038e-01 7.685548466275098078e-02 7.595589102018875111e-16 9.419743363699458764e-19
4.500000000000000527e-02 2.209067090054325222e-01 7.067166916746175920e-02 4.145247299697950437e-15 1.170965810663723174e-17
4.750000000000000749e-02 2.089677151730351123e-01 2.107057794075210475e-02 1.292307903229716249e-14 8.452155739752739382e-17
5.000000000000000278e-02 2.000203682440270525e-01 1.740301911455583578e-02 3.205854248508703111e-14 3.893135814977283128e-16
5.250000000000000500e-02 1.933016077017587209e-01 1.628411521814807431e-02 2.258489656223802251e-13 1.321232436801486673e-15
5.500000000000000722e-02 1.882578429833142719e-01 1.480578766029298429e-02 4.215286268302451841e-13 3.687193329151186513e-15
5.750000000000000944e-02 1.844833422791996025e-01 1.392326195357139994e-02 7.327486089619331317e-13 8.788430739279105546e-15
6.000000000000001166e-02 1.816776579663308966e-01 1.316594552029981199e-02 1.199165938906774623e-12 1.866276258956497071e-14
6.250000000000000000e-02 1.796162864751399690e-01 1.235149237456672697e-02 1.809100872964392054e-12 3.573741427865827960e-14
6.500000000000000222e-02 1.781302903962412310e-01 1.187344025651910356e-02 2.630650899112671501e-12 6.287387936869180525e-14
6.750000000000000444e-02 1.770919067795686808e-01 1.133567802516847849e-02 3.592750009778298329e-12 1.029872657783692241e-13
7.000000000000000666e-02 1.764041133007247797e-01 1.088983798352745509e-02 4.697193812409447836e-12 1.581971861593062433e-13
7.250000000000000888e-02 1.759929530935983311e-01 1.052849554309333996e-02 5.998649471968699903e-12 2.305620226475870303e-13
7.500000000000001110e-02 1.758019765751236141e-01 1.018307934253811012e-02 7.369420642618092677e-12 3.218371722593492424e-13
7.750000000000001332e-02 1.757880191909367840e-01 9.847440676824747996e-03 8.787451304524976860e-12 4.304016845510526269e-13
8.000000000000001554e-02 1.759177452869971348e-01 9.611028258142705755e-03 1.023174932459973901e-11 5.556206846389563431e-13
8.250000000000001776e-02 1.761651651287543252e-01 9.339249822357681072e-03 1.162316852143848380e-11 6.966680594087714152e-13
8.500000000000001998e-02 1.765097444470500598e-01 9.159053316552319413e-03 1.305725044544979474e-11 8.496980522999869917e-13
8.750000000000000833e-02 1.769348782176726753e-01 8.939788939508143753e-03 1.439996080766762987e-11 1.011110382868730600e-12
9.000000000000001055e-02 1.774266589178246645e-01 8.779513503697700810e-03 1.554561118436735304e-11 1.180608927889284870e-12
9.250000000000001277e-02 1.779733374988579919e-01 8.616190847756673155e-03 1.672841054861384413e-11 1.352579562346466340e-12
9.500000000000001499e-02 1.785646312683559778e-01 8.475179194714920622e-03 1.765686226811899715e-11 1.524015104213059871e-12
9.750000000000001721e-02 1.791913712297584782e-01 8.373560108000286176e-03 1.859868588275161355e-11 1.693901460202350871e-12
1.000000000000000056e-01 1.798511002094795030e-01 8.240565673104912128e-03 1.933978728274984100e-11 1.858557606664226586e-12
