# time 1 2 D-1 D
0.000000000000000000e+00 9.999999583253467161e-01 2.964936242052814644e-09 3.664337333686243475e-35 3.868570275655379265e-38
2.500000000000000052e-04 9.999990321249324632e-01 3.786204484887798945e-08 1.349611386528154914e-33 7.784946666779502805e-35
5.000000000000000104e-04 9.999827619788753674e-01 1.049621755455139296e-06 1.064437044375829301e-29 1.515300737288122356e-30
7.500000000000001240e-04 9.999023557472316304e-01 8.003312252614829949e-06 2.321017212039090469e-27 3.536859175173573080e-28
1.000000000000000021e-03 9.996500438927281573e-01 3.652962099141766650e-05 1.802156170594337205e-29 7.042118866070767066e-29
1.250000000000000026e-03 9.990163571493326788e-01 1.301543814915170341e-04 1.770423984900944237e-25 7.551813319790595075e-26
1.500000000000000248e-03 9.976184744507327062e-01 3.946353175074301294e-04 1.078719881939265682e-24 4.990710906960320171e-25
1.750000000000000253e-03 9.947873099007553677e-01 1.056339362595894605e-03 3.771029728821082741e-24 2.216951172798300819e-24
2.000000000000000042e-03 9.894013388132957276e-01 2.604532571807934883e-03 1.117959029861246112e-23 9.069560052728733821e-24
2.250000000000000264e-03 9.796667917090990940e-01 5.944427702912420501e-03 2.783483950253990440e-23 3.574722304457396813e-23
2.500000000000000052e-03 9.628934979370425973e-01 1.268750259653183762e-02 5.605416558933627161e-23 1.479982937128916248e-22
2.750000000000000274e-03 9.354767736484695950e-01 2.515529918027843356e-02 4.034138956370639165e-23 6.615906583251606628e-22
3.000000000000000496e-03 8.935309146923751111e-01 4.605611331359440314e-02 2.113057873859724369e-21 3.177770091892112771e-21
3.250000000000000284e-03 8.350451495930558687e-01 7.650260402694625261e-02 1.716872916452312785e-19 1.573838210549171444e-20
3.500000000000000507e-03 7.623809137058893404e-01 1.137293127002935583e-01 1.002038979996866710e-18 7.615181901773320724e-20
3.749999999999999861e-03 6.836236257343948353e-01 1.502103134027730491e-01 4.562755778386788098e-18 3.431130897823979231e-19
4.000000000000000083e-03 6.078442384060545045e-01 1.775224927156883459e-01 1.740487629308211624e-17 1.396946109034625351e-18
4.250000000000000305e-03 5.413000429969826444e-01 1.903139665780035072e-01 5.635353803510822510e-17 5.075639113508186856e-18
4.500000000000000527e-03 4.859069219616029001e-01 1.829154396695809315e-01 1.561544105974390270e-16 1.645524213790521179e-17
4.750000000000000749e-03 4.407297618351983526e-01 1.398925084648392214e-01 3.726037920468456940e-16 4.795087174669017604e-17
5.000000000000000104e-03 4.036501627675281867e-01 5.734200067583965915e-02 7.720017333025456750e-16 1.268313946362777107e-16
5.250000000000000326e-03 3.722503008215105047e-01 1.333948242077141917e-02 1.397313602474551310e-15 3.085436772082612995e-16
5.500000000000000548e-03 3.440216423140595725e-01 1.880842796530672774e-03 2.225776605560581392e-15 6.901634116239894239e-16
5.750000000000000770e-03 3.162192154402947986e-01 1.089916478948313049e-04 3.126482913364526610e-15 1.447876884082345857e-15
6.000000000000000992e-03 2.857459515728481558e-01 3.765361725648450671e-03 3.877204967058927618e-15 2.861991796119131191e-15
6.250000000000000347e-03 2.499017145456727262e-01 1.332622989179599315e-02 4.254475397416577270e-15 5.333382266874593328e-15
6.500000000000000569e-03 2.092549868010580572e-01 2.774781174469935496e-02 4.115873243272781722e-15 9.428196668482296555e-15
6.750000000000000791e-03 1.689064672395499400e-01 4.264133099920484199e-02 3.465094873026000201e-15 1.584138148509379713e-14
7.000000000000001013e-03 1.349111881131263846e-01 5.238216589326289557e-02 2.470521675739805840e-15 2.550802845587936765e-14
7.250000000000001235e-03 1.092961725774822673e-01 5.603031784586466613e-02 1.479361118757816860e-15 3.918327863288375501e-14
7.499999999999999722e-03 9.085960486544036874e-02 5.735551859006443598e-02 7.777095695451056745e-16 5.779369253088599977e-14
7.750000000000000812e-03 7.763237510828575882e-02 5.694899993440833558e-02 3.292158790934867084e-16 8.214767477701686991e-14
8.000000000000000167e-03 6.798007331748338877e-02 5.847107013099456935e-02 2.215706332561431001e-16 1.125670319069592944e-13
8.250000000000000389e-03 6.075941819157021362e-02 5.466969870223421096e-02 2.145624389531258252e-16 1.490682497689037552e-13
8.500000000000000611e-03 5.520918428961758828e-02 5.320036496637495227e-02 6.752073626106969679e-16 1.904820491515318400e-13
8.750000000000000833e-03 5.082578660454804831e-02 5.078308757045346677e-02 1.624906769252231057e-15 2.358295952078268512e-13
9.000000000000001055e-03 4.727327603000727047e-02 4.955078685884668072e-02 3.035451023229057226e-15 2.837032747969068286e-13
9.250000000000001277e-03 4.432364242606135624e-02 4.877667546960322981e-02 4.627333811345633705e-15 3.329182162892575752e-13
9.500000000000001499e-03 4.182084552479418266e-02 4.755924320189226784e-02 6.614535339868172317e-15 3.819638021199796900e-13
9.750000000000001721e-03 3.969228363816275362e-02 4.719529587631699635e-02 7.826688834556774155e-15 4.310552533264693895e-13
1.000000000000000021e-02 3.775228689733648585e-02 4.654670282325194808e-02 6.730516814415002979e-15 4.803460940036788201e-13
