# time 1 2 D-1 D
0.000000000000000000e+00 9.999999788833829895e-01 7.678941438529363199e-09 7.640713280344867131e-37 2.730085629784763593e-34
5.000000000000000104e-04 9.995274124258937132e-01 5.856806063476704271e-06 5.794767050100667892e-18 3.377308739723898824e-24
1.000000000000000021e-03 9.979219582262337518e-01 1.156433239356335430e-04 1.820246813860985952e-15 1.246893217623202197e-20
1.500000000000000248e-03 9.946475519145208111e-01 7.124261459182449881e-04 5.649051588741879771e-14 1.655893854043603725e-18
2.000000000000000042e-03 9.886194494734473759e-01 2.715158833959100630e-03 6.729243872673993085e-13 5.363668552785693184e-17
2.500000000000000052e-03 9.779056820733128541e-01 7.866806489924426174e-03 4.730650731255946229e-12 7.913142218116286962e-16
3.000000000000000496e-03 9.595573830852041075e-01 1.880683021974381003e-02 2.372232135208928759e-11 7.068111750262402815e-15
3.500000000000000507e-03 9.299816231839349578e-01 3.872476387683886773e-02 9.366009898167130792e-11 4.456255237331146244e-14
4.000000000000000083e-03 8.863039785264215098e-01 6.962951491150852490e-02 3.100510570460177257e-10 2.179003666955526276e-13
4.500000000000000527e-03 8.284043134576579703e-01 1.104536286565627606e-01 8.931621752122656249e-10 8.806946751200142227e-13
5.000000000000000104e-03 7.599884130045470032e-01 1.543791604985823851e-01 2.309085108718733077e-09 3.082850974253462725e-12
5.500000000000000548e-03 6.872919898125294802e-01 1.855044528454823649e-01 5.446542162866964367e-09 9.658100316107520840e-12
6.000000000000000992e-03 6.164209391498891577e-01 1.795606060589197694e-01 1.188439933947540039e-08 2.784411824528412549e-11
6.500000000000000569e-03 5.515247192701188128e-01 1.427128460853699377e-01 2.430789138077919798e-08 7.454250579518017448e-11
7.000000000000001013e-03 4.945419714708300107e-01 1.040628270426459667e-01 4.680242688954031760e-08 1.895060261321130935e-10
7.499999999999999722e-03 4.458138427910385282e-01 7.542066786551238078e-02 8.534840394880637496e-08 4.536606776376404569e-10
8.000000000000000167e-03 4.047965738713747985e-01 5.625856043845824106e-02 1.480151897400454230e-07 9.117796273683790975e-10
8.500000000000000611e-03 3.705686731167207038e-01 4.365398741094736468e-02 2.450500140124229939e-07 1.396774393031993353e-09
9.000000000000001055e-03 3.421210129937912736e-01 3.541735421003588957e-02 3.895110578875432720e-07 6.177501575829097505e-10
9.500000000000001499e-03 3.184991631469180628e-01 2.974988159885440589e-02 5.894637178264717743e-07 4.037651711509367194e-09
1.000000000000000021e-02 2.988611617071626481e-01 2.565121983780884254e-02 7.796272748397371994e-07 9.294064328746728596e-08
1.050000000000000065e-02 2.824916391941513227e-01 2.265570265296251024e-02 9.210282554845433502e-07 3.255464939353894791e-07
1.100000000000000110e-02 2.687955782960874118e-01 2.020553809825084701e-02 1.166640747932951820e-06 5.714012625797655378e-07
1.150000000000000154e-02 2.572839772416380399e-01 1.825030348635144420e-02 1.573766502228125567e-06 7.985540799499881480e-07
1.200000000000000198e-02 2.475576422434895285e-01 1.667210700828896872e-02 2.170672335614500745e-06 1.007061354314012538e-06
1.250000000000000069e-02 2.392917668883778881e-01 1.531220736007846139e-02 2.977637973642682522e-06 1.208805016441310262e-06
1.300000000000000114e-02 2.322224521249215134e-01 1.417462146781825819e-02 4.047978847521198921e-06 1.391418300109192740e-06
1.350000000000000158e-02 2.261353585037321201e-01 1.314558599137148447e-02 5.419667296999640248e-06 1.569379519595503434e-06
1.400000000000000203e-02 2.208563774941856295e-01 1.228098236892672182e-02 7.155040929904878336e-06 1.729003258040253809e-06
1.450000000000000247e-02 2.162440349373624948e-01 1.148199165126454792e-02 9.415631010938413983e-06 1.878384652620704159e-06
1.499999999999999944e-02 2.121832895805655372e-01 1.076594238498377286e-02 1.221344006716038696e-05 2.010617134285929915e-06
1.550000000000000162e-02 2.085805518862521302e-01 1.009214508627028113e-02 1.593878272228413167e-05 2.128518409979604406e-06
1.600000000000000033e-02 2.053596305169464731e-01 9.539241897502886633e-03 2.084508565580462440e-05 2.233022760538355109e-06
1.650000000000000078e-02 2.024584403459633031e-01 9.018309895398356549e-03 2.751000054116355887e-05 2.325397255258590794e-06
1.700000000000000122e-02 1.998263337464605827e-01 8.541502239553631567e-03 3.737466176782710620e-05 2.407091883454719994e-06
1.750000000000000167e-02 1.974219337885426417e-01 8.125271547997664490e-03 5.212903318734608870e-05 2.479619307142703233e-06
1.800000000000000211e-02 1.952113726072664257e-01 7.771434275644108908e-03 7.489601485059443702e-05 2.544461254899408175e-06
1.850000000000000255e-02 1.931668685839287580e-01 7.441245844854411234e-03 1.115753086074110440e-04 2.603010086694214500e-06
1.900000000000000300e-02 1.912655691483116094e-01 7.119942607347966822e-03 1.658177757267674231e-04 2.656531863870925166e-06
1.950000000000000344e-02 1.894886149354465810e-01 6.864467799009044656e-03 2.282100652377526309e-04 2.706149073142276807e-06
2.000000000000000042e-02 1.878213280359089243e-01 6.597653989703839914e-03 2.829545410072827841e-04 2.752722901163204492e-06
