# time 1 2 D-1 D
0.000000000000000000e+00 9.999999596714415073e-01 2.096219463385295737e-08 7.393859466672189494e-35 1.249109684542533263e-35
1.250000000000000243e-03 9.987403323947636746e-01 1.336827690167761571e-06 2.213037786360528441e-26 5.387206585564335399e-24
2.500000000000000486e-03 9.946896427962290677e-01 3.079525224681479778e-05 5.977161036754139704e-22 2.929144300120117877e-20
3.750000000000000729e-03 9.873620108859347821e-01 2.266026291521630761e-04 2.271774855579843860e-19 4.872881210233437793e-18
5.000000000000000971e-03 9.760493057405648099e-01 1.061854367918421737e-03 1.567152057745117581e-17 1.857105686728642789e-16
6.250000000000000347e-03 9.594734984387337517e-01 3.865632871980932694e-03 4.086054030673892285e-16 2.979579092917911250e-15
7.500000000000001457e-03 9.352112607036847658e-01 1.166598645642110896e-02 5.548041523029487624e-15 2.593777282479249222e-14
8.750000000000000833e-03 8.998790963098253215e-01 2.913344770063442876e-02 4.583860683654010829e-14 1.400236744542969179e-13
1.000000000000000194e-02 8.524658671569232959e-01 5.915734995871820001e-02 2.544644715603487696e-13 5.205363374165698965e-13
1.125000000000000132e-02 7.989770242762580521e-01 9.740583213809791974e-02 1.011929036427133579e-12 1.504745382876604211e-12
1.250000000000000069e-02 7.495811604514264204e-01 1.335575271835832967e-01 2.980220758761291088e-12 3.894350385387880823e-12
1.375000000000000180e-02 7.106860891867498031e-01 1.533827783367643638e-01 6.412446919171267014e-12 1.010682755545931799e-11
1.500000000000000291e-02 6.829761531056407486e-01 1.421925857358963263e-01 8.764808641499619919e-12 2.684560017635705476e-11
1.625000000000000056e-02 6.642847452671868380e-01 1.091764922997887632e-01 4.337616420806639596e-12 6.577511465747468864e-11
1.750000000000000167e-02 6.520290363237190023e-01 8.700679401354131925e-02 8.866618462821775034e-13 1.302925890726397299e-10
1.875000000000000278e-02 6.441262862528090993e-01 7.682395292051293068e-02 3.656104702828797861e-11 2.094094212130579693e-10
2.000000000000000389e-02 6.391100127758430061e-01 6.867593576172424663e-02 1.362712380955280279e-10 2.934254644497812743e-10
2.125000000000000500e-02 6.360021531143739137e-01 6.193561882597777013e-02 2.578872469049945791e-10 3.777392665276021695e-10
2.250000000000000264e-02 6.341626703804076337e-01 5.670123225234333791e-02 3.613852826412308074e-10 4.593486814214546517e-10
2.375000000000000375e-02 6.331727826234778700e-01 5.233111153083019884e-02 4.461930686753577888e-10 5.363251301598822937e-10
2.500000000000000139e-02 6.327563262552670098e-01 4.935909100995535675e-02 5.155301952470669762e-10 6.081690677004730245e-10
2.625000000000000250e-02 6.327288066430570845e-01 1.996394991941197877e-02 5.732284951997934938e-10 6.752028004677769108e-10
2.750000000000000361e-02 6.329652708718292997e-01 1.712016206127340082e-02 6.245123304076101892e-10 7.348096810410354319e-10
2.875000000000000472e-02 6.333799643307170824e-01 1.616066131611413464e-02 6.670688230866181168e-10 7.902078031259907314e-10
3.000000000000000583e-02 6.339133354051257330e-01 1.468096508496872371e-02 7.044007480705941888e-10 8.393525503751410778e-10
3.125000000000000000e-02 6.345236728416597805e-01 1.385740223541230380e-02 7.349402200171151892e-10 8.855929068009016007e-10
3.250000000000000111e-02 6.351814083707374436e-01 1.302090385792164032e-02 7.635270064747444824e-10 9.250098924463105815e-10
3.375000000000000222e-02 6.358655905908285888e-01 1.247334701258866717e-02 7.873107324741630646e-10 9.606646652682446098e-10
3.500000000000000333e-02 6.365612229817204648e-01 1.199703738166207206e-02 8.075599808263939274e-10 9.929835640453184676e-10
3.625000000000000444e-02 6.372576758203747360e-01 1.152376107194152607e-02 8.258245973392274239e-10 1.021186019023337635e-09
3.750000000000000555e-02 6.379473876759480522e-01 1.127505899655508424e-02 8.407413359850590812e-10 1.046880997553405422e-09
3.875000000000000666e-02 6.386250426040491757e-01 1.093286858603150814e-02 8.558745193582408513e-10 1.067413079807416231e-09
4.000000000000000777e-02 6.392869872278973409e-01 1.070070698044234617e-02 8.666391099564984509e-10 1.088121746292859288e-09
4.125000000000000888e-02 6.399307375747979032e-01 1.057970275037715263e-02 8.782395516816674085e-10 1.103819600643612997e-09
4.250000000000000999e-02 6.405547388200947267e-01 1.035388058101942808e-02 8.880902948849463649e-10 1.118295457234952136e-09
4.375000000000000416e-02 6.411580861452872426e-01 1.022953806887854505e-02 8.965301564661230135e-10 1.130709195345498606e-09
4.500000000000000527e-02 6.417402811313128730e-01 1.011090672651599950e-02 9.035338433333745266e-10 1.142207361253359113e-09
4.625000000000000638e-02 6.423011801963074419e-01 1.000263319562521083e-02 9.108697977551543615e-10 1.150957589695347045e-09
4.750000000000000749e-02 6.428409628924977026e-01 1.003194738116047757e-02 9.161831137856318121e-10 1.159512529710028280e-09
4.875000000000000860e-02 6.433599698854978177e-01 9.965195540345592531e-03 9.219626517920601266e-10 1.165776026023833761e-09
5.000000000000000278e-02 6.438713709072793057e-01 9.901046102895452727e-03 9.261972378519554400e-10 1.171475963728861924e-09
