# time 1 2 D-1 D
0.000000000000000000e+00 9.999999498757317085e-01 2.545661692232476718e-08 6.245367621579605271e-36 2.593847671234382775e-36
5.000000000000000104e-04 9.988182763008668363e-01 7.777543808337338663e-06 2.248756176090650954e-29 5.988794240328784872e-35
1.000000000000000021e-03 9.948738958883305283e-01 1.646810939231332048e-04 5.380716244679013353e-25 1.199601929812581518e-29
1.500000000000000248e-03 9.870772798642365453e-01 1.094725526094267060e-03 2.336671472274931827e-22 2.117080463479449657e-26
2.000000000000000042e-03 9.731387736239164310e-01 4.550654318592556313e-03 1.920540349561663118e-20 4.299731524783730951e-24
2.500000000000000052e-03 9.485077255013217856e-01 1.457242661485414620e-02 6.343735825210737558e-19 2.628246989559446098e-22
3.000000000000000496e-03 9.051195099424130808e-01 3.879359842902838779e-02 1.174417165051744977e-17 7.308837582710967029e-21
3.500000000000000507e-03 8.318774902916605818e-01 8.813778923747514482e-02 1.454011282340530437e-16 1.139823769277797186e-19
4.000000000000000083e-03 7.216463338918773784e-01 1.690502440968459641e-01 1.340388480416851409e-15 1.088335626387964322e-18
4.500000000000000527e-03 5.844919754193778072e-01 2.675121157650325321e-01 9.853017474697180531e-15 6.092234922559019148e-18
5.000000000000000104e-03 4.476619334076653023e-01 3.214856098738127499e-01 6.034760016559916379e-14 1.223578425330682596e-17
5.500000000000000548e-03 3.341348124054798197e-01 2.033780919982098589e-01 3.175907242766683462e-13 2.963046674966241688e-17
6.000000000000000992e-03 2.500440474977948524e-01 1.000185217622668460e-01 1.459307770977578299e-12 5.226610397687013943e-15
6.500000000000000569e-03 1.908700611892469312e-01 5.331708443570198908e-02 5.811402313355266159e-12 1.680998868637269287e-13
7.000000000000001013e-03 1.497395240026676844e-01 3.253383777554019057e-02 1.915238725764994702e-11 2.586126336449059675e-12
7.499999999999999722e-03 1.209180823991643783e-01 2.273002982748420844e-02 5.285406113158514740e-11 1.782462026377101530e-11
8.000000000000000167e-03 1.003651035327615265e-01 1.755006001335783147e-02 1.413081538220113165e-10 6.462895553072759682e-11
8.500000000000000611e-03 8.539600602471729418e-02 1.457229898670260419e-02 3.706252379129776993e-10 1.660337473678009921e-10
9.000000000000001055e-03 7.425418915050711888e-02 1.268665473754621541e-02 8.982233642745417409e-10 3.556078507825057380e-10
9.500000000000001499e-03 6.578533518694885951e-02 1.141102664234552519e-02 1.983940848379180885e-09 6.686619560217836069e-10
1.000000000000000021e-02 5.922072489850539745e-02 1.051827622784497727e-02 4.018336410987780556e-09 1.142117923632875115e-09
1.050000000000000065e-02 5.403949498931418655e-02 9.842085079260383396e-03 7.516120748027596644e-09 1.806963644163859509e-09
1.100000000000000110e-02 4.988202613342994363e-02 9.324372401777086469e-03 1.314091290646606460e-08 2.686905395305383129e-09
1.150000000000000154e-02 4.649538843442270475e-02 8.919042928987486185e-03 2.175591634068336421e-08 3.795968237029438591e-09
1.200000000000000198e-02 4.369826974877329129e-02 8.585117718349140337e-03 3.444195292049221334e-08 5.138819825168292987e-09
1.250000000000000069e-02 4.135871561826985621e-02 8.303420198399141458e-03 5.256594447149271028e-09 6.711876111159076937e-09
1.300000000000000114e-02 3.937871117402187704e-02 8.069614170161443223e-03 3.728904260194822303e-09 8.504948314057682175e-09
1.350000000000000158e-02 3.768527234922850605e-02 7.867911414963582595e-03 4.134098875389581054e-09 1.050315692697289752e-08
1.400000000000000203e-02 3.622176050759912808e-02 7.691960892963061423e-03 4.421855431642796807e-09 1.268874660317218533e-08
1.450000000000000247e-02 3.494571643142794365e-02 7.532683142922839449e-03 4.567088432300537380e-09 1.504261801489316038e-08
1.499999999999999944e-02 3.382334811726527002e-02 7.392786369039948055e-03 4.851289872876705191e-09 1.754557084815980117e-08
1.550000000000000162e-02 3.282819633941477105e-02 7.271883511024295615e-03 4.909273234534603354e-09 2.017920042435253399e-08
1.600000000000000033e-02 3.193936267654558930e-02 7.157919173685401565e-03 4.927586260935263161e-09 2.292630426905186689e-08
1.650000000000000078e-02 3.113997557199530211e-02 7.051876472593948675e-03 4.788309815117799292e-09 2.577135968394182048e-08
1.700000000000000122e-02 3.041653554400315304e-02 6.963197595548879272e-03 4.762403536508567896e-09 2.870062339550157587e-08
1.750000000000000167e-02 2.975774686597485591e-02 6.873874976242410131e-03 4.785468778048692063e-09 3.170202635129472879e-08
1.800000000000000211e-02 2.915523476628600202e-02 6.798953637313174397e-03 4.704937519449275767e-09 3.476517771907189246e-08
1.850000000000000255e-02 2.860129790818485840e-02 6.727127017387128476e-03 4.411183766444465160e-09 3.788115738301426376e-08
1.900000000000000300e-02 2.808903022907234884e-02 6.662701592215815490e-03 4.333809696614600240e-09 4.104241812275369430e-08
1.950000000000000344e-02 2.761417260212424563e-02 6.599785291165600684e-03 4.290869892249010838e-09 4.424224891022433781e-08
2.000000000000000042e-02 2.717209927193203756e-02 6.544040684175174948e-03 4.041231746524355658e-09 4.747512353758466962e-08
