# time 1 2 D-1 D
0.000000000000000000e+00 9.999999788833829895e-01 7.678941438529363199e-09 7.640713280344867131e-37 2.730085629784763593e-34
1.250000000000000243e-03 9.995335515147686367e-01 3.001051625714653676e-07 5.788705834438069447e-18 3.664551490175966337e-23
2.500000000000000486e-03 9.980431899810158214e-01 6.230165566012201409e-06 1.803375965728847194e-15 1.817460449517347432e-19
3.750000000000000729e-03 9.953964083338229241e-01 4.026234195023967795e-05 5.455833034713469541e-14 2.925242529347997359e-17
5.000000000000000971e-03 9.914810370098425807e-01 1.636292646969971106e-04 6.140552519029059722e-13 1.108179534285017179e-15
6.250000000000000347e-03 9.862265276043151729e-01 5.142551233564448794e-04 3.881812358454723446e-12 1.823323804522699472e-14
7.500000000000001457e-03 9.796228496930653451e-01 1.351747799033705018e-03 1.629926843700727115e-11 1.682891556302205377e-13
8.750000000000000833e-03 9.717403048522383902e-01 3.081474087498460145e-03 4.903557128536731591e-11 9.819417654027732268e-13
1.000000000000000194e-02 9.627774098738318687e-01 6.135013218607840088e-03 1.104831696457341539e-10 3.851831256764349099e-12
1.125000000000000132e-02 9.531534202555463908e-01 1.072399957331733773e-02 1.919534299919358383e-10 1.056006968260755997e-11
1.250000000000000069e-02 9.435349712330117766e-01 1.643256980678183335e-02 2.671845947825496214e-10 2.100731854202952528e-11
1.375000000000000180e-02 9.346563377650717319e-01 2.163197625125090617e-02 3.104964181242748405e-10 3.178236962126090391e-11
1.500000000000000291e-02 9.270406479257484733e-01 2.296986283641623897e-02 3.161252670131677972e-10 3.887188120302256728e-11
1.625000000000000056e-02 9.208748577016167003e-01 1.993177070980146903e-02 2.975931680704670736e-10 4.130636698220184607e-11
1.750000000000000167e-02 9.160836358087013354e-01 1.573530663046100730e-02 2.690821526532643552e-10 4.140162589977764878e-11
1.875000000000000278e-02 9.124666796343404718e-01 1.227775068544724804e-02 2.415924573566247098e-10 4.210752940203568429e-11
2.000000000000000389e-02 9.097985568692145142e-01 9.824867020693848693e-03 2.207317274821421677e-10 4.478498169177556556e-11
2.125000000000000500e-02 9.078756398478112777e-01 8.150235693389724576e-03 2.093467718904332625e-10 4.966116374692986842e-11
2.250000000000000264e-02 9.065297641307782373e-01 7.036788082875002417e-03 2.140176675258730485e-10 5.163829648880805022e-11
2.375000000000000375e-02 9.056271948976909458e-01 6.257783007339374169e-03 2.488100461722032666e-10 3.740333904492917756e-11
2.500000000000000139e-02 9.050633206055590518e-01 5.683130175559125176e-03 3.139539723347218702e-10 6.544882656269831328e-12
2.625000000000000250e-02 9.047567168465799892e-01 5.260319569265660931e-03 3.660581981421901572e-10 1.163221629382736599e-12
2.750000000000000361e-02 9.046442042496311009e-01 4.898322222762032871e-03 4.166324349541556634e-10 7.794476946460541799e-12
2.875000000000000472e-02 9.046768196331854694e-01 4.603720306605755923e-03 4.774130456937402780e-10 1.278513618903027525e-11
3.000000000000000583e-02 9.048166855112550477e-01 4.363874758790233996e-03 5.478497052970208652e-10 1.529483381791574812e-11
3.125000000000000000e-02 9.050345543391761227e-01 4.150957276335909274e-03 6.255491072097004270e-10 1.688654814453327836e-11
3.250000000000000111e-02 9.053079481814497731e-01 3.972678806654964499e-03 7.108144488670550942e-10 1.741535214954838214e-11
3.375000000000000222e-02 9.056195620943123803e-01 3.805702767926421887e-03 8.030533763357366024e-10 1.793663683295232173e-11
3.500000000000000333e-02 9.059561949578107676e-01 3.667551759596599827e-03 9.017843566686050942e-10 1.802681334100227374e-11
3.625000000000000444e-02 9.063077685324602006e-01 3.535246613607390294e-03 1.015917195262380406e-09 1.807895156112283386e-11
3.750000000000000555e-02 9.066666601143725801e-01 3.415074755725700049e-03 1.136047047816185809e-09 1.793866789481258391e-11
3.875000000000000666e-02 9.070271500923315910e-01 3.297088589484597956e-03 1.280789708265234989e-09 1.769483048805279042e-11
4.000000000000000777e-02 9.073849477803110908e-01 3.204368379385874252e-03 1.449669590336728945e-09 1.739814027909702818e-11
4.125000000000000888e-02 9.077369335505166559e-01 3.113354736570567594e-03 1.656379528410751328e-09 1.704959628267536916e-11
4.250000000000000999e-02 9.080808149754121539e-01 3.027930424469940825e-03 1.937886387776992700e-09 1.668864993484367662e-11
4.375000000000000416e-02 9.084150200512954854e-01 2.953813087600385291e-03 2.316302895130121432e-09 1.630126962870529078e-11
4.500000000000000527e-02 9.087384343000197706e-01 2.892376346649616885e-03 2.834408528781132207e-09 1.591918910579650897e-11
4.625000000000000638e-02 9.090503998708048261e-01 2.832874694522519339e-03 3.564965352289814308e-09 1.554103013757106902e-11
4.750000000000000749e-02 9.093505087155794309e-01 2.771135333402164041e-03 4.454954915822977999e-09 1.516340946278532804e-11
4.875000000000000860e-02 9.096386129139242271e-01 2.725210301429832963e-03 5.200891848960907282e-09 1.480776028636675294e-11
5.000000000000000278e-02 9.099189057525253199e-01 2.671224995989527652e-03 5.560265964340649357e-09 1.445058398663397813e-11
