# time 1 2 D-1 D
0.000000000000000000e+00 9.999999645968563611e-01 1.117816868819237734e-08 3.673511681815805919e-35 8.443722858750342619e-36
1.250000000000000243e-03 9.984239365414355749e-01 4.815633727115016055e-05 1.125475318681007817e-23 9.363886606052521827e-26
2.500000000000000486e-03 9.936925502398122889e-01 2.225120258456221784e-04 7.675393290302185349e-20 7.999702350279199391e-22
3.750000000000000729e-03 9.857441914872100419e-01 5.997327002675098421e-04 1.686819822628867526e-17 2.257220452144407926e-19
5.000000000000000971e-03 9.744162999865906283e-01 1.270953678197313426e-03 9.190332049232056544e-16 1.612220541108920223e-17
6.250000000000000347e-03 9.594038847117024593e-01 2.502619552899958220e-03 2.344443406889994044e-14 5.501312403070110575e-16
7.500000000000001457e-03 9.401986078887464293e-01 4.499289466459302674e-03 3.692770919327478647e-13 1.183394765638327881e-14
8.750000000000000833e-03 9.159954647800425676e-01 7.743181456458951388e-03 4.120462616648164044e-12 1.843347209143637695e-13
1.000000000000000194e-02 8.855488333626297948e-01 1.297101399569798932e-02 3.516976078811477556e-11 2.225704708503823406e-12
1.125000000000000132e-02 8.469554929939325794e-01 2.131481469610906412e-02 2.369006222291741509e-10 2.135395287404146645e-11
1.250000000000000069e-02 7.973636530066490202e-01 3.446125306105743413e-02 1.287995688393277688e-09 1.625361028226103625e-10
1.375000000000000180e-02 7.327288412475237989e-01 5.464238993811085937e-02 5.681516315302276885e-09 9.720626198459433384e-10
1.500000000000000291e-02 6.481819429155230017e-01 8.458737170365242253e-02 2.039602569946361246e-08 4.567182496872590485e-09
1.625000000000000056e-02 5.405878230052684197e-01 1.239579732741962342e-01 6.134962080347492785e-08 1.713915363313486826e-08
1.750000000000000167e-02 4.149795852065886748e-01 1.638849383964824935e-01 1.571598680725698753e-07 5.284950074482039578e-08
1.875000000000000278e-02 2.897418547954239143e-01 1.865862983825967991e-01 3.618069321407855281e-07 1.382173671877574861e-07
2.000000000000000389e-02 1.870798218173517491e-01 1.791058576305502581e-01 7.618718184856640314e-07 3.156858466403922279e-07
2.125000000000000500e-02 1.159708065330090354e-01 1.489968059502314313e-01 1.583002975170655558e-06 6.453783960856820190e-07
2.250000000000000264e-02 7.148451293538427009e-02 1.126172904728679064e-01 3.515474366646927371e-06 1.204701554198649138e-06
2.375000000000000375e-02 4.476622854414259722e-02 8.159242006364662847e-02 5.370834460359282958e-06 2.086016799954447812e-06
2.500000000000000139e-02 2.876468367826265360e-02 5.815626312277141774e-02 6.285774513877360330e-06 3.392932165180653335e-06
2.625000000000000250e-02 1.902407863215577546e-02 4.138078411692237141e-02 8.433140557172943207e-06 5.235860857362561355e-06
2.750000000000000361e-02 1.294818288058829578e-02 2.970083060277798823e-02 1.121783058486196568e-05 7.727434327681710350e-06
2.875000000000000472e-02 9.054682872913643807e-03 2.156270697130861433e-02 1.490578585710541528e-05 1.097822023764541265e-05
3.000000000000000583e-02 6.491899449129220553e-03 1.582150378662930748e-02 1.916645405309497048e-05 1.509303243353394625e-05
3.125000000000000000e-02 4.761479842684759531e-03 1.173621231290809634e-02 2.407907676598726506e-05 2.016798236168928718e-05
3.250000000000000111e-02 3.565060397538978836e-03 8.749116370040548041e-03 3.011296989285150357e-05 2.628831712748809461e-05
3.375000000000000222e-02 2.719614943215353884e-03 6.534731581864130882e-03 3.691197559684275201e-05 3.352699737743979676e-05
3.500000000000000333e-02 2.110134497996680840e-03 4.832069229703201373e-03 4.506159694374375875e-05 4.194392867074725760e-05
3.625000000000000444e-02 1.662665459276995578e-03 3.496515014555152175e-03 5.473270674086145514e-05 5.158576235061950295e-05
3.750000000000000555e-02 1.328610523983984708e-03 2.482358163437464130e-03 6.502149524430459056e-05 6.248613670774807907e-05
3.875000000000000666e-02 1.075381137227739408e-03 1.739412991812568565e-03 7.680365659572629239e-05 7.466621454080700124e-05
4.000000000000000777e-02 8.807088407060356151e-04 1.229420883378786085e-03 8.873661123167449899e-05 8.813550792167002370e-05
4.125000000000000888e-02 7.291093667357740477e-04 9.064407549641918587e-04 1.028535031738958999e-04 1.028928814693145626e-04
4.250000000000000999e-02 6.096400683717551408e-04 6.894409609741109814e-04 1.189248430333246693e-04 1.189275189868461557e-04
4.375000000000000416e-02 5.144510188680948828e-04 5.464886962650851139e-04 1.366520343656085225e-04 1.362200392072815121e-04
4.500000000000000527e-02 4.378320848432702998e-04 4.469389216357986258e-04 1.539062034199672720e-04 1.547437017899023061e-04
4.625000000000000638e-02 3.755753881999617134e-04 3.725029199822928530e-04 1.739780998340216989e-04 1.744652720388720647e-04
4.750000000000000749e-02 3.245424885773359617e-04 3.193203662603454561e-04 1.940761632731956667e-04 1.953460389258832920e-04
4.875000000000000860e-02 2.823662322045165604e-04 2.795890277333172797e-04 2.176793161918348684e-04 2.173431291332782579e-04
5.000000000000000278e-02 2.472436350950699222e-04 2.458831143605030183e-04 2.425360672463611048e-04 2.404088112216555301e-04
