# time 1 2 D-1 D
0.000000000000000000e+00 9.999999868307001272e-01 2.410336320990678566e-09 8.666919848612727934e-35 2.666961583145605470e-34
1.250000000000000243e-03 9.980956800352984715e-01 1.329331535703889487e-05 4.593582029353378203e-17 1.071615828889534550e-19
2.500000000000000486e-03 9.924676562169451044e-01 6.722952142627862241e-05 2.411119677783198934e-14 1.836005208469127558e-16
3.750000000000000729e-03 9.831993479161050820e-01 1.940496230226537429e-04 1.211479594319443747e-12 1.822307893666130841e-14
5.000000000000000971e-03 9.703121637942635491e-01 4.447073002854574388e-04 2.286076152462172168e-11 5.716579023293017391e-13
6.250000000000000347e-03 9.537462559116228755e-01 9.105426314424870269e-04 2.486453073893991774e-10 9.596615305589227562e-12
7.500000000000001457e-03 9.333289781274392016e-01 1.750211339156266437e-03 1.881227265186478194e-09 1.079963370003251730e-10
8.750000000000000833e-03 9.087168135764315258e-01 3.247143328197827500e-03 1.089359614923049302e-08 9.060349007903117600e-10
1.000000000000000194e-02 8.792848115955521626e-01 5.913433602646823127e-03 5.096080912325676448e-08 5.936054307791913277e-09
1.125000000000000132e-02 8.439135054727786578e-01 1.070874405492875346e-02 1.991677712559696677e-07 3.086556443186895953e-08
1.250000000000000069e-02 8.005866484314442255e-01 1.943645300774353782e-02 6.623379429080644102e-07 1.283916059890743893e-07
1.375000000000000180e-02 7.457050347317661920e-01 3.542275863047859852e-02 1.880639946032643697e-06 4.335044371836929240e-07
1.500000000000000291e-02 6.733616201466277040e-01 6.424683960675606209e-02 4.551236787564009885e-06 1.216855501930508035e-06
1.625000000000000056e-02 5.766839008399261557e-01 1.123770364997501991e-01 9.522546659256996411e-06 2.921133794276973690e-06
1.750000000000000167e-02 4.559853443082261260e-01 1.790038264536739088e-01 1.829124627241266474e-05 6.162232820348084057e-06
1.875000000000000278e-02 3.307621284965444053e-01 2.440477770382748768e-01 3.537890013765091873e-05 1.169442468301362290e-05
2.000000000000000389e-02 2.277122701358001988e-01 2.804103245625568785e-01 7.601654732489047288e-05 2.035186935458773024e-05
2.125000000000000500e-02 1.560310839899862745e-01 2.794468125322849272e-01 8.182939179671325583e-05 3.298266519254732909e-05
2.250000000000000264e-02 1.091587865190002393e-01 2.503695594339845343e-01 1.087845536876043585e-04 5.038868608483707435e-05
2.375000000000000375e-02 7.855687013695437926e-02 2.081471880398285956e-01 1.424522236215893694e-04 7.327889244341238189e-05
2.500000000000000139e-02 5.810951402222332141e-02 1.581935554667314725e-01 1.834851109763167008e-04 1.022386819654413318e-04
2.625000000000000250e-02 4.404437198644060164e-02 2.345553394148663234e-02 2.306607740094889251e-04 1.377143757212627396e-04
2.750000000000000361e-02 3.409357101957678771e-02 1.157891056434423235e-02 2.841829218590936294e-04 1.800101270676823372e-04
2.875000000000000472e-02 2.687330031421068799e-02 8.150642785062122558e-03 3.428901288795467290e-04 2.292939330276421415e-04
3.000000000000000583e-02 2.151626590510034159e-02 6.464796099206884111e-03 4.068024473330799197e-04 2.856096848828316905e-04
3.125000000000000000e-02 1.746317274421988613e-02 5.416626858004757426e-03 4.765707872258343782e-04 3.488926524642223053e-04
3.250000000000000111e-02 1.434345048403372520e-02 4.727752546802969219e-03 5.504667808866614293e-04 4.189863007197304110e-04
3.375000000000000222e-02 1.190566624763184957e-02 4.223628654110640757e-03 6.299039632909370513e-04 4.956591388359849913e-04
3.500000000000000333e-02 9.975149449888844055e-03 3.841196869814475067e-03 7.124790433845175699e-04 5.786207314918642187e-04
3.625000000000000444e-02 8.429489097356818866e-03 3.532434908298970420e-03 7.995739999843935047e-04 6.675361957705654896e-04
3.750000000000000555e-02 7.175088992930587183e-03 3.282240624641267167e-03 8.906919777910731395e-04 7.620387673288621638e-04
3.875000000000000666e-02 6.152444415908254853e-03 3.068064287412099883e-03 9.836547120781599304e-04 8.617408274891871431e-04
4.000000000000000777e-02 5.310286828576317800e-03 2.887306634980319701e-03 1.081502700751960609e-03 9.662434009282269091e-04
4.125000000000000888e-02 4.609549515827989809e-03 2.728727035848616846e-03 1.181687064552210641e-03 1.075143228399906602e-03
4.250000000000000999e-02 4.023839456777284808e-03 2.587552418490680385e-03 1.282949911529340315e-03 1.188038841641297222e-03
4.375000000000000416e-02 3.530075757841549637e-03 2.463042577936567015e-03 1.386952926736639141e-03 1.304536061939872305e-03
4.500000000000000527e-02 3.114179472987442087e-03 2.347977110738577386e-03 1.493204818386125723e-03 1.424251570372307620e-03
4.625000000000000638e-02 2.758000932190161902e-03 2.243634344523526020e-03 1.601573806065001871e-03 1.546814727026102820e-03
4.750000000000000749e-02 2.456989935099170540e-03 2.144583198256460981e-03 1.711511536878218293e-03 1.671869940371337963e-03
4.875000000000000860e-02 2.197927298416273156e-03 2.053427340141363890e-03 1.820745705163181235e-03 1.799078040142430574e-03
5.000000000000000278e-02 1.974633137436355209e-03 1.969807811860214107e-03 1.936004701439406625e-03 1.928114100504166708e-03
