# lambda 1 2 D-1 D
0.000000000000000000e+00 -8.999999966048353173e+00 -7.000000007711811634e+00 7.000000009913037502e+00 8.999999969529998367e+00
2.500000000000000139e-02 -8.778671695225730431e+00 -6.896712470053342869e+00 6.896767551115297934e+00 8.778678183817424596e+00
5.000000000000000278e-02 -8.565071190121164690e+00 -6.798786163594009224e+00 6.799245015054655283e+00 8.565125980525424509e+00
7.500000000000001110e-02 -8.359841134206257962e+00 -6.706252437109858633e+00 6.707858346208606548e+00 8.360037025431411806e+00
1.000000000000000056e-01 -8.163724676436098449e+00 -6.619091992886799503e+00 6.623018002502409018e+00 8.164219048866774742e+00
1.250000000000000000e-01 -7.977580092412745572e+00 -6.537229728324643219e+00 6.545083047543499788e+00 7.978615528221375541e+00
1.500000000000000222e-01 -7.802390711302818360e+00 -6.460551090646195149e+00 6.474323704176512706e+00 7.804328833461484649e+00
1.750000000000000167e-01 -7.639263324380531017e+00 -6.388944050306440303e+00 6.410875540629971781e+00 7.642642409329278408e+00
2.000000000000000111e-01 -7.489404831088078751e+00 -6.322387798292096406e+00 6.354690680123500357e+00 7.495036436416610215e+00
2.250000000000000056e-01 -7.354064790945137986e+00 -6.261122295366686075e+00 6.305498818919144099e+00 7.363185705728794161e+00
2.500000000000000000e-01 -7.234434781785353152e+00 -6.205952050235850948e+00 6.262802128940201385e+00 7.248919689665857646e+00
2.750000000000000222e-01 -7.131508910811385604e+00 -6.158743440571408101e+00 6.225940407907140539e+00 7.154116187916274683e+00
3.000000000000000444e-01 -7.045933640729204583e+00 -6.123010323291365964e+00 6.194264593019019216e+00 7.080503559677582714e+00
3.250000000000000111e-01 -6.977896967127795946e+00 -6.103664590757107433e+00 6.167433802834439760e+00 7.029382913526772469e+00
3.500000000000000333e-01 -6.927104995860231540e+00 -6.104444730786793727e+00 6.145848809953882608e+00 7.001354419625501535e+00
3.750000000000000000e-01 -6.892858890280420425e+00 -6.125389499552367667e+00 6.132196973982065202e+00 6.996186326052113102e+00
4.000000000000000222e-01 -6.874199100233754578e+00 -6.164107595694684250e+00 6.164743908072114920e+00 7.012915990400664157e+00
4.250000000000000444e-01 -6.870061486609802870e+00 -6.217959736093069623e+00 6.246165075829287261e+00 7.050132469048147499e+00
4.500000000000000111e-01 -6.879401877093322071e+00 -6.284790466207880399e+00 6.343386167070192982e+00 7.106294446800703213e+00
4.750000000000000333e-01 -6.901273155666238779e+00 -6.362932671743248392e+00 6.452793429853509011e+00 7.179963051012714814e+00
5.000000000000000000e-01 -6.934860709355065822e+00 -6.451095347930749568e+00 6.572175347857328376e+00 7.269912943143857831e+00
5.250000000000000222e-01 -6.979490594091322109e+00 -6.548266960346426302e+00 6.699748890454891637e+00 7.375143536499601638e+00
5.500000000000000444e-01 -7.034625742425387074e+00 -6.653639047303467891e+00 6.834101329039398820e+00 7.494828995107067016e+00
5.750000000000000666e-01 -7.099858676289011683e+00 -6.766549671449812564e+00 6.974225129014419267e+00 7.628242657908213431e+00
6.000000000000000888e-01 -7.174912576915485118e+00 -6.886426206275300999e+00 7.119643328396373150e+00 7.774685065433745379e+00
6.250000000000000000e-01 -7.259654151286090595e+00 -7.012736519497062559e+00 7.270935481476202611e+00 7.933436831102179454e+00
6.500000000000000222e-01 -7.354127739169033617e+00 -7.144927306023285851e+00 7.433234239209284056e+00 8.103745705613476957e+00
6.750000000000000444e-01 -7.458614008929442818e+00 -7.282350879699395207e+00 7.627214093718734489e+00 8.284843448924624099e+00
7.000000000000000666e-01 -7.573696967820396253e+00 -7.424193859672016060e+00 7.850534152450771685e+00 8.475978926515860934e+00
7.250000000000000888e-01 -7.700242188602642202e+00 -7.569503572143345238e+00 8.086675050325522918e+00 8.676453022385922864e+00
7.500000000000000000e-01 -7.839061945902876971e+00 -7.717534572198779586e+00 8.331330730205479540e+00 8.885646271200656088e+00
7.750000000000000222e-01 -7.990239780642976797e+00 -7.868439293993795047e+00 8.582846444597514335e+00 9.103036440592177314e+00
8.000000000000000444e-01 -8.152845227029523301e+00 -8.023566126762290196e+00 8.840108047971305893e+00 9.328207144230326264e+00
8.250000000000000666e-01 -8.325534778319884310e+00 -8.184860292334938947e+00 9.102175500197308367e+00 9.560849229834307295e+00
8.500000000000000888e-01 -8.507257421932379771e+00 -8.354141568394570783e+00 9.368183245724793551e+00 9.800756158809129204e+00
8.750000000000000000e-01 -8.697495702762646275e+00 -8.532829713982829745e+00 9.637310761362941847e+00 1.004780915621877035e+01
9.000000000000000222e-01 -8.896242607952579817e+00 -8.721938513210915289e+00 9.908781310158985889e+00 1.030195148940294558e+01
9.250000000000000444e-01 -9.103934805951348963e+00 -8.922127790907291356e+00 1.018188557351679613e+01 1.056314682770152835e+01
9.500000000000000666e-01 -9.321359209185962058e+00 -9.133750538506324901e+00 1.045602233982558538e+01 1.083132525638433385e+01
9.750000000000000888e-01 -9.549402692035336315e+00 -9.356868309187657218e+00 1.073074236054030806e+01 1.110632930322522327e+01
1.000000000000000000e+00 -9.788578170483841490e+00 -9.591213949203609701e+00 1.100577540355634554e+01 1.138787893764288128e+01
