# time 1 2 D-1 D
0.000000000000000000e+00 9.999999811347727308e-01 6.651105268715970453e-09 5.897455158075416427e-35 5.230949861159178555e-34
1.250000000000000243e-03 9.999994196406754021e-01 2.970734683117505619e-07 1.225400672969709242e-21 5.211546263417382586e-23
2.500000000000000486e-03 9.999888757999498834e-01 6.490465764400180560e-06 1.588035958516403177e-20 1.094688495639245564e-21
3.750000000000000729e-03 9.999263881797609832e-01 4.806608029956508982e-05 1.223340957733831136e-19 1.849942697467820494e-21
5.000000000000000971e-03 9.996865659633421552e-01 2.258229214970795503e-04 7.277456550420122410e-19 3.985097970271663382e-22
6.250000000000000347e-03 9.989528331002996975e-01 8.180070156558499244e-04 4.844715563288153634e-18 5.564955551340637883e-20
7.500000000000001457e-03 9.970407179949081211e-01 2.462315105303621802e-03 3.547405543299482109e-17 2.981467021958939980e-18
8.750000000000000833e-03 9.927734969228515505e-01 6.290935689936445752e-03 2.272663996156806246e-16 6.698927839362826414e-17
1.000000000000000194e-02 9.848288471459009097e-01 1.360036694565060038e-02 1.230318906557257420e-15 9.375416803894424248e-16
1.125000000000000132e-02 9.729025117359857422e-01 2.463860897588407775e-02 5.777994051171429948e-15 8.665215188565507817e-15
1.250000000000000069e-02 9.587074594832067920e-01 3.738073572773513431e-02 2.287190285953844640e-14 5.481981196487864016e-14
1.375000000000000180e-02 9.451092399393179466e-01 4.718035152246367187e-02 7.619891996927583523e-14 2.402050589196739978e-13
1.500000000000000291e-02 9.341954391480969955e-01 4.435014575468923526e-02 2.204183129973811367e-13 7.465317497396530318e-13
1.625000000000000056e-02 9.265060161707057151e-01 2.849537601678647086e-02 5.884591536191959011e-13 1.686347649731299219e-12
1.750000000000000167e-02 9.215616699734665573e-01 1.917674606744821167e-02 1.489592114403782963e-12 2.804872764305757413e-12
1.875000000000000278e-02 9.185846214739450399e-01 1.510481210708365836e-02 3.475902447367737981e-12 3.344753067631818030e-12
2.000000000000000389e-02 9.168870640671289429e-01 1.301700975363719731e-02 6.803829629732932671e-12 2.759939915276775443e-12
2.125000000000000500e-02 9.159763657346219334e-01 1.181685175132126536e-02 1.078726135572615920e-11 1.625914523162711774e-12
2.250000000000000264e-02 9.155345170656621345e-01 1.099894797582203453e-02 1.487197491048338223e-11 7.128543355497476431e-13
2.375000000000000375e-02 9.153669115263017853e-01 1.038170613858674027e-02 1.937046838235048831e-11 2.274303116586113083e-13
2.500000000000000139e-02 9.153574637695824912e-01 9.944290816495345020e-03 2.507640863611393670e-11 9.398280416334481509e-14
2.625000000000000250e-02 9.154373295248368070e-01 9.561796563613491826e-03 3.287955352416382420e-11 2.313755877005625179e-13
2.750000000000000361e-02 9.155655227961387865e-01 9.253497471367498270e-03 4.369849377487659710e-11 5.575507761199605696e-13
2.875000000000000472e-02 9.157174362783744304e-01 8.966726586515622044e-03 5.838813679512100624e-11 1.006013400860256342e-12
3.000000000000000583e-02 9.158781662126387335e-01 8.679682271739368182e-03 6.477142356865880589e-11 1.520691123260160987e-12
3.125000000000000000e-02 9.160386774168930435e-01 8.431281593833188023e-03 7.838364310311770834e-13 2.055352433617143033e-12
3.250000000000000111e-02 9.161935753546130989e-01 8.101633156030796368e-03 5.317439168389363726e-13 2.573505415081852213e-12
3.375000000000000222e-02 9.163397808685199708e-01 7.934306122556739407e-03 4.371205291046080894e-13 3.050460333881031609e-12
3.500000000000000333e-02 9.164756777346878547e-01 7.536635314724988988e-03 3.425986059103958372e-13 3.463437200073582352e-12
3.625000000000000444e-02 9.166006769339035687e-01 7.236870475404420106e-03 2.545436457601260095e-13 3.809202968103819938e-12
3.750000000000000555e-02 9.167148015450007348e-01 6.897193352009120017e-03 1.897041098318605652e-13 4.076963658207698532e-12
3.875000000000000666e-02 9.168185410164232385e-01 6.517201586501881160e-03 1.285549425049029365e-13 4.272831344168750338e-12
4.000000000000000777e-02 9.169126432670133831e-01 6.141509203800418239e-03 8.072890999796032849e-14 4.402183683016714035e-12
4.125000000000000888e-02 9.169980088824623010e-01 5.535924556392298780e-03 5.873997717300732723e-14 4.464656469068133202e-12
4.250000000000000999e-02 9.170756458258093602e-01 5.306438705303889204e-03 5.829774251084273625e-14 4.482867409038685327e-12
4.375000000000000416e-02 9.171465455306188064e-01 5.108801795918801840e-03 6.603012086146059572e-14 4.447207824511443570e-12
4.500000000000000527e-02 9.172116993358913062e-01 4.782120659142544312e-03 9.145694010426648897e-14 4.385774418606443903e-12
4.625000000000000638e-02 9.172720161109307879e-01 4.653815764635096074e-03 1.247889484975980140e-13 4.292842329146202271e-12
4.750000000000000749e-02 9.173283128369398298e-01 4.365283752322307934e-03 1.730042188181824540e-13 4.176766412603238575e-12
4.875000000000000860e-02 9.173813045423242496e-01 4.121839231143020928e-03 2.219857906302562014e-13 4.044727572692298656e-12
5.000000000000000278e-02 9.174329539330345895e-01 4.355278378951699635e-03 2.725600338373501930e-13 3.906025496975549694e-12
