# time 1 2 D-1 D
0.000000000000000000e+00 9.999999353951344316e-01 4.651734931357417223e-08 3.769957319880929359e-35 2.348215269660603681e-35
2.500000000000000486e-03 9.999969802078384484e-01 2.311261974000327509e-06 3.540494558329033811e-30 9.541409936631712119e-30
5.000000000000000971e-03 9.999372331519186252e-01 5.194668029078105127e-05 1.327454782211491809e-28 6.583416251885143977e-27
7.500000000000001457e-03 9.995699127253030447e-01 3.747798721478119211e-04 4.754908450334397634e-27 2.704606698475006660e-26
1.000000000000000194e-02 9.981579997422298511e-01 1.663564218524298021e-03 8.424144146257790993e-27 9.503671956264559861e-25
1.250000000000000069e-02 9.940468229024170821e-01 5.502459995810204604e-03 7.204465468046007271e-26 1.042518527244067327e-23
1.500000000000000291e-02 9.844886557364076474e-01 1.447806730139374921e-02 2.686263561608175394e-24 4.978053472491918914e-23
1.750000000000000167e-02 9.667048937575576373e-01 3.085246836315803584e-02 2.507303540505654207e-22 2.986390804385978794e-23
2.000000000000000389e-02 9.404145080398642609e-01 5.301347655092274180e-02 8.155440551735232796e-21 1.394286295789022112e-21
2.250000000000000264e-02 9.091844707709474394e-01 6.940071678395992594e-02 1.413701736251262168e-19 4.966277473642146381e-20
2.500000000000000139e-02 8.782332386882129027e-01 5.077784087480403941e-02 1.453969900622833519e-18 5.401569461911224455e-19
2.750000000000000361e-02 8.513128801034660631e-01 2.678871573671368425e-02 9.122128977817793597e-18 3.031909308290069869e-18
3.000000000000000583e-02 8.298023757554880975e-01 1.792759313324820969e-02 3.467756710100711869e-17 1.012629302869821137e-17
3.250000000000000111e-02 8.134892740357776431e-01 1.430166856857489205e-02 7.586692154629269278e-17 2.170983596063032726e-17
3.500000000000000333e-02 8.015121809234090344e-01 1.273508945595242317e-02 8.645187732965592690e-17 3.143203675163925351e-17
3.750000000000000555e-02 7.929106606593468998e-01 1.193994351492018782e-02 5.040615739659189463e-17 3.091182778497611634e-17
4.000000000000000777e-02 7.868475895929372133e-01 1.158531416824096043e-02 3.378510660522927589e-17 1.791593738253919797e-17
4.250000000000000999e-02 7.826624924483556178e-01 1.137319374606477092e-02 4.847147798091842044e-17 2.067921609660101293e-18
4.500000000000000527e-02 7.798574555783007733e-01 1.128347249154238417e-02 3.817494461644405820e-16 1.066812888373220011e-17
4.750000000000000749e-02 7.780640716463524953e-01 1.123764986580220830e-02 1.756037702676978432e-15 9.828404199738305850e-17
5.000000000000000278e-02 7.770105608839411593e-01 1.121238441394634654e-02 4.477888933556301783e-15 3.706663638123537157e-16
5.250000000000000500e-02 7.764954012824865082e-01 1.113215130650268420e-02 8.593075663456934809e-15 1.071803784353126456e-15
5.500000000000000722e-02 7.763678993035897369e-01 1.108274371594578610e-02 3.416735134909465262e-14 2.830558705465490081e-15
5.750000000000000944e-02 7.765143953166845359e-01 1.095087553527643830e-02 7.937409394558443947e-14 7.147779441152428418e-15
6.000000000000001166e-02 7.768486022932018509e-01 1.081183352285143041e-02 1.620369474871186906e-13 1.708010498889011993e-14
6.250000000000000000e-02 7.773050597110202631e-01 1.067037963299747629e-02 3.017701451555246251e-13 3.791472420061539448e-14
6.500000000000000222e-02 7.778343353449376218e-01 1.051195112911678699e-02 5.110355439018961531e-13 7.754254048833382984e-14
6.750000000000000444e-02 7.783995530918952355e-01 1.034172254714839541e-02 7.990299967125811656e-13 1.463506825777377641e-13
7.000000000000000666e-02 7.789737766932841589e-01 1.017110741108999752e-02 1.164272801564250688e-12 2.566206198904398022e-13
7.250000000000000888e-02 7.795379462003926285e-01 1.001525614227126784e-02 1.595701320160305897e-12 4.217852743293677732e-13
7.500000000000001110e-02 7.800792077814797665e-01 9.813539198301317670e-03 2.072491283054563492e-12 6.557544578418401794e-13
7.750000000000001332e-02 7.805895595319193303e-01 9.668975370042416639e-03 2.562523278008129279e-12 9.742783760135010620e-13
8.000000000000001554e-02 7.810646315605157541e-01 9.477418233607634579e-03 3.033675061882072284e-12 1.384563515404612730e-12
8.250000000000001776e-02 7.815028513422328516e-01 9.311576731321736036e-03 3.426668369644919804e-12 1.922284844982100803e-12
8.500000000000001998e-02 7.819045908861668170e-01 9.159722629756112192e-03 3.704650683331292405e-12 2.598066783618178931e-12
8.750000000000000833e-02 7.822715337949056602e-01 9.032822292228926200e-03 3.825154033775235612e-12 3.430467159781095293e-12
9.000000000000001055e-02 7.826061436019187134e-01 8.894813386832484126e-03 3.697374836732004395e-12 4.490426257011460084e-12
9.250000000000001277e-02 7.829112738783815528e-01 8.763147059490199869e-03 3.282723461755393612e-12 5.801331226423460482e-12
9.500000000000001499e-02 7.831900244977749725e-01 8.641283315480257840e-03 2.529353463228383320e-12 7.402828802484341232e-12
9.750000000000001721e-02 7.834454146987765988e-01 8.525177135633848005e-03 1.599986118305563402e-12 9.125462780796711046e-12
1.000000000000000056e-01 7.836848330688666042e-01 8.398388682970117647e-03 7.357300471791156614e-13 1.072361432133511436e-11
