# time 1 2 D-1 D
0.000000000000000000e+00 9.999999712945626396e-01 1.528345166891987168e-08 6.338265539633774243e-35 7.675978110869537427e-36
2.500000000000000486e-03 9.999992688193175550e-01 5.860955603351359720e-07 9.177417823316765969e-22 3.531977880688045755e-23
5.000000000000000971e-03 9.999855270914118632e-01 1.202325912765045545e-05 1.489689661212348856e-20 8.964649600933353599e-22
7.500000000000001457e-03 9.999041406983898428e-01 8.222675626736869741e-05 1.744286934130026278e-19 1.761690650683881395e-21
1.000000000000000194e-02 9.995999845186012145e-01 3.531876655456474886e-04 1.014066584482055662e-18 4.016251050781302985e-22
1.250000000000000069e-02 9.987156251320580269e-01 1.162022321942025958e-03 6.101287188048169769e-18 1.087814237045497600e-19
1.500000000000000291e-02 9.965624875447501863e-01 3.169803811771792698e-03 4.315760403225575224e-17 4.740156647865816855e-18
1.750000000000000167e-02 9.920836887482111788e-01 7.402910122687033669e-03 2.954997214869086564e-16 9.415162315530225769e-17
2.000000000000000389e-02 9.841658413379293924e-01 1.491311246641185972e-02 1.763799710400067296e-15 1.167276266455309323e-15
2.250000000000000264e-02 9.724310290830598946e-01 2.593613315892423499e-02 8.684341794336527644e-15 1.005074311331368984e-14
2.500000000000000139e-02 9.579542061119810104e-01 3.884042968345256114e-02 3.436853970296932668e-14 6.161770096618389088e-14
2.750000000000000361e-02 9.429554083046388646e-01 4.961129386470178315e-02 1.069274800852252042e-13 2.751290987484247871e-13
3.000000000000000583e-02 9.295872172350777562e-01 5.131326270024026692e-02 2.637773756093079966e-13 9.116070183616004188e-13
3.250000000000000111e-02 9.190230965655665774e-01 3.912560500059900082e-02 5.310740299240495543e-13 2.294137793457064463e-12
3.500000000000000333e-02 9.114205268735591225e-01 2.460684447236138536e-02 9.293716922418254548e-13 4.493143956350149478e-12
3.750000000000000555e-02 9.063509967310281468e-01 1.688958027041218696e-02 1.540265088325413413e-12 6.997123915934256209e-12
4.000000000000000777e-02 9.032060473394840638e-01 1.321525102203650187e-02 2.620540863064273445e-12 8.749324981743752479e-12
4.250000000000000999e-02 9.014200874026878640e-01 1.106229807910843847e-02 4.783572011775753627e-12 8.582874561088740178e-12
4.500000000000000527e-02 9.005477286131371439e-01 9.795188310188572556e-03 8.841157661749337761e-12 6.022287678654897183e-12
4.750000000000000749e-02 9.002669279210139264e-01 8.852472846002507750e-03 1.484347861654811861e-11 2.568396048623584369e-12
5.000000000000000278e-02 9.003557777909820814e-01 8.228130833529249261e-03 2.326914017786122061e-11 6.564568420521864557e-13
5.250000000000000500e-02 9.006654238019345948e-01 7.722976337123921980e-03 3.852950263496277136e-11 8.420577326406041567e-13
5.500000000000000722e-02 9.010977592986598728e-01 7.339155025319408013e-03 6.974817914614640674e-11 2.766502664724360861e-12
5.750000000000000944e-02 9.015888437573064129e-01 7.046138410799754857e-03 1.320940618806179710e-10 5.980969827355958221e-12
6.000000000000001166e-02 9.020975233227966905e-01 6.770003799874238157e-03 2.475082116079678642e-10 1.021730929902315686e-11
6.250000000000000000e-02 9.025977759019896407e-01 6.568276052268043688e-03 4.433145165256075585e-10 1.521682118123124652e-11
6.500000000000000222e-02 9.030737015950992541e-01 6.390742168942344960e-03 7.491557317796104625e-10 2.068407575182063626e-11
6.750000000000000444e-02 9.035161378585437886e-01 6.241278074616876323e-03 1.192208976927614597e-09 2.631643184143444079e-11
7.000000000000000666e-02 9.039204748469850115e-01 6.117000858652947397e-03 1.791962916748850213e-09 3.183653367782077632e-11
7.250000000000000888e-02 9.042851698000536897e-01 5.996235552836546440e-03 2.557139923359224491e-09 3.698794185394765391e-11
7.500000000000001110e-02 9.046107203287112597e-01 5.900543148818781364e-03 3.480289950662970546e-09 4.157415971040426367e-11
7.750000000000001332e-02 9.048990040596630591e-01 5.822922556691917731e-03 4.536936221039610070e-09 4.548517223258283275e-11
8.000000000000001554e-02 9.051526672033824994e-01 5.749526168618045337e-03 5.689520874293077267e-09 4.859903883245182680e-11
8.250000000000001776e-02 9.053749206645542724e-01 5.688521415470684101e-03 1.000206945158686855e-11 5.099248800560718414e-11
8.500000000000001998e-02 9.055691051703108618e-01 5.627714544236830756e-03 3.855014188431059375e-12 5.260047331640528226e-11
8.750000000000000833e-02 9.057386290400268880e-01 5.578518876094610245e-03 1.513044541747067148e-12 5.356041709426644164e-11
9.000000000000001055e-02 9.058867510099960496e-01 5.535407032128393696e-03 1.137724321147726785e-12 5.391299626474665330e-11
9.250000000000001277e-02 9.060165142173086661e-01 5.493177303139655000e-03 1.176106429365541487e-12 5.376770871759255256e-11
9.500000000000001499e-02 9.061307149019239837e-01 5.459854488598665095e-03 1.039338244986190212e-12 5.322100126917266954e-11
9.750000000000001721e-02 9.062318112473405352e-01 5.427066750493958133e-03 8.904116666043475057e-13 5.235467743818533667e-11
1.000000000000000056e-01 9.063259594521323459e-01 5.404831917189436077e-03 9.855918651793281828e-13 5.125434327795614132e-11
