# time 1 2 D-1 D
0.000000000000000000e+00 9.999999712945626396e-01 1.528345166891987168e-08 6.338265539633774243e-35 7.675978110869537427e-36
2.500000000000000052e-04 9.999987316358848188e-01 1.111203373576351397e-06 1.172163209691862524e-21 4.712827262996125112e-23
5.000000000000000104e-04 9.999746247294563073e-01 2.268089955541575188e-05 2.359747355627409310e-20 8.860515346193173853e-22
7.500000000000001240e-04 9.998329833875874151e-01 1.519131948028694672e-04 1.993041291168178996e-19 2.645432878525751892e-21
1.000000000000000021e-03 9.993109179687541532e-01 6.368318014261608153e-04 1.131416066036972617e-18 8.780859281750612446e-22
1.250000000000000026e-03 9.978198933585052943e-01 2.042295498072583572e-03 7.497674583466143662e-18 8.947948708989569113e-20
1.500000000000000248e-03 9.942603668230257652e-01 5.432779026622518853e-03 4.892622367105280016e-17 3.431109594092847954e-18
1.750000000000000253e-03 9.869898314064624589e-01 1.240510742485911519e-02 3.193600971097573229e-16 5.909865093262019047e-17
2.000000000000000042e-03 9.743035879257317955e-01 2.454845800187524865e-02 1.881125859691608059e-15 6.918208026230302753e-16
2.250000000000000264e-03 9.555800500859713553e-01 4.220752522782574012e-02 8.997731451026484061e-15 5.624554666472328617e-15
2.500000000000000052e-03 9.323011793637372424e-01 6.290668373998385687e-02 3.476407521247444676e-14 3.368126488441413831e-14
2.750000000000000274e-03 9.076569007919874643e-01 8.040212277527680751e-02 1.054793682609606108e-13 1.511032977326808955e-13
3.000000000000000496e-03 8.848905785755318831e-01 8.344633404364582008e-02 2.518263556626542721e-13 5.148402254039137310e-13
3.250000000000000284e-03 8.659862503027171421e-01 6.384494737654480834e-02 4.703533199759975937e-13 1.351820587360926953e-12
3.500000000000000507e-03 8.515030872682757268e-01 4.026756806241387626e-02 6.851262362051838331e-13 2.755012835197121110e-12
3.749999999999999861e-03 8.410804257381634397e-01 2.774436157883189771e-02 7.707340249012857981e-13 4.355513752566363425e-12
4.000000000000000083e-03 8.339761342266043265e-01 2.180980392956483049e-02 6.334652971793815002e-13 5.250793524676762717e-12
4.250000000000000305e-03 8.294009906873850424e-01 1.833330632109497760e-02 3.047221019764994432e-13 4.624653048169147425e-12
4.500000000000000527e-03 8.266677851925312570e-01 1.628888071384974531e-02 3.972335655735949015e-15 2.808086398780264374e-12
4.750000000000000749e-03 8.252322943299704727e-01 1.475065333809039841e-02 7.748126140804677037e-13 1.146392966261051122e-12
5.000000000000000104e-03 8.246858454112668824e-01 1.372172713771480958e-02 4.804271459297814739e-12 2.502714431181485958e-13
5.250000000000000326e-03 8.247309259933021108e-01 1.287331324591196001e-02 1.211714741331435289e-11 1.520998152219899633e-14
5.500000000000000548e-03 8.251552853278548705e-01 1.221548459096527192e-02 1.735471394295240415e-11 7.132753851904565262e-13
5.750000000000000770e-03 8.258097317026457107e-01 1.170107349373564372e-02 1.324263559271773179e-11 3.216202632268264658e-12
6.000000000000000992e-03 8.265906305996835179e-01 1.120844839882911316e-02 1.971361991791041160e-12 8.770274405828627277e-12
6.250000000000000347e-03 8.274270596113202370e-01 1.083745042563163952e-02 1.079903871738939963e-11 1.876151465807975033e-11
6.500000000000000569e-03 8.282714313740723311e-01 1.050468510360982703e-02 1.064949190399133013e-10 3.442795351028361493e-11
6.750000000000000791e-03 8.290927711428101032e-01 1.021754984747907762e-02 4.046951630784359428e-10 5.660602454136751058e-11
7.000000000000001013e-03 8.298718976973528116e-01 9.972858610087753997e-03 1.069813686355260394e-09 8.557079539845031128e-11
7.250000000000001235e-03 8.305979743980353991e-01 9.735141054012496839e-03 2.308615623273633206e-09 1.209949472882145213e-10
7.499999999999999722e-03 8.312660325465621725e-01 9.539698128852908479e-03 4.351859496979670503e-09 1.620125993673628775e-10
7.750000000000000812e-03 8.318751381538609380e-01 9.375001312801077569e-03 7.414767461427894770e-09 2.073687577403780402e-10
8.000000000000000167e-03 8.324270451460339393e-01 9.219254631393586363e-03 1.169216217889920673e-08 2.555994221911899940e-10
8.250000000000000389e-03 8.329252074642117254e-01 9.084942291791329311e-03 1.174666532221405775e-10 3.051908787828461723e-10
8.500000000000000611e-03 8.333740600458503511e-01 8.953048036403945739e-03 9.516404135639583083e-11 3.547447809613003501e-10
8.750000000000000833e-03 8.337784943313264474e-01 8.841584488277492646e-03 8.159431334688363240e-11 4.030549581515852928e-10
9.000000000000001055e-03 8.341434930256188540e-01 8.740857808272531684e-03 5.859215927747454453e-11 4.491729140572122834e-10
9.250000000000001277e-03 8.344738811239879039e-01 8.643739160244787167e-03 5.530901784343667172e-11 4.924211957762085953e-10
9.500000000000001499e-03 8.347741740273748601e-01 8.562240054457383523e-03 5.893517026397426742e-11 5.323677876407127393e-10
9.750000000000001721e-03 8.350484816346911421e-01 8.482627551900479707e-03 3.864157632937449269e-11 5.688034374945602536e-10
1.000000000000000021e-02 8.353083529452943745e-01 8.421948167361723719e-03 4.384222476976633425e-11 6.015264786385761291e-10
