# time 1 2 D-1 D
0.000000000000000000e+00 9.999999319755270566e-01 3.300639390722852231e-08 9.701593649626346908e-36 5.728838873438984369e-36
1.250000000000000243e-03 9.988254075156062228e-01 5.432885839223764174e-06 2.373415275975382719e-28 2.940251613310228650e-33
2.500000000000000486e-03 9.949943357466676241e-01 1.211881166476547439e-04 5.206228155676884214e-24 9.833947842000909252e-28
3.750000000000000729e-03 9.877645999484143680e-01 8.496263262696037008e-04 1.916565398284517320e-21 1.832111475816238220e-24
5.000000000000000971e-03 9.756101202686044971e-01 3.690271922517026487e-03 1.254702733840920457e-19 3.710558088081165910e-22
6.250000000000000347e-03 9.555476117688836979e-01 1.200623386095110365e-02 3.022102214539840210e-18 2.084026828877463917e-20
7.500000000000001457e-03 9.231880019349210098e-01 3.090101630714293252e-02 3.668558052267263529e-17 4.833292349401762906e-19
8.750000000000000833e-03 8.756122445887105643e-01 5.914921975982922325e-02 2.656962234589119016e-16 5.658072845171713084e-18
1.000000000000000194e-02 8.162869111863714222e-01 5.797564137065724932e-02 1.282405554434924220e-15 3.743276770860624811e-17
1.125000000000000132e-02 7.547785224592393760e-01 4.269024897722305256e-02 4.509073267614815081e-15 1.493979105077201759e-16
1.250000000000000069e-02 6.998692350633813897e-01 3.750433500337286424e-02 1.252497438238497469e-14 3.552972541442459344e-16
1.375000000000000180e-02 6.552317769654637525e-01 3.752545334971382762e-02 2.950829324782923299e-14 3.811771718691277981e-16
1.500000000000000291e-02 6.205505413516455571e-01 3.976468937049404406e-02 6.176417909266740723e-14 9.014726982111170915e-19
1.625000000000000056e-02 5.939765891435130341e-01 4.326175026635556420e-02 1.164262195041888937e-13 2.671237373370941956e-15
1.750000000000000167e-02 5.735711912449443783e-01 4.718394918740143745e-02 2.059914492877658298e-13 1.541724455196244099e-14
1.875000000000000278e-02 5.577848394786688591e-01 5.134737383750442169e-02 3.648980536708908146e-13 3.830228082131073450e-14
2.000000000000000389e-02 5.454883203909028921e-01 5.520577230857570683e-02 6.332638988923343762e-13 6.768837919495048378e-14
2.125000000000000500e-02 5.358742975430018651e-01 5.865300726497119782e-02 5.050113884851065562e-13 1.004928428472527955e-13
2.250000000000000264e-02 5.283560035008090239e-01 6.159328479529997680e-02 2.070680125916696852e-13 1.342562403629737048e-13
2.375000000000000375e-02 5.224936488563336479e-01 6.399469967028698081e-02 1.545665485924887703e-13 1.669578150230228470e-13
2.500000000000000139e-02 5.179478471514359361e-01 6.594077749838955782e-02 1.270637367605309787e-13 1.971599851065345787e-13
2.625000000000000250e-02 5.144511900137458404e-01 6.731524184437061298e-02 1.064061495449027580e-13 2.241165474888296937e-13
2.750000000000000361e-02 5.117903876167020361e-01 6.829953390239179578e-02 8.500026993550059241e-14 2.472810190823123036e-13
2.875000000000000472e-02 5.097943630515737734e-01 6.885163386596813984e-02 6.687598916511184156e-14 2.667903026026635044e-13
3.000000000000000583e-02 5.083255928499734733e-01 6.908549085630134867e-02 4.743476720421071821e-14 2.828476303722780635e-13
3.125000000000000000e-02 5.072736734670326708e-01 6.893919738600139124e-02 4.050443483765462903e-14 2.966327821623457928e-13
3.250000000000000111e-02 5.065500893023181517e-01 6.860246525793915751e-02 3.392459632366166015e-14 3.067201471596709601e-13
3.375000000000000222e-02 5.060838970478217513e-01 6.794230745077260714e-02 2.902475224955634476e-14 3.156293683388993924e-13
3.500000000000000333e-02 5.058184266368471738e-01 6.710777808730969407e-02 2.456234936747975957e-14 3.220671018037894560e-13
3.625000000000000444e-02 5.057084226471089128e-01 6.606583970583808363e-02 2.118032997589868846e-14 3.267882100407211975e-13
3.750000000000000555e-02 5.057177877533922672e-01 6.491068530301978556e-02 1.819832380627224209e-14 3.310566448952049879e-13
3.875000000000000666e-02 5.058178247859551613e-01 6.353150105722962793e-02 1.585285829483445015e-14 3.330794362883724645e-13
4.000000000000000777e-02 5.059856955038295467e-01 6.210512650742799901e-02 1.396453810594259161e-14 3.353701974344887563e-13
4.125000000000000888e-02 5.062032883582023857e-01 6.062961448433069889e-02 1.227882671020077514e-14 3.363275667920659153e-13
4.250000000000000999e-02 5.064562720271205132e-01 5.904888827272392754e-02 1.118614570819640101e-14 3.368019010711095563e-13
4.375000000000000416e-02 5.067333049504038067e-01 5.752594658373863523e-02 1.007008746633962857e-14 3.372806160800578384e-13
4.500000000000000527e-02 5.070254762561411388e-01 5.604697455637647208e-02 9.419437386856428296e-15 3.367529899455754469e-13
4.625000000000000638e-02 5.073258010685934849e-01 5.451671344480139847e-02 8.696710518279237957e-15 3.368640740040034770e-13
4.750000000000000749e-02 5.076287996763292343e-01 5.320171590387259841e-02 8.274006527011885170e-15 3.364232513493228771e-13
4.875000000000000860e-02 5.079302662659929135e-01 5.191257117707302748e-02 7.831432036936969030e-15 3.352015712862089364e-13
5.000000000000000278e-02 5.082271498777753971e-01 5.076987815595930542e-02 7.654597683322901241e-15 3.339958125151655635e-13
