# time 1 2 D-1 D
0.000000000000000000e+00 9.999999735400655343e-01 3.410394017451957356e-09 3.228201360945707069e-36 2.526210828314021713e-35
2.500000000000000052e-04 9.989923846843222766e-01 3.941876154600544529e-09 5.107248778321172710e-26 1.076623362633309757e-25
5.000000000000000104e-04 9.957504872491867998e-01 1.029933494045470880e-07 1.177725303637454021e-21 6.115604935524941388e-22
7.500000000000001240e-04 9.898964555257425690e-01 6.696927085339225990e-07 4.922051009086781712e-19 1.163642742996948406e-19
1.000000000000000021e-03 9.809690385492721987e-01 2.659948525929696046e-06 3.933249971528018294e-17 5.891827613950179081e-18
1.250000000000000026e-03 9.683914140853766561e-01 8.182924823291840100e-06 1.289586821320057650e-15 1.528080149017021376e-16
1.500000000000000248e-03 9.514243409689165931e-01 2.097848729808817047e-05 2.439164342461751039e-14 2.637902398526473000e-15
1.750000000000000253e-03 9.290999358374196770e-01 4.680380987082637242e-05 3.286076933078060081e-13 3.290041674546623934e-14
2.000000000000000042e-03 9.001351972638854670e-01 8.937778036034433151e-05 3.711077117201077775e-12 2.979506203143517277e-13
2.250000000000000264e-03 8.628424374090279958e-01 1.360969615732871062e-04 3.338595272854133094e-11 1.963300737039223590e-12
2.500000000000000052e-03 8.151018723706414670e-01 1.325308199031999734e-04 1.410931515005235158e-10 9.661976762755242312e-12
2.750000000000000274e-03 7.545007640403156302e-01 2.083729696725723297e-05 4.402353686305459109e-10 3.698632556436218172e-11
3.000000000000000496e-03 6.785889494305066272e-01 2.449066516657371901e-04 1.137599592893852200e-09 1.148223222391154069e-10
3.250000000000000284e-03 5.835797167877897484e-01 4.708176850413787681e-03 2.449770232962225487e-09 2.999169817160932213e-10
3.500000000000000507e-03 4.530862147784216476e-01 3.403443073063412705e-02 4.684654911671201902e-09 6.796631808612634611e-10
3.749999999999999861e-03 2.698464604708443182e-01 1.141008389781844878e-01 8.059865207353558638e-09 1.370250883247571976e-09
4.000000000000000083e-03 1.356749779705424264e-01 1.530376253165689482e-01 1.282669666784045582e-08 2.508175555221447486e-09
4.250000000000000305e-03 7.659652718443865638e-02 1.319147314329852383e-01 1.940700077939172803e-08 4.237598287860151543e-09
4.500000000000000527e-03 4.856216011684932193e-02 9.731330632782179968e-02 2.797548256342740269e-08 6.696964981465907413e-09
4.750000000000000749e-03 3.261825645156830183e-02 6.717191703166640326e-02 3.897702103004371167e-08 1.000768095718086348e-08
5.000000000000000104e-03 2.281992292626977906e-02 4.458252197454396631e-02 5.213354420871653064e-08 1.426652700733817505e-08
5.250000000000000326e-03 1.638233479828381592e-02 2.904457841407198995e-02 6.753331866653058560e-08 1.954205868729201208e-08
5.500000000000000548e-03 1.198197296122096613e-02 1.883923259189169974e-02 8.638518392197428426e-08 2.587459739634351010e-08
5.750000000000000770e-03 8.893319668197117653e-03 1.224255573190970517e-02 1.059721208714157463e-07 3.327883857367056441e-08
6.000000000000000992e-03 6.684140304302388716e-03 8.001577450974300607e-03 1.290911568095097428e-07 4.174801650658531520e-08
6.250000000000000347e-03 5.077197341491731901e-03 5.306041375404105427e-03 1.548089364445517952e-07 5.125869698016051833e-08
6.500000000000000569e-03 3.891811811500188456e-03 3.554216822638113244e-03 1.847166957729013692e-07 6.177550481861624667e-08
6.750000000000000791e-03 3.006793640754155256e-03 2.400792739224536735e-03 2.137889976528654392e-07 7.325531842601771424e-08
7.000000000000001013e-03 2.339097308005911625e-03 1.544852495437087393e-03 2.492644824625121791e-07 8.565070197115014526e-08
7.250000000000001235e-03 1.830768956144489083e-03 1.317603650156471719e-03 2.828717352305241839e-07 9.891249250139124406e-08
7.499999999999999722e-03 1.440709120122422079e-03 1.170460934603569352e-03 3.205291553105894364e-07 1.129917652868664662e-07
7.750000000000000812e-03 1.139344623277210259e-03 1.059734966153300919e-03 3.639771828997179226e-07 1.278407963625854374e-07
8.000000000000000167e-03 9.051134105390252257e-04 9.570740077974795998e-04 4.029860070755513205e-07 1.434138641190474889e-07
8.250000000000000389e-03 7.221045939707155994e-04 8.656789222095093205e-04 4.492546222875820458e-07 1.596677159816499043e-07
8.500000000000000611e-03 5.784500253831112958e-04 7.876502983835691370e-04 4.924854939282315843e-07 1.765613845059122705e-07
8.750000000000000833e-03 4.652120205009418227e-04 7.175339588475165929e-04 5.443256917907781447e-07 1.940560592710207941e-07
9.000000000000001055e-03 3.756033263908107158e-04 6.548767084638473573e-04 5.919874955728703666e-07 2.121150540544269238e-07
9.250000000000001277e-03 3.044329085556298073e-04 5.993687441464665318e-04 6.431527016242598834e-07 2.307036071537310565e-07
9.500000000000001499e-03 2.477065008745699451e-04 5.487139705343300295e-04 6.931349451665403406e-07 2.497885108709822316e-07
9.750000000000001721e-03 2.023350562620015341e-04 5.031171279294121548e-04 7.489301378712014351e-07 2.693379516688854348e-07
1.000000000000000021e-02 1.659194225342461391e-04 4.622643730992857781e-04 8.099741797699612191e-07 2.893185537290150969e-07
