# time 1 2 D-1 D
0.000000000000000000e+00 9.999999735400655343e-01 3.410394017451957356e-09 3.228201360945707069e-36 2.526210828314021713e-35
5.000000000000000104e-04 9.970381277262523323e-01 5.572197304192573101e-06 1.699635166440567776e-23 2.077748234032598651e-25
1.000000000000000021e-03 9.884425293092767850e-01 2.770706710714983804e-05 1.394782062116135178e-19 2.357837540851910352e-21
1.500000000000000248e-03 9.744803073006959027e-01 7.476037005750603708e-05 3.749000509916258826e-17 8.913529494359331979e-19
2.000000000000000042e-03 9.552142306232940250e-01 1.603120429970776248e-04 2.475654577859774087e-15 8.516161159309036741e-17
2.500000000000000052e-03 9.305200783065522563e-01 3.012503001866717752e-04 7.697380690450432487e-14 3.801263352559738417e-15
3.000000000000000496e-03 9.001036659254534333e-01 5.023209578049086296e-04 1.491950642180424068e-12 1.008471845081171826e-13
3.500000000000000507e-03 8.635132343810114630e-01 7.723013755383984240e-04 2.149949361935660973e-11 1.741055035459052016e-12
4.000000000000000083e-03 8.201489446200473932e-01 1.087973430734828556e-03 2.661754727294165775e-10 2.022450931424006391e-11
4.500000000000000527e-03 7.692842692742768440e-01 1.358704870597544001e-03 2.673650966899119650e-09 1.631195586014298836e-10
5.000000000000000104e-03 7.101531569329025961e-01 1.397898617822093030e-03 1.273752596849555657e-08 9.563665279198687792e-10
5.500000000000000548e-03 6.421598265543942974e-01 9.381517920920948465e-04 4.464095072964340527e-08 4.289988628759386129e-09
6.000000000000000992e-03 5.649723795885337463e-01 1.198353302476419437e-04 1.285618175784529954e-07 1.542780813012184912e-08
6.500000000000000569e-03 4.776511557964889243e-01 1.509588500925991518e-03 3.063273171229928624e-07 4.625742952571166343e-08
7.000000000000001013e-03 3.686894613161321721e-01 2.110065198793095037e-02 6.451561616573108931e-07 1.193774202210711381e-07
7.499999999999999722e-03 2.220759687907182534e-01 8.180101183992430358e-02 1.215159287464626203e-06 2.720720260712813870e-07
8.000000000000000167e-03 1.136022352817147169e-01 1.145410121192552699e-01 2.103150758586196278e-06 5.590616690160587362e-07
8.500000000000000611e-03 6.482580149198294284e-02 1.015873099293325699e-01 3.440389834133127630e-06 1.053212832509270190e-06
9.000000000000001055e-03 4.132991270325102329e-02 7.774229134456511758e-02 5.324483236488288424e-06 1.843949463944212192e-06
9.500000000000001499e-03 2.787046125473315039e-02 5.645541976887500507e-02 7.916423591427611720e-06 3.033661288027670907e-06
1.000000000000000021e-02 1.957488889795595127e-02 4.000576812760001794e-02 1.121237346006946461e-05 4.732769294897130314e-06
1.050000000000000065e-02 1.412381208445201951e-02 2.819344564446821591e-02 1.527249974691143416e-05 7.054233035846215377e-06
1.100000000000000110e-02 1.040058676324561934e-02 1.999480195686207176e-02 2.046571936405270909e-05 1.010821222612670272e-05
1.150000000000000154e-02 7.788670084465515453e-03 1.433380029246308571e-02 2.604956017672752504e-05 1.399741039778939271e-05
1.200000000000000198e-02 5.920487932204659270e-03 1.041330537762352910e-02 3.283320799305922691e-05 1.881341057083912437e-05
1.250000000000000069e-02 4.559916574839116207e-03 7.704791716668343490e-03 4.055908298305633527e-05 2.463411600636576323e-05
1.300000000000000114e-02 3.553459727711501433e-03 5.785992154940585754e-03 4.976696885666970769e-05 3.152225915255861885e-05
1.350000000000000158e-02 2.798532566758202278e-03 4.403471378980282000e-03 5.873728434813302188e-05 3.952485259432578387e-05
1.400000000000000203e-02 2.225153542779889724e-03 7.881919115738176673e-04 6.996970070874628249e-05 4.867340402330219977e-05
1.450000000000000247e-02 1.784726478387003556e-03 6.198360867618854563e-04 8.048547301165882568e-05 5.898470732256914397e-05
1.499999999999999944e-02 1.442962357952197287e-03 5.460442156078796185e-04 9.240249335437971583e-05 7.046203879883868471e-05
1.550000000000000162e-02 1.175309280055904931e-03 5.015127058322739950e-04 1.064400620841988293e-04 8.309659641071316639e-05
1.600000000000000033e-02 9.639452578586877587e-04 4.562939766194765091e-04 1.185700520221307826e-04 9.686903568932223561e-05
1.650000000000000078e-02 7.957669338375832676e-04 4.150778373987607092e-04 1.333913255264422657e-04 1.117510562309294260e-04
1.700000000000000122e-02 6.610245285750144520e-04 3.827597588585143697e-04 1.467309994390697254e-04 1.277069370494167118e-04
1.750000000000000167e-02 5.523828355065323655e-04 3.530404099969232335e-04 1.633839237313772143e-04 1.446949812355027430e-04
1.800000000000000211e-02 4.642669573539727522e-04 3.264118899987245958e-04 1.780125387572212249e-04 1.626688288319054878e-04
1.850000000000000255e-02 3.924006859241331363e-04 3.038525813405613192e-04 1.938164100116312300e-04 1.815786270856228511e-04
1.900000000000000300e-02 3.334767129287047088e-04 2.818693447422823228e-04 2.087807880570478577e-04 2.013720941841126667e-04
1.950000000000000344e-02 2.849181328865076231e-04 2.617923137400111878e-04 2.259484367842740722e-04 2.219954769462562571e-04
2.000000000000000042e-02 2.447041334897623148e-04 2.442787874151015003e-04 2.451107821475328736e-04 2.433942422779170425e-04
