# time 1 2 D-1 D
0.000000000000000000e+00 9.999999712024618681e-01 3.576893034513716252e-09 1.540837995057854893e-34 1.176552295738027353e-34
2.500000000000000052e-04 9.994762461349824267e-01 8.303764168373396517e-09 2.545113227173672343e-17 1.478211063457017383e-22
5.000000000000000104e-04 9.977959489599178555e-01 1.244935395333975298e-07 7.874673219893641074e-15 8.343037682347707351e-19
7.500000000000001240e-04 9.947771724342417965e-01 8.754567587739174581e-07 2.439842293660248221e-13 1.510595629012692980e-16
1.000000000000000021e-03 9.902053529940199050e-01 4.070584538370933584e-06 2.964456977593290326e-12 6.680441326872847987e-15
1.250000000000000026e-03 9.838188700268161169e-01 1.501045147211645501e-05 2.162786181789300608e-11 1.355720235397190852e-13
1.500000000000000248e-03 9.752868333075527252e-01 4.832799577136164795e-05 1.143271828668539746e-10 1.660901017720994289e-12
1.750000000000000253e-03 9.641720088762057994e-01 1.436184543941846660e-04 4.816171081850321325e-10 1.404719287151609953e-11
2.000000000000000042e-03 9.498616350067445868e-01 4.075217871037715815e-04 1.701427051996000753e-09 8.754969320225863095e-11
2.250000000000000264e-03 9.314228592015491026e-01 1.127054316333604440e-03 5.185622167957936819e-09 4.146286112667701937e-10
2.500000000000000052e-03 9.072790029018139579e-01 3.063411118926958818e-03 1.382103956750553266e-08 1.522176845821242611e-09
2.750000000000000274e-03 8.744994198793534235e-01 8.146027430676631639e-03 3.214813286682295899e-08 4.437702465300769291e-09
3.000000000000000496e-03 8.275441052762297911e-01 2.074644755227676718e-02 6.483353858032812160e-08 1.059986712169752942e-08
3.250000000000000284e-03 7.576983476776623094e-01 4.832767513327763248e-02 1.143303030174402423e-07 2.145521918583823077e-08
3.500000000000000507e-03 6.589106042788629436e-01 9.575232852826266738e-02 1.859139092445010039e-07 3.797574557078822951e-08
3.749999999999999861e-03 5.420368829230105545e-01 1.512909408130612976e-01 3.031582117664343659e-07 6.038208988006132569e-08
4.000000000000000083e-03 4.336223975434828071e-01 1.882910230185869116e-01 4.484790754895972025e-07 8.816558296016600544e-08
4.250000000000000305e-03 3.484761864316388569e-01 1.938602585321378413e-01 3.688306322172875794e-07 1.203119710832739263e-07
4.500000000000000527e-03 2.858575493596933748e-01 1.730975723881082173e-01 4.045363122440099795e-07 1.555781361598831422e-07
4.750000000000000749e-03 2.399103535763750794e-01 1.427823060875582639e-01 4.452835633948144265e-07 1.927199364208606554e-07
5.000000000000000104e-03 2.053713644867958266e-01 1.330465221317259084e-01 4.824319617407784137e-07 2.306355550109479556e-07
5.250000000000000326e-03 1.786192583364823172e-01 7.191130149736137123e-02 5.177135795663314772e-07 2.684318417191969714e-07
5.500000000000000548e-03 1.572998201299599108e-01 5.666845846940994635e-02 5.518759563049603265e-07 3.054350861802495932e-07
5.750000000000000770e-03 1.398778303096830655e-01 5.239488089112147307e-02 5.811226567854843086e-07 3.411715773839984494e-07
6.000000000000000992e-03 1.253309539220782420e-01 5.067866982199622367e-02 6.106803807077854043e-07 3.753339083189221469e-07
6.250000000000000347e-03 1.129618387936769941e-01 5.015679507336594928e-02 6.357061006520208764e-07 4.077450388872256481e-07
6.500000000000000569e-03 1.022851255018306926e-01 5.026813300089082864e-02 6.667761460229733216e-07 4.383256758163226718e-07
6.750000000000000791e-03 9.294933638734992343e-02 5.081924805555662616e-02 6.986449384675362799e-07 4.670663398936751544e-07
7.000000000000001013e-03 8.471085625066014646e-02 5.158573453712104323e-02 7.217715631489826026e-07 4.940056220763813170e-07
7.250000000000001235e-03 7.738423028555321825e-02 5.248906710404131759e-02 7.537354192198311262e-07 5.192137693392309933e-07
7.499999999999999722e-03 7.086181562553633961e-02 5.342962308494715595e-02 7.964154779025297367e-07 5.427804924474170750e-07
7.750000000000000812e-03 6.489402838518767980e-02 5.449800115153257546e-02 8.338353994998975041e-07 5.648061390561173190e-07
8.000000000000000167e-03 5.961341484687499720e-02 5.544776697432866192e-02 8.734674806389481498e-07 5.853955282457561456e-07
8.250000000000000389e-03 5.483437759914278065e-02 5.636288651944382222e-02 9.239019950725186119e-07 6.046539505934720858e-07
8.500000000000000611e-03 5.045786113274553647e-02 5.727430011925630643e-02 9.816156110780058434e-07 6.226848614429444637e-07
8.750000000000000833e-03 4.652803989832789144e-02 5.807437570432363860e-02 1.025270137920097945e-06 6.395856269612218167e-07
9.000000000000001055e-03 4.292890227314136858e-02 5.883212961154119652e-02 1.083150888735382781e-06 6.554487679507354923e-07
9.250000000000001277e-03 3.972604499901276343e-02 5.944246166595715947e-02 1.145938392165328596e-06 6.703618043170637101e-07
9.500000000000001499e-03 3.677669511166185845e-02 6.001603789936121175e-02 1.212674409602898436e-06 6.844045158950015156e-07
9.750000000000001721e-03 3.409482686089781306e-02 6.051166629913015682e-02 1.287456654767035822e-06 6.976510158064076386e-07
1.000000000000000021e-02 3.166666287796833512e-02 6.092073034705764584e-02 1.365167408278621544e-06 7.101672888368529032e-07
