# time 1 2 D-1 D
0.000000000000000000e+00 9.999999476656094011e-01 3.182143380202817424e-08 1.541220030721871709e-35 4.125276316150259658e-36
2.500000000000000052e-04 9.999941988621088296e-01 2.429160346489194455e-08 5.115262445862850532e-32 2.514202992808255160e-34
5.000000000000000104e-04 9.999104067489432701e-01 5.971026573378489078e-07 9.947352195526643169e-27 2.050336736199581230e-28
7.500000000000001240e-04 9.995682748286486285e-01 4.220605369627948910e-06 6.779063154479181015e-27 1.182432368918534559e-29
1.000000000000000021e-03 9.987054779345344580e-01 1.814935110368020600e-05 4.086855036973008475e-23 3.311188367782090778e-24
1.250000000000000026e-03 9.969979438648752801e-01 6.049269148431280527e-05 2.945030880109862015e-22 2.419643781239086230e-23
1.500000000000000248e-03 9.940565892024674222e-01 1.707418392920827699e-04 1.469661912328575947e-21 1.561663746555516159e-22
1.750000000000000253e-03 9.893919174318318577e-01 4.337151195259967835e-04 5.904031731859444308e-21 7.991701218537410779e-22
2.000000000000000042e-03 9.823380095183962268e-01 1.016834516325237003e-03 2.111771005322716979e-20 3.344157327685100653e-21
2.250000000000000264e-03 9.719261777400945990e-01 2.252255976461090686e-03 7.341627322492894217e-20 1.110582359029703462e-20
2.500000000000000052e-03 9.566927708692276600e-01 4.750919935122979200e-03 3.452680770493875898e-19 2.785754582097007527e-20
2.750000000000000274e-03 9.344091997168824104e-01 9.672253172034791374e-03 2.175629614143187568e-18 4.633613516824907379e-20
3.000000000000000496e-03 9.017649743338844726e-01 1.899003236621591914e-02 4.205560779727432507e-18 3.352011578851051889e-20
3.250000000000000284e-03 8.544599144847354610e-01 3.555167912517358253e-02 7.398755087786515261e-18 3.917277323398646032e-21
3.500000000000000507e-03 7.868380260466643072e-01 6.347337797308144625e-02 1.087606762150000218e-17 5.350466183319997082e-19
3.749999999999999861e-03 6.985670796948374450e-01 1.020965925650490352e-01 1.199700346555548174e-17 4.420167480045847623e-18
4.000000000000000083e-03 5.942227289278907421e-01 1.467894778497249864e-01 8.134766398305556623e-18 2.005470670102231446e-17
4.250000000000000305e-03 4.886139618449403810e-01 1.841567060298046066e-01 1.553300485204806251e-18 6.464413362434106099e-17
4.500000000000000527e-03 3.948717889556510041e-01 2.040064605301221135e-01 4.734596573668589529e-18 1.746719981900437722e-16
4.750000000000000749e-03 3.165885582207010884e-01 2.055923497404097133e-01 5.102644878698695031e-17 3.926458601734373674e-16
5.000000000000000104e-03 2.536169095662882400e-01 1.946745001068812542e-01 2.010377202156236162e-16 7.722944510839494729e-16
5.250000000000000326e-03 2.030840996678476285e-01 1.766279625024070876e-01 5.283623891177682700e-16 1.362092431547552385e-15
5.500000000000000548e-03 1.623027925708435404e-01 1.582377292991466178e-01 1.199174987312177354e-15 2.263609567325000472e-15
5.750000000000000770e-03 1.292423378691574809e-01 6.879101113883896723e-02 2.187117070228179658e-15 3.374827226434606430e-15
6.000000000000000992e-03 1.024230701106304958e-01 2.227415756836652674e-02 3.488561401454665599e-15 4.799843897846606549e-15
6.250000000000000347e-03 8.072235780051290055e-02 1.779708631739271296e-02 5.445133161553108970e-15 6.586626353967247923e-15
6.500000000000000569e-03 6.324021903157127367e-02 1.570050459182548847e-02 7.516075715909404798e-15 7.985636022024486140e-15
6.750000000000000791e-03 4.922939896034729534e-02 1.469196456765376781e-02 9.960626255400022870e-15 1.010153640113066833e-14
7.000000000000001013e-03 3.805401023806800898e-02 1.392369985324670364e-02 1.312658942456960487e-14 1.178300484185051295e-14
7.250000000000001235e-03 2.920605584124289986e-02 1.333024815453102974e-02 1.569793617656551847e-14 1.305087120087315975e-14
7.499999999999999722e-03 2.224211192610322033e-02 1.286054549327748583e-02 1.905194238572718586e-14 1.504689827690704316e-14
7.750000000000000812e-03 1.681569778170893120e-02 1.235580724854906491e-02 2.244499812430746415e-14 1.590517844102280127e-14
8.000000000000000167e-03 1.263574713344259651e-02 1.185160892807728128e-02 2.536308253724177534e-14 1.700683190713758581e-14
8.250000000000000389e-03 9.457019545506591823e-03 1.120937962850614665e-02 2.884507920019232495e-14 1.809171867401235157e-14
8.500000000000000611e-03 7.067226785164795397e-03 1.051963048241646298e-02 3.209379103042223565e-14 1.846521429834559712e-14
8.750000000000000833e-03 5.285495700023753671e-03 9.675067618935818264e-03 3.492191135285851880e-14 1.897836175295485038e-14
9.000000000000001055e-03 3.962596201459268191e-03 7.326658472575566304e-06 3.821630948181491853e-14 1.945823161315160774e-14
9.250000000000001277e-03 2.980639512448858726e-03 1.485389038865390103e-06 4.106880929530443975e-14 1.930181724192609683e-14
9.500000000000001499e-03 2.250190196731917218e-03 1.756173237273568543e-05 4.362161294574014747e-14 1.951544291370938186e-14
9.750000000000001721e-03 1.705308877972729672e-03 2.952782958723236854e-05 4.658400338736814134e-14 1.940186063925872079e-14
1.000000000000000021e-02 1.297945149966674063e-03 4.865764557298334802e-05 4.887230190902912189e-14 1.902071493558121900e-14
