# time 1 2 D-1 D
0.000000000000000000e+00 9.999999392344121052e-01 5.032642460801061043e-09 1.488454296235226269e-35 1.669099380699283921e-36
2.500000000000000486e-03 9.999989134314494210e-01 4.368855482150090303e-07 6.329585435077772485e-35 5.048498559026545976e-36
5.000000000000000971e-03 9.999795709658452214e-01 9.454852717701096157e-06 6.316096565655606457e-32 3.235689541206651596e-34
7.500000000000001457e-03 9.998726191521001283e-01 6.377083241822555711e-05 3.459900684167850050e-30 1.776387075253887747e-32
1.000000000000000194e-02 9.995019381831480310e-01 2.642365173760247220e-04 1.057831048131860016e-29 1.358989443753515130e-31
1.250000000000000069e-02 9.985002995723700758e-01 8.412768854955052222e-04 3.910790643717826311e-29 1.632732495930364315e-30
1.500000000000000291e-02 9.961989412420518830e-01 2.237447457252712737e-03 9.229660399230914463e-29 6.172768745128308052e-30
1.750000000000000167e-02 9.915204544880589221e-01 5.194311794468275956e-03 1.990790793688775338e-28 2.010459386908905459e-29
2.000000000000000389e-02 9.829426228481091821e-01 1.084080905242450037e-02 3.364272745466231977e-28 5.977370569576365995e-29
2.250000000000000264e-02 9.686358687246737764e-01 2.049997492562603135e-02 3.580104305713782713e-28 1.927165552427062951e-28
2.500000000000000139e-02 9.468611596598847102e-01 3.547564091223879418e-02 1.803550470355318231e-28 7.344887603604539990e-28
2.750000000000000361e-02 9.165950218938330174e-01 5.624213037728547498e-02 1.811735230456136767e-27 3.539205586548581291e-27
3.000000000000000583e-02 8.781284516650911254e-01 8.162072728848768222e-02 2.041523041516116668e-26 2.113177488519439274e-26
3.250000000000000111e-02 8.332437009662616578e-01 1.000052409923822966e-01 1.114668083412372568e-25 1.365166253965940102e-25
3.500000000000000333e-02 7.847599396615371203e-01 6.865443059058013190e-04 3.480612939048781345e-25 8.687729342999472056e-25
3.750000000000000555e-02 7.356851852712876783e-01 1.204940190437295233e-05 3.260353848824918020e-25 5.077253411058569356e-24
4.000000000000000777e-02 6.884657562579910017e-01 2.421940715969610181e-04 1.025175870326541867e-24 2.646488120560747473e-23
4.250000000000000999e-02 6.446420643379363602e-01 6.774439015789422659e-04 6.880114723291079145e-23 1.216126177808962767e-22
4.500000000000000527e-02 6.048842197182353608e-01 1.297320611030625863e-03 1.028640368764316912e-21 4.905166014893929905e-22
4.750000000000000749e-02 5.692192999201370895e-01 2.158499686895049008e-03 8.753878548128920335e-21 1.743795389439383437e-21
5.000000000000000278e-02 5.372905778610703731e-01 3.287888571078434637e-03 4.806560621013818381e-20 5.500680324381013884e-21
5.250000000000000500e-02 5.085723669541617475e-01 4.684968208585057504e-03 1.730974631869243933e-19 1.576930018148378976e-20
5.500000000000000722e-02 4.825231907311490209e-01 6.265893499956606306e-03 4.617838797308466069e-19 3.944847607832699082e-20
5.750000000000000944e-02 4.586794058522327688e-01 8.028679038418938541e-03 1.002077798582099889e-18 9.450623632479807576e-20
6.000000000000001166e-02 4.366987575083619566e-01 9.640099901776503361e-03 1.920278144682202643e-18 2.103524914746531670e-19
6.250000000000000000e-02 4.163615991834985208e-01 1.102462329533593008e-02 3.358726634820448511e-18 4.387306705827299437e-19
6.500000000000000222e-02 3.975428231584131611e-01 1.196297133141734775e-02 5.613705254265418453e-18 8.296575859669219438e-19
6.750000000000000444e-02 3.801704708982681646e-01 1.242822192625308089e-02 8.905541464248979267e-18 1.572220613398061028e-18
7.000000000000000666e-02 3.641854084716182882e-01 1.222723194045562470e-02 1.360820184476644761e-17 2.497564665686962040e-18
7.250000000000000888e-02 3.495114966781409649e-01 1.158183824467262299e-02 2.048320127989804585e-17 4.244336705510173946e-18
7.500000000000001110e-02 3.360360057179416216e-01 1.096442835457132371e-02 2.936822036342891247e-17 6.358373959435383641e-18
7.750000000000001332e-02 3.236082508859402518e-01 1.052169719536039279e-02 4.039234444389899292e-17 8.321927759526022676e-18
8.000000000000001554e-02 3.120559261554406438e-01 1.043956067272750442e-02 5.241941568856384525e-17 9.326864067210944396e-18
8.250000000000001776e-02 3.010160407702657803e-01 1.123907748522225483e-02 5.940047419267085234e-17 9.945742144546728132e-18
8.500000000000001998e-02 2.902899888699408404e-01 1.285299931962254408e-02 5.756672873006621360e-17 9.988185691080921308e-18
8.750000000000000833e-02 2.795381090678578095e-01 1.548896891035937001e-02 4.181922832200581265e-17 9.980077137092605542e-18
9.000000000000001055e-02 2.683156680799217431e-01 1.947205079955926718e-02 1.406537188709510001e-17 9.697137399532915343e-18
9.250000000000001277e-02 2.563503171820749604e-01 2.496962755884782337e-02 1.325532007549965638e-18 8.432077788033703337e-18
9.500000000000001499e-02 2.439477758671456387e-01 3.150543967983177734e-02 8.370614846063899052e-17 6.073578662278121681e-18
9.750000000000001721e-02 2.307414684859082354e-01 3.934773863181753595e-02 4.525435002778908619e-16 3.309079887655566062e-18
1.000000000000000056e-01 2.174137812980232731e-01 4.781535703229420481e-02 1.322377380703286932e-15 1.153685318397131063e-18
