# time 1 2 D-1 D
0.000000000000000000e+00 9.999999465557745104e-01 2.428067375845082313e-08 2.138587548327416030e-36 2.452845746320807018e-36
2.500000000000000052e-04 9.999898453192580527e-01 7.795653272318228233e-06 1.025402731002115931e-30 5.399196622717945735e-33
5.000000000000000104e-04 9.997836693812304221e-01 1.740008265390250494e-04 4.648924606885144548e-27 1.700447747354927116e-28
7.500000000000001240e-04 9.985351906764570185e-01 1.215612009466177004e-03 1.391035499938451844e-25 1.835383059256372491e-28
1.000000000000000021e-03 9.938368513261687243e-01 5.236556927652439956e-03 1.130569240603376728e-24 4.757145103864756902e-28
1.250000000000000026e-03 9.803615800644960299e-01 1.716615719712134489e-02 5.593467884172885795e-24 6.012301362695690962e-26
1.500000000000000248e-03 9.491398286059957723e-01 4.526980449721536293e-02 1.957088578674076080e-23 4.977486444689085157e-25
1.750000000000000253e-03 8.908426184519817603e-01 9.772578301915416099e-02 5.790319559399093875e-23 2.979942763419651726e-24
2.000000000000000042e-03 8.049311213579419810e-01 1.728231890822989614e-01 1.423876763982473311e-22 2.107369348908781567e-23
2.250000000000000264e-03 7.049254129464896934e-01 2.454906874068554234e-01 3.275038295902617487e-22 1.852326704490646368e-22
2.500000000000000052e-03 6.091295778743144318e-01 2.589124768989297665e-01 1.030038914944204215e-21 1.707054527272273411e-21
2.750000000000000274e-03 5.287053425708444498e-01 1.205332566932170446e-01 7.949343188909022603e-21 1.432816138320185974e-20
3.000000000000000496e-03 4.660602835471915895e-01 5.812378029923850192e-02 1.048324260153492575e-19 1.190755813537899058e-19
3.250000000000000284e-03 4.189978417756409779e-01 4.068603927017756111e-02 1.174270583273796833e-18 1.154004785126560527e-18
3.500000000000000507e-03 3.841275831889617298e-01 3.299663845540726226e-02 8.571740985140373901e-18 1.196586244616040907e-17
3.749999999999999861e-03 3.583501694906702784e-01 2.865928685210001117e-02 4.132700085982563252e-17 9.678329887527811488e-17
4.000000000000000083e-03 3.392375521349741962e-01 2.581180476552433212e-02 1.494821926428679755e-16 5.456998449572125797e-16
4.250000000000000305e-03 3.249982014124284113e-01 2.404077108793351708e-02 4.419410194755536369e-16 2.263296969981564784e-15
4.500000000000000527e-03 3.143384624555632390e-01 2.266018150267827547e-02 1.082478262071760850e-15 7.309682367382521310e-15
4.750000000000000749e-03 3.063292306707335322e-01 2.163821556408740410e-02 2.262003866377106366e-15 1.921619567568345659e-14
5.000000000000000104e-03 3.003006283724105607e-01 2.087975903791873533e-02 4.162260433062420191e-15 4.256011064056482080e-14
5.250000000000000326e-03 2.957658430375267877e-01 2.022518906838721015e-02 6.723411395500053281e-15 8.161512157648090542e-14
5.500000000000000548e-03 2.923680759111984551e-01 1.968031809493952372e-02 9.934640201673386194e-15 1.382579994412789167e-13
5.750000000000000770e-03 2.898433975453221234e-01 1.924777378017501414e-02 1.343317467687824278e-14 2.111787045198487049e-13
6.000000000000000992e-03 2.879945392169641627e-01 1.887193793529540198e-02 1.681679092749456504e-14 2.941606428081525339e-13
6.250000000000000347e-03 2.866728386226430891e-01 1.852521391524498615e-02 2.032544274731934523e-14 3.778004550654677466e-13
6.500000000000000569e-03 2.857653011311371838e-01 1.822008039364627491e-02 2.248900730918268435e-14 4.524351007934362353e-13
6.750000000000000791e-03 2.851852808908801329e-01 1.797008522072651368e-02 2.441701192103540832e-14 5.067021313108497466e-13
7.000000000000001013e-03 2.848658735724394764e-01 1.774927144681177557e-02 2.461830572905562055e-14 5.358935775539661808e-13
7.250000000000001235e-03 2.847548903811911170e-01 1.754847612488616426e-02 2.398077344919379396e-14 5.353873034047206984e-13
7.499999999999999722e-03 2.848113420926349226e-01 1.736802200147876188e-02 2.269651775254198226e-14 5.069719006936782821e-13
7.750000000000000812e-03 2.850027548142176070e-01 1.722464801806468382e-02 1.983276377251224288e-14 4.563891700811755012e-13
8.000000000000000167e-03 2.853030905338870271e-01 1.709796072699074077e-02 1.655030903929495468e-14 3.892730236078585588e-13
8.250000000000000389e-03 2.856912759169568661e-01 1.698303410123512547e-02 1.332376727275479582e-14 3.132604464757626966e-13
8.500000000000000611e-03 2.861501128060911503e-01 1.687671206560652920e-02 1.003612045791883681e-14 2.375098960034393157e-13
8.750000000000000833e-03 2.866655733929243666e-01 1.678704674907415331e-02 6.879914378492268500e-15 1.678972430601981340e-13
9.000000000000001055e-03 2.872256921696209053e-01 1.672535495420494206e-02 4.094184060395224695e-15 1.080288900458233326e-13
9.250000000000001277e-03 2.878207857152006999e-01 1.666491714419175707e-02 2.036526487150676045e-15 6.123378373836955561e-14
9.500000000000001499e-03 2.884426321746143551e-01 1.661898945616625128e-02 7.288740069826422570e-16 2.855443200472935924e-14
9.750000000000001721e-03 2.890849685838772221e-01 1.656805327618177809e-02 8.673237893332054772e-17 9.103329281476197468e-15
1.000000000000000021e-02 2.897494889531143647e-01 1.653564305660061920e-02 1.279371372684490722e-16 8.376183934359168886e-16
