# time 1 2 D-1 D
0.000000000000000000e+00 9.999999712098002203e-01 1.554783484182226329e-08 1.598672317118311545e-35 5.701735348663505557e-34
2.500000000000000486e-03 9.975337733454923139e-01 1.775944408410946342e-03 2.742986469410616093e-18 8.650252452225478102e-21
5.000000000000000971e-03 9.887700848525829977e-01 8.496630718326287149e-03 7.128705344494306906e-16 8.585368571914719997e-18
7.500000000000001457e-03 9.711191131127475673e-01 2.275052569507432162e-02 1.859575660714822965e-14 4.818686597040363718e-16
1.000000000000000194e-02 9.412349370402324222e-01 4.785692549510962152e-02 1.922228091126078932e-13 8.382682236010182499e-15
1.250000000000000069e-02 8.952738011624498116e-01 8.724833492435760118e-02 1.200869207002173605e-12 7.717609032430983356e-14
1.500000000000000291e-02 8.298499273007360344e-01 1.431660547243371884e-01 5.508372792696356159e-12 4.779622765654413445e-13
1.750000000000000167e-02 7.439618200334775500e-01 2.122686018557098930e-01 2.051843780785993188e-11 2.266070515279936893e-12
2.000000000000000389e-02 6.412686647760225123e-01 2.775142950781715467e-01 6.612363545650338783e-11 8.894951046158167298e-12
2.250000000000000264e-02 5.306622108689006412e-01 2.899709680871923601e-01 1.913875494478176164e-10 3.043417556555279864e-11
2.500000000000000139e-02 4.234335316147141981e-01 2.205884729543979572e-01 5.115690534331875204e-10 9.408555184518048160e-11
2.750000000000000361e-02 3.287100376605812113e-01 1.452504076849437387e-01 1.284761218517055075e-09 2.697797977468996616e-10
3.000000000000000583e-02 2.508454933649039709e-01 1.015992569962705649e-01 3.080846104497165679e-09 7.318777142337919201e-10
3.250000000000000111e-02 1.899227335135871553e-01 7.635392010231395465e-02 7.115855548917434095e-09 1.907897500136035257e-09
3.500000000000000333e-02 1.436721714327165444e-01 6.027476501340336967e-02 1.593124052775282714e-08 4.842954533619145785e-09
3.750000000000000555e-02 1.091181826783771819e-01 4.877458113543507029e-02 3.467752173167651359e-08 1.211440080955641814e-08
4.000000000000000777e-02 8.346773880154627345e-02 3.999733032403167410e-02 7.320425941095886418e-08 3.003908307997110545e-08
4.250000000000000999e-02 6.442991865535648011e-02 3.312497169421686760e-02 1.493505733381780742e-07 7.501245513691409432e-08
4.500000000000000527e-02 5.024616638219259884e-02 2.757858788822425272e-02 2.868094049050370957e-07 1.915653246438810871e-07
4.750000000000000749e-02 3.961196104397103623e-02 2.304360924391066212e-02 5.002409311122888553e-07 4.969528609822273050e-07
5.000000000000000278e-02 3.157602345210722833e-02 1.933312500992595551e-02 7.194241713012020131e-07 1.304324849299988772e-06
5.250000000000000500e-02 2.544977370761144705e-02 1.629391282275187425e-02 7.541668581734427746e-07 3.215117529776484304e-06
5.500000000000000722e-02 2.073559679376142315e-02 1.377850555101780596e-02 4.836360365317045793e-07 6.989702180852373531e-06
5.750000000000000944e-02 1.707314013452453788e-02 1.174182655664010068e-02 1.606569273665849346e-07 1.328077357640468337e-05
6.000000000000001166e-02 1.420033453211437188e-02 1.008150526971827304e-02 1.999781486425886281e-09 2.304269146457022343e-05
6.250000000000000000e-02 1.192545805214122526e-02 8.697059551400957919e-03 1.395042095881055832e-07 3.755274521026632741e-05
6.500000000000000222e-02 1.010730121691060836e-02 7.568257877607552711e-03 7.187176178356566109e-07 5.826702064202702436e-05
6.750000000000000444e-02 8.641073221203863369e-03 6.624475923360367662e-03 1.893167795559987987e-06 8.681326308702351773e-05
7.000000000000000666e-02 7.448395632380613168e-03 5.847085587376317853e-03 3.902091843401260297e-06 1.248976064471820843e-04
7.250000000000000888e-02 6.470177330440038746e-03 5.194199911426851564e-03 6.974688648227957544e-06 1.742883520499931705e-04
7.500000000000001110e-02 5.661494618628546381e-03 4.647767940632396323e-03 1.200354253640251394e-05 2.367765145551544098e-04
7.750000000000001332e-02 4.987930562564958821e-03 4.174657857440071222e-03 1.936092631777494797e-05 3.141103954458350262e-04
8.000000000000001554e-02 4.422892981887984430e-03 3.781716490378931542e-03 3.113236088926701716e-05 4.079463411350911094e-04
8.250000000000001776e-02 3.945687340813370386e-03 3.443875229368640722e-03 5.163038926933293931e-05 5.197963017511119397e-04
8.500000000000001998e-02 3.540075817295442427e-03 3.146098109939160156e-03 8.199097965043776308e-05 6.509870357732035250e-04
8.750000000000000833e-02 3.193229299185502013e-03 2.897232109670041730e-03 1.412674843934218726e-04 8.026315420624401207e-04
9.000000000000001055e-02 2.894938448482254484e-03 2.671966739938944329e-03 2.467726103609605868e-04 9.756139030204789885e-04
9.250000000000001277e-02 2.637018118281651922e-03 2.481247266937372173e-03 1.530797818933711833e-03 1.170586797706722661e-03
9.500000000000001499e-02 2.412872230961871957e-03 2.310900403256060335e-03 1.614667920445569775e-03 1.387979752039432586e-03
9.750000000000001721e-02 2.217138080381889521e-03 2.158934928438349145e-03 1.717224034385699200e-03 1.628014595839298150e-03
1.000000000000000056e-01 2.045444480946566421e-03 2.024534757124941010e-03 1.882937519862188129e-03 1.890725823934448881e-03
