# time 1 2 D-1 D
0.000000000000000000e+00 9.999999783220413496e-01 7.268250080171103908e-09 1.928476542695696949e-35 1.428960320218343586e-36
2.500000000000000486e-03 9.999973612289012603e-01 1.649867380911225036e-06 2.025622348062069002e-27 7.783225793131884215e-27
5.000000000000000971e-03 9.999419950114386557e-01 4.118024855666883372e-05 1.865919774185889154e-24 4.769554991203647488e-24
7.500000000000001457e-03 9.995897397724565758e-01 3.182612689200157801e-04 2.231334848442112669e-23 1.519075031206411721e-22
1.000000000000000194e-02 9.981517549572890280e-01 1.539067685202814709e-03 7.932560266998447214e-23 1.112455795536872354e-21
1.250000000000000069e-02 9.935364705093774340e-01 5.695539475119890810e-03 2.567777202040617318e-22 5.536820711259484524e-21
1.500000000000000291e-02 9.812366162920097556e-01 1.722262074728736839e-02 1.362924595735760592e-21 2.221822095120775553e-20
1.750000000000000167e-02 9.543043557606842864e-01 4.305515711338333412e-02 1.348343487679947934e-20 6.748469276188919981e-20
2.000000000000000389e-02 9.077070353614183906e-01 8.711922271003121054e-02 1.521979842216270704e-19 1.259721117546251935e-19
2.250000000000000264e-02 8.455455832928029380e-01 1.375383828169627620e-01 1.406749029362716332e-18 9.062296813820270604e-20
2.500000000000000139e-02 7.799785563256252940e-01 1.642576204624407454e-01 9.899909755772611633e-18 4.978409934452568779e-20
2.750000000000000361e-02 7.215368036735162471e-01 1.516648924230138973e-01 5.360349286963168989e-17 1.643660860217041496e-18
3.000000000000000583e-02 6.743073289355728805e-01 1.177156616331192646e-01 2.290540358301667052e-16 1.232015129842442046e-17
3.250000000000000111e-02 6.378999003400103174e-01 8.690877188181954371e-02 7.709671083304293496e-16 6.828410912764753248e-17
3.500000000000000333e-02 6.103214808401933311e-01 4.400634615263194355e-02 1.850444874806944890e-15 3.325108384435262566e-16
3.750000000000000555e-02 5.894715808853853156e-01 3.238993601137866302e-02 2.452841202215913849e-15 1.342333360248913076e-15
4.000000000000000777e-02 5.736218138782941400e-01 2.954732955852584428e-02 1.192696018700842686e-15 4.333271318560160884e-15
4.250000000000000999e-02 5.614688354844885598e-01 2.797824993218789302e-02 1.900155653671732514e-16 1.137767921686371235e-14
4.500000000000000527e-02 5.520610181473032396e-01 2.699244826684312967e-02 1.796562463203284978e-15 2.510291215777306569e-14
4.750000000000000749e-02 5.447093864912113670e-01 2.615847815454315842e-02 3.240535630959093533e-15 4.700027419951790150e-14
5.000000000000000278e-02 5.389138114483912334e-01 2.537574704143036666e-02 1.435155505583093692e-15 7.268646300052886817e-14
5.250000000000000500e-02 5.343086233702144527e-01 2.482405272715959219e-02 3.391020946991184179e-15 8.791204201545226994e-14
5.500000000000000722e-02 5.306239697308525738e-01 2.443218881609867874e-02 2.495564652459997394e-14 8.292984454067178071e-14
5.750000000000000944e-02 5.276585504044507546e-01 2.430628174377487752e-02 8.765302446445188815e-14 6.879964731041920358e-14
6.000000000000001166e-02 5.252609907802724409e-01 2.390858249132205710e-02 2.311243148670639528e-13 7.717494776196454754e-14
6.250000000000000000e-02 5.233164544038141353e-01 2.366157452332379521e-02 5.286530342644067083e-13 1.528933357701344120e-13
6.500000000000000222e-02 5.217371256413889657e-01 2.362703475076989926e-02 1.048819188483766249e-12 3.453356573173082438e-13
6.750000000000000444e-02 5.204553570266373663e-01 2.331659034451876930e-02 1.793449314119917315e-12 7.003282755103130033e-13
7.000000000000000666e-02 5.194186404805458679e-01 2.317892525334689161e-02 2.695779215141474059e-12 1.253936732602824950e-12
7.250000000000000888e-02 5.185858864061908546e-01 2.314956866591747278e-02 3.846815385508784540e-12 2.030326415548073964e-12
7.500000000000001110e-02 5.179245892070911683e-01 2.310574575878036538e-02 4.296430869647998660e-12 3.041573210003327149e-12
7.750000000000001332e-02 5.174087366810676825e-01 2.301875888091261743e-02 2.234872299708256985e-13 4.291326908039665520e-12
8.000000000000001554e-02 5.170171468531655767e-01 2.289240830779625327e-02 7.385327110812107006e-13 5.778567902548821029e-12
8.250000000000001776e-02 5.167322875824650330e-01 2.280092714318140631e-02 8.005779362802857639e-13 7.501982668798857813e-12
8.500000000000001998e-02 5.165393078939849447e-01 2.282430078551392696e-02 1.183625746303494073e-12 9.464587898555743622e-12
8.750000000000000833e-02 5.164254510779374696e-01 2.266520199923957243e-02 1.940734710973318066e-12 1.167915984389626980e-11
9.000000000000001055e-02 5.163795661786747537e-01 2.263645129946233875e-02 2.566817765472130303e-12 1.416786006850482699e-11
9.250000000000001277e-02 5.163917192003749657e-01 2.271430081661365494e-02 3.329641954108647151e-12 1.696508239764764255e-11
9.500000000000001499e-02 5.164530554912160065e-01 2.268900408667329227e-02 4.503442360708599216e-12 2.012028097161272016e-11
9.750000000000001721e-02 5.165556602745475789e-01 2.257538754665633016e-02 5.627114832809376014e-12 2.369822202626751527e-11
1.000000000000000056e-01 5.166967652195976202e-01 2.257341463231700082e-02 7.412868768185048964e-12 2.777598648808145169e-11
