# time 1 2 D-1 D
0.000000000000000000e+00 9.999999530010356130e-01 7.744150365030570376e-09 3.388335202582321838e-35 2.043580857692719184e-36
5.000000000000000104e-04 9.956974420062826292e-01 2.149031340951948563e-03 1.095930671380378812e-29 2.455597511154389229e-32
1.000000000000000021e-03 9.804708540766422509e-01 1.026360790101107229e-02 1.421893587419570274e-25 1.273929664024832622e-27
1.500000000000000248e-03 9.499171211155222894e-01 2.745238569184779709e-02 3.171376966171308359e-23 6.451140669346910815e-25
2.000000000000000042e-03 8.984232896633042031e-01 5.782209772278214255e-02 1.320678372926496581e-21 4.800673423995929878e-23
2.500000000000000052e-03 8.199171054814375914e-01 1.041529466545676325e-01 2.143477901447338515e-20 1.219753247805723175e-21
3.000000000000000496e-03 7.103997180067679329e-01 1.661698984396983991e-01 1.902218955561149514e-19 1.525547256858627134e-20
3.500000000000000507e-03 5.729696382266349364e-01 2.337767295399274525e-01 1.123166916099435642e-18 1.123958695300440839e-19
4.000000000000000083e-03 4.227581978053435163e-01 2.906062375863134317e-01 5.251575261549138579e-18 5.266941235828501297e-19
4.500000000000000527e-03 2.839501300265855344e-01 3.143042393467683215e-01 2.411955701250283223e-17 1.519584883975227061e-18
5.000000000000000104e-03 1.761375522402069960e-01 2.988986302330987610e-01 1.333183653915807305e-16 1.826136908762895992e-18
5.500000000000000548e-03 1.038414282371353942e-01 1.832324945160691554e-01 9.399426662826562365e-16 8.445357991044714688e-19
6.000000000000000992e-03 5.997921087069834484e-02 7.173658691965273393e-02 7.216860035241342018e-15 1.621074678582865447e-16
6.500000000000000569e-03 3.474983856587652437e-02 3.626289477791671406e-02 5.109426798663243152e-14 3.310121490786571200e-15
7.000000000000001013e-03 2.049690470053567096e-02 1.954175187433040972e-02 3.065728907801752033e-13 3.965502132780082320e-14
7.499999999999999722e-03 1.240780865763317989e-02 1.015950721832056987e-02 1.546202964104443933e-12 3.244888513784822093e-13
8.000000000000000167e-03 7.735763133172788436e-03 5.400266311142294141e-03 6.924235100737015489e-12 1.916278739140751991e-12
8.500000000000000611e-03 4.971319344383884342e-03 3.072918520609095334e-03 2.987202683472559431e-11 8.711220994611970344e-12
9.000000000000001055e-03 3.290820626216994348e-03 1.917392759219632009e-03 1.413052210353277742e-10 3.249698926358482882e-11
9.500000000000001499e-03 2.240591952801433782e-03 1.282516885409509637e-03 9.351167306023767912e-10 1.044954167941322312e-10
1.000000000000000021e-02 1.566217412845129567e-03 8.895732973371311015e-04 6.974572402470124861e-09 2.997246975031109883e-10
1.050000000000000065e-02 1.121824940843289559e-03 6.524003106906826280e-04 2.005976860399490647e-08 7.853524090715108194e-10
1.100000000000000110e-02 8.217544223771605432e-04 4.918513076568083045e-04 4.260897779136290838e-08 1.912098785805596482e-09
1.150000000000000154e-02 6.144709811371943742e-04 3.774001664573127350e-04 7.943758214193358414e-08 4.380287021980018447e-09
1.200000000000000198e-02 4.682252746765077321e-04 2.986243334289639560e-04 1.515635413884860719e-07 9.531349994713062058e-09
1.250000000000000069e-02 3.630056449800684432e-04 2.387759183054550779e-04 2.538409604848597017e-07 1.984362041174333126e-08
1.300000000000000114e-02 2.859219798070022044e-04 1.949708246736632728e-04 4.540780144825550365e-07 3.974918127397255093e-08
1.350000000000000158e-02 2.284995369951069188e-04 1.619301083002507827e-04 7.184681826812362768e-07 7.693408279093384818e-08
1.400000000000000203e-02 1.850582581024999465e-04 1.358570864869821781e-04 1.104677827527514036e-06 1.443269449387745047e-07
1.450000000000000247e-02 1.517218402793789073e-04 1.149691495998632758e-04 1.742859080462253065e-06 2.629957469831674867e-07
1.499999999999999944e-02 1.257998605613182296e-04 9.809415498731765724e-05 2.607644649742534809e-06 4.661133786026857077e-07
1.550000000000000162e-02 1.053952650935691831e-04 8.487825288067387601e-05 3.652648164647113469e-06 8.039540829409527348e-07
1.600000000000000033e-02 8.915050590567412240e-05 7.375515802577656103e-05 5.088620566769654935e-06 1.349485258935711208e-06
1.650000000000000078e-02 7.608059823667305283e-05 6.482705979704983382e-05 6.927729917134459459e-06 2.203527925366359249e-06
1.700000000000000122e-02 6.546158151120689259e-05 5.709771032395188542e-05 9.497959511479634666e-06 3.497831531539386263e-06
1.750000000000000167e-02 5.675481481930459774e-05 5.075904881937543537e-05 1.234012856289517986e-05 5.394097054055757063e-06
1.800000000000000211e-02 4.955496744317607999e-05 4.558648239694874867e-05 1.529583009804463511e-05 8.077423232475337467e-06
1.850000000000000255e-02 4.355375184596821560e-05 4.089376492485775801e-05 1.869073625288668620e-05 1.174404220780098318e-05
1.900000000000000300e-02 3.851432728677131747e-05 3.702766805362968475e-05 2.280854270889581754e-05 1.658517798692664432e-05
1.950000000000000344e-02 3.425304632575763446e-05 3.361350647868779088e-05 2.692368852728335436e-05 2.277047294317921495e-05
2.000000000000000042e-02 3.062624363716131632e-05 3.055804994237699024e-05 2.988989830700125848e-05 3.043472166974821883e-05
