# time 1 2 D-1 D
0.000000000000000000e+00 9.999999694292680541e-01 2.153399091211253628e-08 3.987276837989199227e-34 3.233549860241948477e-34
1.250000000000000243e-03 9.999979170714250465e-01 9.261336536727074375e-08 5.651254149737378738e-20 4.327808994544233757e-22
2.500000000000000486e-03 9.999676610843110103e-01 2.111401236716755525e-06 2.400968822593243577e-19 1.260877620534552007e-21
3.750000000000000729e-03 9.998405441513736891e-01 1.467850917552108290e-05 7.069719551931490058e-20 1.191958335880312498e-19
5.000000000000000971e-03 9.995040990932367864e-01 6.362782733654563248e-05 1.229900696513089107e-18 8.828277481522618153e-19
6.250000000000000347e-03 9.987875491002514705e-01 2.144184332276432322e-04 1.145690412386749462e-17 5.876046527744878020e-18
7.500000000000001457e-03 9.974180640418163213e-01 6.168551291453905914e-04 8.459309352521549768e-17 4.892588359189979074e-17
8.750000000000000833e-03 9.949256031659150512e-01 1.596750679837750410e-03 8.075979332773432656e-16 5.938086763828410417e-16
1.000000000000000194e-02 9.904596204379291224e-01 3.828034462748207498e-03 6.617574640582782748e-15 6.893560081046101275e-15
1.125000000000000132e-02 9.824622136479739254e-01 8.650716256366536641e-03 4.034472638526545662e-14 6.387186114737405667e-14
1.250000000000000069e-02 9.681471332085167525e-01 1.858586997784401895e-02 1.799681147932538768e-13 4.559026878509023373e-13
1.375000000000000180e-02 9.428791770878254264e-01 3.796639722554338153e-02 5.824501738247406418e-13 2.505503428576255334e-12
1.500000000000000291e-02 9.001293271628946213e-01 7.300007427723026465e-02 1.357332851885403981e-12 1.090787846317860363e-11
1.625000000000000056e-02 8.337885671616100947e-01 1.294567180572629983e-01 2.085396396036230397e-12 3.877452598253373330e-11
1.750000000000000167e-02 7.439793455734107219e-01 2.066736785906878315e-01 1.488254992212140479e-12 1.158743019335281907e-10
1.875000000000000278e-02 6.412160915630183977e-01 2.926635004453669309e-01 2.239060814109917110e-14 2.990124005781877962e-10
2.000000000000000389e-02 5.408501838082842017e-01 3.658159847576320511e-01 5.464316046192926299e-12 6.809966959981170588e-10
2.125000000000000500e-02 4.533631245356598005e-01 3.945961369197080737e-01 2.362018434448082449e-11 1.394513678626837615e-09
2.250000000000000264e-02 3.817226387000294263e-01 3.478857234185753766e-01 4.606448703633066353e-11 2.607392175089502906e-09
2.375000000000000375e-02 3.244984730250414784e-01 2.674349475158001588e-01 6.068791893176793275e-11 4.508370956338636755e-09
2.500000000000000139e-02 2.789566316515243449e-01 2.089186332973375360e-01 6.071094807090705380e-11 7.286743691500406063e-09
2.625000000000000250e-02 2.424873678514409547e-01 1.729953772819588231e-01 4.664714187352999722e-11 1.110831280191879074e-08
2.750000000000000361e-02 2.129924998891807308e-01 1.510255861390412679e-01 2.474661223619939883e-11 1.609432658034582462e-08
2.875000000000000472e-02 1.888800066083124729e-01 1.358393627132669368e-01 5.504020342101474886e-12 2.230647675366108183e-08
3.000000000000000583e-02 1.689611260800931158e-01 1.522754327522859719e-01 1.243085776931281838e-12 2.973999225434536038e-08
3.125000000000000000e-02 1.523469036308796598e-01 8.047790484002824429e-02 2.415769048945769145e-11 3.832281653721817889e-08
3.250000000000000111e-02 1.383666647983830822e-01 7.657427477102000946e-02 8.345373826645459137e-11 4.792693130989197755e-08
3.375000000000000222e-02 1.265083963551068835e-01 7.558487549154174756e-02 1.858065721695184538e-10 5.838048512911353298e-08
3.500000000000000333e-02 1.163762159320236023e-01 7.627556501602818229e-02 3.365041273875328623e-10 6.948389450724573471e-08
3.625000000000000444e-02 1.076601596968585622e-01 7.584046346794524884e-02 5.272075359698473089e-10 8.102610028051911997e-08
3.750000000000000555e-02 1.001146431289206967e-01 7.583779616322086636e-02 7.598402793085615257e-10 9.280048935091895810e-08
3.875000000000000666e-02 9.354297978569876826e-02 7.610770764595804760e-02 1.029671552853022757e-09 1.046151967563060939e-07
4.000000000000000777e-02 8.778613763850709462e-02 7.660016817755552210e-02 1.322678854743363900e-09 1.163019087764290604e-07
4.125000000000000888e-02 8.271449111574057100e-02 7.704466186977841635e-02 1.627420611097903777e-09 1.277203443716964656e-07
4.250000000000000999e-02 7.822168639403187518e-02 7.750210014029146333e-02 1.949189582539703965e-09 1.387600516387716656e-07
4.375000000000000416e-02 7.422001153908158733e-02 7.835898036260868782e-02 2.269011905304256791e-09 1.493395183184618734e-07
4.500000000000000527e-02 7.063684265298221521e-02 7.886237245535443474e-02 2.582844902555390100e-09 1.594032494269772828e-07
4.625000000000000638e-02 6.741186564311563156e-02 7.924395266154374284e-02 2.883473661845879944e-09 1.689179257415059532e-07
4.750000000000000749e-02 6.449486570872776936e-02 7.992653587506584612e-02 3.186034156725428871e-09 1.778684330731795677e-07
4.875000000000000860e-02 6.184394254186364320e-02 8.065205718714887895e-02 3.456452477839660951e-09 1.862534935559339104e-07
5.000000000000000278e-02 5.942428151357137533e-02 8.112126273350724059e-02 3.730791328035220666e-09 1.940892589205279261e-07
