# time 1 2 D-1 D
0.000000000000000000e+00 9.999999579511587022e-01 1.019132983057210341e-08 1.588700506848282351e-35 2.248061773438102149e-35
2.500000000000000486e-03 9.999954444333345460e-01 2.391599695268887175e-07 2.024912790810926256e-30 1.711230614953371548e-32
5.000000000000000971e-03 9.999332919804958530e-01 4.784941931219108240e-06 8.911176729808448628e-26 1.160558336682353268e-27
7.500000000000001457e-03 9.996808826387321156e-01 3.062325728829208619e-05 2.913519949104441074e-24 1.224833479717720581e-25
1.000000000000000194e-02 9.990051817709109105e-01 1.176196901943814651e-04 4.625960709169808854e-23 2.035629095428130395e-24
1.250000000000000069e-02 9.974891617814360956e-01 3.655788627591828100e-04 3.336009013083730661e-22 2.070508012751613853e-23
1.500000000000000291e-02 9.943663811480039083e-01 9.726132910006515201e-04 1.920775039212142973e-21 1.610839175723274960e-22
1.750000000000000167e-02 9.882278746425472438e-01 2.367860501311142181e-03 6.262507434687083543e-21 7.319114453193386053e-22
2.000000000000000389e-02 9.764931706155357549e-01 5.606437211426238201e-03 4.134961481115093652e-20 6.148998925794634758e-21
2.250000000000000264e-02 9.544399571243324942e-01 1.302752236559860492e-02 1.000897134741434993e-18 1.089520936052945020e-19
2.500000000000000139e-02 9.135166968552665967e-01 3.006647888285189293e-02 2.368281451228793985e-17 1.605019820382102478e-18
2.750000000000000361e-02 8.393992979089559547e-01 6.733555062154372717e-02 2.528834156991876404e-16 1.642171856390485815e-17
3.000000000000000583e-02 7.156540175670907944e-01 1.392491103141374476e-01 1.525087902550016819e-15 1.108223801517942519e-16
3.250000000000000111e-02 5.504349357744973137e-01 2.384689394678548569e-01 6.749183026773577039e-15 5.385305835383853897e-16
3.500000000000000333e-02 3.932841307958960808e-01 3.215861944696769559e-01 2.363247923951714566e-14 2.016701758469237789e-15
3.750000000000000555e-02 2.786644551033871653e-01 3.598786722603848909e-01 6.765408627349804148e-14 6.087239462024386673e-15
4.000000000000000777e-02 2.046467112740225913e-01 3.611399504649731584e-01 1.646923948112585103e-13 1.535715457953806025e-14
4.250000000000000999e-02 1.569325373470792651e-01 3.392938013224746641e-01 3.498289001874990912e-13 3.341247354675334920e-14
4.500000000000000527e-02 1.250479236837247765e-01 2.768665593855098028e-01 6.596934860740599582e-13 6.370121118079716185e-14
4.750000000000000749e-02 1.028114057822365618e-01 4.787271652152226553e-02 1.128414560075750763e-12 1.090001483117974885e-13
5.000000000000000278e-02 8.668597521070223189e-02 1.364811694393786544e-02 1.771165816355315988e-12 1.694811913837790580e-13
5.250000000000000500e-02 7.459064552526045722e-02 1.043125863249631108e-02 2.588813776312017413e-12 2.432039039491901558e-13
5.500000000000000722e-02 6.524859354646642129e-02 9.481699708288224629e-03 3.559347310420100231e-12 3.257330980939288239e-13
5.750000000000000944e-02 5.784296414423083926e-02 9.201221276784283740e-03 4.648513384929200898e-12 4.099521392163663557e-13
6.000000000000001166e-02 5.183144085348062591e-02 9.256961178651598038e-03 5.786434814939242499e-12 4.900988136746251696e-13
6.250000000000000000e-02 4.684260539221329900e-02 9.570170176158304329e-03 6.977443313693686346e-12 5.578700834525648477e-13
6.500000000000000222e-02 4.261569284481903780e-02 1.000634458264332803e-02 8.137199129152593695e-12 6.123100320120753399e-13
6.750000000000000444e-02 3.896423106102246681e-02 1.056963386174779480e-02 9.185613709576441799e-12 6.445224982665410358e-13
7.000000000000000666e-02 3.575335689473205236e-02 1.122779805563423050e-02 1.016218249949502406e-11 6.547629405578442940e-13
7.250000000000000888e-02 3.288515752669838449e-02 1.194853761465458110e-02 1.101357079891900979e-11 6.496696741050452160e-13
7.500000000000001110e-02 3.028884063104351348e-02 1.273970459527477318e-02 1.173842809260998962e-11 6.345700219394727346e-13
7.750000000000001332e-02 2.791383558011549526e-02 1.357224147002103649e-02 1.234583401509169742e-11 5.977122144439428491e-13
8.000000000000001554e-02 2.572471648808445990e-02 1.442961295290810450e-02 1.281184572803778418e-11 5.506484946028400946e-13
8.250000000000001776e-02 2.369724862904329377e-02 1.529264653965574025e-02 1.311758519281959498e-11 5.001115798915137479e-13
8.500000000000001998e-02 2.181520859217596711e-02 1.615351104455510153e-02 1.340505094677372728e-11 4.434768601162086569e-13
8.750000000000000833e-02 2.006780454331754532e-02 1.699100792709010155e-02 1.349903587688233536e-11 3.791127330874651042e-13
9.000000000000001055e-02 1.844760795946942880e-02 1.780292640368824966e-02 1.358555883100619503e-11 3.261470609948671246e-13
9.250000000000001277e-02 1.694899013402080198e-02 1.857240846189231465e-02 1.360690404089651226e-11 2.793585848543145354e-13
9.500000000000001499e-02 1.556701327712410772e-02 1.929270404307297654e-02 1.350422442024107980e-11 2.302234218376534908e-13
9.750000000000001721e-02 1.429672881188606345e-02 1.995594895518238918e-02 1.338919792711275333e-11 1.850429338930671669e-13
1.000000000000000056e-01 1.313307577726840689e-02 2.055774464956743389e-02 1.323128589356327944e-11 1.580963763461421173e-13
