# time 1 2 D-1 D
0.000000000000000000e+00 9.999999393832514905e-01 1.681467609687797189e-08 1.537038071815577184e-35 9.488833763902323441e-36
2.500000000000000486e-03 9.999936588649162017e-01 5.281071904332728807e-06 4.607182842000709817e-34 2.222419007023387737e-37
5.000000000000000971e-03 9.998704982241289896e-01 1.123915502280908749e-04 8.408722938660165621e-32 3.114776113277542106e-30
7.500000000000001457e-03 9.991696734369559518e-01 7.372693641741587429e-04 6.776726319078990276e-27 4.775034034342959289e-28
1.000000000000000194e-02 9.967051048960553494e-01 2.966177931308986489e-03 1.005151286147068920e-25 6.869430690253041700e-27
1.250000000000000069e-02 9.900746286726346268e-01 8.942344239254244528e-03 5.456092521157650804e-25 2.829355478607775487e-26
1.500000000000000291e-02 9.753584887102118017e-01 2.179324151861921841e-02 1.823221484952962438e-24 8.193664328783724409e-26
1.750000000000000167e-02 9.477622579148879955e-01 4.466413050238397103e-02 4.383744761137703461e-24 1.713674452504222446e-25
2.000000000000000389e-02 9.039378605161207947e-01 7.755397649230566515e-02 7.980680944976718109e-24 3.087043197348100202e-25
2.250000000000000264e-02 8.450574024717155686e-01 1.164291837856033657e-01 1.071250743907245802e-23 4.680010886760707767e-25
2.500000000000000139e-02 7.775248313174460968e-01 1.529817755046693206e-01 1.104158222299798437e-23 3.343506678444756588e-25
2.750000000000000361e-02 7.098329195448810358e-01 1.476185265571467453e-01 1.220850042143062265e-23 2.320680424684396639e-25
3.000000000000000583e-02 6.485726445241002391e-01 8.960771730629477072e-02 2.708022040741938249e-23 9.456349565233475723e-24
3.250000000000000111e-02 5.968673558690269498e-01 7.202018053903538886e-02 1.162251394743074481e-22 6.523336417809646306e-23
3.500000000000000333e-02 5.550832257518527602e-01 6.721690740698532673e-02 4.851521130231303214e-22 2.086725553742536793e-22
3.750000000000000555e-02 5.221449542373375330e-01 6.502912651934202037e-02 1.676831648239064490e-21 3.646529263738990879e-22
4.000000000000000777e-02 4.965028034016200076e-01 6.445974244579669166e-02 4.528824799270194072e-21 2.807987612738312871e-22
4.250000000000000999e-02 4.766321180845185523e-01 6.457337493294001973e-02 9.736434195506157884e-21 5.241590717143813879e-24
4.500000000000000527e-02 4.612253448246927401e-01 6.493651669205800780e-02 1.522557954130100378e-20 1.140103454311061927e-21
4.750000000000000749e-02 4.492316203898575333e-01 6.535004040290032234e-02 1.818919047613159222e-20 7.662196394070262137e-21
5.000000000000000278e-02 4.398336760772870169e-01 6.259382224533474592e-02 1.523051100572411745e-20 2.510963833427576155e-20
5.250000000000000500e-02 4.324075035694998070e-01 1.331496005215937646e-02 1.425747427450618969e-20 6.008545931106655127e-20
5.500000000000000722e-02 4.264814231498409436e-01 4.488834130457992205e-03 2.101132589697799195e-20 1.102234965796038233e-19
5.750000000000000944e-02 4.217008015562675460e-01 2.815849101330622755e-03 4.092703741751199477e-20 1.804842308552542022e-19
6.000000000000001166e-02 4.178000371887465869e-01 2.177015501293622524e-03 8.927470539929089192e-20 2.217270164871106866e-19
6.250000000000000000e-02 4.145813521179073091e-01 1.765877540249713570e-03 1.745451461439085747e-19 3.116263553655990937e-19
6.500000000000000222e-02 4.118981204548504693e-01 1.451108912052698771e-03 3.100292435114045621e-19 4.586393485964998739e-19
6.750000000000000444e-02 4.096423608164871943e-01 1.278124643283948302e-03 6.861149583334400646e-19 4.915556103900448403e-19
7.000000000000000666e-02 4.077355841613927723e-01 1.110485411812011823e-03 1.239582201710447001e-18 7.156785339039250184e-19
7.250000000000000888e-02 4.061214426718302573e-01 1.012682449080958393e-03 2.179811148190804920e-18 8.940971863379089413e-19
7.500000000000001110e-02 4.047601319935978936e-01 9.194161923637291607e-04 3.873988978136858997e-18 9.781338898097176114e-19
7.750000000000001332e-02 4.036241512976046497e-01 8.280038660597337013e-04 5.061452050559904948e-18 1.559542836890729718e-18
8.000000000000001554e-02 4.026945755956313766e-01 7.696505009127661053e-04 8.118969694457960187e-18 1.715835244753238049e-18
8.250000000000001776e-02 4.019582654582135040e-01 7.141308471613532155e-04 1.087629523977238838e-17 2.190246896509751802e-18
8.500000000000001998e-02 4.014055406082143174e-01 6.767709464554594019e-04 1.172433479031710129e-17 3.186203481818851034e-18
8.750000000000000833e-02 4.010280483363373172e-01 6.472438555439325022e-04 1.496250821390121782e-17 3.382624647653313138e-18
9.000000000000001055e-02 4.008174502120203098e-01 6.154599947949568632e-04 3.011511843949697427e-18 4.673886236407930840e-18
9.250000000000001277e-02 4.007643039919137062e-01 5.881209162821243123e-04 7.141931037021852259e-17 5.834524282896614617e-18
9.500000000000001499e-02 4.008574008506081698e-01 5.640518650459376429e-04 7.537546757535325755e-17 6.278001403431496057e-18
9.750000000000001721e-02 4.010838911729739942e-01 5.433959199078289585e-04 8.673231666864240156e-17 8.512274753302395308e-18
1.000000000000000056e-01 4.014294767463479907e-01 5.200825736346745363e-04 9.460184116923407880e-17 9.493215919342746840e-18
