# lambda 1 2 D-1 D
0.000000000000000000e+00 -1.199999994824449701e+01 -1.000000002237471008e+01 9.999999987142604851e+00 1.199999995543733533e+01
2.500000000000000139e-02 -1.170670786959690801e+01 -9.841021747090699989e+00 9.841111842579056912e+00 1.170668864959871414e+01
5.000000000000000278e-02 -1.142764700393300714e+01 -9.693442870842609693e+00 9.694207230462005498e+00 1.142747978307405532e+01
7.500000000000001110e-02 -1.116427805093207759e+01 -9.557537403987312885e+00 9.560275505482840330e+00 1.116364860901585665e+01
1.000000000000000056e-01 -1.091846211077700168e+01 -9.433526567464804558e+00 9.440410610804802261e+00 1.091675428514900226e+01
1.250000000000000000e-01 -1.069258638123012339e+01 -9.321586417456595441e+00 9.335803954668710603e+00 1.068867230001882085e+01
1.500000000000000222e-01 -1.048970203789308009e+01 -9.221947223280801964e+00 9.247742899583846210e+00 1.048159681926050091e+01
1.750000000000000167e-01 -1.031362610961753035e+01 -9.135145396308217869e+00 9.177586995979996942e+00 1.029798486254958334e+01
2.000000000000000111e-01 -1.016889322463641321e+01 -9.062432255845319418e+00 9.126703548991557113e+00 1.014041644798410857e+01
2.250000000000000056e-01 -1.006037732273394880e+01 -9.005944779782307563e+00 9.096340772918921402e+00 1.001137316169711866e+01
2.500000000000000000e-01 -9.992459383824380481e+00 -8.967822047118003681e+00 9.087427904822620306e+00 9.912994258969506589e+00
2.750000000000000222e-01 -9.967929497173809494e+00 -8.948648754663039995e+00 9.100327499813122500e+00 9.846916462410522541e+00
3.000000000000000444e-01 -9.987194991266051147e+00 -8.947246725771570652e+00 9.134624583114646867e+00 9.814275100515025940e+00
3.250000000000000111e-01 -1.004829642033911874e+01 -8.962650630190081458e+00 9.189084738261557916e+00 9.815824984028191480e+00
3.500000000000000333e-01 -1.014765428495418753e+01 -9.051626097811729110e+00 9.261895667004973021e+00 9.852018201162087152e+00
3.750000000000000000e-01 -1.028103337193442712e+01 -9.228051401891448791e+00 9.351193355562198661e+00 9.922883879562448328e+00
4.000000000000000222e-01 -1.044428570290211766e+01 -9.431838504808869317e+00 9.455673808152848636e+00 1.002775019074729457e+01
4.250000000000000444e-01 -1.063374041183893759e+01 -9.658245416602801114e+00 9.574943404469591357e+00 1.016507758892523405e+01
4.500000000000000111e-01 -1.084631839198341297e+01 -9.904236228251136254e+00 9.709385370740989174e+00 1.033262958086982408e+01
4.750000000000000333e-01 -1.107949786706052819e+01 -1.016758094681668112e+01 9.859700386964501462e+00 1.052787776644149531e+01
5.000000000000000000e-01 -1.133122438001515064e+01 -1.044665863272024353e+01 1.002646635143703335e+01 1.074836082012670602e+01
5.250000000000000222e-01 -1.159981514231541233e+01 -1.074029753299278944e+01 1.020990200932125980e+01 1.099185903700752398e+01
5.500000000000000444e-01 -1.188387804084534416e+01 -1.104762415152814548e+01 1.040982577722303226e+01 1.125641821906874362e+01
5.750000000000000666e-01 -1.218225011282530268e+01 -1.136792736274172633e+01 1.062572606236049744e+01 1.154030820677703950e+01
6.000000000000000888e-01 -1.249395357245575156e+01 -1.170055040444638550e+01 1.085687120468666578e+01 1.184197263435661185e+01
6.250000000000000000e-01 -1.281816523707836097e+01 -1.204482281498042440e+01 1.110241698558147050e+01 1.215999151749385021e+01
6.500000000000000222e-01 -1.315419505349283291e+01 -1.240003552076109550e+01 1.136148222384242423e+01 1.249305872762515968e+01
6.750000000000000444e-01 -1.350147014036896209e+01 -1.276544505822758779e+01 1.169943068041385104e+01 1.283996970567196527e+01
7.000000000000000666e-01 -1.385952170832733543e+01 -1.315105334148107374e+01 1.205621974143823039e+01 1.319961438197644554e+01
7.250000000000000888e-01 -1.422797306774221937e+01 -1.355429931031349966e+01 1.242156336399314753e+01 1.357097192299320199e+01
7.500000000000000000e-01 -1.460652753830984452e+01 -1.396535859672788149e+01 1.279456980103638486e+01 1.395310563798969739e+01
7.750000000000000222e-01 -1.499495540485256129e+01 -1.438363256075275842e+01 1.317445108516786689e+01 1.434515752619790874e+01
8.000000000000000444e-01 -1.539307917563589001e+01 -1.480852616396215637e+01 1.356051319926831411e+01 1.474634251985405342e+01
8.250000000000000666e-01 -1.580075642365614996e+01 -1.523944545299316999e+01 1.395214755754823344e+01 1.515594266843281801e+01
8.500000000000000888e-01 -1.621785964559438398e+01 -1.567579772675518868e+01 1.434882127411940544e+01 1.557330150119861045e+01
8.750000000000000000e-01 -1.664425314574521764e+01 -1.611699932134685298e+01 1.475006830003480118e+01 1.599781872590308751e+01
9.000000000000000222e-01 -1.707976817297975813e+01 -1.656249085322092540e+01 1.515548046466109966e+01 1.642894533796580347e+01
9.250000000000000444e-01 -1.752417928879018660e+01 -1.701175722145085700e+01 1.556469996646587362e+01 1.686617915298690917e+01
9.500000000000000666e-01 -1.797718647520806456e+01 -1.746434744878916945e+01 1.597741201871887995e+01 1.730906073975918247e+01
9.750000000000000888e-01 -1.843840759685604169e+01 -1.791988851644323333e+01 1.639333913811386978e+01 1.775716971567842606e+01
1.000000000000000000e+00 -1.890738373542997408e+01 -1.837808896077677900e+01 1.681223538933747363e+01 1.821012136409600402e+01
