# time 1 2 D-1 D
0.000000000000000000e+00 9.999999543241436806e-01 1.227494722823578087e-08 1.667438736641415365e-35 2.981053673685321120e-35
1.250000000000000243e-03 9.991230498424357176e-01 5.432041490286872682e-07 1.213949473555841192e-29 1.087400482454242162e-27
2.500000000000000486e-03 9.963128160398764255e-01 1.093161544337627902e-05 2.801190414218569158e-25 5.913128080549267020e-24
3.750000000000000729e-03 9.912756922602414811e-01 7.237092851999915588e-05 1.154231461087741266e-22 1.004996115915943071e-21
5.000000000000000971e-03 9.836634861814319564e-01 3.055535457669889140e-04 8.852025948584766548e-21 4.093881867788639179e-20
6.250000000000000347e-03 9.730090268795785757e-01 1.006984647777161819e-03 2.670742087135275528e-19 7.551452917608643852e-19
7.500000000000001457e-03 9.585939842031698799e-01 2.814602819219278167e-03 4.423344843101601601e-18 8.353585083576313483e-18
8.750000000000000833e-03 9.392602964472633875e-01 6.876684889469990812e-03 4.742550120161255149e-17 6.420574492568044184e-17
1.000000000000000194e-02 9.133182933255632463e-01 1.473496995099026277e-02 3.691790406105665974e-16 3.732526312339489686e-16
1.125000000000000132e-02 8.789184417968680663e-01 2.748266851413528819e-02 2.224217396082039637e-15 1.728304221188885693e-15
1.250000000000000069e-02 8.351701387757037853e-01 4.471863422655544817e-02 1.086186459074963649e-14 6.583496523402806364e-15
1.375000000000000180e-02 7.834542886681462592e-01 6.509669850800821334e-02 4.453854556764925162e-14 2.105010240180206417e-14
1.500000000000000291e-02 7.275638534001326319e-01 8.641830351174950575e-02 1.573960537169797363e-13 5.716011160168220323e-14
1.625000000000000056e-02 6.721977308278269669e-01 1.020611900704870290e-01 4.900658114086256112e-13 1.325315538282139154e-13
1.750000000000000167e-02 6.210863208880620379e-01 9.084427054999750367e-04 1.364376296490308177e-12 2.632910405895948895e-13
1.875000000000000278e-02 5.761157434841643887e-01 7.879415928641570832e-04 3.439950283741962435e-12 4.493440724903583174e-13
2.000000000000000389e-02 5.375444389629469022e-01 2.554103044776864784e-03 7.931625929761885997e-12 6.666398570614883063e-13
2.125000000000000500e-02 5.046595304847872887e-01 4.918523226916684393e-03 1.687685106438945998e-11 8.796563148892055821e-13
2.250000000000000264e-02 4.763598523864257528e-01 8.066018103203597897e-03 3.340569821002848803e-11 1.057847213845921597e-12
2.375000000000000375e-02 4.515106884549912047e-01 1.221899182988012492e-02 6.199539585041334049e-11 1.189380695518725734e-12
2.500000000000000139e-02 4.291095362417460812e-01 1.745532232296105254e-02 1.084377141575332659e-10 1.284057739627371200e-12
2.625000000000000250e-02 4.083403669419372606e-01 2.394349048616486661e-02 1.794124374445384760e-10 1.350481277415124895e-12
2.750000000000000361e-02 3.885738516974423518e-01 3.143601979096363047e-02 2.815359571259527790e-10 1.397196079628895943e-12
2.875000000000000472e-02 3.693460537835006052e-01 4.009681564742890308e-02 4.195472459195768363e-10 1.428658770546514101e-12
3.000000000000000583e-02 3.503302054884147587e-01 4.971217653213339666e-02 5.947700078597646163e-10 1.447215039543992909e-12
3.125000000000000000e-02 3.313100575569801198e-01 6.009775716753825575e-02 8.053845790962355903e-10 1.454682143879861139e-12
3.250000000000000111e-02 3.121576756240253547e-01 7.053290564098735338e-02 1.024276661567551219e-09 1.453826806894091626e-12
3.375000000000000222e-02 2.928165456500703701e-01 8.203351434230907180e-02 4.163125612018678773e-11 1.448967608087514145e-12
3.500000000000000333e-02 2.732894012113261661e-01 2.648821301128970705e-03 4.239799005145569409e-11 1.445232447682812541e-12
3.625000000000000444e-02 2.536296696491901481e-01 2.059284427807795900e-03 4.679374896728691320e-11 1.447287518234040405e-12
3.750000000000000555e-02 2.339344697662700812e-01 1.500097628141453714e-03 5.056062828109336078e-11 1.458396205601293053e-12
3.875000000000000666e-02 2.143373784786329339e-01 1.265122263958797346e-03 5.715866794428546925e-11 1.479511124926034651e-12
4.000000000000000777e-02 1.949998749016523536e-01 1.072516515343448175e-03 6.590475166574340024e-11 1.508619039219268789e-12
4.125000000000000888e-02 1.761011495473681632e-01 6.157471876744460100e-04 7.734748799707286034e-11 1.540791176573356305e-12
4.250000000000000999e-02 1.578269553829350358e-01 3.513318045617313938e-04 9.174712388941035985e-11 1.569143529425485072e-12
4.375000000000000416e-02 1.403586977053680462e-01 1.789958673070223059e-04 1.109836426834368716e-10 1.585780910406246993e-12
4.500000000000000527e-02 1.238636767770766867e-01 2.657891242985988312e-05 1.349045989240405144e-10 1.582454234098047681e-12
4.625000000000000638e-02 1.084863617783764084e-01 3.709668667272461468e-06 1.648723766360361270e-10 1.552936866144209671e-12
4.750000000000000749e-02 9.434020260050290929e-02 6.127250765011619041e-05 2.015067632353535731e-10 1.493084470565112640e-12
4.875000000000000860e-02 8.150017772838745456e-02 1.638136015129793845e-04 2.456747071131243931e-10 1.403060842716763531e-12
5.000000000000000278e-02 6.999748628255955674e-02 3.214930426389970490e-04 2.982480781934178522e-10 1.285837523469033975e-12
