# time 1 2 D-1 D
0.000000000000000000e+00 9.999999830292213288e-01 1.374300634264110903e-09 7.226939268855423599e-35 3.080970693505215558e-35
5.000000000000000104e-04 9.990396216579590094e-01 2.148676589971794927e-06 1.056868262342896646e-16 1.035337692077970237e-21
1.000000000000000021e-03 9.959278011442979084e-01 4.520269376432757379e-05 3.316756649214940627e-14 5.168572494546358742e-18
1.500000000000000248e-03 9.901758805951098585e-01 3.259236928719584734e-04 1.004847449769418403e-12 7.946796742314582651e-16
2.000000000000000042e-03 9.808883088695589114e-01 1.492414791270842101e-03 1.163434650879074685e-11 2.867421362678295532e-14
2.500000000000000052e-03 9.662618868916620363e-01 5.253189796372988510e-03 7.744929839001398834e-11 4.546707880100221987e-13
3.000000000000000496e-03 9.429947762371280184e-01 1.515683538368087918e-02 3.559967748395791943e-10 4.162085269209252841e-12
3.500000000000000507e-03 9.068670814806697456e-01 3.625221828151634074e-02 1.242273220189057676e-09 2.537103069303755211e-11
4.000000000000000083e-03 8.564685223001513581e-01 7.161949366830407115e-02 3.509793748090056190e-09 1.123115395071768496e-10
4.500000000000000527e-03 7.974623519685037909e-01 1.173198133035026486e-01 8.342608587965240048e-09 3.839223631675738202e-10
5.000000000000000104e-03 7.398591073373521620e-01 1.554528868053192681e-01 1.731932755965523472e-08 1.047228175752029753e-09
5.500000000000000548e-03 6.908720395866015940e-01 1.287504786689432357e-01 3.232878343012046343e-08 2.376693883504350981e-09
6.000000000000000992e-03 6.525597804878314756e-01 8.152581011519990928e-02 5.576266121786740461e-08 4.483017898574087290e-09
6.500000000000000569e-03 6.238751297616640379e-01 6.087072955589480083e-02 9.081318673642583026e-08 6.797822834052000474e-09
7.000000000000001013e-03 6.028301496906929291e-01 5.118000738994321619e-02 1.418751033179055946e-07 7.159454500034652159e-09
7.499999999999999722e-03 5.875205150601718884e-01 4.589671923969395467e-02 2.123604709634093331e-07 3.216858314632035772e-09
8.000000000000000167e-03 5.764193817212388549e-01 4.269515282457816974e-02 2.966312665032520424e-07 1.158556483858717257e-10
8.500000000000000611e-03 5.683835247415474079e-01 4.064940933025764508e-02 3.813041736640253412e-07 9.543081940964150607e-09
9.000000000000001055e-03 5.625801780449632972e-01 3.915002271719809912e-02 4.655726380668187166e-07 3.000940696849451187e-08
9.500000000000001499e-03 5.584082779655917816e-01 3.804598535015094735e-02 5.553046880173961128e-07 5.315154653772598831e-08
1.000000000000000021e-02 5.554341201934089867e-01 3.714151680442242393e-02 6.516326199231963401e-07 7.538029338516309452e-08
1.050000000000000065e-02 5.533434672599155668e-01 3.646820870191642971e-02 7.538187744525716187e-07 9.522762588396521201e-08
1.100000000000000110e-02 5.519072300644490836e-01 3.585027675528679181e-02 8.624010360911551902e-07 1.103769291672099586e-07
1.150000000000000154e-02 5.509572010263434905e-01 3.535937377657405456e-02 9.716578285862144191e-07 1.252757096610798532e-07
1.200000000000000198e-02 5.503690478200221614e-01 3.494744768912127347e-02 1.082500387191563105e-06 1.382297099460263669e-07
1.250000000000000069e-02 5.500502767161317141e-01 3.452688536178519924e-02 1.195117613166950241e-06 1.486683157333800477e-07
1.300000000000000114e-02 5.499316272812707629e-01 3.418109077011770303e-02 1.307243928275111278e-06 1.587544014282546093e-07
1.350000000000000158e-02 5.499609964208884705e-01 3.387974412745219793e-02 1.420265917521167842e-06 1.671505862491840627e-07
1.400000000000000203e-02 5.500990317388249062e-01 3.363979353709634079e-02 1.534422943981545783e-06 1.736869368850821618e-07
1.450000000000000247e-02 5.503158934494563059e-01 3.338255469637899098e-02 1.649616915839929203e-06 1.784172221196127386e-07
1.499999999999999944e-02 5.505889087064799181e-01 3.316826124540788595e-02 1.764176011877079636e-06 1.827404522229170015e-07
1.550000000000000162e-02 5.509008236345972476e-01 3.298077641407824029e-02 1.877383493944157939e-06 1.868099850968037841e-07
1.600000000000000033e-02 5.512384979772435578e-01 3.280931834305090417e-02 1.986845908643243874e-06 1.920619025793909224e-07
1.650000000000000078e-02 5.515919520018949251e-01 3.267997414897424319e-02 2.095787595019679023e-06 1.932502620667641270e-07
1.700000000000000122e-02 5.519536098401580659e-01 3.254918814138403615e-02 2.197853789462657585e-06 1.956612562201429065e-07
1.750000000000000167e-02 5.523177482815450068e-01 3.242302602707048537e-02 2.290722809990092140e-06 1.989976419127840793e-07
1.800000000000000211e-02 5.526800693952941268e-01 3.231576170432107903e-02 2.376469022814241440e-06 2.007515655745264937e-07
1.850000000000000255e-02 5.530373963981303209e-01 3.222603557162689175e-02 2.450661949945992685e-06 2.006609260003475703e-07
1.900000000000000300e-02 5.533873821317737418e-01 3.216374129572704271e-02 2.508901458133763676e-06 2.030789838567037667e-07
1.950000000000000344e-02 5.537283443592185828e-01 3.210727054190645052e-02 2.555247819417622862e-06 2.037767047993234696e-07
2.000000000000000042e-02 5.540592434594021620e-01 3.204090210558919322e-02 2.587636649134904683e-06 2.047260388589229425e-07
