# time 1 2 D-1 D
0.000000000000000000e+00 9.999999588974817222e-01 1.158976568278664407e-08 1.525922532949354323e-34 4.879036239881757088e-36
5.000000000000000104e-04 9.999995289346375049e-01 1.611518808728032075e-09 4.677039460532124496e-30 2.265936282687690828e-28
1.000000000000000021e-03 9.999916858158299782e-01 1.543371243099795031e-07 2.199355269011994888e-26 2.457286123130211495e-25
1.500000000000000248e-03 9.999522045071064236e-01 1.658294598076092740e-06 3.527407680232801032e-25 3.708433957899588981e-24
2.000000000000000042e-03 9.998272160329892966e-01 1.053782968170524357e-05 9.719816185344812776e-25 1.602148778616243857e-23
2.500000000000000052e-03 9.995129659083250573e-01 4.639529978365212478e-05 8.623245616092458806e-25 4.489126163802411226e-23
3.000000000000000496e-03 9.988202284206646464e-01 1.734084785373808137e-04 8.460258723334591502e-25 1.115098409950494889e-22
3.500000000000000507e-03 9.974110585613917834e-01 5.704321746558694683e-04 3.201661519758478344e-23 2.609800468743267074e-22
4.000000000000000083e-03 9.946903480336449777e-01 1.636189300521628982e-03 2.109603693571380939e-21 6.186856053342645127e-22
4.500000000000000527e-03 9.896380882036094340e-01 4.289619895770735956e-03 4.592964191369820723e-20 1.750704963907734568e-21
5.000000000000000104e-03 9.805988563064045316e-01 1.034303084040162288e-02 6.145865890784932490e-19 5.438102333685659517e-21
5.500000000000000548e-03 9.651299211073922635e-01 2.345075728293926492e-02 5.502913969790937861e-18 1.696477398337860287e-20
6.000000000000000992e-03 9.401513564697899783e-01 4.679931910757507973e-02 3.757000390836837394e-17 3.153525037091897348e-20
6.500000000000000569e-03 9.027329795125674794e-01 6.897980598744414549e-02 1.983330325073465202e-16 1.865856179448246099e-21
7.000000000000001013e-03 8.515834559019282990e-01 7.934061539473181990e-02 8.446301980357644925e-16 7.621563859689436130e-19
7.499999999999999722e-03 7.884982492728136450e-01 8.795756902145235312e-02 3.003137632084387603e-15 1.605127707619540068e-17
8.000000000000000167e-03 7.184213610341523282e-01 9.603135645835556011e-02 8.878767706726661243e-15 1.525755902860110728e-16
8.500000000000000611e-03 6.476673419033683876e-01 9.886748115131974157e-02 2.261297255567498395e-14 9.767092316919269684e-16
9.000000000000001055e-03 5.815948972936024752e-01 9.535316475672693526e-02 4.951182074075446561e-14 4.787764128119060929e-15
9.500000000000001499e-03 5.233339062044473078e-01 8.135262611973256841e-02 9.406672188029942664e-14 1.913254210144671045e-14
1.000000000000000021e-02 4.738735049802455523e-01 5.280367023564303680e-02 1.564689385624885121e-13 6.466699514467337483e-14
1.050000000000000065e-02 4.328146582621359983e-01 1.571034292181522005e-02 2.245576298550530710e-13 1.891796454377265871e-13
1.100000000000000110e-02 3.991153694896463211e-01 6.837437204445297742e-04 2.667310276248117527e-13 4.859285803274570540e-13
1.150000000000000154e-02 3.715755999165213930e-01 5.828956496807166090e-04 2.454618631268639749e-13 1.105671465565474309e-12
1.200000000000000198e-02 3.490788111310982322e-01 1.870694365159941350e-03 1.438897084236179354e-13 2.245245383851622684e-12
1.250000000000000069e-02 3.306818315681436804e-01 2.594602713921026135e-03 6.179380448756025279e-15 4.111608204804985002e-12
1.300000000000000114e-02 3.156283698904217005e-01 2.984348886078736808e-03 9.056435035340239189e-13 6.888867657856858489e-12
1.350000000000000158e-02 3.033315801395000122e-01 2.838401004457426994e-03 1.953993415186718363e-12 1.072385942582488525e-11
1.400000000000000203e-02 2.933471442720700373e-01 2.774236406913879564e-03 3.023714626248830771e-12 1.570224438440914599e-11
1.450000000000000247e-02 2.853459000513478006e-01 2.509190887093208470e-03 4.448976779431851613e-12 2.178552485172808352e-11
1.499999999999999944e-02 2.790880487038278068e-01 2.437344167911647402e-03 6.318304902295702716e-12 2.869699614057817816e-11
1.550000000000000162e-02 2.743968763981172732e-01 1.857736076550347030e-03 8.473682976022501864e-12 3.611537985519796486e-11
1.600000000000000033e-02 2.711263042598625050e-01 1.377406088092431426e-03 1.164065331958976824e-11 4.245480124842669310e-11
1.650000000000000078e-02 2.691107566653806460e-01 8.298676324456062767e-04 1.517100431194350167e-11 4.712873158081629318e-11
1.700000000000000122e-02 2.680748157405334897e-01 2.833778351229608778e-04 1.834913018030129986e-11 4.932098288115734848e-11
1.750000000000000167e-02 2.674593986715548821e-01 2.678691621346603517e-07 2.460209273113774779e-11 4.397368612787449665e-11
1.800000000000000211e-02 2.660874740092344926e-01 5.788327679996988200e-04 2.745146386998427611e-11 3.628770505782528677e-11
1.850000000000000255e-02 2.615666796176341347e-01 3.530928114114553762e-03 2.370428552856299729e-11 2.970115491041277828e-11
1.900000000000000300e-02 2.495060756982605543e-01 1.206414109812172474e-02 5.472674541029638379e-12 3.677810524828916226e-11
1.950000000000000344e-02 2.240420814104249758e-01 3.104510296612279785e-02 1.287650098048181040e-12 4.236274071444741227e-11
2.000000000000000042e-02 1.838157783774356790e-01 6.147011119551992753e-02 2.701636728711550922e-11 4.666041661786989142e-11
