# time 1 2 D-1 D
0.000000000000000000e+00 9.999999588974817222e-01 1.158976568278664407e-08 1.525922532949354323e-34 4.879036239881757088e-36
1.250000000000000243e-03 9.999994066443383955e-01 3.915155860447630149e-09 4.363971390187100948e-30 1.864596440167344491e-28
2.500000000000000486e-03 9.999893978950324946e-01 2.608127911797117813e-07 1.996955985178414258e-26 2.464364752877502066e-25
3.750000000000000729e-03 9.999387427024439834e-01 2.645081617223016583e-06 2.489661729760868661e-25 3.495122394952817220e-24
5.000000000000000971e-03 9.997774480384092888e-01 1.625715856250200614e-05 4.878164099673275420e-25 1.463589966266403900e-23
6.250000000000000347e-03 9.993699523859036482e-01 6.949193689740847980e-05 1.839014858276114811e-25 4.135628720896713879e-23
7.500000000000001457e-03 9.984697824308149672e-01 2.522229506115040900e-04 5.106757518670363828e-25 1.001383576586855129e-22
8.750000000000000833e-03 9.966432561925130384e-01 8.054940379821041389e-04 6.693426905149828747e-23 2.464274326030409547e-22
1.000000000000000194e-02 9.931466315633670217e-01 2.242009351874328822e-03 4.144038915210465513e-21 6.464876799279012577e-22
1.125000000000000132e-02 9.867488321940632856e-01 5.707080067747421180e-03 8.674887171812850182e-20 2.277273116176151319e-21
1.250000000000000069e-02 9.755290385000270348e-01 1.337718145954068689e-02 1.119670034822067281e-18 9.203476833767428249e-21
1.375000000000000180e-02 9.567701814206593935e-01 2.955795810804664678e-02 9.949112471944090792e-18 3.664105723183847672e-20
1.500000000000000291e-02 9.272101338974072515e-01 5.762823264680360519e-02 6.744926547346632878e-17 1.022030690143686455e-19
1.625000000000000056e-02 8.839761526480597320e-01 8.314005150268544142e-02 3.580214099900647311e-16 1.048249160914726924e-19
1.750000000000000167e-02 8.261930157543635467e-01 9.348813841061104357e-02 1.543100795811639484e-15 1.319037384708119257e-19
1.875000000000000278e-02 7.563893505809020645e-01 1.012587091746636331e-01 5.582758187724282574e-15 9.809521267696734801e-18
2.000000000000000389e-02 6.803045798930267285e-01 1.081166303067010726e-01 1.702032667947462891e-14 1.190630595734852158e-16
2.125000000000000500e-02 6.047974071598238854e-01 1.090586564409109782e-01 4.511093174955912224e-14 8.393056492167690166e-16
2.250000000000000264e-02 5.353794650019203516e-01 1.032865130851469138e-01 1.043940189912481117e-13 4.335273815382432708e-15
2.375000000000000375e-02 4.750256280580635315e-01 8.673908734701485379e-02 2.134172182318553299e-13 1.799241700821576342e-14
2.500000000000000139e-02 4.244343256954173915e-01 5.557866822197579659e-02 3.897484218104641886e-13 6.291464832478668449e-14
2.625000000000000250e-02 3.829125495627344611e-01 1.643150909677111582e-02 6.339517984361265671e-13 1.905134621134385599e-13
2.750000000000000361e-02 3.491814592776403825e-01 7.497419189703567917e-04 9.057760219141519663e-13 5.068415831199580901e-13
2.875000000000000472e-02 3.218713341180219345e-01 5.378336597048114344e-04 1.121737867819085371e-12 1.192607515547290647e-12
3.000000000000000583e-02 2.997521995578759646e-01 1.755757557081336724e-03 1.166934319369658269e-12 2.491840451883739328e-12
3.125000000000000000e-02 2.818079341368614488e-01 2.415890298977142921e-03 8.247748853623949766e-13 4.654617640910817925e-12
3.250000000000000111e-02 2.672363789899558917e-01 2.760900748801808479e-03 1.131757811996297712e-13 7.868515071442200122e-12
3.375000000000000222e-02 2.554215646984085430e-01 2.581932413507647284e-03 1.026734026235550865e-12 1.222385381549195957e-11
3.500000000000000333e-02 2.458998251609856023e-01 2.508456796221753514e-03 1.912689698929380123e-12 1.769657022574027588e-11
3.625000000000000444e-02 2.383279632511630941e-01 2.250732217072702341e-03 3.074864750170187566e-12 2.410843506940705726e-11
3.750000000000000555e-02 2.324549965207849678e-01 2.204554508814025697e-03 4.703202718985082213e-12 3.104591974176757271e-11
3.875000000000000666e-02 2.280954504361740742e-01 1.667138200659246030e-03 6.690184029175379505e-12 3.805805645276136463e-11
4.000000000000000777e-02 2.250990354656742520e-01 1.244603901158059141e-03 9.748356494571072956e-12 4.357473454949615559e-11
4.125000000000000888e-02 2.233067297853591759e-01 7.648343663610840913e-04 1.333089049975243656e-11 4.700410807837542018e-11
4.250000000000000999e-02 2.224739818070152475e-01 2.779134716913816126e-04 1.678655561635960637e-11 4.766717672810273487e-11
4.375000000000000416e-02 2.221240956633609431e-01 2.403278606048373664e-06 2.334277440453854859e-11 4.102145399436737516e-11
4.500000000000000527e-02 2.212659433851243695e-01 4.269293913251752176e-04 2.690288558978336358e-11 3.232383216823276841e-11
4.625000000000000638e-02 2.178872491585084059e-01 2.811750813511478680e-03 1.974558980667011300e-11 3.009519674543825986e-11
4.750000000000000749e-02 2.082833259554706939e-01 9.833652202623910724e-03 3.490924146494344955e-12 3.794421133666308578e-11
4.875000000000000860e-02 1.874694425654290231e-01 2.558933661995138956e-02 2.936947881084319631e-12 4.442807836979549765e-11
5.000000000000000278e-02 1.541801822126643573e-01 5.099631788062314319e-02 3.248818132188481698e-11 4.952203009177391462e-11
