# time 1 2 D-1 D
0.000000000000000000e+00 9.999999588974817222e-01 1.158976568278664407e-08 1.525922532949354323e-34 4.879036239881757088e-36
2.500000000000000486e-03 9.966947497098830322e-01 1.546623074134730792e-05 1.190718704849673791e-28 5.867152219856254494e-26
5.000000000000000971e-03 9.861722635057259545e-01 9.915583966224658771e-05 6.112153144493665372e-25 3.327560979361842995e-22
7.500000000000001457e-03 9.676553641109125747e-01 3.565376690122281896e-04 2.311941088407427984e-22 5.940777923341672856e-20
1.000000000000000194e-02 9.405896530839965575e-01 1.032269864614552635e-03 2.188202098132900248e-20 2.558283136929094568e-18
1.250000000000000069e-02 9.046993737129235269e-01 2.360797366349364455e-03 6.551858279304601766e-19 5.021156958035147098e-17
1.500000000000000291e-02 8.600080180366416194e-01 4.938359739576612430e-03 1.087566935509178153e-17 5.954648602772777344e-16
1.750000000000000167e-02 8.068180304152056115e-01 9.595051598326914330e-03 1.310707869209670819e-16 4.954253098844339900e-15
2.000000000000000389e-02 7.456628278716330716e-01 1.698915807106643125e-02 1.103461130449019017e-15 3.159121627775355419e-14
2.250000000000000264e-02 6.772684206981153254e-01 2.858575332585515383e-02 7.369480148056615882e-15 1.633738507366342144e-13
2.500000000000000139e-02 6.025866086223812257e-01 4.583656065320856204e-02 3.864407137107819356e-14 7.120315818256626252e-13
2.750000000000000361e-02 5.229695160397489495e-01 7.152368448009234492e-02 1.683411330869153408e-13 2.687851566658252485e-12
3.000000000000000583e-02 4.405043806749607271e-01 1.013184106846442417e-01 5.952345873792945393e-13 8.969513502744760783e-12
3.250000000000000111e-02 3.583573412534830638e-01 1.088877419618324294e-01 1.791817841354264923e-12 2.688506510372015258e-11
3.500000000000000333e-02 2.807220734846465615e-01 9.277897518801699051e-02 4.572310617737169529e-12 7.333240417153917609e-11
3.750000000000000555e-02 2.119684057389230047e-01 7.735214631830229781e-02 9.389581851012577638e-12 1.840695998599426244e-10
4.000000000000000777e-02 1.552215370456556109e-01 6.471262897292569261e-02 1.680421737015371536e-11 4.294373642424330109e-10
4.250000000000000999e-02 1.113654982969382035e-01 5.224844450540151036e-02 2.258973239765768006e-11 9.396771634995393382e-10
4.500000000000000527e-02 7.920167529467159184e-02 4.059302723528718931e-02 2.295619235524984221e-11 1.944198182271379362e-09
4.750000000000000749e-02 5.642203191856847572e-02 2.903282265425353656e-02 1.400513826997867527e-11 3.829845261552537301e-09
5.000000000000000278e-02 4.057642870257435752e-02 1.718896687759793873e-02 1.171869525991334173e-13 7.220782390377166292e-09
5.250000000000000500e-02 2.960277152117426688e-02 6.242301839838148257e-03 4.460124815810237441e-11 1.307253254009541847e-08
5.500000000000000722e-02 2.196403805357344946e-02 1.322354420865946454e-03 2.750245400130364256e-10 2.275593383601210619e-08
5.750000000000000944e-02 1.658714597481329364e-02 2.900076885590820966e-04 8.764416793818444777e-10 3.811471389946564856e-08
6.000000000000001166e-02 1.274694440218128444e-02 8.981893272699747132e-05 1.686394244186736901e-09 6.158566291117496501e-08
6.250000000000000000e-02 9.959544672939805304e-03 4.186473662069635623e-05 2.684757874255034819e-10 9.664558968716037073e-08
6.500000000000000222e-02 7.902187319376531918e-03 2.877122008243553135e-05 4.342673862974364441e-07 1.488097410743857259e-07
6.750000000000000444e-02 6.358092613658493895e-03 2.339237920509780913e-05 1.202587072876840715e-06 2.271396758076497202e-07
7.000000000000000666e-02 5.179999569411679501e-03 2.370542938820162132e-05 2.233407636799440535e-06 3.463968593594267509e-07
7.250000000000000888e-02 4.266452172245716393e-03 2.517569147126603386e-05 3.899898154594136440e-06 5.309523407258183945e-07
7.500000000000001110e-02 3.546410417199991841e-03 3.134184226019446089e-05 6.564206482895352138e-06 8.256769323529964881e-07
7.750000000000001332e-02 2.969205405280905992e-03 3.388762065311506607e-05 1.072118949755050393e-05 1.255374219939566905e-06
8.000000000000001554e-02 2.497895787503711957e-03 4.040660491250759590e-05 1.679803472514445936e-05 2.094041441910198803e-06
8.250000000000001776e-02 2.104799307261086012e-03 4.918470027036993882e-05 2.561169060842891605e-05 3.448620909120990016e-06
8.500000000000001998e-02 1.768430836957090094e-03 6.025750845189341791e-05 3.830234157302367029e-05 5.408737148034838527e-06
8.750000000000000833e-02 1.471426489668611285e-03 7.519115442385126188e-05 5.374038491148239085e-05 1.083856219327138792e-05
9.000000000000001055e-02 1.199342227507955343e-03 1.002666365099224926e-04 7.699059947022878045e-05 1.741006904628930000e-05
9.250000000000001277e-02 9.406684330264619915e-04 1.304299280300516713e-04 2.740050230446399232e-05 1.107065062396817056e-04
9.500000000000001499e-02 6.892569922605566680e-04 1.737632061855521758e-04 6.190821267063262778e-05 1.432537257703193911e-04
9.750000000000001721e-02 4.517579028522135149e-04 2.236016907894286185e-04 1.265270244284986425e-04 1.846093639810022331e-04
1.000000000000000056e-01 2.547975274687065911e-04 2.565310829878995392e-04 2.392520052696653387e-04 2.290078002538253486e-04
