# time 1 2 D-1 D
0.000000000000000000e+00 9.999999641707312259e-01 9.498585049992289899e-10 5.698392536603355345e-36 1.191144956077532370e-34
5.000000000000000104e-04 9.993763074516520684e-01 7.787066088716298670e-06 6.573110600645057216e-29 2.840775597245019906e-25
1.000000000000000021e-03 9.972756922486963882e-01 1.565791222424114850e-04 2.460269249277951066e-25 1.462547324181717517e-21
1.500000000000000248e-03 9.930408267960331159e-01 9.827305278125295952e-04 3.353760743697851019e-23 2.239531422738154472e-19
2.000000000000000042e-03 9.853104869703342983e-01 3.773247332306179508e-03 9.456037416965927382e-22 7.754863289846644754e-18
2.500000000000000052e-03 9.716763584520033969e-01 1.087366819970721557e-02 2.568344958021164966e-21 1.141639741231894504e-16
3.000000000000000496e-03 9.487991399399050563e-01 2.529298968541738440e-02 4.558656088874010268e-20 9.459078544601677043e-16
3.500000000000000507e-03 9.137553410605500082e-01 4.844507273229353012e-02 2.857695798287670118e-18 5.139580877940412391e-15
4.000000000000000083e-03 8.666114167811999058e-01 7.784977453246204326e-02 4.369473735079832280e-17 2.019712477682427185e-14
4.500000000000000527e-03 8.119991809369951907e-01 1.063330197314229508e-01 3.569263059485784058e-16 6.170585093097668283e-14
5.000000000000000104e-03 7.572491350271154387e-01 1.285995821768071423e-01 1.928897134329471750e-15 1.554929123261553694e-13
5.500000000000000548e-03 7.086265564604805611e-01 1.430361239055051026e-01 7.661624673553357673e-15 3.398146027072160078e-13
6.000000000000000992e-03 6.692567810681048224e-01 1.515561398302244234e-01 2.364168239855948080e-14 6.711734454961045877e-13
6.500000000000000569e-03 6.394846885424617655e-01 1.566040779981117403e-01 6.127134217250841695e-14 1.236272195229574282e-12
7.000000000000001013e-03 6.181420483549042721e-01 1.591060200883168685e-01 1.338941412975870640e-13 2.169375595202993104e-12
7.499999999999999722e-03 6.035698814971046655e-01 1.620062542293368435e-01 2.565139010701615996e-13 3.672345362328275959e-12
8.000000000000000167e-03 5.941598622146505582e-01 1.659084267605739904e-01 4.383023903868637460e-13 6.034194850801805930e-12
8.500000000000000611e-03 5.885598082278056253e-01 1.727224397022034952e-01 6.937219357742529509e-13 9.641305195524236270e-12
9.000000000000001055e-03 5.857096250884661348e-01 1.661588743621117414e-01 1.023469563471953406e-12 1.498164333311012530e-11
9.500000000000001499e-03 5.848094605214096964e-01 9.165961600404766429e-02 1.517791102729598043e-12 2.258009198707236509e-11
1.000000000000000021e-02 5.852691989286796792e-01 5.670375351083613291e-02 2.655528627231258016e-12 3.284237731980272861e-11
1.050000000000000065e-02 5.866594679401352375e-01 4.215517227004500489e-02 6.439900950144266476e-12 4.605146076441866622e-11
1.100000000000000110e-02 5.886704484651169578e-01 3.412106804360161977e-02 1.606249640816406970e-11 6.229858935202806171e-11
1.150000000000000154e-02 5.910801512631544963e-01 2.960300569352217886e-02 2.751590975406887063e-11 8.140111664948152061e-11
1.200000000000000198e-02 5.937303490070534595e-01 2.610406653984414724e-02 3.175094723388810752e-11 1.027065016307884217e-10
1.250000000000000069e-02 5.965089223599082668e-01 2.373705789988920373e-02 2.983715577481536509e-11 1.251437240189885753e-10
1.300000000000000114e-02 5.993368943673506033e-01 2.170755644764680789e-02 2.486647755056264870e-11 1.468595069843563122e-10
1.350000000000000158e-02 6.021592728400213534e-01 2.017677580015494673e-02 1.921918275997970879e-11 1.670192560550119236e-10
1.400000000000000203e-02 6.049382820402501304e-01 1.903439532833166997e-02 1.379261409620816214e-11 1.851966866592976678e-10
1.450000000000000247e-02 6.076485277278587116e-01 1.810165523677344235e-02 9.505886010253048805e-12 2.010186641801803313e-10
1.499999999999999944e-02 6.102735208537346523e-01 1.713279156777221604e-02 6.281732930760364824e-12 2.146800807942579936e-10
1.550000000000000162e-02 6.128031456231621821e-01 1.643501109436878646e-02 4.133402800617700493e-12 2.261965766316663087e-10
1.600000000000000033e-02 6.152318452632716816e-01 1.594291841036116902e-02 2.901636714544543556e-12 2.357031105635893481e-10
1.650000000000000078e-02 6.175573240206183590e-01 1.545028262780150791e-02 2.057724661257342183e-12 2.436511327109012885e-10
1.700000000000000122e-02 6.197796003253988051e-01 1.499605913209526090e-02 1.555651701287184023e-12 2.499729578048048453e-10
1.750000000000000167e-02 6.219001971238263815e-01 1.467565506139734653e-02 1.222529559468676882e-12 2.546855841758015341e-10
1.800000000000000211e-02 6.239217233333842483e-01 1.437462457175253498e-02 1.193939279354454889e-12 2.576417071742060835e-10
1.850000000000000255e-02 6.258475944808679081e-01 1.401809820521726993e-02 1.321174558990117082e-12 2.589293736925123755e-10
1.900000000000000300e-02 6.276815436888144584e-01 1.381718406844903435e-02 1.534154069138853655e-12 2.586600472480755981e-10
1.950000000000000344e-02 6.294275859638253090e-01 1.361718638707878209e-02 1.981818624249289312e-12 2.567825745972903347e-10
2.000000000000000042e-02 6.310899344181466475e-01 1.346538904356548057e-02 2.432823113920981492e-12 2.537378550479251420e-10
