# time 1 2 D-1 D
0.000000000000000000e+00 9.999999653381063114e-01 2.350364794310684522e-08 2.350988701644575283e-35 8.963144425019943317e-35
1.250000000000000243e-03 9.980200233391276488e-01 1.104105762807076375e-03 9.341284369299025898e-17 1.212162373638325028e-19
2.500000000000000486e-03 9.908671932078931821e-01 5.527042997822148931e-03 2.743373173706042960e-14 1.309162822808248771e-16
3.750000000000000729e-03 9.760016292793409765e-01 1.569576812550113262e-02 8.163719372373617662e-13 8.082189678490417381e-15
5.000000000000000971e-03 9.496008029355981206e-01 3.532189066293872637e-02 9.578378338427242482e-12 1.561210350087920675e-13
6.250000000000000347e-03 9.062468717801626106e-01 6.969063589388113655e-02 6.787716526928698193e-11 1.611193809106350076e-12
7.500000000000001457e-03 8.393612515948567498e-01 1.249981063251927732e-01 3.510087650142018536e-10 1.129845687986560815e-11
8.750000000000000833e-03 7.438376919910570928e-01 2.051560050302808635e-01 1.465017515964727066e-09 6.135689652675028148e-11
1.000000000000000194e-02 6.218449160079919658e-01 3.051547436387813672e-01 5.231615885837394995e-09 2.798040027370553840e-10
1.125000000000000132e-02 4.875850608358965887e-01 4.052325341370214273e-01 1.656585610259157641e-08 1.133076936382975131e-09
1.250000000000000069e-02 3.620008720933657331e-01 4.751862404646325921e-01 4.756401909927248414e-08 4.251615478233325818e-09
1.375000000000000180e-02 2.599280768117214757e-01 4.863364691816763896e-01 1.249437392435223858e-07 1.530721784574472169e-08
1.500000000000000291e-02 1.845442420199993883e-01 3.643326199053755210e-01 3.000805124161487979e-07 5.434116056433586793e-08
1.625000000000000056e-02 1.316586743625390576e-01 1.107411857630339475e-01 6.457782007392998176e-07 1.933418429551791173e-07
1.750000000000000167e-02 9.526379068110042703e-02 5.144610270570414146e-02 1.196452976371222769e-06 6.664769852198557045e-07
1.875000000000000278e-02 7.021380994260056907e-02 3.262215943096487270e-02 1.845600375599659880e-06 2.030432132345323218e-06
2.000000000000000389e-02 5.278934665792744951e-02 2.360842193987639989e-02 2.491322453488111419e-06 5.065084907133847719e-06
2.125000000000000500e-02 4.047897343331777198e-02 1.823266573865697099e-02 3.362377685173503300e-06 1.046194749137281070e-05
2.250000000000000264e-02 3.162770058266958090e-02 1.463481927883551574e-02 4.904493360592387591e-06 1.891683577257353410e-05
2.375000000000000375e-02 2.514848554344819090e-02 1.210961361091855183e-02 7.602789402768380606e-06 3.126738039782272203e-05
2.500000000000000139e-02 2.032214290234647669e-02 1.024937901296001617e-02 1.211457842663831588e-05 4.831538154453889750e-05
2.625000000000000250e-02 1.666691656831316773e-02 8.808637718965986810e-03 1.909047816627993614e-05 7.096293579201672780e-05
2.750000000000000361e-02 1.385528852985610376e-02 7.685319441063853327e-03 2.952472812704269603e-05 9.982456592735821049e-05
2.875000000000000472e-02 1.166108303183498174e-02 6.779203394151525792e-03 4.448742130764408873e-05 1.354677291567833015e-04
3.000000000000000583e-02 9.925640165585314020e-03 6.043380875663484537e-03 6.488314340873624320e-05 1.786288589067372759e-04
3.125000000000000000e-02 8.535951531221578834e-03 5.426400894092285945e-03 9.193371323225303171e-05 2.297037264973160204e-04
3.250000000000000111e-02 7.410336923997456679e-03 4.909365146986560680e-03 1.271719342414152464e-04 2.887199239930157246e-04
3.375000000000000222e-02 6.488932447136326435e-03 4.479334110326041452e-03 1.718070326834160086e-04 3.559344052522905172e-04
3.500000000000000333e-02 5.727285772774469777e-03 4.102294530854901089e-03 2.273633023721469452e-04 4.312333702473871615e-04
3.625000000000000444e-02 5.091980640042101207e-03 3.781001854862643761e-03 2.939559615869592421e-04 5.152674607909122880e-04
3.750000000000000555e-02 4.557601291100189626e-03 3.506693112333945928e-03 3.738520594065937778e-04 6.073482657732416981e-04
3.875000000000000666e-02 4.104606211281915801e-03 3.262465874618509110e-03 4.664321811940162483e-04 7.080991120044057615e-04
4.000000000000000777e-02 3.717819047736249660e-03 3.044013662252647179e-03 5.740987627727955466e-04 8.158215618777226201e-04
4.125000000000000888e-02 3.385338026149839127e-03 2.853936560910550271e-03 6.939767055056226836e-04 9.324892882066608980e-04
4.250000000000000999e-02 3.097743915027734163e-03 2.686599751198288054e-03 8.305248658909684294e-04 1.055990802560134592e-03
4.375000000000000416e-02 2.847520466309342354e-03 2.534516159426047563e-03 9.807711618265851916e-04 1.186435150461201448e-03
4.500000000000000527e-02 2.628623702707352447e-03 2.400130129385277550e-03 1.146568084418216060e-03 1.322271236792103150e-03
4.625000000000000638e-02 2.436153206294843117e-03 2.276920537821622292e-03 1.323828988778121864e-03 1.466573221409954702e-03
4.750000000000000749e-02 2.266108526462160509e-03 2.166712556140933110e-03 1.513568995027717631e-03 1.616128575128773694e-03
4.875000000000000860e-02 2.115205198450558280e-03 2.067786396546097884e-03 1.717760352074067850e-03 1.770367199516239371e-03
5.000000000000000278e-02 1.980739812173968294e-03 1.975075173902935202e-03 1.931561849788923299e-03 1.931181133676379991e-03
