# time 1 2 D-1 D
0.000000000000000000e+00 9.999999792297896706e-01 1.125489802140918112e-09 3.861498942451213929e-35 6.865386593901257663e-34
1.250000000000000243e-03 9.973974258744313648e-01 7.423699374286919566e-04 7.033644176972865669e-17 3.614123854518978123e-19
2.500000000000000486e-03 9.881512165143554460e-01 3.924244938914057089e-03 1.968560736393926971e-14 3.928126643296574886e-16
3.750000000000000729e-03 9.692978598368126031e-01 1.172179914578087324e-02 5.529431933502240648e-13 2.432954673893103518e-14
5.000000000000000971e-03 9.364619061439881653e-01 2.758142176804833159e-02 6.143107551031858400e-12 4.703131820980015534e-13
6.250000000000000347e-03 8.835904607217869300e-01 5.682900353898946710e-02 4.131735154298703708e-11 4.844588806433531079e-12
7.500000000000001457e-03 8.038409838621823900e-01 1.055607240672125358e-01 2.023625871385656129e-10 3.380876563697241654e-11
8.750000000000000833e-03 6.936780723506414947e-01 1.767287073955403631e-01 7.993360123215284655e-10 1.820647448880548641e-10
1.000000000000000194e-02 5.604015547499088257e-01 2.630262637754912092e-01 2.705462183172681509e-09 8.194567456878790110e-10
1.125000000000000132e-02 4.244067590056007089e-01 3.458275434444151863e-01 8.053374716117994453e-09 3.252792043123134846e-09
1.250000000000000069e-02 3.070954907253627963e-01 4.082574168419969562e-01 2.147930178970072147e-08 1.183436515348401696e-08
1.375000000000000180e-02 2.177759085678548368e-01 2.126737966339649621e-01 5.046530214645517881e-08 4.052763753482484568e-08
1.500000000000000291e-02 1.544103954598450845e-01 9.554914000351957815e-02 1.007369927877344551e-07 1.320524290816575409e-07
1.625000000000000056e-02 1.107587330181338953e-01 6.294149755912294142e-02 1.586590731933167065e-07 4.003777469736452273e-07
1.750000000000000167e-02 8.083428545858344083e-02 4.571321643454083483e-02 1.801041014156900001e-07 1.078123055824964125e-06
1.875000000000000278e-02 6.015854558649253586e-02 3.438165104268632588e-02 1.419216202647365112e-07 2.505611150787136909e-06
2.000000000000000389e-02 4.567181352832707514e-02 2.652158766791542360e-02 7.462740169100059372e-08 5.125994495949387314e-06
2.125000000000000500e-02 3.535087798461577363e-02 2.087613306054826243e-02 2.038714198615679971e-08 9.525032069440889584e-06
2.250000000000000264e-02 2.786764737166954123e-02 1.677707160109767268e-02 7.517417261898932243e-11 1.643590700394046379e-05
2.375000000000000375e-02 2.234627185238892075e-02 1.376097379746160816e-02 1.361028940693593959e-08 2.668156998155749750e-05
2.500000000000000139e-02 1.820304498367331450e-02 1.148116429991983233e-02 4.713150449705452629e-08 4.112939459168258997e-05
2.625000000000000250e-02 1.504373355148137630e-02 9.723340304279579419e-03 6.621792680891070811e-08 6.064705516240682541e-05
2.750000000000000361e-02 1.259812226871524082e-02 8.365889337945202689e-03 4.873221988109789548e-08 8.606723950756986529e-05
2.875000000000000472e-02 1.067821108450650071e-02 7.295247686959944154e-03 5.844211310433928060e-10 1.181573170072284785e-04
3.000000000000000583e-02 9.151157789236861670e-03 6.428471577919907948e-03 1.384579091757568969e-07 1.575955781842997656e-04
3.125000000000000000e-02 7.921783357325653391e-03 5.714233981898578923e-03 1.057270027202645680e-06 2.049538705892756519e-04
3.250000000000000111e-02 6.921003861227088133e-03 5.134960202325410811e-03 1.036503204487515408e-05 2.606869520512489170e-04
3.375000000000000222e-02 6.097741365093942330e-03 4.640769395878516917e-03 6.330045735078469521e-04 3.251282494978653421e-04
3.500000000000000333e-02 5.413996163332174955e-03 4.231582892717505179e-03 7.224699181777395661e-04 3.984912256524265439e-04
3.625000000000000444e-02 4.841076444271317364e-03 3.880000367501647805e-03 8.153932291565848525e-04 4.808751964236818101e-04
3.750000000000000555e-02 4.357073504326187952e-03 3.577881031883812634e-03 9.114088854902185292e-04 5.722744165588423276e-04
3.875000000000000666e-02 3.944991329852237660e-03 3.314452300763863317e-03 1.007152707715829824e-03 6.725893255484725322e-04
4.000000000000000777e-02 3.591736017534635523e-03 3.085078617334054748e-03 1.106512431477787127e-03 7.816389055994861067e-04
4.125000000000000888e-02 3.286831184740551023e-03 2.885321823641758682e-03 1.207390323918510746e-03 8.991731734960925655e-04
4.250000000000000999e-02 3.022224297426958067e-03 2.708044112396523241e-03 1.308997626627462704e-03 1.024885495388691559e-03
4.375000000000000416e-02 2.790872462129897081e-03 2.552503687209437596e-03 1.412238689656897033e-03 1.158424358935859029e-03
4.500000000000000527e-02 2.587715962820373757e-03 2.411616649743503465e-03 1.517889327443624863e-03 1.299403646000583511e-03
4.625000000000000638e-02 2.408823698268101800e-03 2.284927151780125759e-03 1.618274279632978506e-03 1.447411960308895348e-03
4.750000000000000749e-02 2.250031519706513928e-03 2.171850820462493861e-03 1.726230723850434492e-03 1.602020873358269391e-03
4.875000000000000860e-02 2.108747544282540704e-03 2.070311671263631512e-03 1.828476871621093330e-03 1.762791876226954589e-03
5.000000000000000278e-02 1.982278853922637973e-03 1.977414064595534905e-03 1.934105455205417613e-03 1.929282668775656644e-03
