# time 1 2 D-1 D
0.000000000000000000e+00 9.999999769757116352e-01 5.312528902779965976e-09 2.445028249710358017e-35 6.042040963226557791e-35
1.250000000000000243e-03 9.994856846099265946e-01 1.462954999310438829e-07 2.144090831830151762e-17 9.398053554624796513e-24
2.500000000000000486e-03 9.977945256366326232e-01 3.491635228442901720e-06 6.597902174375962695e-15 7.357606815533588295e-20
3.750000000000000729e-03 9.946257934389327593e-01 2.227271840871325519e-05 2.026124625307581939e-13 1.620980777052663404e-17
5.000000000000000971e-03 9.895728392786586891e-01 8.658622743349932106e-05 2.398539671653449597e-12 8.396582560514258020e-16
6.250000000000000347e-03 9.821202254714945790e-01 2.586209158909052053e-04 1.668276768276386218e-11 1.945155593026649696e-14
7.500000000000001457e-03 9.716359203826380186e-01 6.551598605668018400e-04 8.163201652323257369e-11 2.655019021660878130e-13
8.750000000000000833e-03 9.573518626890900052e-01 1.485231782900676414e-03 3.111366093851118462e-10 2.446594624719945061e-12
1.000000000000000194e-02 9.383226306264140781e-01 3.111986187335483243e-03 9.747607862758104287e-10 1.630952911147159212e-11
1.125000000000000132e-02 9.133464796657856377e-01 6.151301526985635329e-03 2.589074139838166115e-09 8.139586963268313866e-11
1.250000000000000069e-02 8.808264500034951316e-01 1.164260475880276278e-02 6.041203745656886271e-09 3.105232956663355232e-10
1.375000000000000180e-02 8.385526485093764970e-01 2.129969888445231926e-02 1.307416344224980748e-08 9.267703770692854753e-10
1.500000000000000291e-02 7.834502573265046399e-01 3.780542136452599150e-02 3.011306117391260883e-08 2.233802532136233409e-09
1.625000000000000056e-02 7.116178124626275636e-01 6.485683120577070970e-02 8.805831561088013304e-08 4.511915645105704381e-09
1.750000000000000167e-02 6.197059703830340993e-01 1.057904437500348516e-01 1.206537560008484934e-07 7.913315260444587769e-09
1.875000000000000278e-02 5.093997177274073307e-01 1.591937627514906084e-01 1.497071246027009781e-07 1.242037485229561240e-08
2.000000000000000389e-02 3.921313647108934930e-01 2.142268642055514538e-01 1.797306336183880253e-07 1.786860007528654583e-08
2.125000000000000500e-02 2.854087254811067953e-01 2.541043858909847741e-01 2.080616334818573959e-07 2.400326245285659385e-08
2.250000000000000264e-02 2.009011979123268843e-01 2.686673226835473716e-01 2.332023211555969604e-07 3.053988058157859428e-08
2.375000000000000375e-02 1.396193414034237745e-01 2.589078283851089513e-01 2.544806779570440582e-07 3.721201147756633701e-08
2.500000000000000139e-02 9.699664412314949746e-02 2.324986206464653427e-01 2.721884085477596364e-07 4.379794332762225028e-08
2.625000000000000250e-02 6.775929792598554824e-02 1.906273500267736398e-01 2.864645833429750097e-07 5.013573353214144521e-08
2.750000000000000361e-02 4.772297038952805215e-02 1.301393789896764519e-01 2.978682134120737294e-07 5.614458664786513178e-08
2.875000000000000472e-02 3.393091252650389661e-02 8.800052191200320728e-02 3.072709746086678809e-07 6.169264195638002036e-08
3.000000000000000583e-02 2.437128499795642236e-02 6.530266287781250067e-02 3.147683942161249595e-07 6.685729544225862520e-08
3.125000000000000000e-02 1.768987453287448192e-02 5.206461627477330933e-02 3.213300882574351049e-07 7.157354194486842123e-08
3.250000000000000111e-02 1.297656312746856347e-02 4.307282880187169455e-02 3.269867218072712177e-07 7.597132122554344547e-08
3.375000000000000222e-02 9.618484849792715424e-03 3.625315109408663861e-02 3.324356278026514350e-07 8.002290492527083665e-08
3.500000000000000333e-02 7.201285600218027168e-03 3.088315001036585211e-02 3.375997964499596842e-07 8.383237649745561404e-08
3.625000000000000444e-02 5.443243042521552638e-03 2.649739763540880436e-02 3.431743523775161584e-07 8.730475854957972099e-08
3.750000000000000555e-02 4.151468458167612528e-03 2.292240254323444151e-02 3.488253261178457019e-07 9.071338711531298823e-08
3.875000000000000666e-02 3.192820572331841935e-03 1.993659968066655713e-02 3.549261305806725907e-07 9.394856375796289929e-08
4.000000000000000777e-02 2.474578693668584659e-03 1.732178029097176941e-02 3.614389605990639182e-07 9.700989435175342607e-08
4.125000000000000888e-02 1.931562511075771062e-03 1.508829396423779813e-02 3.683878902847785130e-07 1.000871911811268184e-07
4.250000000000000999e-02 1.517508070562668650e-03 1.310588028789353571e-02 3.758186992235823719e-07 1.031623949855498936e-07
4.375000000000000416e-02 1.199258051975577843e-03 1.132132416468343943e-02 3.838119835425308369e-07 1.062814076694485769e-07
4.500000000000000527e-02 9.528196547604313518e-04 9.768690273437146201e-03 3.924583567726545876e-07 1.092916651087773071e-07
4.625000000000000638e-02 7.606681372450070687e-04 8.390603173804585257e-03 4.015349190545460359e-07 1.124078488827807694e-07
4.750000000000000749e-02 6.098864170540897441e-04 7.196602078861479707e-03 4.110340639463384184e-07 1.155992697407025569e-07
4.875000000000000860e-02 4.908694709697015036e-04 6.159661937319073355e-03 4.210930300054422400e-07 1.188338913650092930e-07
5.000000000000000278e-02 3.964128265685410552e-04 5.274585956962146716e-03 4.317778691374738359e-07 1.220477483519812535e-07
