# time 1 2 D-1 D
0.000000000000000000e+00 9.999999537927063420e-01 2.206227299663575086e-08 1.553755575947437509e-34 6.532828221794093355e-35
2.500000000000000486e-03 9.992390435211522259e-01 5.269331052272070669e-07 5.327121003643751235e-31 2.765843414530304858e-27
5.000000000000000971e-03 9.968049756731438560e-01 9.427379717948376788e-06 8.113881263876047934e-28 1.482445619604730881e-23
7.500000000000001457e-03 9.924576732124834599e-01 5.597849558207069310e-05 6.711716262732389578e-26 2.452783465587687856e-21
1.000000000000000194e-02 9.859244376087258344e-01 2.103497484823979428e-04 2.515158323943912018e-24 9.572232700326908338e-20
1.250000000000000069e-02 9.768665635106560385e-01 6.003366050766479993e-04 5.895697060250791275e-23 1.661034805764848989e-18
1.500000000000000291e-02 9.648412210993764226e-01 1.432778974831144846e-03 1.146835366863284216e-21 1.695666555488259003e-17
1.750000000000000167e-02 9.493034979531076445e-01 3.002501243049432011e-03 2.071760084536539290e-20 1.180653934531226307e-16
2.000000000000000389e-02 9.297170875438012239e-01 5.580475541329794897e-03 2.620359784677640477e-19 6.120375072033397223e-16
2.250000000000000264e-02 9.058072561436653070e-01 9.391579206728693785e-03 2.608879748430848487e-18 2.499618449804581465e-15
2.500000000000000139e-02 8.778651025237714789e-01 1.425811605914943311e-02 1.963857724413195527e-17 8.364310725021647423e-15
2.750000000000000361e-02 8.468904774998804452e-01 1.981024174943047875e-02 1.111247529893179963e-16 2.360348130829494783e-14
3.000000000000000583e-02 8.144125889831153042e-01 2.526523161293367861e-02 4.896343827931898489e-16 5.744730376704111073e-14
3.250000000000000111e-02 7.820708405998730850e-01 2.971420697596158234e-02 1.695393014283990176e-15 1.228366429254552086e-13
3.500000000000000333e-02 7.512103423566469651e-01 3.238156680409010751e-02 4.415206374532411448e-15 2.344979624788316642e-13
3.750000000000000555e-02 7.226825238685612440e-01 3.265889405468129503e-02 7.861618384181276403e-15 4.055439371421040387e-13
4.000000000000000777e-02 6.968567621709279569e-01 2.983962160998318569e-02 2.301001870072056405e-16 6.438483539794656442e-13
4.250000000000000999e-02 6.737453039651917219e-01 2.477690721312814440e-02 5.056089705291895237e-16 9.493141238339573363e-13
4.500000000000000527e-02 6.531480402627565240e-01 1.851539804258242258e-02 1.164257206815471688e-15 1.312996528683670308e-12
4.750000000000000749e-02 6.347690216549417563e-01 1.294122371500730333e-02 4.062131269760531973e-15 1.718399210635563554e-12
5.000000000000000278e-02 6.182932444617155188e-01 8.833895075725161847e-03 5.641048015230978463e-15 2.144848987324428810e-12
5.250000000000000500e-02 6.034286860166527822e-01 6.382872747550200065e-03 2.482876867546190171e-15 2.570649524282529351e-12
5.500000000000000722e-02 5.899235960610735852e-01 5.515432982183865289e-03 1.963753165262589321e-13 2.975200476222262709e-12
5.750000000000000944e-02 5.775685565343707806e-01 5.818695651968043385e-03 4.887744821164929652e-12 3.340084275651042927e-12
6.000000000000001166e-02 5.661910313800886385e-01 6.963085688283954938e-03 5.119029835914374087e-12 3.649990774582086709e-12
6.250000000000000000e-02 5.556477065694733763e-01 8.492071503488723277e-03 5.688158627248623935e-13 3.893088460843039543e-12
6.500000000000000222e-02 5.458177160086924440e-01 1.011229540806482530e-02 1.540406935705813895e-12 4.061200652313044252e-12
6.750000000000000444e-02 5.365980902697087274e-01 1.175201661118593401e-02 1.962304529425004319e-12 4.150543895852951438e-12
7.000000000000000666e-02 5.279009922064431537e-01 1.356469703898735904e-02 2.064314966756111786e-12 4.161388058568720332e-12
7.250000000000000888e-02 5.196523707899338707e-01 1.561264038725736561e-02 1.945330012566488437e-12 4.097399924984028958e-12
7.500000000000001110e-02 5.117911334508742360e-01 1.786653440548921154e-02 1.774767262093385753e-12 3.965458678372159277e-12
7.750000000000001332e-02 5.042683641936617223e-01 2.032243021141310474e-02 1.532182964279240793e-12 3.774283705227151053e-12
8.000000000000001554e-02 4.970463020321004843e-01 2.294705661697290025e-02 1.262030673245580426e-12 3.534840356689765559e-12
8.250000000000001776e-02 4.900968445298333753e-01 2.572071825314026228e-02 9.988508036973329393e-13 3.258959810049980663e-12
8.500000000000001998e-02 4.833999182881052459e-01 2.858359635704421989e-02 7.574270631720209928e-13 2.959315526958531245e-12
8.750000000000000833e-02 4.769417516574100402e-01 3.151085222881983006e-02 5.624616396955968944e-13 2.648069069168261082e-12
9.000000000000001055e-02 4.707131823751656285e-01 3.447768294969627556e-02 3.957154883418364358e-13 2.336399227392970482e-12
9.250000000000001277e-02 4.647081870063632936e-01 3.743692917165442058e-02 2.709941127916709224e-13 2.034437345078412729e-12
9.500000000000001499e-02 4.589226391104955227e-01 4.037829949116335942e-02 1.773631427671835789e-13 1.749814749616325226e-12
9.750000000000001721e-02 4.533533591441814559e-01 4.326667058530778154e-02 1.096514533833606283e-13 1.488295514234551967e-12
1.000000000000000056e-01 4.480013252351503494e-01 4.609419599061387318e-02 6.419443444433645568e-14 1.252838116837202051e-12
