# time 1 2 D-1 D
0.000000000000000000e+00 9.999999453074103206e-01 1.913906140833754373e-08 1.674563162241796225e-35 3.798178367850280191e-36
5.000000000000000104e-04 9.991209691652624958e-01 2.657041376722564093e-07 3.211083488727681251e-29 1.396255978120929619e-34
1.000000000000000021e-03 9.962554884221195284e-01 4.765279196806607725e-06 7.311137639719463558e-25 4.266422647684157106e-29
1.500000000000000248e-03 9.909671984003094458e-01 3.080298298283910217e-05 2.988225296656922583e-22 1.169653308686441925e-25
2.000000000000000042e-03 9.826831609459343309e-01 1.306151102766013497e-04 2.361289161250438046e-20 3.824197894046953545e-23
2.500000000000000052e-03 9.706504825078835497e-01 4.319681869207475113e-04 7.514825675000087525e-19 3.829364484861902139e-21
3.000000000000000496e-03 9.538323775980126484e-01 1.235744765196272223e-03 1.358759600224196007e-17 1.766387580757580380e-19
3.500000000000000507e-03 9.306901595934284899e-01 3.207436027597254484e-03 1.663445667388173132e-16 4.611332446686537275e-18
4.000000000000000083e-03 8.987573136463643531e-01 7.736435451253379988e-03 1.523926100056045221e-15 7.531095735772834182e-17
4.500000000000000527e-03 8.538763141451244376e-01 1.782843347704354472e-02 1.054864513445243432e-14 8.065544413919044905e-16
5.000000000000000104e-03 7.891349036350325807e-01 3.892454300776791720e-02 4.740815411428301881e-14 5.847261400806181948e-15
5.500000000000000548e-03 6.948044194288748310e-01 7.900460109384783991e-02 1.363291623221880326e-13 2.986021126151094147e-14
6.000000000000000992e-03 5.645079707120170820e-01 1.434160238750523952e-01 3.156241341737745186e-13 1.129363290961713655e-13
6.500000000000000569e-03 4.117429916865735229e-01 2.170609490095828653e-01 6.454588131028228957e-13 3.332883918164879548e-13
7.000000000000001013e-03 2.720341470608368950e-01 2.658374789951781225e-01 1.136321475713165187e-12 8.045813366237385121e-13
7.499999999999999722e-03 1.701343787004646058e-01 2.700971798505318322e-01 1.844321890033177861e-12 1.653228380898355231e-12
8.000000000000000167e-03 1.050421391836416501e-01 2.363201442658476037e-01 2.712319357706328340e-12 2.985992956952786232e-12
8.500000000000000611e-03 6.552776361603347699e-02 1.763085395231414609e-01 3.712138921151471678e-12 4.863917379288997148e-12
9.000000000000001055e-03 4.169408705478641619e-02 9.918641637102817987e-02 4.698826325434829604e-12 7.292373045407746583e-12
9.500000000000001499e-03 2.712744556946264027e-02 5.018446865935390772e-02 4.638769506823520944e-11 1.022714549755195082e-11
1.000000000000000021e-02 1.803918973544659660e-02 2.930787933899743278e-02 5.950323947659458905e-11 1.359024701338650827e-11
1.050000000000000065e-02 1.223997516988253528e-02 1.069520704251421782e-02 7.456568013077898170e-11 1.728814914561862656e-11
1.100000000000000110e-02 8.457474746357022607e-03 7.207009907361398154e-03 9.006415453033408415e-11 2.122691076355220656e-11
1.150000000000000154e-02 5.939623269680911061e-03 5.713789869154765021e-03 1.065341386354140422e-10 2.532174631882092076e-11
1.200000000000000198e-02 4.232331553733468567e-03 4.346128745335641613e-03 1.232625961167105529e-10 2.950787000492269557e-11
1.250000000000000069e-02 3.055265049811465433e-03 3.421392251830259867e-03 1.404797319425447483e-10 3.373495226428414603e-11
1.300000000000000114e-02 2.231571262549001105e-03 2.831793560257728215e-03 1.578309754486244425e-10 3.797040320685160091e-11
1.350000000000000158e-02 1.647392136072394365e-03 2.300434031940817685e-03 1.753339455186277681e-10 4.219461781131958716e-11
1.400000000000000203e-02 1.228042326371379511e-03 1.876963510254752235e-03 1.930880552966907614e-10 4.639918602371390908e-11
1.450000000000000247e-02 9.236907523683758397e-04 1.568306158418791970e-03 2.110733676368407827e-10 5.058583594714776992e-11
1.499999999999999944e-02 7.005721114919185623e-04 1.304344462100732712e-03 2.291251028073482767e-10 5.475854283421985998e-11
1.550000000000000162e-02 5.354856463085635662e-04 1.096550790968140116e-03 2.471586329931123081e-10 5.892642622318400696e-11
1.600000000000000033e-02 4.122862509345446170e-04 9.308697633375594702e-04 2.656278827365673159e-10 6.309873561784772799e-11
1.650000000000000078e-02 3.196085981548455672e-04 7.954404090965483181e-04 2.843903996571487430e-10 6.728524232883080297e-11
1.700000000000000122e-02 2.493672398531432194e-04 6.736206274393857036e-04 3.034129429052702309e-10 7.149735792665680178e-11
1.750000000000000167e-02 1.957540239547367908e-04 5.723119425913294686e-04 3.227964722175323631e-10 7.574461596935623202e-11
1.800000000000000211e-02 1.545591322189532562e-04 4.941584300521830678e-04 3.425431019037034405e-10 8.003644771328673420e-11
1.850000000000000255e-02 1.227056424153341976e-04 4.231486918586374190e-04 3.626553869627779815e-10 8.438165140516306794e-11
1.900000000000000300e-02 9.792704825999032304e-05 3.708598540654559658e-04 3.832506904228085805e-10 8.878685270702918073e-11
1.950000000000000344e-02 7.854150700234590102e-05 3.172945308229228097e-04 4.045467407868023274e-10 9.325848425128552783e-11
2.000000000000000042e-02 6.329209823810589923e-05 2.794477918644867930e-04 4.259459382754818346e-10 9.779883946767076358e-11
