# time 1 2 D-1 D
0.000000000000000000e+00 9.999999547005459233e-01 1.820334373786711959e-09 6.872542645350630658e-35 3.206827366679747680e-36
1.250000000000000243e-03 9.983024463085627964e-01 1.214108251638782780e-05 1.186701540384075586e-27 1.912102043281028671e-32
2.500000000000000486e-03 9.926708907747948674e-01 2.719968776933245837e-04 2.756352981771864488e-23 6.728637013975442916e-27
3.750000000000000729e-03 9.815359648041487306e-01 1.969487732975642221e-03 1.109264110524918031e-20 1.184616947022449259e-23
5.000000000000000971e-03 9.611512599774996168e-01 8.829168266380178418e-03 8.158713134002406802e-19 2.265876996249928651e-21
6.250000000000000347e-03 9.237799389118317439e-01 2.917901968240041444e-02 2.249745892280639733e-17 1.210795959911610493e-19
7.500000000000001457e-03 8.588503068817872066e-01 7.397602639591900620e-02 3.272737719426346190e-16 2.700622059368242444e-18
8.750000000000000833e-03 7.636124625054609982e-01 1.418559579087225186e-01 2.998671220131990678e-15 3.036888611082881206e-17
1.000000000000000194e-02 6.544715116039928615e-01 1.937913778277179644e-01 1.932901710965490175e-14 1.802756167940292638e-16
1.125000000000000132e-02 5.552404090892570920e-01 1.650799757346421148e-01 9.529001522228572515e-14 4.423562357862382790e-16
1.250000000000000069e-02 4.780044975073081126e-01 1.192965656715798545e-01 3.809432439613200037e-13 2.657420218264963510e-18
1.375000000000000180e-02 4.225287500514714467e-01 9.665098725891982379e-02 1.266197782839529459e-12 2.080007861720499521e-14
1.500000000000000291e-02 3.839767910813513541e-01 8.589599046721621556e-02 3.549211283709501707e-12 2.633236437359331999e-13
1.625000000000000056e-02 3.574447011252730455e-01 8.050787367096295943e-02 8.865023765711763266e-12 1.153772159962991902e-12
1.750000000000000167e-02 3.391926254789535689e-01 7.732226585661233775e-02 2.006031655139220628e-11 2.973830270576670879e-12
1.875000000000000278e-02 3.266153545199594888e-01 7.519253107827396365e-02 4.007167920619015795e-11 5.760142173691583008e-12
2.000000000000000389e-02 3.179479536894806446e-01 7.338333226777125906e-02 7.096418084494490008e-11 9.369891392253530479e-12
2.125000000000000500e-02 3.119985708947975445e-01 7.186623132495759125e-02 1.144210828343613110e-10 1.355124751608756978e-11
2.250000000000000264e-02 3.079569255752799828e-01 7.002112040758037836e-02 1.726907146523042514e-10 1.802582647534722858e-11
2.375000000000000375e-02 3.052658175536352436e-01 6.812173511274595417e-02 6.864667143632853290e-11 2.254661754791027975e-11
2.500000000000000139e-02 3.035379013916730262e-01 6.598341388817992315e-02 7.690511643549779129e-12 2.692856260363606141e-11
2.625000000000000250e-02 3.025007096809674834e-01 6.372304962289086772e-02 5.508599985838658395e-12 3.105233284696497705e-11
2.750000000000000361e-02 3.019602802010183384e-01 6.134307599704911379e-02 5.118090015255006276e-12 3.484932075683315003e-11
2.875000000000000472e-02 3.017774313691337085e-01 5.875283221072412354e-02 5.365978508336715635e-12 3.829265858022764426e-11
3.000000000000000583e-02 3.018513683382810231e-01 5.632584649989146042e-02 4.699392575189899044e-12 4.138115451359838499e-11
3.125000000000000000e-02 3.021084584702334319e-01 5.411898423649654649e-02 4.456598978218210421e-12 4.413341859364952398e-11
3.250000000000000111e-02 3.024946586774437951e-01 5.204247393576275776e-02 4.588661480708983293e-12 4.657265488080105869e-11
3.375000000000000222e-02 3.029700604178899859e-01 4.992383943329403717e-02 4.331358660018484688e-12 4.873009147213950408e-11
3.500000000000000333e-02 3.035051158264225890e-01 4.848794675342148197e-02 3.914981647380208422e-12 5.063540407814189978e-11
3.625000000000000444e-02 3.040778932715840210e-01 4.682015411226893992e-02 3.769268712360116223e-12 5.231810972154677313e-11
3.750000000000000555e-02 3.046721141030100943e-01 4.549328911899728350e-02 3.410216724608366039e-12 5.380820285428340708e-11
3.875000000000000666e-02 3.052756975542790241e-01 4.443459458561375974e-02 3.153430382285697822e-12 5.512718055825638422e-11
4.000000000000000777e-02 3.058797389070755934e-01 4.352024443584588675e-02 3.027888889668636638e-12 5.629960282526214007e-11
4.125000000000000888e-02 3.064776846115616626e-01 4.261780641159314958e-02 2.880410521625502698e-12 5.734814981508862663e-11
4.250000000000000999e-02 3.070647742409063907e-01 4.172081007044567413e-02 2.843462048067782077e-12 5.828257709476970728e-11
4.375000000000000416e-02 3.076376453403304456e-01 4.126737367097690207e-02 2.676341470691639400e-12 5.911882806889465233e-11
4.500000000000000527e-02 3.081939350077788631e-01 4.095167532212619366e-02 2.511714917658982517e-12 5.987201262095384297e-11
4.625000000000000638e-02 3.087320358851042279e-01 4.041979892639270544e-02 2.432454276663659176e-12 6.055471569488440998e-11
4.750000000000000749e-02 3.092509702637873947e-01 3.995554460080989745e-02 2.321827294659321370e-12 6.117013115424984744e-11
4.875000000000000860e-02 3.097503721746376337e-01 3.987585884223188160e-02 2.382946490765532203e-12 6.172867275804738908e-11
5.000000000000000278e-02 3.102578596358350205e-01 3.950011762748244920e-02 2.227608481605155094e-12 6.219640830378121076e-11
