# time 1 2 D-1 D
0.000000000000000000e+00 9.999999770602133742e-01 1.274927517790835562e-08 6.150480317089915952e-35 1.778405403359038343e-34
2.500000000000000486e-03 9.995340476625166337e-01 2.639471284320446020e-06 2.899690670872365695e-17 7.186836923800209636e-23
5.000000000000000971e-03 9.980024301637535622e-01 5.529985644155894136e-05 8.888580581572313833e-15 3.457714170571413028e-19
7.500000000000001457e-03 9.950766391610150752e-01 3.601332310411602187e-04 2.676014896156173509e-13 5.119946951209569481e-17
1.000000000000000194e-02 9.901162733472572697e-01 1.460819192709557216e-03 3.061300265114885979e-12 1.779837789992550934e-15
1.250000000000000069e-02 9.819071758760633539e-01 4.540558692838037036e-03 2.031912339689212926e-11 2.730943855305994190e-14
1.500000000000000291e-02 9.683701942363008852e-01 1.177160709723511396e-02 9.468281366165228994e-11 2.438674035508551524e-13
1.750000000000000167e-02 9.465784264198925380e-01 2.634803125497004253e-02 3.412209255656773070e-10 1.461037406990287995e-12
2.000000000000000389e-02 9.137534174531805053e-01 5.138691934487830959e-02 1.004974738094887157e-09 6.358990687072146222e-12
2.250000000000000264e-02 8.694845992200951335e-01 8.771711832500125872e-02 2.526710563194627223e-09 2.100806804197312804e-11
2.500000000000000139e-02 8.174793462574954095e-01 1.316772453639803997e-01 5.562836684306659084e-09 5.357437834459952965e-11
2.750000000000000361e-02 7.643139186282739139e-01 1.760558282538800257e-01 1.099978799042692080e-08 1.037367118899103098e-10
3.000000000000000583e-02 7.160010239337998295e-01 2.119058936393818926e-01 1.988161430845021584e-08 1.396104727131166043e-10
3.250000000000000111e-02 6.757942455895202816e-01 2.228979086558067757e-01 3.339277567868438572e-08 9.183607702409909943e-11
3.500000000000000333e-02 6.443218603074792883e-01 1.733664626841951717e-01 5.274006747854726383e-08 2.493089103054982897e-12
3.750000000000000555e-02 6.207144979781427097e-01 1.090329124091299201e-01 7.871858044006139956e-08 5.517234017459396125e-10
4.000000000000000777e-02 6.035638763673329965e-01 7.958309566887326880e-02 1.117652103145342262e-07 3.351662809647193707e-09
4.250000000000000999e-02 5.914482173930081244e-01 6.682255924312827111e-02 1.538479247624126927e-07 9.423956409921735197e-09
4.500000000000000527e-02 5.831417351088052925e-01 5.965180426097165672e-02 2.101118150367392729e-07 1.782417492213989523e-08
4.750000000000000749e-02 5.776635448635565329e-01 5.541816195033417297e-02 2.871643805896382611e-07 2.668781622216014028e-08
5.000000000000000278e-02 5.742589433336607874e-01 5.251975242744139072e-02 3.901560897155080485e-07 3.484176593312672244e-08
5.250000000000000500e-02 5.723600996179445399e-01 5.046894818696702478e-02 5.198961271032421159e-07 4.176433871427756393e-08
5.500000000000000722e-02 5.715451690024245801e-01 4.892797172062339495e-02 6.729271934836930953e-07 4.733971474225144512e-08
5.750000000000000944e-02 5.715032328680486051e-01 4.767080050354979837e-02 8.441692028144134819e-07 5.164121521800650575e-08
6.000000000000001166e-02 5.720060010536337503e-01 4.658246710930114692e-02 1.030052396209224548e-06 5.482027920790640425e-08
6.250000000000000000e-02 5.728864111303494377e-01 4.574769584637664033e-02 1.229021696387396806e-06 5.705257557925270728e-08
6.500000000000000222e-02 5.740222885291683674e-01 4.502484851035676999e-02 1.428589618130764523e-06 5.851062013647047920e-08
6.750000000000000444e-02 5.753245068139433149e-01 4.442593118234491878e-02 9.180715346884867965e-08 5.935166964506932767e-08
7.000000000000000666e-02 5.767280627320938713e-01 4.387133053905789559e-02 1.525838864860406888e-08 5.971130557282010497e-08
7.250000000000000888e-02 5.781857453161446392e-01 4.342421662512742364e-02 9.264779186857836820e-09 5.970345919265894027e-08
7.500000000000001110e-02 5.796633922335860944e-01 4.295218168755569887e-02 6.027373136215009255e-09 5.942136346384430757e-08
7.750000000000001332e-02 5.811364120952193790e-01 4.256992939758272310e-02 3.817684953555737937e-09 5.893927544255293780e-08
8.000000000000001554e-02 5.825872892408858750e-01 4.229731435928955202e-02 2.828225315241116303e-09 5.831562988752530607e-08
8.250000000000001776e-02 5.840037499482038097e-01 4.196539932202833501e-02 2.202822482768875363e-09 5.759591894096391358e-08
8.500000000000001998e-02 5.853773818179740518e-01 4.177594195745883837e-02 1.425024745487421397e-09 5.681510962258343832e-08
8.750000000000000833e-02 5.867026234487998648e-01 4.155816422816087374e-02 1.277302367261578810e-09 5.599970706121660742e-08
9.000000000000001055e-02 5.879760207700600594e-01 4.133117323904419299e-02 1.402268716263809886e-09 5.516954842259615764e-08
9.250000000000001277e-02 5.891956703736381806e-01 4.117360556745817968e-02 1.577350886963977875e-09 5.433932710970154259e-08
9.500000000000001499e-02 5.903608064495107222e-01 4.101505738270297408e-02 1.531571217260820117e-09 5.351974816552413904e-08
9.750000000000001721e-02 5.914714903637456889e-01 4.086269461341474063e-02 1.964810156577219115e-09 5.271842053433977382e-08
1.000000000000000056e-01 5.925284501493036649e-01 4.078939558568066281e-02 2.277000023862026438e-09 5.194053318525445849e-08
