# time 1 2 D-1 D
0.000000000000000000e+00 9.999999606704891297e-01 1.292997206987923213e-08 2.571761234408385889e-35 1.777420926840224838e-35
2.500000000000000052e-04 9.989984147476878018e-01 2.326867734199014801e-06 4.995144858655620094e-27 1.579574266943801456e-25
5.000000000000000104e-04 9.957547499380852152e-01 5.273932601909859006e-05 1.038759812223897299e-22 8.630626000825633122e-22
7.500000000000001240e-04 9.897631139592365512e-01 3.843018204883176200e-04 3.891207207324225592e-20 1.448180472680063167e-19
1.000000000000000021e-03 9.800917411972829285e-01 1.761051683361216161e-03 2.715293655529247464e-18 5.619637732171390128e-18
1.250000000000000026e-03 9.648828813262563253e-01 6.149842650877943538e-03 7.224190763085587043e-17 9.388007723110841074e-17
1.500000000000000248e-03 9.409496622868863680e-01 1.741892324249902715e-02 1.014210377431727735e-15 8.894874702481322985e-16
1.750000000000000253e-03 9.050307884781756407e-01 4.023093190747734776e-02 8.684345455642763893e-15 5.619650535002256554e-15
2.000000000000000042e-03 8.578445645394869867e-01 7.227950621907362760e-02 5.042783337923615685e-14 2.694930013433007278e-14
2.250000000000000264e-03 8.061968494937661323e-01 6.828264649269820408e-02 2.100249786572161231e-13 1.106514702268962640e-13
2.500000000000000052e-03 7.582011148662159972e-01 4.991679098639302536e-02 6.403006424881747254e-13 4.266616159425426366e-13
2.750000000000000274e-03 7.181573247795906001e-01 4.817930722178415115e-02 1.389254736744996016e-12 1.588567675228949130e-12
3.000000000000000496e-03 6.865969769702896519e-01 5.148859943662014577e-02 1.864607454779474026e-12 5.369948394136979401e-12
3.250000000000000284e-03 6.623943329634920385e-01 5.643598592140084552e-02 9.926123895636642813e-13 1.487545295410033922e-11
3.500000000000000507e-03 6.441182074973538230e-01 6.167190535608994828e-02 2.171464968575981938e-14 3.247730078769815036e-11
3.749999999999999861e-03 6.304956775962519133e-01 6.650004141010942837e-02 4.412279154290991926e-12 5.918461201536861120e-11
4.000000000000000083e-03 6.204892708428887405e-01 7.061324611352300107e-02 2.257436390721477086e-11 9.550612762971450109e-11
4.250000000000000305e-03 6.132719901243329774e-01 7.377809932316274633e-02 4.407223407592453654e-11 1.412211029514057771e-10
4.500000000000000527e-03 6.081898342814998637e-01 7.570042474771790375e-02 1.146991555212113108e-10 1.951089493212816735e-10
4.750000000000000749e-03 6.047297266840239161e-01 7.573834708369846236e-02 1.733607528752896995e-10 2.551047251342616340e-10
5.000000000000000104e-03 6.024930078918397935e-01 7.307532061132374079e-02 1.786946258784668767e-10 3.187135137839681117e-10
5.250000000000000326e-03 6.011725153524992704e-01 6.649947930647293060e-02 1.718807095940610253e-10 3.834386331412532925e-10
5.500000000000000548e-03 6.005333583947888298e-01 5.718177954389543072e-02 1.609829363263894540e-10 4.471312287218248888e-10
5.750000000000000770e-03 6.003968893424733722e-01 4.749333267751921356e-02 1.497906849945890838e-10 5.081644685836926584e-10
6.000000000000000992e-03 6.006277751880555460e-01 4.021803127324817539e-02 1.389601370554236851e-10 5.654497948642529027e-10
6.250000000000000347e-03 6.011237708405755553e-01 3.520505851645280848e-02 1.283386434283318456e-10 6.183447510921751816e-10
6.500000000000000569e-03 6.018079300995485825e-01 3.168688746721353561e-02 1.197657199556249411e-10 6.666243291363166045e-10
6.750000000000000791e-03 6.026220907215558142e-01 2.882040808413868088e-02 1.131347453381823570e-10 7.102012630886967671e-10
7.000000000000001013e-03 6.035227308122238510e-01 2.723861894306192286e-02 1.085693821279261684e-10 7.492395260133566793e-10
7.250000000000001235e-03 6.044771774866369851e-01 2.540606976407736028e-02 1.054639572213056006e-10 7.839507020540752484e-10
7.499999999999999722e-03 6.054609638135610705e-01 2.483965329631188101e-02 1.024843983277255048e-10 8.145801991779117751e-10
7.750000000000000812e-03 6.064560319166688585e-01 2.363804697512536870e-02 9.816502481404501550e-11 8.415261871048894391e-10
8.000000000000000167e-03 6.074488975305982752e-01 2.283857561003257292e-02 8.999742584856950561e-11 8.649551652594843337e-10
8.250000000000000389e-03 6.084298383336699256e-01 2.246801371952145132e-02 7.965590266444317874e-11 8.853526122853067750e-10
8.500000000000000611e-03 6.093917719052873716e-01 2.214968062395475390e-02 7.041946310012085025e-11 9.028415627726765098e-10
8.750000000000000833e-03 6.103297274774194259e-01 2.159607833549794312e-02 6.108011328165863491e-11 9.178583115033337529e-10
9.000000000000001055e-03 6.112403419804501858e-01 2.180063695947559443e-02 5.446189102791700767e-11 9.305454945409640272e-10
9.250000000000001277e-03 6.121213863365283503e-01 2.135725837696233337e-02 4.999123141455038489e-11 9.412368483799504101e-10
9.500000000000001499e-03 6.129716151179331884e-01 2.097839903751370222e-02 4.487009706698672129e-11 9.501051879434848785e-10
9.750000000000001721e-03 6.137903835788737217e-01 2.087155794663547725e-02 4.128779912201294956e-11 9.573619286224384359e-10
1.000000000000000021e-02 6.145829356013227107e-01 2.067266448754848454e-02 3.853453274183186546e-11 9.631411931351666941e-10
