# time 1 2 D-1 D
0.000000000000000000e+00 9.999999229063890605e-01 1.861314836836643653e-08 1.673890467232439206e-35 1.289628653391140693e-35
2.500000000000000486e-03 9.993846239621391181e-01 4.104364732757495430e-08 1.140400263739871969e-32 1.634150665171546698e-35
5.000000000000000971e-03 9.974190990113173116e-01 1.110678013233879543e-06 2.633119714061586389e-28 3.821265088379866270e-33
7.500000000000001457e-03 9.939211573511090858e-01 8.108420731607259176e-06 1.058314062444517305e-25 7.965405957049013016e-30
1.000000000000000194e-02 9.887016857406214498e-01 3.679348513885993691e-05 7.924025368933564581e-24 1.835325530461514840e-27
1.250000000000000069e-02 9.815527929695889719e-01 1.265687887739146177e-04 2.268089757186901727e-22 1.247856644064090680e-25
1.500000000000000291e-02 9.722206411875516929e-01 3.656388472544450942e-04 3.486904152961770552e-21 3.807164786361107709e-24
1.750000000000000167e-02 9.603564000878360707e-01 9.114881459308786125e-04 3.458017631318940038e-20 6.508530131270198884e-23
2.000000000000000389e-02 9.454400493404430117e-01 2.068884450451036281e-03 2.432512985531316640e-19 7.107425189008910698e-22
2.250000000000000264e-02 9.266764831237785938e-01 4.364399743164775088e-03 1.283774372965155105e-18 5.393736158808286967e-21
2.500000000000000139e-02 9.028713518024024109e-01 8.557650782441727708e-03 5.346642897671388815e-18 3.015028438889577496e-20
2.750000000000000361e-02 8.723054726763446176e-01 1.587107204266102745e-02 1.794726183999374338e-17 1.296146419757158140e-19
3.000000000000000583e-02 8.326423055845295629e-01 2.815915039871913148e-02 4.997620195634493948e-17 4.434047677938134907e-19
3.250000000000000111e-02 7.809496487775339224e-01 4.769645013193422184e-02 1.163857486884674000e-16 1.241960986888501388e-18
3.500000000000000333e-02 7.140663411555836504e-01 7.750075140275129726e-02 2.309834680717530476e-16 2.919099883893149071e-18
3.750000000000000555e-02 6.298788211140066151e-01 1.196974835489687805e-01 3.921121838692042062e-16 5.882015853911576065e-18
4.000000000000000777e-02 5.296574946818636276e-01 1.732844806890919132e-01 5.758499918052651701e-16 1.034785745839107567e-17
4.250000000000000999e-02 4.227834566314324638e-01 2.299187711162953007e-01 7.353298733161469952e-16 1.612345709885697943e-17
4.500000000000000527e-02 3.209875762975930580e-01 2.788367227099883272e-01 8.207929690780655860e-16 2.246871809424647746e-17
4.750000000000000749e-02 2.355846882906958983e-01 3.094469611563714917e-01 8.023212224604137430e-16 2.809163803818748913e-17
5.000000000000000278e-02 1.697476074174478211e-01 3.180097830955783689e-01 6.880647081484581820e-16 3.135531666720106286e-17
5.250000000000000500e-02 1.214093821583858562e-01 3.025609590418077421e-01 5.153065612547897796e-16 3.076091304834319506e-17
5.500000000000000722e-02 8.657230781430089173e-02 2.585586975481256600e-01 3.353103103362939311e-16 2.574973541427708448e-17
5.750000000000000944e-02 6.154672506131324966e-02 1.900883179508875698e-01 1.876800227430177927e-16 1.750885764030818347e-17
6.000000000000001166e-02 4.353805331696318504e-02 1.302100812424599185e-01 8.956797865254217681e-17 8.832103858231602450e-18
6.250000000000000000e-02 3.056960163844656478e-02 9.163181108291693078e-02 3.561498272080884541e-17 2.638833480795796392e-18
6.500000000000000222e-02 2.125836701420616426e-02 6.103960469884075514e-03 1.159265181278095281e-17 2.560668951215413827e-19
6.750000000000000444e-02 1.462015607468946168e-02 4.266675421318098620e-03 3.504112673339560380e-18 9.114988950379485809e-19
7.000000000000000666e-02 9.936508199749772424e-03 3.221890291401028131e-03 1.498747972801233310e-18 2.899231954426785713e-18
7.250000000000000888e-02 6.672506596049829208e-03 2.441540463429597071e-03 9.768107375816158756e-19 4.884468623159905475e-18
7.500000000000001110e-02 4.426697235133934295e-03 1.801447738494854319e-03 5.769487622087932557e-19 6.164148857859202719e-18
7.750000000000001332e-02 2.898905303971001813e-03 1.342677999422745754e-03 2.512390788280204489e-19 6.849302050828663161e-18
8.000000000000001554e-02 1.877493260062625558e-03 9.924133873518024753e-04 1.696245796777199287e-19 7.135431584558702065e-18
8.250000000000001776e-02 1.195597934587218879e-03 7.361220592300963834e-04 3.144276449222637856e-19 7.165779304160148859e-18
8.500000000000001998e-02 7.491237740354815197e-04 5.502651125258462570e-04 5.273630982660761891e-19 7.200129686523083560e-18
8.750000000000000833e-02 4.579533807453689195e-04 4.150382230334092931e-04 7.329809291949408891e-19 7.664619988472789563e-18
9.000000000000001055e-02 2.682131345193402216e-04 3.186358295353537663e-04 9.412116601505119490e-19 8.472315274896613339e-18
9.250000000000001277e-02 1.464219281565994968e-04 2.487946452630404722e-04 1.119785904896727220e-18 9.618654593927368583e-18
9.500000000000001499e-02 7.246281724962727740e-05 1.945968856911821571e-04 1.666900458920445758e-18 1.171490087023932547e-17
9.750000000000001721e-02 2.937275162247710684e-05 1.520136500121442851e-04 2.364925249805057012e-18 1.504884556367206492e-17
1.000000000000000056e-01 9.224532714803782837e-06 1.148460385375986675e-04 4.044060253916152505e-18 1.920459488135986004e-17
