# time 1 2 D-1 D
0.000000000000000000e+00 9.999999485118884479e-01 8.184574522689102826e-09 8.011833434685958505e-36 2.980363185548582556e-36
5.000000000000000104e-04 9.999949432003459870e-01 8.827365742158212835e-08 1.126887618053078310e-29 5.448672039175001569e-32
1.000000000000000021e-03 9.999206400239198933e-01 2.141566170031478135e-06 1.244318788301452762e-25 2.929128448218348935e-27
1.500000000000000248e-03 9.996104279089589317e-01 1.586335308064379043e-05 2.507856654854477959e-23 7.863489196916626012e-25
2.000000000000000042e-03 9.987964359291273686e-01 7.341802804460166912e-05 2.640174589296607602e-22 2.520495949820064237e-23
2.500000000000000052e-03 9.970778821679125992e-01 2.666566090436600579e-04 2.802698409740815406e-21 2.710467325324368487e-22
3.000000000000000496e-03 9.938151244294600728e-01 8.353573086143968466e-04 1.544601892747177249e-20 1.856994088192952831e-21
3.500000000000000507e-03 9.878800969773940954e-01 2.378877762034696357e-03 6.724877438918329850e-20 1.001756190186173942e-20
4.000000000000000083e-03 9.771165089145859017e-01 6.342949461908253470e-03 2.658419254945758233e-19 4.704714619675400094e-20
4.500000000000000527e-03 9.572093194627944168e-01 1.614754634845396233e-02 1.086890813912172462e-18 1.972034537820154464e-19
5.000000000000000104e-03 9.195410927208329532e-01 3.938293754029977001e-02 5.228047237663306941e-18 7.546752852178877302e-19
5.500000000000000548e-03 8.487746034995242717e-01 9.050319389222040434e-02 2.576084547328243768e-17 2.734345900203646690e-18
6.000000000000000992e-03 7.279755032588893782e-01 1.860924300668515552e-01 8.459074411964662382e-17 9.245806808468019043e-18
6.500000000000000569e-03 5.651857407420004531e-01 3.188696726668650006e-01 3.029946884950124593e-16 2.822723434837720505e-17
7.000000000000001013e-03 4.060063767724498840e-01 4.441964537845600192e-01 1.083680272952910920e-15 7.516364448971092135e-17
7.499999999999999722e-03 2.853087839138370163e-01 5.171314763193395336e-01 3.589564642290365981e-15 1.692662385621253050e-16
8.000000000000000167e-03 2.040364624672262595e-01 3.023302141866322512e-01 1.078336371868533755e-14 3.186674056627899212e-16
8.500000000000000611e-03 1.506641882402111610e-01 1.062918154307745805e-01 2.845864649931860099e-14 4.970892257695385452e-16
9.000000000000001055e-03 1.150700755634945921e-01 5.665253993435345747e-02 6.437766942619070826e-14 6.313945924088909555e-16
9.500000000000001499e-03 9.064141918870438630e-02 3.782216790049108129e-02 1.263072035372432550e-13 6.370538132446322074e-16
1.000000000000000021e-02 7.333663929743644561e-02 2.901854364565552985e-02 2.215416967824956239e-13 4.556580383462299774e-16
1.050000000000000065e-02 6.069183308471696320e-02 2.443186807093623847e-02 3.576826146776595814e-13 1.475908543434558605e-16
1.100000000000000110e-02 5.117789753058245295e-02 2.193196372801255525e-02 5.425650778738225131e-13 7.443959312085373239e-18
1.150000000000000154e-02 4.382161038110018308e-02 2.053167304937052184e-02 7.726304464113777532e-13 5.452558524369710653e-16
1.200000000000000198e-02 3.800635459776054159e-02 1.976649134103630398e-02 1.052554529068794784e-12 2.483315877712702777e-15
1.250000000000000069e-02 3.324967696610459794e-02 1.946965992795648970e-02 1.368300032596224485e-12 6.587098389003271467e-15
1.300000000000000114e-02 2.938039807619500024e-02 1.940007573465358376e-02 1.709973942912885433e-12 1.352069684525988585e-14
1.350000000000000158e-02 2.608786792547232794e-02 1.956478003592453802e-02 2.072590187847114413e-12 2.418718452962979338e-14
1.400000000000000203e-02 2.327676142368558312e-02 1.987610437691341575e-02 2.434903847716493860e-12 3.865469561109023414e-14
1.450000000000000247e-02 2.083081917025659743e-02 2.030549509791856541e-02 2.790173291327713958e-12 5.696417805215019007e-14
1.499999999999999944e-02 1.866966590702677856e-02 2.082917635085494365e-02 3.137580103133916026e-12 7.934832023639574845e-14
1.550000000000000162e-02 1.681750684095333764e-02 2.134700901847593271e-02 3.452780665025441919e-12 1.050930761617630585e-13
1.600000000000000033e-02 1.512158467460815447e-02 2.195255569617739211e-02 3.739061475930604106e-12 1.335613211867053489e-13
1.650000000000000078e-02 1.363316888925548108e-02 2.254872573488782631e-02 3.987564123415251176e-12 1.651486791321296324e-13
1.700000000000000122e-02 1.228440061395891930e-02 2.316748139792134883e-02 4.208311845455456513e-12 1.980142629233498846e-13
1.750000000000000167e-02 1.104961077320846911e-02 2.380572579596423183e-02 4.405676571519325266e-12 2.325165041295506265e-13
1.800000000000000211e-02 9.964587667954919251e-03 2.440438537962908577e-02 4.562379217448269290e-12 2.681485469615225596e-13
1.850000000000000255e-02 8.998081051601094713e-03 2.497580053086382451e-02 4.685062510861905786e-12 3.039350316958244753e-13
1.900000000000000300e-02 8.093941236168860839e-03 2.556056735873376770e-02 4.785150157230425869e-12 3.400343255031298699e-13
1.950000000000000344e-02 7.302185161487504891e-03 2.609587656595764929e-02 4.865621533296737153e-12 3.761688859009988528e-13
2.000000000000000042e-02 6.565960629205287724e-03 2.662799663294145719e-02 4.922772464942346728e-12 4.116558984428464726e-13
