# time 1 2 D-1 D
0.000000000000000000e+00 9.999999688752245763e-01 1.289373494846025108e-09 2.168551978396956422e-34 1.781373526594865261e-34
2.500000000000000486e-03 9.999970208604623823e-01 7.273947106423335387e-09 8.992715115910364471e-20 8.065697288831036787e-22
5.000000000000000971e-03 9.999565302351939300e-01 6.322765630339029908e-08 2.825404924512688756e-20 1.872148209196219008e-20
7.500000000000001457e-03 9.997959767232791339e-01 3.584707383396354197e-07 1.534033620726072599e-18 5.343044205988161807e-19
1.000000000000000194e-02 9.994006994449056158e-01 1.411911336372981453e-06 1.568217579823864591e-17 3.562645862630815428e-18
1.250000000000000069e-02 9.986353218052502756e-01 4.274131460072281199e-06 3.050363358519427511e-17 1.656504009766890237e-17
1.500000000000000291e-02 9.973440574193228603e-01 1.101595164511184127e-05 1.240197188956816513e-17 9.214801481109326969e-17
1.750000000000000167e-02 9.953375191104607556e-01 2.447587791527642092e-05 6.939593816598146726e-16 7.883990099092909875e-16
2.000000000000000389e-02 9.923635140195538051e-01 4.895224103199141881e-05 1.328246800389736437e-14 7.446563427008481111e-15
2.250000000000000264e-02 9.880581253851417056e-01 8.729121629716808488e-05 1.293975884894921438e-13 6.479834354314386065e-14
2.500000000000000139e-02 9.818718366133387665e-01 1.379579121977089100e-04 8.446341450726202745e-13 4.488711139592927817e-13
2.750000000000000361e-02 9.729640485283951312e-01 1.860013297963840600e-04 3.882989694036999585e-12 2.438106311526178087e-12
3.000000000000000583e-02 9.600619260551803702e-01 1.938513533151396348e-04 1.334837389079728876e-11 1.050363416922875535e-11
3.250000000000000111e-02 9.412725959777634710e-01 1.168529897616702584e-04 3.754486516049531221e-11 3.675749849228686186e-11
3.500000000000000333e-02 9.138967326514264577e-01 1.159105383290431916e-06 9.005915921787893023e-11 1.075198715495958116e-10
3.750000000000000555e-02 8.737208925176112029e-01 9.117411394956299832e-04 2.063902354070327649e-10 2.694516897667626394e-10
4.000000000000000777e-02 8.127600357232723782e-01 8.107606551771862416e-03 5.517273038730809856e-10 5.920654889092064111e-10
4.250000000000000999e-02 7.104192864136235075e-01 4.163699341775423807e-02 1.777166084175515592e-09 1.163019652697727428e-09
4.500000000000000527e-02 5.395546679653285826e-01 1.319648940159708628e-01 2.103961877404385345e-09 2.076687113442408424e-09
4.750000000000000749e-02 3.634777033031662552e-01 2.226793976479159443e-01 2.424558992938167455e-09 3.418690672274559117e-09
5.000000000000000278e-02 2.550074900925047294e-01 2.486362090291011628e-01 2.672232396063770401e-09 5.250433045960755240e-09
5.250000000000000500e-02 1.927222811884527209e-01 2.366899999864020276e-01 2.771395465025952922e-09 7.598770549933133596e-09
5.500000000000000722e-02 1.543995728202104678e-01 2.112859207148186369e-01 2.700237517887653157e-09 1.045150313619232021e-08
5.750000000000000944e-02 1.280182164349123741e-01 1.843058144667463205e-01 2.476524679207832090e-09 1.376003666568333422e-08
6.000000000000001166e-02 1.089920720803249921e-01 1.590608811551297019e-01 2.095424615147737529e-09 1.744695359840773597e-08
6.250000000000000000e-02 9.411127529058219143e-02 1.370907481201542877e-01 1.618039174938097188e-09 2.141635633659878231e-08
6.500000000000000222e-02 8.247041894458177758e-02 1.179664850872250426e-01 1.128594412639178399e-09 2.556312371371737770e-08
6.750000000000000444e-02 7.293460488638554839e-02 1.014952976957442660e-01 6.576459118159624118e-10 2.978453016951806106e-08
7.000000000000000666e-02 6.491378684462853488e-02 8.727303906918239262e-02 2.796762145922356850e-10 3.398651917366230870e-08
7.250000000000000888e-02 5.827446208312775378e-02 7.489611663412812370e-02 6.025473253956160623e-11 3.808852546448730038e-08
7.500000000000001110e-02 5.257953200037488589e-02 6.411168252831979386e-02 4.429875186335304728e-11 4.202564558018472442e-08
7.750000000000001332e-02 4.768770783516911721e-02 5.461386372135266370e-02 2.737103741019215246e-10 4.574974089788490034e-08
8.000000000000001554e-02 4.345109608571752491e-02 4.611341457867011023e-02 7.627252924309108564e-10 4.922780068307035594e-08
8.250000000000001776e-02 3.975561280117507340e-02 3.854825554887794659e-02 1.538720962349452440e-09 5.244006444114142827e-08
8.500000000000001998e-02 3.651150265603807926e-02 3.181921648238015404e-02 2.570220010436979753e-09 5.537777921193556481e-08
8.750000000000000833e-02 3.364725361161459427e-02 2.553046630193620339e-02 3.899909256846274694e-09 5.804069010215981378e-08
9.000000000000001055e-02 3.110523228610238486e-02 1.979065808646977148e-02 5.439558900557089022e-09 6.043523774600391068e-08
9.250000000000001277e-02 2.883852252759639898e-02 1.450587862110824973e-02 7.204881530680892515e-09 6.257244807802835409e-08
9.500000000000001499e-02 2.680858798709931032e-02 9.525354082721650475e-03 9.175246576963117841e-09 6.446640932431413647e-08
9.750000000000001721e-02 2.498351596622000112e-02 5.236699767195597023e-03 1.134915348659773239e-08 6.613326184137805717e-08
1.000000000000000056e-01 2.333671999883006956e-02 2.146544064461648922e-03 1.357486902227724649e-08 6.759192437543720563e-08
