# time 1 2 D-1 D
0.000000000000000000e+00 9.999999416817926257e-01 1.352253867505379105e-08 9.490822576365993602e-36 1.335402908507390039e-36
5.000000000000000104e-04 9.989074358128535724e-01 2.899048574469803037e-07 6.545620092278981116e-30 1.122110663891572443e-35
1.000000000000000021e-03 9.954134979180411236e-01 6.142334725656548908e-06 1.407669057529717557e-25 1.201482517242043678e-30
1.500000000000000248e-03 9.891760680053424126e-01 4.435220337339760210e-05 5.149200486270751439e-23 2.312737983714325191e-27
2.000000000000000042e-03 9.798060032351197934e-01 2.043319010421261982e-04 3.463107260825480990e-21 4.961795847132755129e-25
2.500000000000000052e-03 9.667901387230267707e-01 7.393671160649147294e-04 8.855195577019495165e-20 3.089226337176203964e-23
3.000000000000000496e-03 9.492975794595265304e-01 2.303136515285760140e-03 1.194396202467300245e-18 8.470165545469631880e-22
3.500000000000000507e-03 9.257590214142666918e-01 6.435782695518991493e-03 1.000405751013830528e-17 1.267985652647263974e-20
4.000000000000000083e-03 8.931374566860484920e-01 1.642599899573050221e-02 5.731656714300861654e-17 1.171826502634813298e-19
4.500000000000000527e-03 8.462710099984018797e-01 3.811636541648455445e-02 2.384031484175694427e-16 7.225503659575765923e-19
5.000000000000000104e-03 7.791604325960346245e-01 7.880529840988674539e-02 7.517947462657056960e-16 3.141500773618748012e-18
5.500000000000000548e-03 6.908590052911028900e-01 1.411262519249008585e-01 1.859121826606962311e-15 1.006575527623457233e-17
6.000000000000000992e-03 5.916169435680190825e-01 2.144002939302892541e-01 3.721844533058655634e-15 2.460919434159463826e-17
6.500000000000000569e-03 4.975591283911042217e-01 2.481555394333293529e-01 6.197629923784514149e-15 4.711715681320836736e-17
7.000000000000001013e-03 4.190320738485309726e-01 4.770891120619937670e-02 8.825568977344413101e-15 7.185325732920718085e-17
7.499999999999999722e-03 3.578660579294674071e-01 4.162238256421968256e-03 1.097600016731443826e-14 8.576273856591286097e-17
8.000000000000000167e-03 3.114967110856086130e-01 4.403134092084864970e-04 1.210563580120341992e-14 7.950857899209311026e-17
8.500000000000000611e-03 2.764566916415756581e-01 5.206471446778208144e-07 1.195886342817627961e-14 5.008997403418967036e-17
9.000000000000001055e-03 2.497457741832264655e-01 1.340985435911074865e-04 1.063445275646916210e-14 1.317952906809689188e-17
9.500000000000001499e-03 2.290894253437877892e-01 4.254046137059664659e-04 8.610663307829136409e-15 2.449052630697937300e-17
1.000000000000000021e-02 2.128406658271083662e-01 7.711651653307161113e-04 6.720621527300623351e-15 2.139967934991779645e-16
1.050000000000000065e-02 1.998212343817036551e-01 1.172725753298466253e-03 5.834400122971271699e-15 1.022764988159461455e-15
1.100000000000000110e-02 1.891866561390308510e-01 1.635922081972971971e-03 6.229025073454908108e-15 3.378328503054475821e-15
1.150000000000000154e-02 1.803048600643712973e-01 2.189551180258884726e-03 7.639418480409672896e-15 8.174056230975068397e-15
1.200000000000000198e-02 1.727589539976040200e-01 2.827437694819874732e-03 9.640338661334537511e-15 1.574055510365869785e-14
1.250000000000000069e-02 1.661750907419255463e-01 3.598663987356540486e-03 1.156012022665737127e-14 2.566578057326978764e-14
1.300000000000000114e-02 1.602762523752846169e-01 4.549452016952448830e-03 1.282912258601273019e-14 3.722191202885267068e-14
1.350000000000000158e-02 1.548436946741311715e-01 5.718533803834305144e-03 1.307705525125032206e-14 4.938877134223823369e-14
1.400000000000000203e-02 1.497818421612938100e-01 7.067765790040872291e-03 1.246794170502589525e-14 6.127530938826509198e-14
1.450000000000000247e-02 1.448010122646206654e-01 8.783297338862282658e-03 1.119847562000500502e-14 7.192438049811326061e-14
1.499999999999999944e-02 1.397284664173581437e-01 1.095742445741654421e-02 8.702516025402204658e-15 8.079149681798725062e-14
1.550000000000000162e-02 1.346092080575435335e-01 1.348226824268281693e-02 5.777870705172109749e-15 8.758989741055389406e-14
1.600000000000000033e-02 1.293719932922744731e-01 1.637932287512501930e-02 1.167192930882632806e-15 9.195299404488579992e-14
1.650000000000000078e-02 1.236299159566097289e-01 1.999581229877724076e-02 1.307961875354759146e-15 9.364371128397422430e-14
1.700000000000000122e-02 1.175747493232237179e-01 2.410805005163391829e-02 7.504506999390551986e-15 9.340433943685595346e-14
1.750000000000000167e-02 1.109109882598521696e-01 2.898566386255795047e-02 1.022111959453503354e-14 9.126388865460206883e-14
1.800000000000000211e-02 1.039958154467632012e-01 3.425031629904223135e-02 9.970202221302394141e-15 8.728972558884814331e-14
1.850000000000000255e-02 9.681595476013504786e-02 3.989784916965410932e-02 8.948664216815477168e-15 8.237393742380747941e-14
1.900000000000000300e-02 8.944707187576038387e-02 4.583812522805338213e-02 7.476854071296761166e-15 7.682958738260774164e-14
1.950000000000000344e-02 8.228438097767379333e-02 5.166383104953041483e-02 6.109881791519138898e-15 7.084584062309710909e-14
2.000000000000000042e-02 7.512494399264532663e-02 5.756771173139303005e-02 4.975243030943294044e-15 6.483996209341734880e-14
