# time 1 2 D-1 D
0.000000000000000000e+00 9.999999564682315878e-01 2.247257254483306993e-08 1.340798243906671903e-34 3.537154337120421103e-35
5.000000000000000104e-04 9.991832259352158019e-01 2.183047888431020909e-09 4.534546706027624494e-28 1.303240038983911280e-26
1.000000000000000021e-03 9.965693276608648121e-01 2.752051291703759853e-08 1.021473241137529304e-23 6.991141274831438948e-23
1.500000000000000248e-03 9.919035032696749132e-01 3.195212405878479493e-07 4.600643599074553657e-21 1.168070318989982803e-20
2.000000000000000042e-03 9.849212947655676675e-01 1.552334470406697834e-06 3.309817813415056476e-19 4.708464422057694518e-19
2.500000000000000052e-03 9.753472755488616919e-01 6.997629965174075321e-06 1.062309687777190691e-17 8.705060591164739812e-18
3.000000000000000496e-03 9.628856177225602053e-01 2.482743805461401404e-05 1.940729083043346438e-16 9.849694014634895189e-17
3.500000000000000507e-03 9.472001896768024176e-01 7.172676238294632136e-05 2.333762945066723575e-15 7.919155147504499434e-16
4.000000000000000083e-03 9.278837606009767702e-01 1.854747474651650464e-04 1.908512632588639570e-14 4.896091075205103886e-15
4.500000000000000527e-03 9.044198696936289750e-01 4.304386452322924556e-04 1.059362718384452783e-13 2.419215001202911597e-14
5.000000000000000104e-03 8.761473659251727275e-01 9.539510479348000923e-04 3.654392626352820310e-13 9.715742258579091399e-14
5.500000000000000548e-03 8.422451196224287617e-01 2.025624242139264976e-03 8.665849482530350965e-13 3.200383850036132850e-13
6.000000000000000992e-03 8.017584469987194540e-01 3.935562045024501576e-03 1.512480859593619256e-12 8.733268676659142604e-13
6.500000000000000569e-03 7.536838692160237052e-01 7.325244487499016702e-03 2.087140187330893705e-12 2.002532568885000096e-12
7.000000000000001013e-03 6.971172381634932469e-01 1.287251587671817479e-02 2.117808476821981387e-12 3.929924191334652481e-12
7.499999999999999722e-03 6.314812011457052732e-01 2.077929080130298464e-02 1.375171687301222249e-12 6.740383847066618228e-12
8.000000000000000167e-03 5.569206389025757042e-01 3.089797189286154488e-02 3.222102908052197176e-13 1.032578356398472467e-11
8.500000000000000611e-03 4.749968437261889442e-01 4.144906675242505945e-02 1.078929916116584042e-13 1.442926893275099834e-11
9.000000000000001055e-03 3.894616740788020004e-01 4.866107249450682404e-02 1.963280292194860926e-12 1.875073591758312442e-11
9.500000000000001499e-03 3.061377784870389918e-01 5.225637388049318710e-02 7.721087371395392732e-12 2.304419694988089220e-11
1.000000000000000021e-02 2.310752052033220594e-01 5.385728510293975868e-02 1.783227104204747803e-11 2.716436651875726722e-11
1.050000000000000065e-02 1.684732020059559465e-01 5.439490661681214978e-02 3.388406032696684233e-11 3.106333447186403595e-11
1.100000000000000110e-02 1.197847865314795590e-01 5.321919708601999255e-02 5.614545167316088043e-11 3.476793477020782039e-11
1.150000000000000154e-02 8.463370798454136756e-02 4.977474869943999958e-02 8.488829118540790014e-11 3.834226258703502405e-11
1.200000000000000198e-02 5.988497440667312627e-02 4.465716499138093487e-02 1.175576480622095575e-10 4.186736705579350542e-11
1.250000000000000069e-02 4.320132310512998786e-02 3.838579690979376791e-02 1.550987652756615749e-10 4.542580303864300155e-11
1.300000000000000114e-02 3.191792125361272298e-02 3.177753474350866053e-02 1.967202663697367884e-10 4.909440522782801530e-11
1.350000000000000158e-02 2.419124643987493467e-02 2.534209770589420513e-02 2.388652461668850654e-10 5.294403976852245537e-11
1.400000000000000203e-02 1.878152168681597456e-02 1.931590682383705140e-02 2.820277356396967650e-10 5.704044260906163550e-11
1.450000000000000247e-02 1.489426016234159968e-02 9.618746618516969696e-04 3.252183058233868389e-10 6.144180697701859551e-11
1.499999999999999944e-02 1.202518713757799729e-02 2.666541674528772818e-03 3.673278481007472493e-10 6.619977717859882339e-11
1.550000000000000162e-02 9.851144785795995160e-03 2.591121607790730988e-03 4.045425366126312582e-10 7.136483869842207981e-11
1.600000000000000033e-02 8.160651683644683935e-03 2.499795135482847565e-03 4.501965389145513178e-10 7.698495018593093405e-11
1.650000000000000078e-02 6.812666544688573966e-03 2.381689522677300514e-03 4.923754107046593797e-10 8.310572120952945318e-11
1.700000000000000122e-02 5.711013005232403079e-03 2.316889299795667819e-03 5.343024486743400440e-10 8.977065608993158794e-11
1.750000000000000167e-02 4.756918178735886071e-03 2.307885396891349618e-03 5.640897057755582269e-10 9.702167289098609429e-11
1.800000000000000211e-02 3.921534038278969361e-03 2.346929131860835821e-03 6.147541619778323692e-10 1.048989819028129873e-10
1.850000000000000255e-02 3.091610961922684146e-03 2.510203999645492165e-03 6.507177859374131410e-10 1.134410842106325121e-10
1.900000000000000300e-02 2.234589125989778872e-03 2.803648043559704619e-03 6.936753776633292544e-10 1.226842341972121733e-10
1.950000000000000344e-02 1.213320571156411599e-03 3.344189000721792433e-03 7.633539605476785753e-10 1.326612765957557920e-10
2.000000000000000042e-02 3.405559743922501352e-04 3.803581380321685926e-03 8.077807998808126031e-10 1.433920475807286447e-10
