# time 1 2 D-1 D
0.000000000000000000e+00 9.999999696274282091e-01 1.729780117815343204e-08 2.318074859821551233e-35 2.717742939101128184e-35
5.000000000000000104e-04 9.994055960057137700e-01 5.078462177232874024e-08 4.208279236781916369e-17 7.208381423929511432e-22
1.000000000000000021e-03 9.974895722304631951e-01 1.116170278869465951e-06 1.289808981677636620e-14 4.157223648944756451e-18
1.500000000000000248e-03 9.940254897585156790e-01 7.587541957869396561e-06 3.894323135393686558e-13 7.284921172355655849e-16
2.000000000000000042e-03 9.887495368416621133e-01 3.239601388115709432e-05 4.548674127950995312e-12 3.024484036690424174e-14
2.500000000000000052e-03 9.813487369042368513e-01 1.079333167089959275e-04 3.125870718213369424e-11 5.600113668718506100e-13
3.000000000000000496e-03 9.714320709267589837e-01 3.100813654799974774e-04 1.538886181887925121e-10 6.065874141514707216e-12
3.500000000000000507e-03 9.584751363692286530e-01 8.050708042905388613e-04 5.881027929827051206e-10 4.387213943875450399e-11
4.000000000000000083e-03 9.417230934296544342e-01 1.940814322636909717e-03 1.860972270520068526e-09 2.272637073870931779e-10
4.500000000000000527e-03 9.200318872518425950e-01 4.398209248532240941e-03 4.994109045659956973e-09 8.826213009651638503e-10
5.000000000000000104e-03 8.916385947801162004e-01 9.443368819868394257e-03 1.219589078958173008e-08 2.676379086889056946e-09
5.500000000000000548e-03 8.539268777336687100e-01 1.917006442262390170e-02 3.078922391250823696e-08 6.598112817725054612e-09
6.000000000000000992e-03 8.037509981663815140e-01 3.622734497108912044e-02 9.307236796943400816e-08 1.373805002770246869e-08
6.500000000000000569e-03 7.380720492676651201e-01 6.325438701771735062e-02 1.324000775747953230e-07 2.496974937390328955e-08
7.000000000000001013e-03 6.574759432330172793e-01 9.943230295269828156e-02 1.631634975546211791e-07 4.071051314840343475e-08
7.499999999999999722e-03 5.684730303707098420e-01 1.383181813124618464e-01 1.972060669948537494e-07 6.085316814463310878e-08
8.000000000000000167e-03 4.816798023950929486e-01 1.698282855543440939e-01 2.307279078611983358e-07 8.485187229479618200e-08
8.500000000000000611e-03 4.038384176143750004e-01 1.884171003995735727e-01 2.618299057177177859e-07 1.118874410128622610e-07
9.000000000000001055e-03 3.389427463015799447e-01 1.914285372782045525e-01 2.894202786287843299e-07 1.410384521084466015e-07
9.500000000000001499e-03 2.861550166839711418e-01 1.831098094673328236e-01 3.129320434569943223e-07 1.714143078228766570e-07
1.000000000000000021e-02 2.434663308791377434e-01 1.701714665618181410e-01 3.333528388413530374e-07 2.022379068795869287e-07
1.050000000000000065e-02 2.087622240182364086e-01 1.640293928169670179e-01 3.495421305644017061e-07 2.328830260771709715e-07
1.100000000000000110e-02 1.802828747812443844e-01 9.950977597114445128e-02 3.624651566708830163e-07 2.628785460426601280e-07
1.150000000000000154e-02 1.566783971590003932e-01 5.350327901910460066e-02 3.728577641701540499e-07 2.918948549491424851e-07
1.200000000000000198e-02 1.369376693478472351e-01 3.749215292717069520e-02 3.808025481841653976e-07 3.197206863596132447e-07
1.250000000000000069e-02 1.203015506616604696e-01 2.797389792233600028e-02 3.876369054064661686e-07 3.462376996572350188e-07
1.300000000000000114e-02 1.061922563914298318e-01 2.123370149561067469e-02 3.922398791054535984e-07 3.713976679332991877e-07
1.350000000000000158e-02 9.415980179720075116e-02 1.624026640599362387e-02 3.963462545809977813e-07 3.952016009110123888e-07
1.400000000000000203e-02 8.381985712022074764e-02 1.240934849750012850e-02 3.992589244089776867e-07 4.176848980261952333e-07
1.450000000000000247e-02 7.499070975859875587e-02 9.270956636207089083e-03 4.014351599030428309e-07 4.389048913637472878e-07
1.499999999999999944e-02 6.729028360143482490e-02 6.840015970083760354e-03 4.027898603177391487e-07 4.589320362417075429e-07
1.550000000000000162e-02 6.061393143174314407e-02 4.871048163015739146e-03 4.045403672925484007e-07 4.778433918653057392e-07
1.600000000000000033e-02 5.478121151698159969e-02 3.293026986700761140e-03 4.051798582930728110e-07 4.957182065119341651e-07
1.650000000000000078e-02 4.961967699967159695e-02 2.072781556648369428e-03 4.064283383277312616e-07 5.126349012377551031e-07
1.700000000000000122e-02 4.500222264711255943e-02 1.172818345005204911e-03 4.077971329959256803e-07 5.286691030720894493e-07
1.750000000000000167e-02 4.085186805903937707e-02 5.355720150683980279e-04 4.090306508260222215e-07 5.438921406717365827e-07
1.800000000000000211e-02 3.705861440300522308e-02 1.599312564361878063e-04 4.100144692525414590e-07 5.583713308167539515e-07
1.850000000000000255e-02 3.356816005333185943e-02 8.475900459405672559e-06 4.106896417179229989e-07 5.721688102553601499e-07
1.900000000000000300e-02 3.034024746420044619e-02 4.475658864643840637e-05 4.125979333344621774e-07 5.853419602025664356e-07
1.950000000000000344e-02 2.736341888574942219e-02 2.160112202436643731e-04 4.140112714387523639e-07 5.979429869007199055e-07
2.000000000000000042e-02 2.462718953429713850e-02 4.787804546377082246e-04 4.152741606623266017e-07 6.100188466029240358e-07
