# time 1 2 D-1 D
0.000000000000000000e+00 9.999999696274282091e-01 1.729780117815343204e-08 2.318074859821551233e-35 2.717742939101128184e-35
2.500000000000000052e-04 9.994070419395268967e-01 1.166678520045156835e-08 4.213215552677597063e-17 1.122745896426969757e-21
5.000000000000000104e-04 9.975108713009985806e-01 2.545275158286440493e-07 1.301681584746644534e-14 6.310641324965951449e-18
7.500000000000001240e-04 9.941266542629729752e-01 1.712457963665136637e-06 4.010894116785462143e-13 1.090517176925282422e-15
1.000000000000000021e-03 9.890533366036090568e-01 7.339658222390248906e-06 4.854174568076019171e-12 4.505021987332861538e-14
1.250000000000000026e-03 9.820652910249830780e-01 2.516474900190330050e-05 3.507470531402858273e-11 8.381483090509374058e-13
1.500000000000000248e-03 9.728981742114090059e-01 7.664625975970918283e-05 1.833964365936039544e-10 9.209793338901161953e-12
1.750000000000000253e-03 9.612217453846373383e-01 2.175359019866291419e-04 7.468775348834533429e-10 6.811230232579576856e-11
2.000000000000000042e-03 9.465830824502668994e-01 5.890974134815659497e-04 2.506664699928998906e-09 3.625275936091540922e-10
2.250000000000000264e-03 9.282880511621051101e-01 1.529719907416433790e-03 7.052502150582772377e-09 1.447747763301562415e-09
2.500000000000000052e-03 9.051798395850366719e-01 3.796255860597216435e-03 1.772021988819416874e-08 4.500884212431716003e-09
2.750000000000000274e-03 8.753178004048220995e-01 8.885775640056218366e-03 4.476414627083102584e-08 1.131650817581515142e-08
3.000000000000000496e-03 8.359658912887355520e-01 1.907552306372832518e-02 1.290638874666373432e-07 2.388749461853963837e-08
3.250000000000000284e-03 7.838937165446119293e-01 3.716751890119401880e-02 1.755598054871352910e-07 4.378017157238139297e-08
3.500000000000000507e-03 7.182260656477247318e-01 6.372249463997557706e-02 2.106936307619955527e-07 7.167730516889824576e-08
3.749999999999999861e-03 6.431250713726168744e-01 9.453330278687790966e-02 2.484206888910318665e-07 1.072871059498738215e-07
4.000000000000000083e-03 5.672263145695353170e-01 1.213265192818097499e-01 2.834192056932985923e-07 1.495542371345694244e-07
4.250000000000000305e-03 4.967874989623431436e-01 1.388992433320698772e-01 3.135251334088373424e-07 1.969947519261237171e-07
4.500000000000000527e-03 4.361793585277404794e-01 1.440304354689380673e-01 3.378266772263590908e-07 2.480057388355689452e-07
4.750000000000000749e-03 3.853845490901509629e-01 1.400797062604644538e-01 3.561117628387185940e-07 3.010817038048248491e-07
5.000000000000000104e-03 3.431052976032452628e-01 1.334174336996580834e-01 3.698870645032781013e-07 3.549306489022092928e-07
5.250000000000000326e-03 3.077467344364550605e-01 1.397246151177243267e-01 3.782134191732030552e-07 4.085143421916855918e-07
5.500000000000000548e-03 2.779056430984532255e-01 1.155546175184973823e-01 3.824383248427678026e-07 4.610409906770631295e-07
5.750000000000000770e-03 2.524752434101383280e-01 7.366783089758789649e-02 3.835418777446789531e-07 5.119343559355930219e-07
6.000000000000000992e-03 2.306127732093181948e-01 5.604230280550300675e-02 3.817716787473952528e-07 5.607933300354412783e-07
6.250000000000000347e-03 2.116780833472643175e-01 4.446200083836585742e-02 3.785762946533214313e-07 6.073561143063433810e-07
6.500000000000000569e-03 1.951789098762285180e-01 3.563555418215629683e-02 3.729753608972402415e-07 6.514662860257412488e-07
6.750000000000000791e-03 1.807253060699943181e-01 2.860596244810236291e-02 3.667157354751826027e-07 6.930460617919275054e-07
7.000000000000001013e-03 1.679483595079544478e-01 2.288839330985322634e-02 3.592262905512636102e-07 7.320772837045760004e-07
7.250000000000001235e-03 1.567914969916226475e-01 1.787239727070016881e-02 3.510105213046181959e-07 7.685856764268039808e-07
7.499999999999999722e-03 1.467466013202128605e-01 1.375128006654141068e-02 3.420773755734593149e-07 8.026293784123717450e-07
7.750000000000000812e-03 1.377982149835016434e-01 1.018596857188177468e-02 3.335151278768424088e-07 8.342905205564913507e-07
8.000000000000000167e-03 1.297447415437394391e-01 7.136558886125903868e-03 3.241312936042489093e-07 8.636688094247596249e-07
8.250000000000000389e-03 1.223493037223816610e-01 4.631668005380888686e-03 3.153685240605823279e-07 8.908761005748089805e-07
8.500000000000000611e-03 1.154407532328658309e-01 2.677900222668582776e-03 3.068486180920960801e-07 9.160322095499264501e-07
8.750000000000000833e-03 1.089332409785290501e-01 1.223140274534226029e-03 2.984140372907794920e-07 9.392614726945560588e-07
9.000000000000001055e-03 1.026373631343581866e-01 3.408053571571661067e-04 2.900078726524848822e-07 9.606902523813098503e-07
9.250000000000001277e-03 9.648094836592432944e-02 6.241585613241841349e-06 2.816310452560775882e-07 9.804445738754604071e-07
9.500000000000001499e-03 9.041448249725146658e-02 1.860996128365743560e-04 2.743641338263738007e-07 9.986479078078289704e-07
9.750000000000001721e-03 8.447457101104940969e-02 7.730246283897747621e-04 2.670074948368601033e-07 1.015418561294393438e-06
1.000000000000000021e-02 7.868808461899261253e-02 1.679609027367981238e-03 2.598187665490148639e-07 1.030865403468688442e-06
