# time 1 2 D-1 D
0.000000000000000000e+00 9.999999682492459741e-01 3.746016622236971924e-09 3.253768363076090753e-35 4.721725708382964462e-34
5.000000000000000104e-04 9.989178061935231057e-01 3.891781134000866908e-09 6.849334109600706189e-20 3.275152602882015327e-23
1.000000000000000021e-03 9.954655409250219300e-01 2.627607887914151805e-07 3.389702065442754406e-17 1.690520764899235378e-19
1.500000000000000248e-03 9.893390406574710250e-01 2.695427210258696019e-06 1.349914035119140619e-15 2.859427979463919263e-17
2.000000000000000042e-03 9.802429827533336582e-01 1.529643245543934867e-05 1.938430931574945548e-14 1.160910155620880012e-15
2.500000000000000052e-03 9.678869897971550396e-01 6.427656998332427105e-05 1.249477467179217132e-13 2.124677035392087561e-14
3.000000000000000496e-03 9.519621490972468569e-01 2.258950966490170414e-04 5.007155994269739583e-13 2.317266344472281439e-13
3.500000000000000507e-03 9.320706900739387235e-01 7.076139003826914216e-04 1.055525539887275656e-12 1.741966886989375025e-12
4.000000000000000083e-03 9.075485994296018655e-01 2.042518067461583740e-03 4.988225532819726155e-13 9.802926000446548513e-12
4.500000000000000527e-03 8.770681980356412888e-01 5.506837351680458729e-03 4.852111444838975842e-12 4.337981351729711757e-11
5.000000000000000104e-03 8.378877942005752422e-01 1.390435466118756028e-02 1.207286293340769331e-10 1.557968316936137238e-10
5.500000000000000548e-03 7.849456505636303039e-01 3.252182294577889154e-02 7.012708078668373631e-10 4.652948344297365506e-10
6.000000000000000992e-03 7.116343278856240850e-01 6.834440145808125255e-02 1.997885288907681451e-09 1.182541358349406161e-09
6.500000000000000569e-03 6.163125332095533704e-01 1.236520491545886891e-01 3.902184852740088054e-09 2.617972479261937027e-09
7.000000000000001013e-03 5.111686134838676621e-01 1.869604048600233825e-01 6.321748073709791617e-09 5.161866412112534514e-09
7.499999999999999722e-03 4.154825218236052331e-01 2.398741220252526563e-01 9.334215767738494024e-09 9.237424093852022903e-09
8.000000000000000167e-03 3.395382911212035393e-01 2.727280758640454050e-01 1.322029713138945681e-08 1.524689740934027651e-08
8.500000000000000611e-03 2.828314100532687836e-01 2.865978634967370486e-01 1.853511314779778287e-08 2.343652760129154160e-08
9.000000000000001055e-03 2.409374996849078521e-01 2.844474769867065267e-01 2.626600911191646615e-08 3.373704428981571806e-08
9.500000000000001499e-03 2.096020047898548566e-01 1.423256687001029437e-04 3.767186763955086568e-08 4.582146313993087770e-08
1.000000000000000021e-02 1.856928251566485888e-01 4.135021989717889684e-04 5.460848405462915547e-08 5.890670383639552431e-08
1.050000000000000065e-02 1.670656491866557847e-01 5.427298086285232319e-04 7.921535833668254684e-08 7.181429115404212034e-08
1.100000000000000110e-02 1.522670894487660465e-01 5.291200585627144678e-04 1.130420033244183949e-07 8.399166458751511577e-08
1.150000000000000154e-02 1.403022962587698041e-01 4.651291673879785846e-04 1.566891456752760574e-07 9.555808254344246294e-08
1.200000000000000198e-02 1.304693725528507098e-01 3.761703389038850969e-04 2.105339007566193061e-07 1.065895797166169239e-07
1.250000000000000069e-02 1.222687267579820047e-01 2.921673044248685293e-04 2.737142832307064756e-07 1.175655200956044379e-07
1.300000000000000114e-02 1.153372003874102020e-01 2.131960041293366802e-04 3.438190606253530387e-07 1.291192323577672095e-07
1.350000000000000158e-02 1.094145387837891920e-01 1.360917358714421185e-04 4.233148672691308188e-07 1.408999649091307056e-07
1.400000000000000203e-02 1.042842571449594802e-01 7.884129444568919792e-05 5.023950990939802725e-07 1.527111635173780796e-07
1.450000000000000247e-02 9.980234397915566102e-02 3.357069871096941149e-05 5.801964392554439284e-07 1.647559992318618949e-07
1.499999999999999944e-02 9.584433844447290407e-02 7.470209055931430874e-06 6.513198677551578036e-07 1.768567963845878266e-07
1.550000000000000162e-02 9.231843920464176401e-02 2.786920478104226250e-07 7.027299263895680181e-07 1.886459343565431198e-07
1.600000000000000033e-02 8.915123505971177253e-02 1.289129211734640749e-05 7.202790594587157379e-07 2.000750922603332861e-07
1.650000000000000078e-02 8.628394341682948943e-02 4.584948314992674481e-05 7.044074299655759860e-07 2.110709428631046291e-07
1.700000000000000122e-02 8.367636215020532453e-02 9.235874861977313186e-05 6.460217240950599309e-07 2.216049126811975842e-07
1.750000000000000167e-02 8.128395680145139579e-02 1.586364152853145769e-04 5.476099469075161098e-07 2.316877859391406507e-07
1.800000000000000211e-02 7.908253852544565310e-02 2.373557983798378472e-04 4.298949614410686804e-07 2.413615648017019087e-07
1.850000000000000255e-02 7.705480802370943960e-02 3.196837310911971523e-04 3.417432611376352956e-07 2.506913137970882072e-07
1.900000000000000300e-02 7.516479201073834882e-02 4.197576998697929648e-04 3.016449478591864855e-07 2.597574945756484679e-07
1.950000000000000344e-02 7.341720189262475327e-02 5.144889100066877457e-04 3.290488354105982229e-07 2.686494499914028044e-07
2.000000000000000042e-02 7.177986609715618360e-02 6.204835406429589110e-04 4.619959720498549638e-07 2.774596284908867990e-07
