# time 1 2 D-1 D
0.000000000000000000e+00 9.999999714884697521e-01 2.696991930547054993e-09 2.404238595736824212e-34 2.374498588661020338e-34
5.000000000000000104e-04 9.968439382330575027e-01 3.354952528940388797e-04 1.468021650471701413e-17 4.253777128821333026e-20
1.000000000000000021e-03 9.874335393727909915e-01 1.564211707803096112e-03 1.096962533283457364e-14 8.754888006081734707e-17
1.500000000000000248e-03 9.717851815360099010e-01 4.116056072511604241e-03 7.024971632773239605e-13 1.020817394454045821e-14
2.000000000000000042e-03 9.497685555812583891e-01 8.570266902114279106e-03 1.608836232739271368e-11 3.663593383606674296e-13
2.500000000000000052e-03 9.210389678619772535e-01 1.572604603902250792e-02 2.055574441876065631e-10 6.812914442782451763e-12
3.000000000000000496e-03 8.849818653268121116e-01 2.659282090829842571e-02 1.798197329650689435e-09 8.177638323652907818e-11
3.500000000000000507e-03 8.407021089726510743e-01 4.240795313704078667e-02 1.204414800812042319e-08 7.030649195923028870e-10
4.000000000000000083e-03 7.871330498008726195e-01 6.421969990642470427e-02 6.440280791745913015e-08 4.561827219209766833e-09
4.500000000000000527e-03 7.233915823866459149e-01 9.265835524275986557e-02 2.534582122059779453e-07 2.304142963982702823e-08
5.000000000000000104e-03 6.494897316088580341e-01 1.259731669960744427e-01 7.288387713508176960e-07 9.297005885999990000e-08
5.500000000000000548e-03 5.672722447272752211e-01 1.578859507477623214e-01 1.802068334293210388e-06 3.078301447247716464e-07
6.000000000000000992e-03 4.809455421772212413e-01 1.769340500514765546e-01 4.030396905305725195e-06 8.598355891157487881e-07
6.500000000000000569e-03 3.963586959498933138e-01 1.695854585560206684e-01 8.146330546084979313e-06 2.079968758762869164e-06
7.000000000000001013e-03 3.190950536451314101e-01 1.400463581128243151e-01 1.503699264529031936e-05 4.460240465921910469e-06
7.499999999999999722e-03 2.527078668305265396e-01 1.062450118349730771e-01 2.565160237555235781e-05 8.648348008544003881e-06
8.000000000000000167e-03 1.982586229122083321e-01 7.913107439550559619e-02 4.091474887002523081e-05 1.541499583639218424e-05
8.500000000000000611e-03 1.549817585600155312e-01 5.783435972888303911e-02 6.154978887622967012e-05 2.560233972060486766e-05
9.000000000000001055e-03 1.212303591641343270e-01 3.893546218976665779e-02 8.825946732617723689e-05 4.006529532738880211e-05
9.500000000000001499e-03 9.516614284333309304e-02 1.952645704889549236e-02 1.214645867464001112e-04 5.961624944569726556e-05
1.000000000000000021e-02 7.511171472907351987e-02 5.180313158151680746e-03 1.612955810957135601e-04 8.498023297864150882e-05
1.050000000000000065e-02 5.967359304576862200e-02 4.534664724862891598e-04 2.079102941945860710e-04 1.167637315349331678e-04
1.100000000000000110e-02 4.774976837461140933e-02 2.769949743302853822e-05 2.613160387982493252e-04 1.554371101369269453e-04
1.150000000000000154e-02 3.849194071206937101e-02 4.021268244582678155e-04 3.210732064105105985e-04 2.013291231677409089e-04
1.200000000000000198e-02 3.125670864541996857e-02 8.069418833665505195e-04 3.871598315199680450e-04 2.546308717812051608e-04
1.250000000000000069e-02 2.555979646223461785e-02 1.115434437579254298e-03 4.590622256098089281e-04 3.154058994952910156e-04
1.300000000000000114e-02 2.103759884905678779e-02 1.347888954648119014e-03 5.363805149792175110e-04 3.836041889963505338e-04
1.350000000000000158e-02 1.741860965291172278e-02 1.520948079412665728e-03 6.185103273847372251e-04 4.590796697885933357e-04
1.400000000000000203e-02 1.449790960724435182e-02 1.662582281114752042e-03 7.056165466268152654e-04 5.416061627911761874e-04
1.450000000000000247e-02 1.211723908114558518e-02 1.768619327537384071e-03 7.964171223247012597e-04 6.308917433216574416e-04
1.499999999999999944e-02 1.016832103863555409e-02 1.847039826876061301e-03 8.909355595694418151e-04 7.266002889361564566e-04
1.550000000000000162e-02 8.555838927440858124e-03 1.913930648277702238e-03 9.881727917212931780e-04 8.283558208265835894e-04
1.600000000000000033e-02 7.217871099039172532e-03 1.966697804095967651e-03 1.089144755368599274e-03 9.357604921488339462e-04
1.650000000000000078e-02 6.102565606771174003e-03 2.003657184795252719e-03 1.191412758699581008e-03 1.048405885503242646e-03
1.700000000000000122e-02 5.165170858478042304e-03 2.031160030121060330e-03 1.296772908110627566e-03 1.165872394046670165e-03
1.750000000000000167e-02 4.375146077607343191e-03 2.048614669538398932e-03 1.403015847807182175e-03 1.287746537798177722e-03
1.800000000000000211e-02 3.711382028920759066e-03 2.052519984737473900e-03 1.511191941035139623e-03 1.413619025600469301e-03
1.850000000000000255e-02 3.156110867807490096e-03 2.040997565962510921e-03 1.620344416027533728e-03 1.543089835787821639e-03
1.900000000000000300e-02 2.684571351772708364e-03 2.023048971428887798e-03 1.728808770629051538e-03 1.675780202962474279e-03
1.950000000000000344e-02 2.289228387914646074e-03 1.993469347387592967e-03 1.839812619501741053e-03 1.811317005275573169e-03
2.000000000000000042e-02 1.955216278132968985e-03 1.956805437837495255e-03 1.950241932627275881e-03 1.949349834290846437e-03
