# time 1 2 D-1 D
0.000000000000000000e+00 9.999999531074691417e-01 3.994631015111647835e-09 1.391228788266870983e-34 1.577072608421951478e-35
2.500000000000000052e-04 9.993962815202358518e-01 5.360781734223437532e-08 1.234622584406547610e-26 1.133215427083608634e-25
5.000000000000000104e-04 9.974505253201092492e-01 1.468658760723859453e-06 3.054311567761310669e-22 6.142043729273455932e-22
7.500000000000001240e-04 9.939334172957748903e-01 9.798115417284860321e-06 1.266875521620516226e-19 1.047786486720944931e-19
1.000000000000000021e-03 9.885794928507185553e-01 4.005716192409279278e-05 9.897929718608720141e-18 4.367204726579619276e-18
1.250000000000000026e-03 9.810782744685146994e-01 1.270561276146030055e-04 3.005779347836668502e-16 8.508330567713717600e-17
1.500000000000000248e-03 9.710491725171850330e-01 3.471140618964944241e-04 4.927581230707209135e-15 1.038328645852666243e-15
1.750000000000000253e-03 9.579905684303797742e-01 8.599123883284516458e-04 5.164252984488663384e-14 9.228633052339545772e-15
2.000000000000000042e-03 9.411860792631965289e-01 1.988029295482196535e-03 3.776571950640172208e-13 6.432577004790999034e-14
2.250000000000000264e-03 9.195361396721494218e-01 4.382633204738905011e-03 2.019687524713089936e-12 3.611673862106151266e-13
2.500000000000000052e-03 8.912604611359957740e-01 9.318015584325305828e-03 8.050464723058652249e-12 1.639795757962054967e-12
2.750000000000000274e-03 8.534066003707173609e-01 1.921608001306934765e-02 2.477603434962804407e-11 6.032878366561579089e-12
3.000000000000000496e-03 8.012242595697068870e-01 3.835639300359614673e-02 6.068533322230628888e-11 1.818834669421761923e-11
3.250000000000000284e-03 7.281522296266698113e-01 7.293402939625977244e-02 1.260475207537610276e-10 4.586336820591113894e-11
3.500000000000000507e-03 6.289740397915094539e-01 1.281339687511471037e-01 2.278467296796087598e-10 9.915279352369634805e-11
3.749999999999999861e-03 5.082497989724787946e-01 1.995303643822015915e-01 3.676197297149003680e-10 1.883848304456467179e-10
4.000000000000000083e-03 3.849389276986112107e-01 2.674436861154577683e-01 5.474672508720219958e-10 3.216277194647518796e-10
4.250000000000000305e-03 2.794434868403464778e-01 3.034678522858816341e-01 7.651754963259624875e-10 5.028842867620672604e-10
4.500000000000000527e-03 1.994740231164106592e-01 2.667957861099107264e-01 1.005123183920080928e-09 7.315036603166387159e-10
4.750000000000000749e-03 1.423193622311892392e-01 1.738906639968405554e-01 1.256214702420790795e-09 1.002769554950848954e-09
5.000000000000000104e-03 1.022669904438825716e-01 1.093316778004467665e-01 1.524443556774350366e-09 1.309112724728614326e-09
5.250000000000000326e-03 7.423328603648661483e-02 6.941596606598264552e-02 1.789752264118482520e-09 1.641587023081098347e-09
5.500000000000000548e-03 5.448232037982281284e-02 4.323043553909107495e-02 2.038308739835264021e-09 1.991154304929938776e-09
5.750000000000000770e-03 4.042794086709117218e-02 2.752959447514475438e-02 2.290323859016763738e-09 2.349637110510951443e-09
6.000000000000000992e-03 3.031113578156234556e-02 1.877877330199574646e-02 2.522538191274451500e-09 2.710274617449795858e-09
6.250000000000000347e-03 2.293855921718184268e-02 1.386301315562492829e-02 2.709670025971724447e-09 3.067974534014978171e-09
6.500000000000000569e-03 1.749752403500729955e-02 1.091031166129402541e-02 2.953356418299767888e-09 3.419233219478565052e-09
6.750000000000000791e-03 1.342673548096883288e-02 8.939527476370201162e-03 3.148589768635807313e-09 3.761980730119291040e-09
7.000000000000001013e-03 1.035559760721300841e-02 7.560894679475631437e-03 3.345632558483066960e-09 4.095330332768423153e-09
7.250000000000001235e-03 8.009401433830594039e-03 6.582434831733386012e-03 3.616667261326889806e-09 4.419297951873582698e-09
7.499999999999999722e-03 6.183015449744073619e-03 5.850453966770925718e-03 3.995732007394538518e-09 4.734535592099243847e-09
7.750000000000000812e-03 4.763681826934827550e-03 5.273202492250205278e-03 4.200158049332162807e-09 5.042097064917887275e-09
8.000000000000000167e-03 3.649640409515108024e-03 4.811404115297512017e-03 4.437116676260235980e-09 5.343293808261239341e-09
8.250000000000000389e-03 2.766885685635178151e-03 4.431163949411254591e-03 5.038008101426816527e-09 5.639523771691153002e-09
8.500000000000000611e-03 2.069358576571824013e-03 4.105650188626235909e-03 5.375253794576193261e-09 5.932188500869034610e-09
8.750000000000000833e-03 1.518230209498098093e-03 3.819961221937828548e-03 5.732602471519536034e-09 6.222617396277502123e-09
9.000000000000001055e-03 1.086163797936423548e-03 3.561173124343802125e-03 6.135766358292614137e-09 6.512063929939421305e-09
9.250000000000001277e-03 7.613004452508487967e-04 3.310844795989943082e-03 6.966311705337941489e-09 6.801629143856969187e-09
9.500000000000001499e-03 5.174187545148235161e-04 3.072077404392935251e-03 7.535934714804161748e-09 7.092268500526001145e-09
9.750000000000001721e-03 3.371784604422001447e-04 2.844386825025224316e-03 7.851822142298463920e-09 7.384805480940928686e-09
1.000000000000000021e-02 2.100952429368682813e-04 2.624371600710281773e-03 8.904302239797166631e-09 7.680001273758587131e-09
