# time 1 2 D-1 D
0.000000000000000000e+00 9.999999531074691417e-01 3.994631015111647835e-09 1.391228788266870983e-34 1.577072608421951478e-35
5.000000000000000104e-04 9.993962817647632502e-01 5.360120571093310331e-08 1.234575299091720270e-26 1.133207440129326835e-25
1.000000000000000021e-03 9.974505276198077919e-01 1.468583725494292586e-06 3.054027348000925404e-22 6.141941097908538589e-22
1.500000000000000248e-03 9.939334289976164971e-01 9.797815121695521338e-06 1.266835225820306713e-19 1.047768058775072654e-19
2.000000000000000042e-03 9.885795306736494537e-01 4.005633527406680754e-05 9.897756075625124165e-18 4.367107251108289076e-18
2.500000000000000052e-03 9.810783687761880367e-01 1.270542238792409721e-04 3.005705361545554461e-16 8.508058022766806817e-17
3.000000000000000496e-03 9.710493699160888115e-01 3.471102361141244837e-04 4.927395761744473133e-15 1.038282009390081950e-15
3.500000000000000507e-03 9.579909357118294722e-01 8.599053412957705089e-04 5.163981650306400485e-14 9.228081575945523526e-15
4.000000000000000083e-03 9.411867060131605678e-01 1.988017142985920756e-03 3.776316780060882298e-13 6.432091582085107354e-14
4.500000000000000527e-03 9.195371389205588830e-01 4.382613691872834678e-03 2.019519627119658445e-12 3.611342519547287382e-13
5.000000000000000104e-03 8.912619666930373663e-01 9.317989176791026742e-03 8.049657220640487426e-12 1.639616467563472435e-12
5.500000000000000548e-03 8.534087583674149213e-01 1.921604742339813598e-02 2.477307099257664304e-11 6.032099305671505017e-12
6.000000000000000992e-03 8.012272049987118061e-01 3.835638536970618212e-02 6.067689081055389971e-11 1.818561841331100465e-11
6.500000000000000569e-03 7.281560239910022103e-01 7.293415841340712691e-02 1.260273179052170372e-10 4.585549234567707119e-11
7.000000000000001013e-03 6.289786324360002734e-01 1.281344392859874171e-01 2.278060395841304765e-10 9.913354132743079225e-11
7.499999999999999722e-03 5.082549192622294321e-01 1.995315851767556770e-01 3.675457813580051658e-10 1.883436488307231217e-10
8.000000000000000167e-03 3.849442102436729796e-01 2.674458987957624156e-01 5.473430855998816012e-10 3.215492533478375051e-10
8.500000000000000611e-03 2.794486271932782318e-01 3.034714195692560512e-01 7.649859725039144880e-10 5.027483701259179031e-10
9.000000000000001055e-03 1.994788623925300985e-01 2.667998056493647296e-01 1.004852918425190678e-09 7.312863463354675044e-10
9.500000000000001499e-03 1.423238373652924993e-01 1.738939755460510161e-01 1.255853680719626883e-09 1.002443926264653809e-09
1.000000000000000021e-02 1.022710879624681712e-01 1.093343091591580246e-01 1.523950468177690836e-09 1.308650373419811171e-09
1.050000000000000065e-02 7.423701599945978225e-02 6.941814576111351998e-02 1.789136046007529713e-09 1.640959523464649118e-09
1.100000000000000110e-02 5.448570408084037892e-02 4.323220878801307954e-02 2.037536734867493121e-09 1.990334523507675895e-09
1.150000000000000154e-02 4.043100404295128791e-02 2.753103113811625202e-02 2.289448066390524268e-09 2.348599216283019845e-09
1.200000000000000198e-02 3.031390502708499260e-02 1.878001702840649892e-02 2.521524875013031504e-09 2.708994080690972242e-09
1.250000000000000069e-02 2.294106022763140254e-02 1.386416229234132408e-02 2.708419709556273220e-09 3.066428351142915472e-09
1.300000000000000114e-02 1.749977854710264499e-02 1.091140488857008858e-02 2.951894157395945425e-09 3.417399802695171307e-09
1.350000000000000158e-02 1.342873654836426386e-02 8.940635756393630618e-03 3.146940870751182815e-09 3.759837562344697629e-09
1.400000000000000203e-02 1.035741281861745494e-02 7.561987921149009549e-03 3.343842748183873217e-09 4.092854136000582382e-09
1.450000000000000247e-02 8.011049040547476088e-03 6.583543097575770241e-03 3.614539247161978452e-09 4.416464200838383495e-09
1.499999999999999944e-02 6.184491176088029868e-03 5.851594129177609474e-03 3.993500207848926141e-09 4.731317235868153290e-09
1.550000000000000162e-02 4.764983689844806691e-03 5.274393304021442186e-03 4.197864067541256039e-09 5.038464203423275473e-09
1.600000000000000033e-02 3.650754380190602503e-03 4.812681168127833781e-03 4.434221797690972233e-09 5.339210963438760978e-09
1.650000000000000078e-02 2.767857281632502345e-03 4.432495385186237778e-03 5.034559586745155615e-09 5.634950418129092894e-09
1.700000000000000122e-02 2.070182596519621731e-03 4.107052484325208336e-03 5.371027371832821182e-09 5.927078898849494576e-09
1.750000000000000167e-02 1.518896071219502783e-03 3.821455212498190562e-03 5.728740201217239565e-09 6.216919096491184416e-09
1.800000000000000211e-02 1.086722088153883967e-03 3.562717016694647368e-03 6.131264687428977679e-09 6.505717952207007951e-09
1.850000000000000255e-02 7.617546517961500509e-04 3.312442682912154854e-03 6.960072943511960109e-09 6.794567583517964003e-09
1.900000000000000300e-02 5.177524042941665169e-04 3.073752397930184805e-03 7.528617105464386051e-09 7.084416879169791890e-09
1.950000000000000344e-02 3.374256556476848282e-04 2.846110576265392395e-03 7.844800591427395668e-09 7.376081327430221110e-09
2.000000000000000042e-02 2.102850324524006538e-04 2.626120348334626785e-03 8.895509272172727479e-09 7.670303765136560068e-09
