# time 1 2 D-1 D
0.000000000000000000e+00 9.999999742959574389e-01 3.601279044282973770e-09 8.582651597338151991e-35 6.922780105580156706e-35
2.500000000000000052e-04 9.999996954453443943e-01 9.771171924319914177e-08 9.487054527020382188e-30 1.469681081480179488e-29
5.000000000000000104e-04 9.999940466617222024e-01 2.439766339087146875e-06 5.936473978292701245e-27 6.978224792975268917e-28
7.500000000000001240e-04 9.999632163624783132e-01 1.689268811979678680e-05 5.133227904302792445e-25 4.136761627487030855e-26
1.000000000000000021e-03 9.998569076421073287e-01 7.213884994637659179e-05 3.570462032786983669e-26 2.684523086540993234e-25
1.250000000000000026e-03 9.995659877143086014e-01 2.338560497243860452e-04 2.239362790930017891e-25 1.202664565708659894e-24
1.500000000000000248e-03 9.988774858982913951e-01 6.277955959958757010e-04 2.925912920480514632e-24 4.282910772536103837e-24
1.750000000000000253e-03 9.974159377845166485e-01 1.471349652052131524e-03 1.556979784327823587e-23 1.384673109712429747e-23
2.000000000000000042e-03 9.945893032156120084e-01 3.069918469728459727e-03 5.591144709321603172e-23 5.010393619147710990e-23
2.250000000000000264e-03 9.895757253556646260e-01 5.827302590643802446e-03 1.608077242867096483e-22 1.942088187959392196e-22
2.500000000000000052e-03 9.813892877396075409e-01 1.019211330768358091e-02 3.722578792268696307e-22 8.939080645627032714e-22
2.750000000000000274e-03 9.690260960352102826e-01 1.672740767582091628e-02 6.497712700745451997e-22 4.515918428239736212e-21
3.000000000000000496e-03 9.516353395559178363e-01 2.606689915871220065e-02 6.578841708164919795e-22 2.226127934804567556e-20
3.250000000000000284e-03 9.286456598661508854e-01 3.889480496712954816e-02 1.360937665566198672e-26 1.021899350673810221e-19
3.500000000000000507e-03 8.998398786529766546e-01 5.592745707046567483e-02 1.908102967762269326e-20 4.102329565634866250e-19
3.749999999999999861e-03 8.654354787585339936e-01 7.735376528507081906e-02 4.370915082151507419e-19 1.447887938251509257e-18
4.000000000000000083e-03 8.261848558862003866e-01 1.030134968292352876e-01 4.926914364308858643e-18 4.596417067222040786e-18
4.250000000000000305e-03 7.833993998215504906e-01 1.320708967588496707e-01 3.604834389847338843e-17 1.353389813642690792e-17
4.500000000000000527e-03 7.387814663220678701e-01 1.630960311458118928e-01 1.771379959026005924e-16 3.807036914041294107e-17
4.750000000000000749e-03 6.940850004277581142e-01 1.926558624588722568e-01 5.896632801534150084e-16 1.033943012626504860e-16
5.000000000000000104e-03 6.507714747900934515e-01 1.429127922604148671e-01 1.414072265571121595e-15 2.701509705349210920e-16
5.250000000000000326e-03 6.098216766859276827e-01 7.606153140694160708e-02 2.583710632690979887e-15 6.716308014792835890e-16
5.500000000000000548e-03 5.717363106654499427e-01 6.660408392199773653e-02 3.836275619855510747e-15 1.571542324097414608e-15
5.750000000000000770e-03 5.366539531385875472e-01 6.093261027665602264e-02 4.637928736088635386e-15 3.439785778939661095e-15
6.000000000000000992e-03 5.044976618616625608e-01 3.332491267566713156e-02 5.026980492420676684e-15 7.033464453125253613e-15
6.250000000000000347e-03 4.750949226174613904e-01 1.823362159846226779e-02 6.601143332750474782e-15 1.346885872369528199e-14
6.500000000000000569e-03 4.482540447149613860e-01 1.247088463326225319e-02 3.195365499003270179e-14 2.427591110674584569e-14
6.750000000000000791e-03 4.238015755400297846e-01 9.470920092383176489e-03 5.068141017379682453e-13 4.141647624592235622e-14
7.000000000000001013e-03 4.015926272525041085e-01 7.841545976170009521e-03 8.813221998683275106e-13 6.728779779179995669e-14
7.250000000000001235e-03 3.815054677809625039e-01 6.453948912157395773e-03 1.238765177332528989e-12 1.046918197097158670e-13
7.499999999999999722e-03 3.634281021059637684e-01 5.232840751854507359e-03 1.648535679499217195e-12 1.566961512949041977e-13
7.750000000000000812e-03 3.472392599736565666e-01 4.050942658571188987e-03 2.087748828268981019e-12 2.264441960630136732e-13
8.000000000000000167e-03 3.327982535528345998e-01 2.793512137091870573e-03 2.551096854934273015e-12 3.166800882169433162e-13
8.250000000000000389e-03 3.199094272936506833e-01 1.542159286778603446e-03 2.997335239784641254e-12 4.291694901938879310e-13
8.500000000000000611e-03 3.081951084548186781e-01 5.942081894930474877e-04 3.393289099527271388e-12 5.638901698601045840e-13
8.750000000000000833e-03 2.973599449169773146e-01 2.290052805584650713e-05 3.729761633246344656e-12 7.183994254334334722e-13
9.000000000000001055e-03 2.867943913401851397e-01 3.178611492487364281e-04 3.965550393855057416e-12 8.872898528162395537e-13
9.250000000000001277e-03 2.759100937724764946e-01 1.930968604430172066e-03 4.085210004137372154e-12 1.062255896431087459e-12
9.500000000000001499e-03 2.640026878561596013e-01 5.439375220246283650e-03 4.080754355842471624e-12 1.233150184000018648e-12
9.750000000000001721e-03 2.508782135607402486e-01 1.091409391068239379e-02 3.955265889062904874e-12 1.389093982450192588e-12
1.000000000000000021e-02 2.368736397388335746e-01 1.791411917104656498e-02 3.763561026287052599e-12 1.520164008454073176e-12
