# time 1 2 D-1 D
0.000000000000000000e+00 9.999999781452532099e-01 4.301035200562692494e-09 3.898997212242444580e-34 1.673903955570937198e-34
2.500000000000000052e-04 9.999997678581954430e-01 8.002966727483000977e-08 2.442808799516659108e-26 3.622865040731719804e-24
5.000000000000000104e-04 9.999956100811154824e-01 1.760769196517147713e-06 6.418222203547941434e-23 4.844902179896211932e-23
7.500000000000001240e-04 9.999740344202635578e-01 1.092493455044465457e-05 2.582078507337224130e-22 2.445428117470154381e-22
1.000000000000000021e-03 9.999050374167284261e-01 4.090735971267092490e-05 3.222490065967674264e-21 4.757892080984021304e-23
1.250000000000000026e-03 9.997337265835469777e-01 1.165841105049639784e-04 1.237933306413453546e-20 1.147441308364258918e-23
1.500000000000000248e-03 9.993712883064430619e-01 2.743453535709752355e-04 2.972374954268530071e-20 6.620804525065013959e-23
1.750000000000000253e-03 9.986875228942337923e-01 5.662455333124424362e-04 8.102078860046371578e-20 8.473654583812722072e-22
2.000000000000000042e-03 9.975080059369666463e-01 1.049437088335150462e-03 2.668286323446612296e-19 6.789011109317866435e-21
2.250000000000000264e-03 9.956187133317128124e-01 1.781550270074651896e-03 1.030166010675068716e-18 4.303215970634906678e-20
2.500000000000000052e-03 9.927790675166010548e-01 2.767669888999799068e-03 4.562462020232356533e-18 2.640836278041294976e-19
2.750000000000000274e-03 9.887412214125471666e-01 4.037187038975600765e-03 2.154581395940996088e-17 1.719379044694554054e-18
3.000000000000000496e-03 9.832704753038442602e-01 5.512651761009631536e-03 9.904237221732459484e-17 1.057081393792252790e-17
3.250000000000000284e-03 9.761612351151606193e-01 7.140757269207521907e-03 4.209810808197821741e-16 5.790177374528712581e-17
3.500000000000000507e-03 9.672452772558330913e-01 8.840763321348288004e-03 1.621304108450721542e-15 2.811194588944039167e-16
3.749999999999999861e-03 9.563926292367582738e-01 1.063915003585205570e-02 5.637437897675911582e-15 1.216763273338985006e-15
4.000000000000000083e-03 9.435074600683710511e-01 1.258063695807466395e-02 1.771448397869643727e-14 4.718729148684635396e-15
4.250000000000000305e-03 9.285205298708142374e-01 1.471475518845201565e-02 5.046290606761000638e-14 1.642068438497783619e-14
4.500000000000000527e-03 9.113776588374213894e-01 1.703643036473045935e-02 1.308216509464347328e-13 5.143183716652745053e-14
4.750000000000000749e-03 8.920235248014082297e-01 1.997407759218315301e-02 3.104863837227119006e-13 1.454294125825238439e-13
5.000000000000000104e-03 8.703837899626496455e-01 2.386472077772241324e-02 6.799801742344348481e-13 3.723514334212683205e-13
5.250000000000000326e-03 8.463538346697099257e-01 2.872924736098137963e-02 1.387007927019487934e-12 8.650010389240097442e-13
5.500000000000000548e-03 8.198040697073127880e-01 3.460394162893604131e-02 2.665343575087740997e-12 1.826913701691925699e-12
5.750000000000000770e-03 7.906058265554336550e-01 4.157217636267963867e-02 4.908961213195587011e-12 3.516738547187473825e-12
6.000000000000000992e-03 7.586691482034622069e-01 4.976190472048534069e-02 8.844746976976166514e-12 6.190810455144083768e-12
6.250000000000000347e-03 7.239731016558081933e-01 5.950355070268366353e-02 1.582125867704408650e-11 1.000967703378484038e-11
6.500000000000000569e-03 6.865630684577038734e-01 7.110572934895015296e-02 2.831694894436188870e-11 1.494055752571550809e-11
6.750000000000000791e-03 6.465277726999941743e-01 8.518560391265128651e-02 4.972092751859224099e-11 2.071123573208004290e-11
7.000000000000001013e-03 6.037141627554216683e-01 1.022688959592561314e-01 8.380177341825650319e-11 2.684864153785112632e-11
7.250000000000001235e-03 5.589662392977339245e-01 1.224266068981008510e-01 1.379459468999954591e-10 3.279741677593098367e-11
7.499999999999999722e-03 5.115070237468464232e-01 1.466299955772999430e-01 2.070655037924209168e-10 3.805045807885236824e-11
7.750000000000000812e-03 4.629407881783873524e-01 1.739635908159387900e-01 1.655247597272238761e-10 4.224926488914149191e-11
8.000000000000000167e-03 4.148499259158811014e-01 2.029252120754511390e-01 1.768972744113535528e-10 4.521325971317191681e-11
8.250000000000000389e-03 3.678676849922953851e-01 2.330068111418998889e-01 1.961107264520619088e-10 4.690567630494990493e-11
8.500000000000000611e-03 3.243954789269504757e-01 2.617723986507293765e-01 2.140673507438772167e-10 4.735650282912594299e-11
8.750000000000000833e-03 2.867388635132768759e-01 2.866283323252812321e-01 2.305523373958931581e-10 4.660204037789164755e-11
9.000000000000001055e-03 2.564391368325917298e-01 3.052596442326074855e-01 2.392415192535907221e-10 4.471382229455757114e-11
9.250000000000001277e-03 2.326262185630312285e-01 3.170573139900104143e-01 2.277347894199477485e-10 4.206441732178844328e-11
9.500000000000001499e-03 2.150697163747259943e-01 3.188579725215646143e-01 1.896486964707084806e-10 3.971336700762521213e-11
9.750000000000001721e-03 2.030670730954261261e-01 3.067282814934044755e-01 1.288109671319873311e-10 4.352032253985008267e-11
1.000000000000000021e-02 1.956816053122973631e-01 2.791990846027656570e-01 5.075958193678617140e-11 5.582335375014134425e-11
