# time 1 2 D-1 D
0.000000000000000000e+00 9.999999550245980418e-01 1.564855601978554892e-08 4.162498964658647528e-35 2.772403426414366157e-35
1.250000000000000243e-03 9.999982239802350792e-01 9.508971537657026640e-08 6.182679065059600858e-27 5.536773779168508784e-29
2.500000000000000486e-03 9.999675180797750196e-01 1.774925302964946316e-06 2.928569825811152684e-24 2.297215177928581017e-25
3.750000000000000729e-03 9.998102250506503141e-01 1.143412039466760469e-05 6.693633649994000898e-23 2.486620633374747194e-24
5.000000000000000971e-03 9.993078289443318996e-01 4.654227701939652628e-05 4.797692634360247504e-22 6.129229824577230673e-24
6.250000000000000347e-03 9.980550830255963124e-01 1.439204000984563097e-04 1.832264457109639076e-21 1.606728815156290919e-23
7.500000000000001457e-03 9.953818416205616471e-01 3.868536821515927444e-04 5.662005134131479301e-21 6.419227524259527651e-23
8.750000000000000833e-03 9.902699972202396728e-01 9.288067662947338413e-04 1.763993255649477420e-20 4.704839100112759144e-22
1.000000000000000194e-02 9.812719806453288340e-01 2.078775193672224679e-03 6.201606917175131790e-20 5.437727464671021618e-21
1.125000000000000132e-02 9.664389672500067752e-01 4.360309239539696818e-03 2.875571285943155820e-19 7.142415428209516126e-20
1.250000000000000069e-02 9.432656021739559415e-01 8.779524867303401328e-03 1.555284329415762378e-18 8.325750624933291042e-19
1.375000000000000180e-02 9.087818269288752138e-01 1.710495151849344975e-02 8.604543178212147703e-18 8.153334732786738389e-18
1.500000000000000291e-02 8.594946201250640572e-01 3.239198298269619497e-02 4.084483421842958082e-17 6.509590898752792639e-17
1.625000000000000056e-02 7.931744291595849150e-01 5.763060788608669049e-02 1.561629689676686790e-16 4.176200874646206769e-16
1.750000000000000167e-02 7.078261840910470282e-01 9.676466591322149813e-02 4.955310681922122238e-16 2.119069431877289019e-15
1.875000000000000278e-02 6.113229808000880672e-01 1.446104467532895177e-01 1.587706562398374940e-15 8.565890672665934839e-15
2.000000000000000389e-02 5.145066922507673945e-01 1.928243734487930516e-01 7.161852201885761548e-15 2.836288156700067394e-14
2.125000000000000500e-02 4.301310224731912935e-01 2.304396579374239640e-01 4.881062278193308848e-14 7.933858554904085566e-14
2.250000000000000264e-02 3.631673736034917166e-01 2.532187642520420945e-01 3.713176137469978078e-13 1.925881397769645580e-13
2.375000000000000375e-02 3.127132806305980561e-01 2.623408103571729377e-01 1.614646387993771619e-12 4.146339957155445162e-13
2.500000000000000139e-02 2.750280973830968589e-01 2.599985243279073210e-01 2.784360479046697141e-12 8.047461453173070031e-13
2.625000000000000250e-02 2.464736672814519247e-01 2.430011638153723730e-01 1.984377656350710585e-12 1.430179418374725300e-12
2.750000000000000361e-02 2.242833081489980229e-01 1.273019212434484404e-01 2.374856879676303685e-12 2.357972637988456419e-12
2.875000000000000472e-02 2.064814989487179231e-01 1.999734627144765780e-03 2.903936238128720367e-12 3.647883365849303499e-12
3.000000000000000583e-02 1.917069143265696385e-01 6.243718043642092208e-04 3.544235932837029335e-12 5.351099308154492779e-12
3.125000000000000000e-02 1.790446125186959392e-01 3.103127059210507386e-03 4.212840933418974177e-12 7.513274797979611654e-12
3.250000000000000111e-02 1.678996363959938953e-01 5.786427504201370128e-03 4.903929766453740313e-12 1.017541217252902834e-11
3.375000000000000222e-02 1.579030703535730107e-01 8.656320903040911480e-03 5.476111170770318617e-12 1.338274964755804883e-11
3.500000000000000333e-02 1.488386850871708245e-01 1.159400576317799920e-02 6.129919669933357604e-12 1.718790601019061688e-11
3.625000000000000444e-02 1.405847919516999001e-01 1.421569937910463835e-02 6.640422546337169880e-12 2.165178939834272085e-11
3.750000000000000555e-02 1.330710629607128881e-01 1.652360262150427694e-02 7.030222969277193753e-12 2.684513416152132408e-11
3.875000000000000666e-02 1.262487325363267909e-01 1.865064498711730898e-02 7.393718348822625508e-12 3.284114068635885703e-11
4.000000000000000777e-02 1.200697671487050699e-01 2.020828135958498833e-02 7.475864746098783920e-12 3.971152563656096909e-11
4.125000000000000888e-02 1.145041242297937245e-01 2.119867691122645850e-02 7.450751188827568552e-12 4.752155338371593459e-11
4.250000000000000999e-02 1.094891516540958121e-01 2.175904948332061523e-02 7.181517489107755214e-12 5.631858819070211350e-11
4.375000000000000416e-02 1.049781390903253148e-01 2.177206132029525440e-02 6.653775856434069677e-12 6.613179023233970020e-11
4.500000000000000527e-02 1.009207211255984532e-01 2.131525288920061920e-02 5.913160718471884379e-12 7.696589218177398698e-11
4.625000000000000638e-02 9.726747020666690058e-02 2.037871384033397223e-02 5.020766825928378574e-12 8.879598577957964664e-11
4.750000000000000749e-02 9.397222006863098498e-02 1.920860652258310139e-02 3.968195606853533757e-12 1.015757892757072520e-10
4.875000000000000860e-02 9.099545852330735707e-02 1.778537719387983038e-02 2.886507220682521907e-12 1.152384857007875882e-10
5.000000000000000278e-02 8.829621991814191884e-02 1.626816778789700463e-02 1.844978012315077215e-12 1.296970237618516414e-10
