# time 1 2 D-1 D
0.000000000000000000e+00 9.999999623624623579e-01 1.047956252156558428e-08 1.353025221865146425e-34 1.332540396092145333e-34
1.250000000000000243e-03 9.992873289357352418e-01 6.489468821659913720e-09 5.582232833239746103e-17 6.141105379649205824e-22
2.500000000000000486e-03 9.969988770307973702e-01 1.035492725721971631e-07 1.697766725253209454e-14 3.422687846085290599e-18
3.750000000000000729e-03 9.928802935741675162e-01 6.597527110555389997e-07 5.185121260906984178e-13 6.153251761727582532e-16
5.000000000000000971e-03 9.866269927328383815e-01 2.868436147690584137e-06 6.148071426693907657e-12 2.696642659404643251e-14
6.250000000000000347e-03 9.778633770925767577e-01 1.023820770043367415e-05 4.353141452976632332e-11 5.402626153609243641e-13
7.500000000000001457e-03 9.661117150316927971e-01 3.309902883051685441e-05 2.217472955303584101e-10 6.475088995301503712e-12
8.750000000000000833e-03 9.507426938746061928e-01 1.013558860240781835e-04 8.923497746620131284e-10 5.257444009730389521e-11
1.000000000000000194e-02 9.308907215056502205e-01 3.005349126316939914e-04 3.021850512265186400e-09 3.053669069921074103e-10
1.125000000000000132e-02 9.052981540037207120e-01 8.681648264027392540e-04 9.222900782534533745e-09 1.305375404078451519e-09
1.250000000000000069e-02 8.720169964062326473e-01 2.434371645406187105e-03 2.875147657386630410e-08 4.244072362301881077e-09
1.375000000000000180e-02 8.278590197799009509e-01 6.551900347655389110e-03 1.132427910089058763e-07 1.097075242565858335e-08
1.500000000000000291e-02 7.671816889323964661e-01 1.698609447709594628e-02 2.405699845033334315e-07 2.361684113986166791e-08
1.625000000000000056e-02 6.825097359756587823e-01 3.946102172929757262e-02 3.778012202555912256e-07 4.405536891172465642e-08
1.750000000000000167e-02 5.684476640222378974e-01 7.851371341125233660e-02 5.560290188027399745e-07 7.345769705489979967e-08
1.875000000000000278e-02 4.376913787171611281e-01 1.228359581991683713e-01 7.707255334707486874e-07 1.120834456226415165e-07
2.000000000000000389e-02 3.218268702999753095e-01 1.457409561906382600e-01 1.015292296634817364e-06 1.593091402514608075e-07
2.125000000000000500e-02 2.354635655535122218e-01 1.407058450516304460e-01 1.283216577909413055e-06 2.138227695208712683e-07
2.250000000000000264e-02 1.755526509482177033e-01 1.190420009555713393e-01 1.568457401851764102e-06 2.738902099902494268e-07
2.375000000000000375e-02 1.343256037119639479e-01 9.317792360948624897e-02 1.865774270024966549e-06 3.376179545972958356e-07
2.500000000000000139e-02 1.049867650799603119e-01 7.047205002740933311e-02 2.170689969419944282e-06 4.031667391908105884e-07
2.625000000000000250e-02 8.373462767070180557e-02 5.269773304742148695e-02 2.478594539373587762e-06 4.688994499112581448e-07
2.750000000000000361e-02 6.792817965189250351e-02 3.954454277230064901e-02 2.787477220367452154e-06 5.334647904087767491e-07
2.875000000000000472e-02 5.593133405623938736e-02 2.998154400727646995e-02 3.094649702633569704e-06 5.958272087897121026e-07
3.000000000000000583e-02 4.666370686166487064e-02 2.290353760960392795e-02 3.396663842461321609e-06 6.552584992851605375e-07
3.125000000000000000e-02 3.939282562529354548e-02 1.759844208654913478e-02 3.693932421515134189e-06 7.113066054685627457e-07
3.250000000000000111e-02 3.360802625145722922e-02 1.368077021424818525e-02 3.984229066223468563e-06 7.637480726272089325e-07
3.375000000000000222e-02 2.894673406786073613e-02 1.069476453500345370e-02 4.268064681535873644e-06 8.125399030344874370e-07
3.500000000000000333e-02 2.514708102183399810e-02 8.421878515250481867e-03 4.544045746685842322e-06 8.577724133379259671e-07
3.625000000000000444e-02 2.201697335547356943e-02 6.594721414496470570e-03 4.810259686097290212e-06 8.996264640161454016e-07
3.750000000000000555e-02 1.941348683006444142e-02 5.223326670629264284e-03 5.070012340699466288e-06 9.383424667316942398e-07
3.875000000000000666e-02 1.722887150045192967e-02 4.110314859775227037e-03 5.322225257846981364e-06 9.741883871427001061e-07
4.000000000000000777e-02 1.538089141310825837e-02 3.173398678535846451e-03 5.567617120762162063e-06 1.007442743531259512e-06
4.125000000000000888e-02 1.380605841083210918e-02 2.477953498761328432e-03 5.804985124021944232e-06 1.038380167363645678e-06
4.250000000000000999e-02 1.245482910306798703e-02 1.924115294438451165e-03 6.032928498893185352e-06 1.067258320891185740e-06
4.375000000000000416e-02 1.128815204029881211e-02 1.493738688573623564e-03 6.257675514886743693e-06 1.094323715517611032e-06
4.500000000000000527e-02 1.027495608882705164e-02 1.133544075651485945e-03 6.474824549742237439e-06 1.119787555195349430e-06
4.625000000000000638e-02 9.390302831343557907e-03 8.654816886011290015e-04 6.683201661524513095e-06 1.143848729519698558e-06
4.750000000000000749e-02 8.614011770068867591e-03 6.579568366282736178e-04 6.890206155552233397e-06 1.166676882232336671e-06
4.875000000000000860e-02 7.929628216837224589e-03 5.144104272405220163e-04 7.087653093727682529e-06 1.188422559651940840e-06
5.000000000000000278e-02 7.323640901621700228e-03 3.926817839575468048e-04 7.281769851914762871e-06 1.209211357558128232e-06
