# time 1 2 D-1 D
0.000000000000000000e+00 9.999999383652403706e-01 2.833234018488239197e-08 7.464191681404787064e-35 8.980248786179371452e-37
5.000000000000000104e-04 9.991519314603717339e-01 1.324939355227238651e-08 1.366082122725624507e-30 2.160026257919573050e-35
1.000000000000000021e-03 9.964317470712427127e-01 2.200900048442778886e-07 3.068001240858370402e-26 1.771542600832328966e-29
1.500000000000000248e-03 9.915556335379459574e-01 1.425010476333891288e-06 1.242373729733367366e-23 3.958329113625638322e-26
2.000000000000000042e-03 9.842132273995114478e-01 6.031530330077114188e-06 1.005577418441151868e-21 1.100614775617543372e-23
2.500000000000000052e-03 9.740599572244013071e-01 2.033290768595868417e-05 3.326648077870510032e-20 9.022972146968730478e-22
3.000000000000000496e-03 9.606998001886986049e-01 5.961607942135085692e-05 6.242163974139472872e-19 3.409557616212861743e-20
3.500000000000000507e-03 9.436558807605119892e-01 1.604160054056636862e-04 7.802389626343890844e-18 7.270326875549586175e-19
4.000000000000000083e-03 9.223242456685109003e-01 4.052272933013143625e-04 7.169165723801963577e-17 9.656108759408804636e-18
4.500000000000000527e-03 8.959035790856449966e-01 9.741234081923118987e-04 5.435040953977481142e-16 8.440138674657546371e-17
5.000000000000000104e-03 8.632921681574756700e-01 2.234835781857752272e-03 4.756904322242945788e-15 5.085345414475662426e-16
5.500000000000000548e-03 8.229430451866119878e-01 4.899281664204121513e-03 5.351978348354785131e-14 2.220599075796991302e-15
6.000000000000000992e-03 7.727977364718288111e-01 1.020550798085806225e-02 1.320728710383267311e-13 7.399272736746764772e-15
6.500000000000000569e-03 7.103044496717959566e-01 1.998607925586846565e-02 2.770433724660298642e-13 1.971894722074091432e-14
7.000000000000001013e-03 6.330985004346557643e-01 3.636316101737516876e-02 5.032846158099776495e-13 4.372659035944742696e-14
7.499999999999999722e-03 5.422796515454721966e-01 5.876888909397818411e-02 8.084019169986481782e-13 8.332127537272297839e-14
8.000000000000000167e-03 4.448918769807999607e-01 8.192559109159411324e-02 1.172403280082299672e-12 1.401718846627647702e-13
8.500000000000000611e-03 3.512479055978419695e-01 9.838839694545456482e-02 1.562181053299387501e-12 2.126706233242997455e-13
9.000000000000001055e-03 2.707605038106012940e-01 1.026452843653559294e-01 1.940587288169230680e-12 2.961582927938536266e-13
9.500000000000001499e-03 2.061670887985480594e-01 9.578375335366545729e-02 2.278461048603777860e-12 3.840336000017156915e-13
1.000000000000000021e-02 1.558681287433103524e-01 8.299241897702562543e-02 2.553655281024288894e-12 4.692276228400585055e-13
1.050000000000000065e-02 1.169786387144031159e-01 6.835494975090622427e-02 2.754237433591867986e-12 5.456556269579930738e-13
1.100000000000000110e-02 8.700138537854303078e-02 5.776700451801773661e-02 2.880986954361187078e-12 6.090068951792601280e-13
1.150000000000000154e-02 6.400544510313560531e-02 4.855506972477597466e-02 2.941307821460325806e-12 6.569600158262315442e-13
1.200000000000000198e-02 4.650947200381989194e-02 2.504310625341603369e-02 2.945352157449207919e-12 6.890011519555827508e-13
1.250000000000000069e-02 3.334244596918665982e-02 1.937664282385314837e-02 2.907687281708367867e-12 7.060152392806000048e-13
1.300000000000000114e-02 2.355698402628993160e-02 1.588449244531559695e-02 2.836103515729933103e-12 7.099000987190334666e-13
1.350000000000000158e-02 1.638264151173901562e-02 1.322280771204929067e-02 2.742432845767702211e-12 7.030409306402237313e-13
1.400000000000000203e-02 1.119893605119033804e-02 1.109012011989648008e-02 2.636498389669879936e-12 6.878670654852995733e-13
1.450000000000000247e-02 7.515888943630687560e-03 9.346486228066943139e-03 2.523281263351579260e-12 6.667950760396136908e-13
1.499999999999999944e-02 4.938507873704562658e-03 7.877721865179760155e-03 2.409273097300185943e-12 6.417589498087018450e-13
1.550000000000000162e-02 3.178429776620670527e-03 6.650402970025912595e-03 2.298789453809122926e-12 6.145081010084339264e-13
1.600000000000000033e-02 2.002890470177196448e-03 5.590185056868961049e-03 2.190275613048843348e-12 5.864822372538842028e-13
1.650000000000000078e-02 1.236921602259200611e-03 4.682274055055345857e-03 2.088410509537257430e-12 5.583889747632399673e-13
1.700000000000000122e-02 7.496889045531202143e-04 3.895223747143840894e-03 1.994849791656553907e-12 5.313017769784958485e-13
1.750000000000000167e-02 4.464226350458860241e-04 3.211125049962390132e-03 1.906537484609308536e-12 5.059011348977795039e-13
1.800000000000000211e-02 2.612002253716857840e-04 1.928951970793681860e-07 1.826199371309299918e-12 4.811444161798547532e-13
1.850000000000000255e-02 1.499662651131704241e-04 2.934018557530243860e-07 1.752012673590434206e-12 4.581764819564802602e-13
1.900000000000000300e-02 8.425369635442906996e-05 8.056062992573989597e-07 1.684423939220519980e-12 4.373634250205126296e-13
1.950000000000000344e-02 4.611805993848411571e-05 9.662474588941480468e-07 1.623658050897268474e-12 4.185623250857373562e-13
2.000000000000000042e-02 2.443958957009062134e-05 7.618135540870063691e-07 1.569517438396229894e-12 4.012962717257868312e-13
