# time 1 2 D-1 D
0.000000000000000000e+00 9.999999788285848235e-01 5.188292009819987444e-09 1.310911300037015243e-34 6.439945800979901257e-34
1.250000000000000243e-03 9.999990440230956956e-01 7.832168435955116265e-08 2.834128176808897866e-21 3.707773243008814529e-22
2.500000000000000486e-03 9.999841318440034765e-01 1.253377115124631403e-06 1.607473775322233955e-20 1.704526979633608844e-21
3.750000000000000729e-03 9.999172615438052247e-01 8.284344255906313980e-06 1.061664108776511278e-20 5.848216432344931235e-20
5.000000000000000971e-03 9.997261890357667102e-01 3.424577410959753768e-05 1.787386027368369063e-21 6.042725656710229908e-19
6.250000000000000347e-03 9.992834793323354114e-01 1.131117553147590292e-04 6.663206336920862385e-20 1.994865973339455500e-18
7.500000000000001457e-03 9.983670862273301694e-01 3.202588722250445459e-04 4.144718371127937174e-18 6.053762293343690918e-18
8.750000000000000833e-03 9.965968854055454740e-01 8.129646709746783835e-04 7.985018312413252161e-17 1.164107321265464988e-17
1.000000000000000194e-02 9.933425162251723339e-01 1.899211162812531727e-03 8.306268980165582655e-16 1.585996451621840393e-17
1.125000000000000132e-02 9.876017989007318532e-01 4.137933405194760446e-03 5.892782494189874385e-15 1.969731944561229272e-18
1.250000000000000069e-02 9.778623816331331042e-01 8.427243905149766831e-03 3.148476860615343227e-14 8.351321172799476078e-17
1.375000000000000180e-02 9.619942103356055041e-01 1.625542118844844341e-02 1.346377313143281336e-13 1.567052544688578450e-15
1.500000000000000291e-02 9.372953045114655879e-01 2.936230122479414548e-02 4.745852458993485282e-13 1.212666679183784246e-14
1.625000000000000056e-02 9.009174405347245562e-01 5.007691739095002786e-02 1.433288166644369945e-12 6.527086536904727964e-14
1.750000000000000167e-02 8.509000904633521323e-01 7.896179142116979688e-02 3.801032684179005093e-12 2.749278341058372591e-13
1.875000000000000278e-02 7.876250446845569630e-01 1.153450588657380510e-01 9.079415351543452220e-12 9.612688269571712576e-13
2.000000000000000389e-02 7.146594314344253407e-01 1.511131942124737670e-01 1.965787518842971535e-11 2.878648090173109036e-12
2.125000000000000500e-02 6.378179746956934570e-01 8.276580180444280399e-02 3.980185163235678222e-11 7.573142553771910512e-12
2.250000000000000264e-02 5.628564937226130382e-01 3.658896728222910816e-02 7.586281585172281576e-11 1.784895300496413533e-11
2.375000000000000375e-02 4.936534729208496564e-01 5.205679224812861244e-02 1.310583739975653903e-10 3.828267777513505797e-11
2.500000000000000139e-02 4.319204606480373521e-01 6.378594709247897843e-02 2.313402043592059089e-10 7.562902829224205351e-11
2.625000000000000250e-02 3.779081996086132156e-01 7.454453833413361707e-02 4.821586512303338656e-10 1.388775827975332990e-10
2.750000000000000361e-02 3.312185691538722665e-01 8.462852474708620898e-02 6.924873453799968800e-08 2.388915835806961230e-10
2.875000000000000472e-02 2.912838497446474939e-01 9.436221012194791202e-02 8.992694742771848644e-08 3.873622243688186758e-10
3.000000000000000583e-02 2.573238732304456433e-01 1.031588370923385289e-01 1.117385445899119593e-07 5.951759562603797307e-10
3.125000000000000000e-02 2.291854698908809829e-01 1.100406810158322951e-01 1.334048407370125502e-07 8.704926948432842953e-10
3.250000000000000111e-02 2.057631087967217720e-01 1.154402485923245320e-01 1.539561168042462190e-07 1.217214284494393852e-09
3.375000000000000222e-02 1.866789850931881711e-01 1.193791343060567334e-01 1.724537803608834293e-07 1.634009590671221560e-09
3.500000000000000333e-02 1.711280324129225150e-01 1.218681582036874045e-01 1.883077003466193731e-07 2.114303271295498757e-09
3.625000000000000444e-02 1.585704699087236436e-01 1.232508142078315161e-01 2.012029021721158180e-07 2.646376864550184259e-09
3.750000000000000555e-02 1.484349893166257706e-01 1.237660922281863946e-01 2.111676877047705393e-07 3.216535295077527057e-09
3.875000000000000666e-02 1.403662407907888821e-01 1.234888914283825828e-01 2.183570588543770932e-07 3.809843512848433115e-09
4.000000000000000777e-02 1.339732025837419016e-01 1.225643425659161956e-01 2.232383453092974533e-07 4.412122436084732862e-09
4.125000000000000888e-02 1.289275438770067228e-01 1.212220119422602743e-01 2.261757502677415489e-07 5.011799431131893008e-09
4.250000000000000999e-02 1.250045285409406570e-01 1.194108667407293850e-01 2.277320129992348760e-07 5.599005490315652590e-09
4.375000000000000416e-02 1.220180533036830800e-01 1.172754708380877309e-01 2.283356501673775103e-07 6.171691423340752055e-09
4.500000000000000527e-02 1.197974333996109642e-01 1.148107199540502610e-01 2.283397144686251471e-07 6.724188424457249199e-09
4.625000000000000638e-02 1.182175406123931877e-01 1.120820739563187923e-01 2.279960619116537874e-07 7.255338085915029614e-09
4.750000000000000749e-02 1.171749510392289667e-01 1.091726244805222568e-01 2.275538528681781121e-07 7.766084686898897126e-09
4.875000000000000860e-02 1.165859258550159538e-01 1.061564940941095436e-01 2.271112206846525278e-07 8.259572288487614723e-09
5.000000000000000278e-02 1.163781097653426994e-01 1.030972177730584000e-01 2.268295447168477292e-07 8.740318137536799085e-09
