# time 1 2 D-1 D
0.000000000000000000e+00 9.999999486465989129e-01 2.062698100911285747e-08 1.913149270133409322e-35 4.718717292323199536e-36
2.500000000000000486e-03 9.999988735190726841e-01 5.011949940254288956e-08 2.229395488509317713e-33 2.581624653681679104e-35
5.000000000000000971e-03 9.999804062477966049e-01 9.814206834444269631e-07 7.415214798551384060e-30 3.078680081849629469e-31
7.500000000000001457e-03 9.998900195930457979e-01 6.040084527262324703e-06 1.412208767351456887e-27 7.648500016964675419e-29
1.000000000000000194e-02 9.996156102036450886e-01 2.297832940386035838e-05 1.402035820430262348e-27 5.764598736338692753e-28
1.250000000000000069e-02 9.989683582367953063e-01 6.460185627432949091e-05 2.300342230862027160e-26 6.150053801123841670e-27
1.500000000000000291e-02 9.976688082974877192e-01 1.498859527475456443e-04 1.274452343142546547e-25 3.127892868019173413e-26
1.750000000000000167e-02 9.953462874191807419e-01 3.026062253324873926e-04 5.137713400575567667e-25 1.256612705380563209e-25
2.000000000000000389e-02 9.915583973700614617e-01 5.327786047494293808e-04 1.826444261580216158e-24 4.561247748286019050e-25
2.250000000000000264e-02 9.858304683109109234e-01 8.375100067703574640e-04 6.312476812226864127e-24 1.653019513412030765e-24
2.500000000000000139e-02 9.777048537991535060e-01 1.183492392212802998e-03 2.281177343707393119e-23 6.200498364989839976e-24
2.750000000000000361e-02 9.667824796020302314e-01 1.524729832709546123e-03 9.185153050699250348e-23 2.536826707745126322e-23
3.000000000000000583e-02 9.527401886270776554e-01 1.729647707784890114e-03 4.181282930197595849e-22 1.187247166113370033e-22
3.250000000000000111e-02 9.353194135174597301e-01 1.722677506387705788e-03 2.017822866154276869e-21 6.393375523118924621e-22
3.500000000000000333e-02 9.143002379326646833e-01 1.406734438507232024e-03 9.686158546687011666e-21 3.787761944760401715e-21
3.750000000000000555e-02 8.894259592287241389e-01 8.134402212441177709e-04 4.291780716398738497e-20 2.203564618259970032e-20
4.000000000000000777e-02 8.603421811958525955e-01 1.578914955226006639e-04 1.715996187733282637e-19 1.119454720108442120e-19
4.250000000000000999e-02 8.264149330533974158e-01 1.723713633645368578e-04 6.229428001383574744e-19 4.747220556890774809e-19
4.500000000000000527e-02 7.861471043238181799e-01 2.664520898812435153e-03 1.961686301579680976e-18 1.683189550659026423e-18
4.750000000000000749e-02 7.362888027734694196e-01 1.149027129856290165e-02 4.777616408394446762e-18 5.055051384259083681e-18
5.000000000000000278e-02 6.685751860951706371e-01 3.573122102510324638e-02 9.583889354187725294e-18 1.308993926660409192e-17
5.250000000000000500e-02 5.749783092247314764e-01 8.444890195855309090e-02 1.468967270671287901e-17 2.971047973922405008e-17
5.500000000000000722e-02 4.582787179699682190e-01 1.559428970326832142e-01 1.878825215374750125e-17 5.995258852632750823e-17
5.750000000000000944e-02 3.413238873065171375e-01 2.283648131797270386e-01 1.503301781971382784e-17 1.095164435062660549e-16
6.000000000000001166e-02 2.511030905083538878e-01 2.756092115908504447e-01 6.466281471004231441e-19 1.811505485482952873e-16
6.250000000000000000e-02 1.881537086208421861e-01 2.975128766427593274e-01 2.433547481115174138e-16 2.791584874075788415e-16
6.500000000000000222e-02 1.450401377317901142e-01 3.015640999589696558e-01 1.860996166505170635e-15 4.000319992215701028e-16
6.750000000000000444e-02 1.147807218038719157e-01 2.940950791661240404e-01 3.237744790244826488e-15 5.441696050954721843e-16
7.000000000000000666e-02 9.265067206846452907e-02 2.787611843204764184e-01 4.089125312114758102e-15 7.053966120273373266e-16
7.250000000000000888e-02 7.581412606303430946e-02 2.554714599778742379e-01 4.662579840948885437e-15 8.864826342909625286e-16
7.500000000000001110e-02 6.255640450466057323e-02 2.233604230108188760e-01 4.933108341580429683e-15 1.078028954389675946e-15
7.750000000000001332e-02 5.182213725926334419e-02 1.877211451694201505e-01 4.848981847920988461e-15 1.271815201371196549e-15
8.000000000000001554e-02 4.294825543944673363e-02 1.559264805514474495e-01 4.503402927268487898e-15 1.487818384234631649e-15
8.250000000000001776e-02 3.550992967904484376e-02 1.288916853445776223e-01 3.961095703731650108e-15 1.729233422708294849e-15
8.500000000000001998e-02 2.922872499590884604e-02 1.100093799683870138e-01 3.320609712934535141e-15 1.980741398677851433e-15
8.750000000000000833e-02 2.391556343190025594e-02 9.377117019113812013e-02 2.646633894435144298e-15 2.246559902941676104e-15
9.000000000000001055e-02 1.943425269018180315e-02 7.893096583711151082e-02 2.026323299623978363e-15 2.547370728115215347e-15
9.250000000000001277e-02 1.567837020060695863e-02 6.962548438796332950e-02 1.510391918194719157e-15 2.824579784869971541e-15
9.500000000000001499e-02 1.255726812299111199e-02 5.272048754403520221e-02 1.112753807919168235e-15 3.098913353076609880e-15
9.750000000000001721e-02 9.988661115384102687e-03 2.411392352824779858e-02 8.290883381037517671e-16 3.373080402647816661e-15
1.000000000000000056e-01 7.895632900207389185e-03 1.279817803578900057e-02 6.673854144110985916e-16 3.601735182541709155e-15
