# time 1 2 D-1 D
0.000000000000000000e+00 9.999999600602980099e-01 1.782255986488186893e-08 5.100159182460595796e-35 1.230228306532450537e-35
2.500000000000000052e-04 9.973269328858215266e-01 1.792401746267709004e-05 8.130004945736587515e-25 5.215488774166120122e-26
5.000000000000000104e-04 9.885398343844620239e-01 8.193186235342254237e-05 3.899095311033132582e-21 2.843371758769307198e-22
7.500000000000001240e-04 9.723940808380009404e-01 2.223632141219017671e-04 5.997737711403341177e-19 4.919245938095308458e-20
1.000000000000000021e-03 9.475731168211127819e-01 5.337634102742245656e-04 2.216775153396961226e-17 2.075566314503133478e-18
1.250000000000000026e-03 9.128039369099182343e-01 1.190978809336952797e-03 3.808334715673150431e-16 4.047816386097389342e-17
1.500000000000000248e-03 8.670706775597907257e-01 2.243433591912046693e-03 4.026062326215134679e-15 4.851626393450214090e-16
1.750000000000000253e-03 8.099495696756844332e-01 3.957147005638532444e-03 3.043718858885279166e-14 4.160098934815408213e-15
2.000000000000000042e-03 7.420253899113704588e-01 6.536764841808431585e-03 1.838538984210944678e-13 2.793044800703035881e-14
2.250000000000000264e-03 6.652257788284167139e-01 1.031443810565593582e-02 9.854248108462634082e-13 1.555148401417694096e-13
2.500000000000000052e-03 5.828089671392394644e-01 1.504573615559838887e-02 2.753872196841701955e-12 7.460100745862941911e-13
2.750000000000000274e-03 4.988393679197608566e-01 2.107195511554637093e-02 8.181021717614881809e-12 3.163627565506760054e-12
3.000000000000000496e-03 4.173251354729783924e-01 2.781746319829859690e-02 3.044728587602845051e-11 1.206864641974502157e-11
3.250000000000000284e-03 3.414718216270505313e-01 3.520405011295349440e-02 1.114306003430789693e-10 4.190117116891494957e-11
3.500000000000000507e-03 2.733940292814005524e-01 4.220716413391339267e-02 3.838469351731480495e-10 1.334279544809480047e-10
3.749999999999999861e-03 2.142429665658663329e-01 4.821729186539970569e-02 1.224962566365265766e-09 3.917052124476290332e-10
4.000000000000000083e-03 1.644568111421217393e-01 5.207034533137754745e-02 3.629954921593003303e-09 1.063868367647351870e-09
4.250000000000000305e-03 1.239077452544508073e-01 5.201027536069885437e-02 1.005698982095473026e-08 2.679662344370814405e-09
4.500000000000000527e-03 9.195098765888357062e-02 4.584260467575779208e-02 2.612970812681058891e-08 6.269230228002400864e-09
4.750000000000000749e-03 6.751154974890152816e-02 2.998367181696898892e-02 6.384800966871963094e-08 1.363419708506735987e-08
5.000000000000000104e-03 4.927161297921046901e-02 1.285129196433941641e-02 1.468871920510724260e-07 2.756423835232597587e-08
5.250000000000000326e-03 3.589289930093288172e-02 6.075428409414648789e-03 3.180090252760086343e-07 5.177691029320271665e-08
5.500000000000000548e-03 2.618232182281468937e-02 3.930242043499044234e-03 6.443249504250082027e-07 9.030869751983972788e-08
5.750000000000000770e-03 1.916759914095722550e-02 3.075457302108097844e-03 1.222029397313532132e-06 1.464545671108155084e-07
6.000000000000000992e-03 1.410251591199080182e-02 2.627381145201094885e-03 2.160237606892525734e-06 2.213469170484998559e-07
6.250000000000000347e-03 1.043592683778820848e-02 2.312864458052937139e-03 3.576490172646770543e-06 3.114543158658941297e-07
6.500000000000000569e-03 7.769737701384236798e-03 2.052768403004937535e-03 5.571169657319857915e-06 4.522605392447539794e-07
6.750000000000000791e-03 5.821257687145742904e-03 1.842192832455380328e-03 8.236277985575785363e-06 6.941353919802027298e-07
7.000000000000001013e-03 4.388280208645827657e-03 1.653119955677241756e-03 1.135305904962529135e-05 1.456587385401073951e-06
7.250000000000001235e-03 3.328472449032047076e-03 1.481938862381485368e-03 1.086180170398520251e-05 7.057174345563373010e-06
7.499999999999999722e-03 2.540140471801196394e-03 1.326935554663694321e-03 3.414414492228378640e-06 2.117781573350860445e-05
7.750000000000000812e-03 1.950738818716527987e-03 1.181027269963631386e-03 2.222270412923591721e-06 3.104232595921537413e-05
8.000000000000000167e-03 1.507550363743544045e-03 1.047136091002161479e-03 3.009704338248535584e-06 4.151173835376138082e-05
8.250000000000000389e-03 1.172558981243503528e-03 9.248860506101012685e-04 4.978378464353980436e-06 5.421379735189351334e-05
8.500000000000000611e-03 9.180401301973037430e-04 8.092886765146968227e-04 8.732507980842196785e-06 6.975197489865487676e-05
8.750000000000000833e-03 7.236262323885279089e-04 7.010802574473389221e-04 1.622167805765711330e-05 8.820293583095779118e-05
9.000000000000001055e-03 5.743078117558934360e-04 5.970857187400141399e-04 2.964896172065999564e-05 1.102728668469280367e-04
9.250000000000001277e-03 4.589733728826030481e-04 4.982910539576205881e-04 5.358960761387220566e-05 1.363296611815718428e-04
9.500000000000001499e-03 3.693675854501411141e-04 4.050370182929601557e-04 9.395078286496120513e-05 1.670851875612140139e-04
9.750000000000001721e-03 2.993336474738500226e-04 3.200475118834581541e-04 1.554145493322156612e-04 2.027827402923273418e-04
1.000000000000000021e-02 2.442623800905177351e-04 2.450512512245120412e-04 2.425978881297105843e-04 2.440356938446632603e-04
