# time 1 2 D-1 D
0.000000000000000000e+00 9.999999415169675832e-01 3.126910722448583045e-09 4.944576955538932878e-35 8.047917610027911708e-37
2.500000000000000052e-04 9.961578315194064004e-01 2.441706027292329939e-03 2.101935955221645959e-29 6.972330576892336567e-32
5.000000000000000104e-04 9.825145655142447643e-01 1.188587290310356981e-02 4.830499265400430870e-25 4.969181198035853970e-27
7.500000000000001240e-04 9.549820140569521554e-01 3.169697708761883004e-02 1.999866594187383344e-22 3.766040513343545361e-24
1.000000000000000021e-03 9.082636484625383755e-01 6.336769284485864462e-02 1.616215609276203300e-20 4.559411667457719818e-22
1.250000000000000026e-03 8.365393334562732930e-01 1.047352588537495410e-01 5.408959621160781087e-19 2.083335197685877459e-20
1.500000000000000248e-03 7.356950991260671202e-01 1.506004822859400571e-01 1.045286760674542573e-17 5.284516515929224547e-19
1.750000000000000253e-03 6.074976939812579690e-01 1.959429625858586932e-01 1.383369427227199414e-16 9.144498662822572666e-18
2.000000000000000042e-03 4.636748689708358739e-01 2.323049548482511717e-01 1.393087476857202591e-15 1.217708603174372561e-16
2.250000000000000264e-03 3.245707416166271897e-01 2.528574820537520806e-01 1.161538377209009794e-14 1.341248247249777632e-15
2.500000000000000052e-03 2.096632663915343753e-01 2.518933869449432317e-01 8.229882354657520673e-14 1.273664264897965391e-14
2.750000000000000274e-03 1.275143405935257601e-01 2.307945440960448846e-01 5.044432567467501103e-13 1.064837593264485808e-13
3.000000000000000496e-03 7.497599859049854099e-02 2.058447522607465829e-01 2.674516932905221771e-12 7.902492454703925511e-13
3.250000000000000284e-03 4.367160653076103405e-02 1.222849045356877995e-01 1.199560833547344695e-11 5.208253262312940063e-12
3.500000000000000507e-03 2.565542145064944948e-02 5.345285076959121334e-02 4.408753448735191227e-11 3.020879054762836300e-11
3.749999999999999861e-03 1.537295019064602482e-02 3.018671069703577139e-02 1.281880598751725424e-10 1.507194546495871894e-10
4.000000000000000083e-03 9.453595563278847577e-03 1.859508167607361664e-02 2.905481035029769340e-10 6.246027847868544702e-10
4.250000000000000305e-03 5.982227712399726567e-03 1.202319717303908242e-02 5.301281711311053029e-10 2.121321319583626601e-09
4.500000000000000527e-03 3.897519123976509511e-03 7.993032356741642044e-03 8.303024332784004762e-10 6.032173817688832060e-09
4.750000000000000749e-03 2.612534515624829416e-03 5.533841449645295237e-03 1.193701185124221568e-09 1.488446785687129229e-08
5.000000000000000104e-03 1.799190740755018513e-03 4.061288230999019963e-03 1.691257194884055774e-09 3.284087667014576936e-08
5.250000000000000326e-03 1.270819568179517830e-03 2.806670388154648872e-03 2.685127820882509089e-09 6.623369581086084340e-08
5.500000000000000548e-03 9.189282698105372561e-04 1.234917599031658351e-03 6.980030285349904291e-09 1.240253909045841103e-07
5.750000000000000770e-03 6.790049531581342137e-04 7.230496823150916021e-04 8.482040459289043667e-08 2.181665967667550433e-07
6.000000000000000992e-03 5.117918156683766385e-04 4.730399125436785023e-04 5.374130181783670683e-07 3.637990458149878299e-07
6.250000000000000347e-03 3.928496437373801527e-04 3.622475847999335791e-04 8.553057817116449965e-07 5.792905349014608221e-07
6.500000000000000569e-03 3.066268549813070537e-04 2.731596966999852785e-04 1.268328056521970625e-06 8.861029365194828016e-07
6.750000000000000791e-03 2.430182561844250293e-04 2.137106438117292553e-04 1.810812240312544596e-06 1.308510802263730967e-06
7.000000000000001013e-03 1.953263868357660630e-04 1.730354002344550201e-04 2.508205070650935445e-06 1.873198839284689298e-06
7.250000000000001235e-03 1.590288207018402235e-04 1.443793406534814240e-04 3.380228980557817716e-06 2.608772046755848941e-06
7.499999999999999722e-03 1.310178757036441839e-04 1.197336020222728809e-04 4.452450211095021063e-06 3.545213264220147888e-06
7.750000000000000812e-03 1.091227034091505775e-04 9.880784370838916852e-05 5.755241810549336672e-06 4.713320666263982525e-06
8.000000000000000167e-03 9.180338072928360526e-05 8.533237251274973425e-05 7.294137285858135654e-06 6.144152615017270294e-06
8.250000000000000389e-03 7.795170092727608606e-05 7.234425264794145109e-05 9.101342087890559743e-06 7.868505404334499072e-06
8.500000000000000611e-03 6.675931643809807135e-05 6.281064259500249462e-05 1.118723543371808352e-05 9.916429782129411680e-06
8.750000000000000833e-03 5.762910666577346998e-05 5.450581823656003750e-05 1.360016631730606131e-05 1.231681759816869260e-05
9.000000000000001055e-03 5.011472714017398182e-05 4.807485637432870363e-05 1.631152197989705683e-05 1.509703826930182352e-05
9.250000000000001277e-03 4.387880888128222232e-05 4.230017608035477631e-05 1.931597932627715763e-05 1.828265109741177008e-05
9.500000000000001499e-03 3.866368067549281643e-05 3.776821997222878143e-05 2.273477248954790416e-05 2.189717620093682037e-05
9.750000000000001721e-03 3.427059559519255892e-05 3.375661803609056674e-05 2.645076167619255894e-05 2.596193090141837642e-05
1.000000000000000021e-02 3.054484408526892270e-05 3.040779991380502314e-05 3.053217804845159103e-05 3.049591607150945651e-05
