# time 1 2 D-1 D
0.000000000000000000e+00 9.999999688128942132e-01 7.491507620350628481e-10 4.098507990935758717e-35 6.525463015002226201e-36
2.500000000000000486e-03 9.992019308004282951e-01 4.577046566750843155e-06 2.315393594525448673e-27 3.922265422335257107e-25
5.000000000000000971e-03 9.965605260248542319e-01 1.015266382211529183e-04 5.114576249492503551e-23 2.092482610373123525e-21
7.500000000000001457e-03 9.914172555268584430e-01 6.961749130376800000e-04 2.122299031864151344e-20 3.427751054305272550e-19
1.000000000000000194e-02 9.823659955514381092e-01 2.962124012877289953e-03 1.637232707467075010e-18 1.319430798746373210e-17
1.250000000000000069e-02 9.665338852412399540e-01 9.650584996850345570e-03 4.847330333713184512e-17 2.258830669927785348e-16
1.500000000000000291e-02 9.387716575248332695e-01 2.606713504929956612e-02 7.584438255608167539e-16 2.291762895111909643e-15
1.750000000000000167e-02 8.920720325838700226e-01 5.979645474015075207e-02 7.483648692417075603e-15 1.615252230471336147e-14
2.000000000000000389e-02 8.218320611761240624e-01 1.163662695205932157e-01 5.206662850640819839e-14 8.760144756451641016e-14
2.250000000000000264e-02 7.329505510185838624e-01 1.915013597453526228e-01 2.673669663552148560e-13 3.934953893626545349e-13
2.500000000000000139e-02 6.398906674576906317e-01 2.665295545533486465e-01 1.060259583964842847e-12 1.544415593566009947e-12
2.750000000000000361e-02 5.565602638706416139e-01 2.920764347178604892e-01 3.259568393692656447e-12 5.456749775664772928e-12
3.000000000000000583e-02 4.891809340061486489e-01 1.080438273649556441e-01 8.041106516392374972e-12 1.730720619334585779e-11
3.250000000000000111e-02 4.376393296878567374e-01 4.261223752198251002e-02 1.744411416197010646e-11 4.794986733739613513e-11
3.500000000000000333e-02 3.992171200779046636e-01 2.827047302277974766e-02 4.149451312114587194e-11 1.140551684397342485e-10
3.750000000000000555e-02 3.708523363544136697e-01 2.303713263257147967e-02 1.487434883166180542e-10 2.351357918517997648e-10
4.000000000000000777e-02 3.499515683537737787e-01 2.059102605823338872e-02 5.311941312894861661e-10 4.294223641597623321e-10
4.250000000000000999e-02 3.345274972750453824e-01 1.920883051287000307e-02 9.235470923999321399e-10 7.097025867756698228e-10
4.500000000000000527e-02 3.231163570449367417e-01 1.836880508089796041e-02 1.231011959540167109e-09 1.080552167868570944e-09
4.750000000000000749e-02 3.146550450113232977e-01 1.778914029593119464e-02 1.484084469657771770e-09 1.537988143823099097e-09
5.000000000000000278e-02 3.083733012681416086e-01 1.739552051687893661e-02 1.652359666029606935e-09 2.071172812760268927e-09
5.250000000000000500e-02 3.037111513216321224e-01 1.710740790454456234e-02 1.765774428186568510e-09 2.664943313321933519e-09
5.500000000000000722e-02 3.002591564713840144e-01 1.686166173794641926e-02 1.783563976593567603e-09 3.302219471393543024e-09
5.750000000000000944e-02 2.977157108247177608e-01 1.667337924084515491e-02 1.770988650468851644e-09 3.965787092157383688e-09
6.000000000000001166e-02 2.958571581578067211e-01 1.649177536804571562e-02 1.726366078832770004e-09 4.639432846831811455e-09
6.250000000000000000e-02 2.945163377987199405e-01 1.630660373752464837e-02 1.663962732180559839e-09 5.308647344477464141e-09
6.500000000000000222e-02 2.935678191784269475e-01 1.615802436126215560e-02 1.538531144347856072e-09 5.960941205818339484e-09
6.750000000000000444e-02 2.929167695398643967e-01 1.601392079377183045e-02 1.446043445527733419e-09 6.585960666499159640e-09
7.000000000000000666e-02 2.924906012012867818e-01 1.586533032715305158e-02 1.353096876458361242e-09 7.175526279300195180e-09
7.250000000000000888e-02 2.922345610487336875e-01 1.574031113071256566e-02 1.220574174322251159e-09 7.723549387226523627e-09
7.500000000000001110e-02 2.921061536225799671e-01 1.560728002944549581e-02 1.137866494374841626e-09 8.225913600224687990e-09
7.750000000000001332e-02 2.920735163508181298e-01 1.550028313855880344e-02 9.895614544736924921e-10 8.680252043701440585e-09
8.000000000000001554e-02 2.921123103589759462e-01 1.538493054619649927e-02 9.010711613146942606e-10 9.085749450393858545e-09
8.250000000000001776e-02 2.922015412576375315e-01 1.528326304700301265e-02 7.761002762482148441e-10 9.442896809228312236e-09
8.500000000000001998e-02 2.923274458965984257e-01 1.518157036412426213e-02 7.373977923874578349e-10 9.753182241769065607e-09
8.750000000000000833e-02 2.924786168921115204e-01 1.508960841496961684e-02 6.501872008668841883e-10 1.001892772956272739e-08
9.000000000000001055e-02 2.926452534960664043e-01 1.500595849492444497e-02 5.827598253917444743e-10 1.024303300976218382e-08
9.250000000000001277e-02 2.928217130232737553e-01 1.493300434984985194e-02 4.944792072071414276e-10 1.042882544797545566e-08
9.500000000000001499e-02 2.930025913435781448e-01 1.486306052248354340e-02 4.181209441167778192e-10 1.057959578627267599e-08
9.750000000000001721e-02 2.931837062384129444e-01 1.479135877773366144e-02 3.934559270944333543e-10 1.069873598570439890e-08
1.000000000000000056e-01 2.933643227193394321e-01 1.473595444644638756e-02 4.044769440295486254e-10 1.078923806471816573e-08
