# time 1 2 D-1 D
0.000000000000000000e+00 9.999999688128942132e-01 7.491507620350628481e-10 4.098507990935758717e-35 6.525463015002226201e-36
2.500000000000000052e-04 9.992019271052611229e-01 4.576736462880744087e-06 2.317656423264673268e-27 3.922537135627608793e-25
5.000000000000000104e-04 9.965604289562099982e-01 1.015264538368773839e-04 5.114586393862572547e-23 2.092948547134138537e-21
7.500000000000001240e-04 9.914167341157128499e-01 6.961811785804671807e-04 2.122958082987777656e-20 3.429183527581071792e-19
1.000000000000000021e-03 9.823642971317662065e-01 2.962172909692937194e-03 1.637961523525585740e-18 1.320422714120864283e-17
1.250000000000000026e-03 9.665296957397175870e-01 9.650788860509941502e-03 4.851064565938128771e-17 2.261362213397694645e-16
1.500000000000000248e-03 9.387629985476930727e-01 2.606778103395856333e-02 7.593158641124861573e-16 2.295347168604841342e-15
1.750000000000000253e-03 8.920563778706626090e-01 5.979802282844756678e-02 7.495216705430882277e-15 1.618587382115816748e-14
2.000000000000000042e-03 8.218067999191035478e-01 1.163693416547416093e-01 5.217113598493510188e-14 8.783170200871118210e-14
2.250000000000000264e-03 7.329137599409710768e-01 1.915063033105514345e-01 2.680256840282643076e-13 3.947672800592182136e-13
2.500000000000000052e-03 6.398414593883160473e-01 2.665362430354262790e-01 1.063348478985797687e-12 1.550393048757387276e-12
2.750000000000000274e-03 5.564984178383642899e-01 2.920838493716220730e-01 3.270337008566179695e-12 5.481560290991671219e-12
3.000000000000000496e-03 4.891067854325607533e-01 1.080465644897542071e-01 8.069644080576531667e-12 1.739743257157455904e-11
3.250000000000000284e-03 4.375529133753768840e-01 4.261268941786583442e-02 1.750538733919033355e-11 4.823305551210586005e-11
3.500000000000000507e-03 3.991187253661382939e-01 2.827002364780769120e-02 4.164975265482475451e-11 1.148090028263832956e-10
3.749999999999999861e-03 3.707421142966891292e-01 2.303620322914964186e-02 1.494198144435096830e-10 2.368625917501941889e-10
4.000000000000000083e-03 3.498296514091878140e-01 2.058966395511427003e-02 5.342364050012452371e-10 4.329008027248917263e-10
4.250000000000000305e-03 3.343941664627851362e-01 1.920698900527965242e-02 9.297264979283139290e-10 7.160134404656907034e-10
4.500000000000000527e-03 3.229718960543107031e-01 1.836672810979882164e-02 1.240272332192038898e-09 1.091041766030286842e-09
4.750000000000000749e-03 3.144998594673133474e-01 1.778687645834997957e-02 1.497025139538330866e-09 1.554223189827086350e-09
5.000000000000000104e-03 3.082078558630272358e-01 1.739283491241986473e-02 1.668112531821254263e-09 2.094868331410656063e-09
5.250000000000000326e-03 3.035360209039009161e-01 1.710389427866106787e-02 1.785155693905587336e-09 2.697889080055297554e-09
5.500000000000000548e-03 3.000749358257456256e-01 1.685772845253062299e-02 1.805221773868660779e-09 3.346234073412943556e-09
5.750000000000000770e-03 2.975231244475390335e-01 1.666930516478344268e-02 1.795023085255193555e-09 4.022692792105909725e-09
6.000000000000000992e-03 2.956569628361154223e-01 1.648722988772500717e-02 1.752259679177079913e-09 4.710990640921400249e-09
6.250000000000000347e-03 2.943093425190245194e-01 1.630129423174350028e-02 1.691249787994644350e-09 5.396546745607760841e-09
6.500000000000000569e-03 2.933548586531832814e-01 1.615210036949745950e-02 1.565738120676212823e-09 6.066774898979715769e-09
6.750000000000000791e-03 2.926987688647204044e-01 1.600731504972597793e-02 1.473025057362031842e-09 6.711209072839082202e-09
7.000000000000001013e-03 2.922684701192183598e-01 1.585815184652087165e-02 1.378308282033315783e-09 7.321518992319258941e-09
7.250000000000001235e-03 2.920092363000945657e-01 1.573304353632546185e-02 1.242837921187837005e-09 7.891465834768105707e-09
7.499999999999999722e-03 2.918785565576114127e-01 1.559932347648260165e-02 1.156273150981801297e-09 8.416762436780397896e-09
7.750000000000000812e-03 2.918447906818736337e-01 1.549110114783768671e-02 1.002089230281457181e-09 8.894871555520850727e-09
8.000000000000000167e-03 2.918831576762510593e-01 1.537542941413447793e-02 9.024502536004622261e-10 9.324783722671964769e-09
8.250000000000000389e-03 2.919730646210553227e-01 1.527229297591029336e-02 7.731263840401799654e-10 9.706798610580479612e-09
8.500000000000000611e-03 2.921006274045226392e-01 1.516968821411487575e-02 7.226802502867985188e-10 1.004223772550984761e-08
8.750000000000000833e-03 2.922544370174636197e-01 1.507696282311976957e-02 6.172793272481675665e-10 1.033321252088348699e-08
9.000000000000001055e-03 2.924246552215801209e-01 1.499226492888587441e-02 5.352075898637892775e-10 1.058244976039734795e-08
9.250000000000001277e-03 2.926055963206470878e-01 1.491849954267306794e-02 4.425365186164123274e-10 1.079302325154394194e-08
9.500000000000001499e-03 2.927918769925135223e-01 1.484808308552352032e-02 3.507721615551638395e-10 1.096818552257571826e-08
9.750000000000001721e-03 2.929794189763755274e-01 1.477564200123666557e-02 3.088133330159992976e-10 1.111121961248298251e-08
1.000000000000000021e-02 2.931658676057274926e-01 1.471830504310274804e-02 2.887881598555080547e-10 1.122523028249103180e-08
