# time 1 2 D-1 D
0.000000000000000000e+00 9.999999448760591436e-01 4.941266409173192210e-09 2.390181382975133016e-35 8.482156013892465950e-36
5.000000000000000104e-04 9.999937710931838808e-01 1.378023174520314313e-06 5.385723883425818325e-31 1.594098772373863283e-33
1.000000000000000021e-03 9.998902703247753987e-01 2.927407340834929596e-05 2.206499489174836152e-27 4.885539851269019441e-29
1.500000000000000248e-03 9.993847657417102015e-01 1.921621724256722722e-04 5.185455152912634857e-26 6.138811479441104395e-28
2.000000000000000042e-03 9.978191866992965897e-01 7.924567188808622582e-04 1.265400344093677461e-27 2.426963534819120899e-26
2.500000000000000052e-03 9.939444864277470204e-01 2.495561841672763910e-03 3.138518424798014866e-25 2.689297889442194005e-25
3.000000000000000496e-03 9.855426547595035336e-01 6.633819798048563865e-03 2.020506591840594419e-24 1.161824811300725486e-24
3.500000000000000507e-03 9.689628708733388773e-01 1.517941842241166822e-02 8.330355787734533798e-24 4.019835373463267379e-24
4.000000000000000083e-03 9.389502650689269814e-01 3.034889470881890067e-02 2.447875174363836997e-23 1.159875023553345042e-23
4.500000000000000527e-03 8.897590397212599145e-01 5.138166536517595195e-02 3.327212744381367701e-23 2.294722466685912303e-23
5.000000000000000104e-03 8.185560376553853157e-01 7.146881984524806886e-02 1.366529010243215110e-23 9.393369670849276593e-24
5.500000000000000548e-03 7.294300591277135259e-01 8.229368178880824836e-02 3.094309937304031514e-21 1.913315667160641787e-22
6.000000000000000992e-03 6.329400310795135765e-01 8.410378448583526179e-02 5.890422482833664585e-20 6.531094273782010164e-21
6.500000000000000569e-03 5.402714926821362562e-01 8.283622808238426394e-02 6.086746002941644611e-19 7.989327719265756406e-20
7.000000000000001013e-03 4.583049200321389072e-01 8.125212238283158195e-02 4.307615322582264481e-18 6.314087478621396952e-19
7.499999999999999722e-03 3.892277105927176017e-01 7.846080870889302061e-02 2.274049353815093054e-17 3.751931016961063676e-18
8.000000000000000167e-03 3.324364679786201981e-01 7.181366826121868274e-02 9.401621915639525410e-17 1.791263963355103558e-17
8.500000000000000611e-03 2.862320989371329172e-01 6.017009025013499851e-02 3.141670384459908806e-16 7.129712793191653799e-17
9.000000000000001055e-03 2.487236032317058088e-01 4.816903975989361708e-02 8.731570289019911274e-16 2.413207482906952614e-16
9.500000000000001499e-03 2.181926044395212094e-01 3.788836167682507750e-02 2.062744297546064825e-15 7.064058892467936604e-16
1.000000000000000021e-02 1.931980751825922438e-01 2.854747444240673948e-02 4.224314505579830301e-15 1.796286285874727749e-15
1.050000000000000065e-02 1.725756306571877841e-01 1.985889917555685655e-02 7.696475502507004692e-15 3.983939422488718019e-15
1.100000000000000110e-02 1.554002798673300156e-01 1.232101066810958878e-02 1.260398920832284944e-14 7.744242879942616745e-15
1.150000000000000154e-02 1.409413882734945334e-01 6.641877998891792222e-03 1.909381717462089754e-14 1.327460131539224743e-14
1.200000000000000198e-02 1.286211244651241370e-01 3.035545603954326391e-03 2.686782727224010454e-14 2.012877859260795436e-14
1.250000000000000069e-02 1.179806364744141745e-01 9.995079097882152066e-04 3.647050018239552726e-14 2.737685241086412720e-14
1.300000000000000114e-02 1.086551127474270906e-01 1.246518143013831416e-04 4.700450909824187597e-14 3.354899920747256696e-14
1.350000000000000158e-02 1.003574486842797320e-01 4.073772333811924635e-05 5.853576434212101153e-14 3.678131336488006937e-14
1.400000000000000203e-02 9.286900247134546871e-02 5.074184984217139892e-04 9.362692056744697313e-14 3.629517054732097232e-14
1.450000000000000247e-02 8.603494519133138285e-02 1.356060159994641095e-03 5.861439911126951131e-13 3.158220653650692384e-14
1.499999999999999944e-02 7.975563545410054023e-02 2.463536819053453644e-03 7.881019501082448015e-13 2.341698812559897090e-14
1.550000000000000162e-02 7.398980557446203921e-02 3.680824957944731860e-03 1.039219206092416676e-12 1.380198731478691739e-14
1.600000000000000033e-02 6.872014339812373973e-02 4.911796568528280400e-03 1.324850029481616463e-12 5.081856635055117634e-15
1.650000000000000078e-02 6.395021900502549650e-02 5.955174938990175255e-03 1.660419323123055621e-12 2.495914401766414539e-16
1.700000000000000122e-02 5.966837229338216309e-02 6.721258070934154304e-03 2.035266731042773487e-12 2.252151838605568233e-15
1.750000000000000167e-02 5.587660057893319848e-02 7.135106404952331650e-03 2.460355020142370327e-12 1.381206252677216043e-14
1.800000000000000211e-02 5.254397684464184176e-02 7.012138913851412303e-03 2.960571865628643495e-12 3.725665425591333140e-14
1.850000000000000255e-02 4.963207838112019404e-02 6.444974085041910161e-03 3.596899606627672297e-12 7.425997642835399125e-14
1.900000000000000300e-02 4.709510415501021868e-02 5.324688524528400045e-03 4.477035255855968358e-12 1.264141048898944051e-13
1.950000000000000344e-02 4.488474403558098680e-02 3.926446993441107258e-03 6.506508842956908124e-12 1.942156835531086301e-13
2.000000000000000042e-02 4.295521456915425001e-02 2.554004299044478760e-03 1.683947515641746034e-11 2.776180928047537869e-13
