# time 1 2 D-1 D
0.000000000000000000e+00 9.999999720094454592e-01 3.873536682343607342e-09 2.140340113977221522e-34 1.598672317118310583e-34
1.250000000000000243e-03 9.988283848832690826e-01 7.323766051981898706e-10 7.879520522702479490e-17 1.253620842194888547e-21
2.500000000000000486e-03 9.950750539144872509e-01 1.671797938664022704e-08 2.581415945913416665e-14 7.407727055755792248e-18
3.750000000000000729e-03 9.883491008029227087e-01 1.898326639531465863e-07 8.615772741512088823e-13 1.429317732112858756e-15
5.000000000000000971e-03 9.781922678980637942e-01 1.314919000346811073e-06 1.148395146805931751e-11 6.741722613501740529e-14
6.250000000000000347e-03 9.640374105125277815e-01 6.777099160082694351e-06 9.442457909607942785e-11 1.442506637387826713e-12
7.500000000000001457e-03 9.451477594416737293e-01 2.992036241388376939e-05 5.756947973573019593e-10 1.798696502015322810e-11
8.750000000000000833e-03 9.205229101472162112e-01 1.186147391493963521e-04 2.863909118144164975e-09 1.457683811164314812e-10
1.000000000000000194e-02 8.887348802372786460e-01 4.410445891331264798e-04 1.168676377821999352e-08 8.140348892246491783e-10
1.125000000000000132e-02 8.475935521036843667e-01 1.558303816656360623e-03 3.558110471557700678e-08 3.302244922337071807e-09
1.250000000000000069e-02 7.932985481397454297e-01 5.319789095878715672e-03 8.109908206996505062e-08 1.029359414340019710e-08
1.375000000000000180e-02 7.188328052571458793e-01 1.678836964169973939e-02 1.576256389086652038e-07 2.598145270824683509e-08
1.500000000000000291e-02 6.110834838199115104e-01 4.794900364035280249e-02 2.806446914865545451e-07 5.545955710212431669e-08
1.625000000000000056e-02 4.640912552711894956e-01 1.058515242009527707e-01 4.697389041135538896e-07 1.036133396832594329e-07
1.750000000000000167e-02 3.155071867209481296e-01 1.575382296924758563e-01 8.053402788075863446e-07 1.740251918258463797e-07
1.875000000000000278e-02 2.109929328339564258e-01 1.656125337944779896e-01 6.689422052133116959e-06 2.683192448048296039e-07
2.000000000000000389e-02 1.479597962277313938e-01 1.417831442868684177e-01 8.688268337678800471e-06 3.860708319949443409e-07
2.125000000000000500e-02 1.091147950436789638e-01 1.093225286125042994e-01 1.159591752894827908e-05 5.251520671953166337e-07
2.250000000000000264e-02 8.376682677106134234e-02 8.026729525702332169e-02 1.505279536201894984e-05 6.822968751474476919e-07
2.375000000000000375e-02 6.626692858917326845e-02 5.798595443168502034e-02 1.897447214809502646e-05 8.536900851104481271e-07
2.500000000000000139e-02 5.371056406089090574e-02 4.182895051645760948e-02 2.330980560376547987e-05 1.035456806802434853e-06
2.625000000000000250e-02 4.433621572073401240e-02 3.036234758341944950e-02 2.808118441273833274e-05 1.224005604791030148e-06
2.750000000000000361e-02 3.719772562323133552e-02 2.237568571690388280e-02 3.319013489635262536e-05 1.416229378436665115e-06
2.875000000000000472e-02 3.162634298638766772e-02 1.671571142681739855e-02 3.863478209568361549e-05 1.609586067917609191e-06
3.000000000000000583e-02 2.719849684177556154e-02 1.266058623222777318e-02 4.440497842586200176e-05 1.802097568554639863e-06
3.125000000000000000e-02 2.362424842583354598e-02 9.710323838345698289e-03 5.040886267777420284e-05 1.992298842913559551e-06
3.250000000000000111e-02 2.069995867675320303e-02 7.564249913978219816e-03 5.664802252069595778e-05 2.179162315840981764e-06
3.375000000000000222e-02 1.827913216562736948e-02 5.991410804440137731e-03 6.310093393400298466e-05 2.362015699668280924e-06
3.500000000000000333e-02 1.625419120990776595e-02 4.789373206564312944e-03 6.972264030051061835e-05 2.540463275495744608e-06
3.625000000000000444e-02 1.454469493586986288e-02 3.863798171704587066e-03 7.650741309158252458e-05 2.714315614200102739e-06
3.750000000000000555e-02 1.308952312091412641e-02 3.154710829789100085e-03 8.340371616070246482e-05 2.883534009564832933e-06
3.875000000000000666e-02 1.184156774432605294e-02 2.625125797151581578e-03 9.045458900946794743e-05 3.048182393399649911e-06
4.000000000000000777e-02 1.076405311269997868e-02 2.155726501306156912e-03 9.754834721995525690e-05 3.208390427447334788e-06
4.125000000000000888e-02 9.827937501097989623e-03 1.804798903782239405e-03 1.047104880919078523e-04 3.364328695127636571e-06
4.250000000000000999e-02 9.010044858757284073e-03 1.524904423629394254e-03 1.119125827151764944e-04 3.516190032209980896e-06
4.375000000000000416e-02 8.291704357508433015e-03 1.307410166036121002e-03 1.191593190273192669e-04 3.664174254999911800e-06
4.500000000000000527e-02 7.657744691998723263e-03 1.106341891833984969e-03 1.264517283944753773e-04 3.808474609012589609e-06
4.625000000000000638e-02 7.095739130602115273e-03 9.229963480671925105e-04 1.337276518820899093e-04 3.949279283583626827e-06
4.750000000000000749e-02 6.595434920218361426e-03 7.827867273713747702e-04 1.410070975391662109e-04 4.086764557991857431e-06
4.875000000000000860e-02 6.148316088522048223e-03 6.686586411569186072e-04 1.482233808574017213e-04 4.221089571678677195e-06
5.000000000000000278e-02 5.747295032867015888e-03 5.873025167976272031e-04 1.554984726736833504e-04 4.351883442975278468e-06
