# time 1 2 D-1 D
0.000000000000000000e+00 9.999999364524893020e-01 1.537122840295919147e-08 9.897111420946710197e-36 2.422987730632440460e-36
2.500000000000000486e-03 9.990785798310309884e-01 6.124119258872236125e-07 3.001995082501307181e-27 7.627012502051004057e-25
5.000000000000000971e-03 9.959574684117977750e-01 1.162057237362088004e-05 9.673525392364354222e-23 4.028510025935599210e-21
7.500000000000001457e-03 9.898494096389693908e-01 7.245450272353071315e-05 6.277378576919918328e-20 6.481966278190038407e-19
1.000000000000000194e-02 9.796783446494613523e-01 2.786515279497384372e-04 6.778448319490160121e-18 2.422047498647056378e-17
1.250000000000000069e-02 9.641384236583785405e-01 8.178163518087486553e-04 2.635054733704847799e-16 3.958195448994734568e-16
1.500000000000000291e-02 9.417345795779501483e-01 2.026988954345142376e-03 5.004922746063639679e-15 3.741178771403998080e-15
1.750000000000000167e-02 9.107913325624679146e-01 4.402205168488893157e-03 5.314633216929258300e-14 2.359263010232344161e-14
2.000000000000000389e-02 8.694483528528925698e-01 8.542146639770523478e-03 3.241368000557610718e-13 1.069847094252434163e-13
2.250000000000000264e-02 8.157303444539606430e-01 1.512768330450672133e-02 1.194227790299577623e-12 3.635039571175952091e-13
2.500000000000000139e-02 7.478832891437001695e-01 2.440575782575076305e-02 2.892635248804152264e-12 9.557300020637984707e-13
2.750000000000000361e-02 6.652056137856299234e-01 3.600490183595103644e-02 5.069234335879335357e-12 2.013633079934245376e-12
3.000000000000000583e-02 5.693038871509157328e-01 4.918966889659789898e-02 7.268354209753030759e-12 3.530506884417481043e-12
3.250000000000000111e-02 4.649475909980312349e-01 6.305362519411511490e-02 9.170433406044714896e-12 5.339918380276086720e-12
3.500000000000000333e-02 3.594318517156501747e-01 7.750371107138254168e-02 1.068384406160214973e-11 7.191482309340623728e-12
3.750000000000000555e-02 2.608179565814534584e-01 9.119351982475830398e-02 1.192732611469881086e-11 8.851247661371203544e-12
4.000000000000000777e-02 1.765469726051851207e-01 1.012555758632658065e-01 1.281640841057335560e-11 1.016805497236085736e-11
4.250000000000000999e-02 1.119769215432527276e-01 1.042278854783303954e-01 1.347684769727580117e-11 1.108457974896644375e-11
4.500000000000000527e-02 6.765891731142119336e-02 9.868227614544893000e-02 1.395329407811081478e-11 1.161547472718888982e-11
4.750000000000000749e-02 4.004133917717030838e-02 8.657434571092531561e-02 1.444599305006718870e-11 1.182199705560865152e-11
5.000000000000000278e-02 2.369830721132505646e-02 7.091473736442460707e-02 1.501761466290208019e-11 1.177995705831665779e-11
5.250000000000000500e-02 1.417841570995523846e-02 5.311130558431688409e-02 1.545767265278275173e-11 1.156343136289362459e-11
5.500000000000000722e-02 8.611549066766902363e-03 3.085319539419121432e-02 1.588970386124460423e-11 1.123561350673644342e-11
5.750000000000000944e-02 5.310930732398031276e-03 1.257389174710293531e-02 1.598069908479446128e-11 1.084666705477258190e-11
6.000000000000001166e-02 3.320603909458271375e-03 5.560391072653690821e-03 1.630158262012987357e-11 1.043226555998646812e-11
6.250000000000000000e-02 2.100457537355646543e-03 3.010953810421007886e-03 1.896733354570019618e-11 1.001641295874761129e-11
6.500000000000000222e-02 1.341127104610820991e-03 1.867353390734868054e-03 2.725164020033475582e-11 9.615568467786198187e-12
6.750000000000000444e-02 8.627439815433596282e-04 1.261622347271923895e-03 2.418688908823893929e-11 9.239785271369148711e-12
7.000000000000000666e-02 5.572052438030722019e-04 8.912464667655432609e-04 2.471703362677472794e-11 8.894532563332830252e-12
7.250000000000000888e-02 3.606759699989237652e-04 6.509136576920051664e-04 2.347516060191637134e-11 8.582189885949823690e-12
7.500000000000001110e-02 2.346958491445294732e-04 4.858707561242851542e-04 2.377735961138223640e-11 8.303178842145148954e-12
7.750000000000001332e-02 1.517154544123567759e-04 3.694663406868402733e-04 2.305561856222060626e-11 8.056056814558124403e-12
8.000000000000001554e-02 9.839356810856449587e-05 2.836726341436210819e-04 2.269142823427621115e-11 7.838285806964992948e-12
8.250000000000001776e-02 6.316101383938444586e-05 2.204795658791782744e-04 2.274646987244678187e-11 7.652271755791393853e-12
8.500000000000001998e-02 4.053379618793532385e-05 1.722893042395167210e-04 2.265162074391651391e-11 7.493905051724573323e-12
8.750000000000000833e-02 2.573072850331692557e-05 1.355534793490807547e-04 2.262661018863355446e-11 7.351084747505163628e-12
9.000000000000001055e-02 1.612576619993425758e-05 1.072376391061491505e-04 2.251651584503906212e-11 7.233560257328837060e-12
9.250000000000001277e-02 9.991686642469097877e-06 8.517983798117706223e-05 2.258994556881255791e-11 7.143455354864436812e-12
9.500000000000001499e-02 6.112212221080592511e-06 6.790467364491324068e-05 2.228652596628898687e-11 7.062787521174427218e-12
9.750000000000001721e-02 3.695599838974239375e-06 5.430867008912186096e-05 2.264785808454906275e-11 6.991469222828852691e-12
1.000000000000000056e-01 2.171419563806095422e-06 4.361332217625207749e-05 2.263791398040494422e-11 6.935189605554910632e-12
