# lambda 1 2 D-1 D
0.000000000000000000e+00 -1.499999993894017081e+01 -1.300000004961181688e+01 1.300000004911141005e+01 1.499999993899083961e+01
2.500000000000000139e-02 -1.463512026476043459e+01 -1.277405082891724319e+01 1.277461016482351042e+01 1.463595054423509012e+01
5.000000000000000278e-02 -1.429006596298408205e+01 -1.256720081803220701e+01 1.257179352745838052e+01 1.429712907430223190e+01
7.500000000000001110e-02 -1.396442225713155594e+01 -1.237922352975959228e+01 1.239509366007629509e+01 1.398998605945957863e+01
1.000000000000000056e-01 -1.365806333976003195e+01 -1.221012800716437674e+01 1.224847543183220289e+01 1.372360407804470306e+01
1.250000000000000000e-01 -1.337117515818799873e+01 -1.206016965576889532e+01 1.213602621821367933e+01 1.351065910528863867e+01
1.500000000000000222e-01 -1.310429443356257551e+01 -1.192988284224201578e+01 1.206172861797792706e+01 1.336795381293100604e+01
1.750000000000000167e-01 -1.285837524314628944e+01 -1.182011903275994236e+01 1.203016856070802554e+01 1.331502223376272376e+01
2.000000000000000111e-01 -1.263490258679219735e+01 -1.173208739207632689e+01 1.204927091356093527e+01 1.336919761262724293e+01
2.250000000000000056e-01 -1.243609144270039302e+01 -1.166737696880060149e+01 1.213376897120254405e+01 1.353894308301294735e+01
2.500000000000000000e-01 -1.226525643287778422e+01 -1.162789240209109920e+01 1.230546073561568932e+01 1.382119272967874224e+01
2.750000000000000222e-01 -1.212755449237817729e+01 -1.161550822611479106e+01 1.259747217067597091e+01 1.420468433793845620e+01
3.000000000000000444e-01 -1.203154989764014182e+01 -1.163097847396532281e+01 1.300460431881954371e+01 1.467508462653370138e+01
3.250000000000000111e-01 -1.199187599740163357e+01 -1.167181817430568991e+01 1.348891626172241764e+01 1.521840156645876796e+01
3.500000000000000333e-01 -1.202791641863957040e+01 -1.173427759935191972e+01 1.403226652828383791e+01 1.582240547716187606e+01
3.750000000000000000e-01 -1.214673411665011571e+01 -1.182990803627433607e+01 1.462295305672526702e+01 1.647691882589241175e+01
4.000000000000000222e-01 -1.233578331843321862e+01 -1.198418087818429356e+01 1.525230792675086278e+01 1.717364375170127033e+01
4.250000000000000444e-01 -1.258033260814375964e+01 -1.220490736369149687e+01 1.591364864623840703e+01 1.790585822619203071e+01
4.500000000000000111e-01 -1.287008429628667372e+01 -1.248233181406152070e+01 1.660172343779441917e+01 1.866811304518536829e+01
4.750000000000000333e-01 -1.319773576750824873e+01 -1.280510909408015863e+01 1.731235047860849363e+01 1.945597193773762967e+01
5.000000000000000000e-01 -1.355774471702360984e+01 -1.316470557621043724e+01 1.804216351466041246e+01 2.026580157663933335e+01
5.250000000000000222e-01 -1.394573358231727411e+01 -1.355482897301961742e+01 1.878842613253272020e+01 2.109460617122961423e+01
5.500000000000000444e-01 -1.435815973746337093e+01 -1.397068020935354937e+01 1.954889377287360830e+01 2.193989843198241019e+01
5.750000000000000666e-01 -1.479210458164830655e+01 -1.440849558051951718e+01 2.032170956961746455e+01 2.279959907923872109e+01
6.000000000000000888e-01 -1.524512850097589478e+01 -1.486526136682353183e+01 2.110532517184792312e+01 2.367195838363073790e+01
6.250000000000000000e-01 -1.571516700282674606e+01 -1.533852398234277814e+01 2.189843984270611088e+01 2.455549461462584304e+01
6.500000000000000222e-01 -1.620045420747806375e+01 -1.582625807773631621e+01 2.269995333428468953e+01 2.544894546594410301e+01
6.750000000000000444e-01 -1.669946558336350506e+01 -1.632677189439591103e+01 2.350892878780361883e+01 2.635122947291425533e+01
7.000000000000000666e-01 -1.721087421459667155e+01 -1.683863791219392425e+01 2.432456374037025881e+01 2.726141516176173241e+01
7.250000000000000888e-01 -1.773351711644605899e+01 -1.736064083215105569e+01 2.514616681229091455e+01 2.817869621729003171e+01
7.500000000000000000e-01 -1.826636880614072922e+01 -1.789173800932396219e+01 2.597313930245382707e+01 2.910237136495642218e+01
7.750000000000000222e-01 -1.880852046265852096e+01 -1.843102871831848688e+01 2.680496007314862084e+01 3.003182796982915193e+01
8.000000000000000444e-01 -1.935916312852952359e+01 -1.897773008874108314e+01 2.764117341538195660e+01 3.096652858497353122e+01
8.250000000000000666e-01 -1.991757417215539050e+01 -1.953115784625808971e+01 2.848137912342302513e+01 3.190599985511187953e+01
8.500000000000000888e-01 -2.048310599740260329e+01 -2.009071095999670575e+01 2.932522425483281125e+01 3.284982331273614875e+01
8.750000000000000000e-01 -2.105517672952736064e+01 -2.065585906854139608e+01 3.017239637918633122e+01 3.379762770378705028e+01
9.000000000000000222e-01 -2.163326233127549614e+01 -2.122613219666100548e+01 3.102261785927485249e+01 3.474908255668920276e+01
9.250000000000000444e-01 -2.221688987602344412e+01 -2.180111226294338422e+01 3.187564121989456467e+01 3.570389276763624764e+01
9.500000000000000666e-01 -2.280563177556081200e+01 -2.238042599671913990e+01 3.273124509050573039e+01 3.666179402084696193e+01
9.750000000000000888e-01 -2.339910073861116047e+01 -2.296373904159785440e+01 3.358923087584506106e+01 3.762254889827270432e+01
1.000000000000000000e+00 -2.399694544116594130e+01 -2.355075091911167107e+01 3.444941985358123304e+01 3.858594356136045178e+01
