# time 1 2 D-1 D
0.000000000000000000e+00 9.999999561918204716e-01 1.987484872477839778e-08 3.484183622936491237e-35 1.982471222661787615e-35
2.500000000000000052e-04 9.999996747562580612e-01 1.332672648248409409e-09 1.546500023600308359e-27 1.107567071827045198e-28
5.000000000000000104e-04 9.999945197452057011e-01 1.374342060719057050e-09 1.201861926626296794e-25 8.726925562118430664e-27
7.500000000000001240e-04 9.999693370196984787e-01 1.982591507665404918e-09 7.886338847192705307e-24 6.543647263897517226e-25
1.000000000000000021e-03 9.998916003518075746e-01 3.560463857692509120e-09 6.005410165440624654e-23 3.717551139944608283e-24
1.250000000000000026e-03 9.997009482094992849e-01 9.132732365645005919e-09 2.043051918977092410e-22 1.260020852157794543e-23
1.500000000000000248e-03 9.992939542643287654e-01 3.318084998486671957e-09 5.123428365384248661e-22 3.426425706424633755e-23
1.750000000000000253e-03 9.985048372340216138e-01 2.744102856998929994e-09 8.773512742468366450e-22 5.893659338297517377e-23
2.000000000000000042e-03 9.970853832139645601e-01 3.297742803598462862e-08 6.303413559596732796e-22 1.188651792982093125e-23
2.250000000000000264e-03 9.946907957844071113e-01 3.495053618447950510e-07 1.634500993707329419e-22 7.574173947073112461e-22
2.500000000000000052e-03 9.908805742529872562e-01 1.289944936102400441e-06 1.325332869541101407e-20 2.294527635741519902e-20
2.750000000000000274e-03 9.851426588132824458e-01 3.371531483240702407e-06 7.118306677279935035e-20 2.976837187524062251e-19
3.000000000000000496e-03 9.769434634178046917e-01 7.966850999154414666e-06 5.276114156430976351e-20 2.597554106974140248e-18
3.250000000000000284e-03 9.657982559609746831e-01 1.437828607728025636e-05 1.130328266079614282e-19 1.705749239072917387e-17
3.500000000000000507e-03 9.513510035622178007e-01 2.149208118998816714e-05 6.421738613093475166e-18 8.853486609644816797e-17
3.749999999999999861e-03 9.334498756011680998e-01 2.848983505606747090e-05 8.936420827752367321e-17 3.737086520687156011e-16
4.000000000000000083e-03 9.122078733161789188e-01 2.688663246999431180e-05 6.643723699261698702e-16 1.308882842052273870e-15
4.250000000000000305e-03 8.879915812649114004e-01 2.275130130689461888e-05 3.187585416453233871e-15 3.871696213825115604e-15
4.500000000000000527e-03 8.613916970211497048e-01 2.383399226149325077e-05 1.150855233765951437e-14 9.831174571994613430e-15
4.750000000000000749e-03 8.331558679368763487e-01 8.022174763496248725e-06 3.248976867610842888e-14 2.174729847024632110e-14
5.000000000000000104e-03 8.039927720346491391e-01 3.497223840752943500e-06 7.437030329099670697e-14 4.253519713627991295e-14
5.250000000000000326e-03 7.745488714115452700e-01 7.970205729894522560e-07 1.415361882547316181e-13 7.471970509436464466e-14
5.500000000000000548e-03 7.452532697002620665e-01 4.576660968504958632e-05 2.242767249695034273e-13 1.197903413649954097e-13
5.750000000000000770e-03 7.164037170360948448e-01 1.364178717116441982e-04 2.922712596946553706e-13 1.782778107056047289e-13
6.000000000000000992e-03 6.881452905385754271e-01 2.663396071211746085e-04 2.966606733424178556e-13 2.508096714334919755e-13
6.250000000000000347e-03 6.603472778786406705e-01 5.936825511831122799e-04 1.969086786126520116e-13 3.398241022149261922e-13
6.500000000000000569e-03 6.329047130925684606e-01 1.195218822086822940e-03 3.602790690902988282e-14 4.517945509628724508e-13
6.750000000000000791e-03 6.064339580104025629e-01 1.425528178116919559e-03 5.673769559142985117e-14 5.999220087784362529e-13
7.000000000000001013e-03 5.787233122848899347e-01 3.510948653133820312e-03 7.439705186738068974e-13 8.078264901768129007e-13
7.250000000000001235e-03 5.525984013649835047e-01 4.709315010565345849e-03 2.490281417755686473e-12 1.115435566066474033e-12
7.499999999999999722e-03 5.252283908843742299e-01 8.003993131453928517e-03 1.798818482239484207e-11 1.589230980825032371e-12
7.750000000000000812e-03 4.925365814508414486e-01 1.766975658626251250e-02 2.677752641484412166e-11 2.340028605510257669e-12
8.000000000000000167e-03 4.497610739643778111e-01 3.867440410434348774e-02 3.942265400860432479e-11 3.552909969491914201e-12
8.250000000000000389e-03 4.148393002681111108e-01 5.325600845221453022e-02 5.661078553911181029e-11 5.539671595487421663e-12
8.500000000000000611e-03 3.198723754345808024e-01 1.294316314817612612e-01 7.822274190388552447e-11 8.833567940095733468e-12
8.750000000000000833e-03 2.251479727847816026e-01 2.069634599947383913e-01 1.034123989729648587e-10 1.438300766346773385e-11
9.000000000000001055e-03 2.068894368312589604e-01 2.096128896050058754e-01 1.314686230983693776e-10 2.412991491995095107e-11
9.250000000000001277e-03 1.311237233429440874e-01 2.712848189735700966e-01 1.568973335950898635e-10 4.116710147216944589e-11
9.500000000000001499e-03 1.348223781878553351e-01 2.549025552987106424e-01 1.689031332050334640e-10 7.459836043768176351e-11
9.750000000000001721e-03 1.310126114284594634e-01 2.473120100743588512e-01 1.493135620619720360e-10 1.394766109102032449e-10
1.000000000000000021e-02 1.050278490179794300e-01 2.630494969869640598e-01 8.331413132896102595e-11 2.476299043342696292e-10
