# time 1 2 D-1 D
0.000000000000000000e+00 9.999999541802856440e-01 1.226377681948196275e-08 1.175094177647779275e-34 5.887372768540970967e-37
1.250000000000000243e-03 9.999966895858546367e-01 1.532602821855812803e-09 2.973839995462110911e-36 1.356223163430108555e-35
2.500000000000000486e-03 9.999406393563728956e-01 2.185259085379111762e-08 1.299478159586766946e-33 5.217221685653179408e-33
3.750000000000000729e-03 9.996571037330802545e-01 1.952237741037179692e-07 9.909957664309868501e-32 2.887980867010827593e-31
5.000000000000000971e-03 9.987766277528754566e-01 2.484881658146329474e-06 3.468727074263728322e-30 1.142856193281257993e-30
6.250000000000000347e-03 9.966842376152893479e-01 1.439524947733392459e-05 3.940251389649064360e-29 1.794875494464487324e-29
7.500000000000001457e-03 9.925192221500083178e-01 5.862477613781038607e-05 1.804684780749109768e-28 7.581132210499670443e-29
8.750000000000000833e-03 9.852522145591551261e-01 1.711841828286559211e-04 7.055096008346751337e-28 2.604281683998919966e-28
1.000000000000000194e-02 9.738342276187508251e-01 4.339319011710197275e-04 2.599314870866798349e-27 7.739560546824798086e-28
1.125000000000000132e-02 9.573681741982582594e-01 1.005780135202659570e-03 1.078264019079418037e-26 2.067006469505541522e-27
1.250000000000000069e-02 9.352265030567687987e-01 2.118147921522295883e-03 5.701590896094459701e-26 4.809045156930374670e-27
1.375000000000000180e-02 9.070562723470884103e-01 4.173286861095706901e-03 4.109156336714148162e-25 8.900251622704283073e-27
1.500000000000000291e-02 8.726712181592927164e-01 7.757276613656499328e-03 3.610239355087231337e-24 1.000298328041573966e-26
1.625000000000000056e-02 8.318989250126240798e-01 1.368071328662892952e-02 2.998425497027271845e-23 1.415813333566946030e-26
1.750000000000000167e-02 7.845047340194934993e-01 2.289496873245121938e-02 2.556745599777758909e-22 1.348812261365946200e-25
1.875000000000000278e-02 7.303390257373797434e-01 3.613041535307557478e-02 1.888195135078099726e-21 4.611872461055850598e-25
2.000000000000000389e-02 6.698326527535428676e-01 5.347175395924372993e-02 1.246235452501654550e-20 4.821099078525889356e-24
2.125000000000000500e-02 6.046331341745545540e-01 7.358396174869515083e-02 7.547148510109335261e-20 1.705087764943424114e-22
2.250000000000000264e-02 5.378753544792888031e-01 9.205594757036365816e-02 3.784356150955016674e-19 3.030687611791148130e-21
2.375000000000000375e-02 4.734729662211206169e-01 1.010371948254308455e-01 1.736870538846128826e-18 3.086302287474689807e-20
2.500000000000000139e-02 4.147853462606144181e-01 8.325151017372287021e-02 6.783901483681302657e-18 1.798300455275165092e-19
2.625000000000000250e-02 3.636729838402559256e-01 1.924735630088964672e-02 2.390984759481051399e-17 9.371943101064499247e-19
2.750000000000000361e-02 3.204706858614585485e-01 1.782304973126006930e-04 7.640614809580024845e-17 4.107378707032191106e-18
2.875000000000000472e-02 2.845233643334431073e-01 9.641009897541039401e-04 2.221622355177768294e-16 1.637630758885557276e-17
3.000000000000000583e-02 2.547506072188871484e-01 2.128137411380788373e-03 5.974261002129068915e-16 5.790141507258704188e-17
3.125000000000000000e-02 2.300000503254555073e-01 2.527516545639044415e-03 1.420619603958837781e-15 1.776564391592275967e-16
3.250000000000000111e-02 2.092713816210876043e-01 2.373230970481532854e-03 3.162390456639179218e-15 4.827711421904026087e-16
3.375000000000000222e-02 1.916298866799324985e-01 1.930201348088358580e-03 6.575213726022196421e-15 1.194812467023376683e-15
3.500000000000000333e-02 1.763727368315033128e-01 1.286155664655424863e-03 1.215662725914953556e-14 2.540973923842429485e-15
3.625000000000000444e-02 1.627571705458278895e-01 7.112152462371713457e-04 2.080923427118953197e-14 4.703049431532367707e-15
3.750000000000000555e-02 1.502721893261450281e-01 2.503430893889216509e-04 3.629948962154647756e-14 7.137037272633785883e-15
3.875000000000000666e-02 1.384345374933303174e-01 3.847996110761525729e-06 8.369041126017260239e-14 7.511127661232378882e-15
4.000000000000000777e-02 1.267173453313025777e-01 1.568332223754054645e-04 2.982937648535243139e-13 4.730105380968244625e-15
4.125000000000000888e-02 1.146614564907971756e-01 8.667806440410463428e-04 3.982167380495977805e-13 6.533362571753037328e-16
4.250000000000000999e-02 1.019994850589851232e-01 2.148351902329852497e-03 4.869852311985235586e-13 3.530904105720467745e-15
4.375000000000000416e-02 8.863692723629013059e-02 3.913860254307378883e-03 5.537266555079499168e-13 2.330312659404696954e-14
4.500000000000000527e-02 7.469142452064499171e-02 5.978326636609078773e-03 5.984979039520188777e-13 6.234502140586080824e-14
4.625000000000000638e-02 6.044854309017768518e-02 8.163373235232366382e-03 6.196617922805885975e-13 1.167822574632046080e-13
4.750000000000000749e-02 4.757582294155782154e-02 9.139973273675692372e-03 6.291099964188873701e-13 1.684916504965223978e-13
4.875000000000000860e-02 3.618120919822820358e-02 9.334258244791606915e-03 6.162024050216089370e-13 2.095875065328735480e-13
5.000000000000000278e-02 2.667677384130812471e-02 8.916452212070241634e-03 5.939576543205786895e-13 2.170572111902107368e-13
