# time 1 2 D-1 D
0.000000000000000000e+00 9.999999437940870761e-01 4.266699023782835016e-09 1.505644179200449262e-35 2.314484091921773843e-36
5.000000000000000104e-04 9.999977739796255261e-01 1.581128478715927026e-06 5.585162036191768228e-30 2.429605054685347162e-32
1.000000000000000021e-03 9.999509506659235436e-01 3.810206930715930441e-05 4.212948826884768744e-27 1.214731564759338107e-28
1.500000000000000248e-03 9.996557187239512032e-01 2.841299855890794149e-04 2.648777010049773804e-25 7.018894506009917245e-27
2.000000000000000042e-03 9.984661500981221183e-01 1.331690870966947392e-03 8.330438550078468059e-25 2.982860114175508948e-29
2.500000000000000052e-03 9.946675431454553573e-01 4.829279253232555275e-03 3.892775634202200148e-24 3.185961004126904592e-26
3.000000000000000496e-03 9.843575291714050657e-01 1.464920081529506868e-02 1.266830197591413815e-23 3.691988731577509519e-25
3.500000000000000507e-03 9.604442628669167537e-01 3.782976538190802041e-02 3.641098620101676475e-23 1.798585680035044095e-24
4.000000000000000083e-03 9.146268620368935842e-01 8.104055689305744714e-02 7.939048908140025385e-23 7.408931596535829363e-24
4.500000000000000527e-03 8.452517247918812648e-01 1.307070591760118305e-01 1.777602861088799742e-22 4.395115556205291087e-23
5.000000000000000104e-03 7.632277940133892491e-01 1.400374681822713629e-01 7.894088388286356188e-22 3.804596150434287115e-22
5.500000000000000548e-03 6.843586148958383797e-01 1.264026860394202034e-01 8.666664578478219162e-21 2.863888049208571861e-21
6.000000000000000992e-03 6.183334273883337451e-01 1.174604128885514548e-01 1.027467666873735020e-19 8.634921842992231580e-21
6.500000000000000569e-03 5.672349081971682638e-01 1.126973207883084777e-01 8.259405597929871230e-19 5.085646732945310225e-22
7.000000000000001013e-03 5.292113561588902559e-01 1.091906334736364864e-01 4.429508522412703018e-18 1.299967077450956280e-19
7.499999999999999722e-03 5.013956945624289396e-01 1.053136948306672288e-01 1.769942313694139934e-17 1.299344065490524751e-18
8.000000000000000167e-03 4.811535808983576912e-01 1.009321857040024750e-01 5.528636292100887996e-17 5.058397432026218193e-18
8.500000000000000611e-03 4.664131095531631743e-01 9.596356294881278060e-02 1.253312397972631969e-16 1.197625742852178785e-17
9.000000000000001055e-03 4.556457148431528603e-01 9.003847269250825347e-02 2.103997037929078271e-16 2.000190338348669460e-17
9.500000000000001499e-03 4.477529071283313788e-01 8.344921186802396751e-02 1.074806789897317468e-16 2.483042040636691292e-17
1.000000000000000021e-02 4.419533369216593899e-01 7.689275599223065194e-02 7.738263339347777132e-17 2.307874605520104355e-17
1.050000000000000065e-02 4.376905564262713599e-01 7.027076687250848053e-02 4.562192760167916051e-17 1.517956187937059413e-17
1.100000000000000110e-02 4.345668033609228487e-01 6.407588366599356600e-02 1.538463635753098603e-17 5.687037086245297927e-18
1.150000000000000154e-02 4.322950211258916875e-01 5.813796098059405976e-02 7.701686638355820718e-19 4.116850054862528114e-19
1.200000000000000198e-02 4.306666089983908208e-01 5.317101757011425539e-02 1.542886535817586579e-17 2.465435164320029168e-18
1.250000000000000069e-02 4.295283008393722124e-01 4.910846916434536552e-02 6.306167626977000267e-17 1.041368867777150495e-17
1.300000000000000114e-02 4.287666066285536481e-01 4.621424821981609532e-02 7.249686988522923452e-17 1.922817103218523005e-17
1.350000000000000158e-02 4.282965365509361355e-01 1.108588961918891350e-02 5.826297902636979103e-17 2.309359242509614706e-17
1.400000000000000203e-02 4.280540601102839071e-01 7.733508817906424061e-03 2.761935432591177903e-17 1.940979266302580780e-17
1.450000000000000247e-02 4.279904784500909720e-01 7.950999365891473630e-03 1.025266206147374193e-17 1.064440196227104697e-17
1.499999999999999944e-02 4.280683564387661177e-01 7.985754831156474665e-03 3.785333209964989721e-17 5.313520606602955207e-18
1.550000000000000162e-02 4.282588172591451081e-01 7.728767931531574202e-03 1.426960004811123741e-16 1.641649536713853365e-17
1.600000000000000033e-02 4.285392940991604727e-01 7.398211219998934891e-03 3.549012781819069712e-16 5.900403448202543510e-17
1.650000000000000078e-02 4.288919449686481311e-01 6.946271439051549847e-03 6.694888709511167396e-16 1.476284087547731610e-16
1.700000000000000122e-02 4.293024819605477660e-01 7.178403329972102460e-03 1.107597230278021008e-15 2.912712606155636139e-16
1.750000000000000167e-02 4.297594625068865692e-01 7.075352710841024961e-03 1.630362604406411411e-15 4.932384693598344286e-16
1.800000000000000211e-02 4.302533746483573340e-01 6.685681239174628629e-03 2.226829431785087351e-15 7.530895892898963553e-16
1.850000000000000255e-02 4.307764367957420126e-01 6.628698725747454029e-03 2.830237126122172525e-15 1.058566316148791547e-15
1.900000000000000300e-02 4.313220259615775931e-01 6.802873332545694186e-03 3.358368382483409935e-15 1.390412831398012324e-15
1.950000000000000344e-02 4.318846779747323450e-01 6.594114655783770047e-03 3.828676692137749479e-15 1.728944757321994896e-15
2.000000000000000042e-02 4.324614905966292500e-01 6.500738454354497431e-03 4.160885167280360747e-15 2.055155301205139757e-15
