# time 1 2 D-1 D
0.000000000000000000e+00 9.999999359697052670e-01 2.607912502310431084e-08 2.852487709881164842e-35 1.047154244941494790e-37
1.250000000000000243e-03 9.999903944596986172e-01 7.911539873200763840e-07 2.512200915304093510e-30 3.833250825969371196e-33
2.500000000000000486e-03 9.998420518661871315e-01 1.583601339916147549e-05 7.231644172939879166e-26 7.164808484492930926e-28
3.750000000000000729e-03 9.991886544532794234e-01 1.039289147408020377e-04 2.741900307639640644e-25 2.468952211408281605e-28
5.000000000000000971e-03 9.973854326138326121e-01 4.204453196726779538e-04 8.433554727265411890e-23 5.076360144800910542e-24
6.250000000000000347e-03 9.934234579866364490e-01 1.324837487454827521e-03 8.327176343848949413e-22 5.368662893177343913e-23
7.500000000000001457e-03 9.857430484707220275e-01 3.556075807788866734e-03 4.610289709287446529e-21 3.911267922611265872e-22
8.750000000000000833e-03 9.718858930187296297e-01 8.513378318132940395e-03 2.072215498843971882e-20 2.353027069793463990e-21
1.000000000000000194e-02 9.479485409473502600e-01 1.873285938076025420e-02 8.120544143015692658e-20 1.177684649979019908e-20
1.125000000000000132e-02 9.080150452442831144e-01 3.822623530955169407e-02 2.758296410098621979e-19 4.459001061816865578e-20
1.250000000000000069e-02 8.445460768824454290e-01 7.194631819244649840e-02 8.271431254114841297e-19 1.120097236264192630e-19
1.375000000000000180e-02 7.521258488631721306e-01 1.207206403086663049e-01 2.451731969646545199e-18 1.256019538743767797e-19
1.500000000000000291e-02 6.353454621645125977e-01 1.664253901339465824e-01 1.648869639563550540e-18 1.382443442286987944e-21
1.625000000000000056e-02 5.117181834193128553e-01 5.777189957703664919e-02 5.540035696957769329e-19 1.827306712463164386e-18
1.750000000000000167e-02 4.003241325167947728e-01 9.333315669367334144e-03 3.909532330073854590e-19 1.890764321055530951e-17
1.875000000000000278e-02 3.100830412958879845e-01 2.690004374909291812e-02 9.473628161877205580e-18 9.679580632043512803e-17
2.000000000000000389e-02 2.406948541726409152e-01 3.637377483577841630e-02 3.391650394020488353e-17 3.430792394313981653e-16
2.125000000000000500e-02 1.884154870719980668e-01 4.240937062879348435e-02 8.715046100134928873e-18 9.487481008300635355e-16
2.250000000000000264e-02 1.493615533370368231e-01 4.548679988519913064e-02 3.597945738314365171e-15 2.166214888219315380e-15
2.375000000000000375e-02 1.202683555144959532e-01 4.555969153363260277e-02 6.821293505274575870e-15 4.303941662897837914e-15
2.500000000000000139e-02 9.859478746891921219e-02 4.251808701552219072e-02 9.845281020694763530e-15 7.572503996171397659e-15
2.625000000000000250e-02 8.237642255307581207e-02 3.231575505103102125e-02 1.278234541065295197e-14 1.207724540036229976e-14
2.750000000000000361e-02 7.013716627600433129e-02 2.908990330436067584e-03 1.527826178838365986e-14 1.771540593582219226e-14
2.875000000000000472e-02 6.079474433603064554e-02 1.374738966104876135e-04 1.720018943900582626e-14 2.443501087264915119e-14
3.000000000000000583e-02 5.356899539970528396e-02 6.286699612275575052e-04 1.867177522056689431e-14 3.167041804362516252e-14
3.125000000000000000e-02 4.790173986442411436e-02 7.429355227083124123e-04 1.960079886252156344e-14 3.940344458129617059e-14
3.250000000000000111e-02 4.339322271487862370e-02 6.993721665096475125e-04 1.998396148317214888e-14 4.712668601761368050e-14
3.375000000000000222e-02 3.975492128907368722e-02 5.914904952144416821e-04 2.001885734760705211e-14 5.396023511925115630e-14
3.500000000000000333e-02 3.677589335271747722e-02 4.550398642056245071e-04 1.933196394196298999e-14 6.108957831062941327e-14
3.625000000000000444e-02 3.429922858475997066e-02 3.168806746344334023e-04 1.842971101161219194e-14 6.699618757680041820e-14
3.750000000000000555e-02 3.220409436392720343e-02 1.921649027482881359e-04 1.804277011017964838e-14 7.208444627819439991e-14
3.875000000000000666e-02 3.040306989660015308e-02 8.937647622180858924e-05 1.631068191143744722e-14 7.744025678034907138e-14
4.000000000000000777e-02 2.881777151889558519e-02 2.220733963650013671e-05 1.557858284112424146e-14 8.103504775788506671e-14
4.125000000000000888e-02 2.739141468015306516e-02 5.323070832566201059e-07 1.465075431983703957e-14 8.486897090245658982e-14
4.250000000000000999e-02 2.607735238168793976e-02 3.321897500317537054e-05 1.335486780957278805e-14 8.826473710165980427e-14
4.375000000000000416e-02 2.483757631659193332e-02 1.294153465785700897e-04 1.170184952515599479e-14 9.056879989465113574e-14
4.500000000000000527e-02 2.365318226146803995e-02 2.852420061058214733e-04 1.062887358908404141e-14 9.335013957070442085e-14
4.625000000000000638e-02 2.249892729375380790e-02 5.071968400974026818e-04 9.356848554918763936e-15 9.534176271726193208e-14
4.750000000000000749e-02 2.137552752896579658e-02 7.806719867288749656e-04 8.635344407343178408e-15 9.696443953451656158e-14
4.875000000000000860e-02 2.029224861249255552e-02 1.084811861937069006e-03 7.740094797231106739e-15 9.874922700149395348e-14
5.000000000000000278e-02 1.921998680099778686e-02 1.439939195811484754e-03 6.203257101702437047e-15 9.994767925235928022e-14
