# time 1 2 D-1 D
0.000000000000000000e+00 9.999999520009968945e-01 2.797187054878715622e-08 4.207461623577598421e-35 1.224233285343256390e-34
2.500000000000000486e-03 9.999930533244152375e-01 5.919104764863166940e-06 3.046332254361036784e-28 6.249790455485512541e-28
5.000000000000000971e-03 9.998480655815342732e-01 1.348169608018696291e-04 2.193999279110654462e-27 8.148722386384519926e-25
7.500000000000001457e-03 9.989648269848272477e-01 9.384607220866160969e-04 1.642799056405821397e-23 6.411998387176260171e-25
1.000000000000000194e-02 9.956346539498673875e-01 3.860893379933286011e-03 1.225053587022698884e-22 3.297895350683527113e-23
1.250000000000000069e-02 9.860741132684097687e-01 1.099640284381306343e-02 2.522272972678562968e-22 3.414408288897845258e-22
1.500000000000000291e-02 9.637965922015740983e-01 2.381221614280935525e-02 1.579842672749955889e-23 2.213868552386521496e-21
1.750000000000000167e-02 9.213307679948645745e-01 4.490895995697315873e-02 1.450648698718088623e-20 1.388708110921505051e-20
2.000000000000000389e-02 8.558676743594937353e-01 7.438876409951886148e-02 3.088207002829921126e-19 1.052992394589832420e-19
2.250000000000000264e-02 7.744543231610866441e-01 1.104456964111085598e-01 3.138476981236031979e-18 9.312944191324461084e-19
2.500000000000000139e-02 6.908158304027680607e-01 1.457860619691991044e-01 2.134633966075480883e-17 7.967863018917604175e-18
2.750000000000000361e-02 6.164851688630543780e-01 1.749363634672074785e-01 1.067053373050265574e-16 5.734624517481104230e-17
3.000000000000000583e-02 5.563147358859381608e-01 1.929089071611471418e-01 4.349770819552261707e-16 3.281461398163367358e-16
3.250000000000000111e-02 5.100363758289817584e-01 1.640843139583544052e-01 1.535612390576898203e-15 1.466250538252551821e-15
3.500000000000000333e-02 4.752582234040874098e-01 5.874942780155435057e-02 5.044874337151142712e-15 5.018258814263749644e-15
3.750000000000000555e-02 4.493090073010582164e-01 2.751930315652849346e-02 1.614171471698617751e-14 1.259610905651143270e-14
4.000000000000000777e-02 4.299289588110800087e-01 1.797002390454437853e-02 4.643446360231355404e-14 2.213815048785237759e-14
4.250000000000000999e-02 4.153906724211682278e-01 1.374564697936854485e-02 1.081645934074846267e-13 2.735349352108601262e-14
4.500000000000000527e-02 4.044259053580245844e-01 1.127908955533779914e-02 1.965139787752925138e-13 2.685294148505297062e-14
4.750000000000000749e-02 3.961157617080325322e-01 9.627760031366923779e-03 2.921568006821510819e-13 2.242310830459677092e-14
5.000000000000000278e-02 3.897949072517708502e-01 8.501077027370055120e-03 3.741917582754959190e-13 1.513880449485164738e-14
5.250000000000000500e-02 3.849787491853770560e-01 7.601834689304894435e-03 4.257255155503616220e-13 6.749074654234469444e-15
5.500000000000000722e-02 3.813112484565725491e-01 6.926736292700332032e-03 4.347837926481885681e-13 1.912105498581587708e-15
5.750000000000000944e-02 3.785281280751554012e-01 6.348118699098537557e-03 3.981426574155487542e-13 4.777990757449028170e-15
6.000000000000001166e-02 3.764312881681110556e-01 5.895465440240047449e-03 3.218530945251082253e-13 1.747830301103211040e-14
6.250000000000000000e-02 3.748707438949183124e-01 5.503922642204822809e-03 2.217004492034086989e-13 3.602481564847231397e-14
6.500000000000000222e-02 3.737318559980482569e-01 5.166944480617406688e-03 1.200100136020443065e-13 5.150509362316366301e-14
6.750000000000000444e-02 3.729262627554738030e-01 4.867031220458783135e-03 4.081538919878880202e-14 5.358762251526108613e-14
7.000000000000000666e-02 3.723853067225831315e-01 4.623293302539461039e-03 2.072102756484025431e-15 3.720339389997984908e-14
7.250000000000000888e-02 3.720552373220300524e-01 4.393489111698254367e-03 2.355596208008855506e-14 1.207605469136894130e-14
7.500000000000001110e-02 3.718937273721019121e-01 4.209442435774496220e-03 1.002470093704502085e-13 1.252069871873542948e-14
7.750000000000001332e-02 3.718672553734158615e-01 4.025951009182682228e-03 1.966335187039804830e-13 1.069699517726044763e-13
8.000000000000001554e-02 3.719489949426749709e-01 3.875527020206763051e-03 1.738552366684913109e-13 4.027189594214683044e-13
8.250000000000001776e-02 3.721173023759225540e-01 3.748118676417235527e-03 2.012697411103379765e-10 1.043325070875132753e-12
8.500000000000001998e-02 3.723548712756384882e-01 3.625074919290514636e-03 2.126707590345062071e-10 2.197651292112569493e-12
8.750000000000000833e-02 3.726474536603829879e-01 3.525344842572630290e-03 2.218671299423370226e-10 4.035675943302622826e-12
9.000000000000001055e-02 3.729832907364745154e-01 3.424700247597541134e-03 2.288452202912486104e-10 6.693845741090388516e-12
9.250000000000001277e-02 3.733525868315953344e-01 3.336945213969938571e-03 2.334860960577977539e-10 1.024407931280486504e-11
9.500000000000001499e-02 3.737474144115337515e-01 3.252734732053748530e-03 2.358795220386696978e-10 1.466039168038045936e-11
9.750000000000001721e-02 3.741610735337320137e-01 3.178079198246480316e-03 2.361130564502903254e-10 1.982998212988398726e-11
1.000000000000000056e-01 3.745875791123624010e-01 3.112560883106534407e-03 2.348365873373048807e-10 2.554711710454256072e-11
