# time 1 2 D-1 D
0.000000000000000000e+00 9.999999301694034726e-01 3.243723061713201422e-08 5.087782914423680080e-35 2.466666988492584362e-36
1.250000000000000243e-03 9.999979200098916277e-01 1.601809003643562932e-06 1.313790978663930440e-31 8.143559687501653366e-34
2.500000000000000486e-03 9.999568021029986431e-01 3.505603861285732796e-05 1.179940988244210242e-28 3.205180277724782134e-30
3.750000000000000729e-03 9.997075631890575131e-01 2.458328188119955561e-04 5.720615452771232952e-27 1.323199173525273866e-28
5.000000000000000971e-03 9.987546736866808050e-01 1.080375149614178640e-03 2.654322558465248136e-26 3.525714099241452824e-28
6.250000000000000347e-03 9.959177068203097782e-01 3.634842673347172398e-03 1.189961044767982649e-25 1.121594400380244193e-27
7.500000000000001457e-03 9.888473424848579496e-01 1.007891691527312839e-02 3.121322121606896778e-25 4.146522344040857611e-28
8.750000000000000833e-03 9.738410333493250359e-01 2.379333807454980798e-02 5.325706616660119170e-25 6.838001051118317629e-27
1.000000000000000194e-02 9.469574451184744612e-01 4.769715061582274068e-02 3.205371631710261507e-25 7.070887701439769733e-26
1.125000000000000132e-02 9.068794476147290506e-01 8.114955719910811605e-02 9.705765755659165933e-25 5.089882734968734289e-25
1.250000000000000069e-02 8.571703341505113594e-01 1.121887014926264692e-01 1.596325441968402501e-23 5.463614579586256562e-24
1.375000000000000180e-02 8.047095929354040056e-01 1.089763975066637414e-01 6.525277130190562111e-23 5.208893913928714844e-23
1.500000000000000291e-02 7.558174582657886109e-01 8.909554309204888167e-02 5.057632844051486288e-23 3.853742214148027661e-22
1.625000000000000056e-02 7.140389888386420303e-01 7.569185426034517883e-02 3.026260579884611451e-22 1.587578365520713052e-21
1.750000000000000167e-02 6.803387540600294159e-01 6.675618270936142795e-02 7.409569021580608271e-21 3.375010239494692099e-21
1.875000000000000278e-02 6.541671098711512311e-01 5.994906377487381477e-02 5.187577545363732760e-20 2.715459829692304199e-21
2.000000000000000389e-02 6.343580745994223946e-01 5.381535522468837429e-02 2.126159209870841915e-19 1.363806347204590314e-22
2.125000000000000500e-02 6.196402848486793902e-01 4.870672701678480793e-02 4.110023898467249032e-19 4.172180328300849122e-21
2.250000000000000264e-02 6.088669748342074861e-01 4.409364369244667820e-02 3.458590977386973680e-19 2.018386825232208973e-20
2.375000000000000375e-02 6.010902535072116804e-01 3.987445189805088192e-02 1.515625177926102753e-19 4.269988496761722094e-20
2.500000000000000139e-02 5.955618298143341427e-01 3.597883105780014940e-02 3.711033365597022809e-20 6.723165320704307934e-20
2.625000000000000250e-02 5.917067646068671083e-01 3.229293219808534315e-02 2.151650060584594078e-20 1.077484352931327713e-19
2.750000000000000361e-02 5.890893212632519749e-01 2.900697682774404373e-02 1.227249602644470324e-19 2.115533542231042872e-19
2.875000000000000472e-02 5.873823421425626856e-01 2.588757046341310514e-02 6.177408364901856375e-19 4.944201564045067433e-19
3.000000000000000583e-02 5.863404438367407767e-01 2.342833269659610335e-02 1.954702475597396806e-18 1.199237508710821797e-18
3.125000000000000000e-02 5.857806036955814921e-01 2.117414259825764825e-02 4.487449102504148895e-18 2.703476627133749294e-18
3.250000000000000111e-02 5.855660833841508373e-01 1.913154931688253874e-02 8.247811588858842263e-18 5.440947265242219916e-18
3.375000000000000222e-02 5.855951990956217434e-01 1.755028775289994500e-02 1.272069217485077745e-17 9.696694239817901416e-18
3.500000000000000333e-02 5.857923582740921509e-01 1.631055663013792831e-02 1.716574750158355988e-17 1.544406203702675139e-17
3.625000000000000444e-02 5.861018404407916105e-01 1.527282502667842365e-02 2.059973148525962466e-17 2.229712404392599889e-17
3.750000000000000555e-02 5.864834339257020135e-01 1.437051366880979716e-02 2.242298582338314518e-17 2.928983951980928757e-17
3.875000000000000666e-02 5.869082696020263556e-01 1.361727799600636474e-02 2.277322040425266543e-17 3.590392840645273043e-17
4.000000000000000777e-02 5.873566471289172197e-01 1.296003373638702182e-02 2.170055681019609196e-17 4.162409747669932986e-17
4.125000000000000888e-02 5.878156103763997331e-01 1.244254462977518842e-02 2.049606140009643572e-17 4.652316675933734239e-17
4.250000000000000999e-02 5.882772128872822970e-01 1.207823230942998115e-02 1.990689875647023118e-17 5.208315574655637714e-17
4.375000000000000416e-02 5.887371488542852971e-01 1.174022887369288205e-02 2.059912784236226605e-17 6.045764016424570301e-17
4.500000000000000527e-02 5.891936330459368598e-01 1.146375251479435017e-02 2.349252675970416244e-17 7.385856256971671016e-17
4.625000000000000638e-02 5.896464234117047010e-01 1.121562882125454012e-02 2.913306966252131754e-17 9.538092973350791022e-17
4.750000000000000749e-02 5.900959180531939463e-01 1.101585293524876344e-02 3.790514043130596129e-17 1.280824634799577786e-16
4.875000000000000860e-02 5.905445412928700399e-01 1.090148549013917820e-02 5.036078787638027981e-17 1.754306047291635038e-16
5.000000000000000278e-02 5.910174504332734724e-01 1.076447057174787642e-02 6.650813126587509721e-17 2.397715887010639594e-16
