# time 1 2 D-1 D
0.000000000000000000e+00 9.999999442616537282e-01 2.294185640550763498e-08 3.597759163908408947e-35 3.309992349711417992e-36
5.000000000000000104e-04 9.999963989354517802e-01 2.839309587222909243e-09 1.519718454736743018e-29 4.312559793164973499e-32
1.000000000000000021e-03 9.999461909114438773e-01 1.181077000983976319e-07 5.590196206565658607e-25 8.805531027845194138e-27
1.500000000000000248e-03 9.997453425340365740e-01 1.002488596741516003e-06 6.906552176968762614e-23 1.585861661228393623e-24
2.000000000000000042e-03 9.992362398585071803e-01 5.244755506309962725e-06 2.053107566216590467e-21 1.551875407812240281e-22
2.500000000000000052e-03 9.981908137816453142e-01 2.169004923980441052e-05 1.724195489408309966e-20 1.444488764424682908e-21
3.000000000000000496e-03 9.962549866285291822e-01 7.823925890488304100e-05 8.745602355226534552e-20 1.062908878741625171e-20
3.500000000000000507e-03 9.928292334115584872e-01 2.605454104471347150e-04 3.419154609871075605e-19 5.726894771636386270e-20
4.000000000000000083e-03 9.868175929033110583e-01 8.273407318881659343e-04 1.145880154459260048e-18 2.516980372619498609e-19
4.500000000000000527e-03 9.760533533451788424e-01 2.577262085711316385e-03 3.820645959206610714e-18 9.271964520471827615e-19
5.000000000000000104e-03 9.558135833092975542e-01 8.006722702271599351e-03 1.669781154865391809e-17 3.056677942511119457e-18
5.500000000000000548e-03 9.147006959751637911e-01 2.504425732263537707e-02 8.445801394553096731e-17 9.255353419327626063e-18
6.000000000000000992e-03 8.257146846757301706e-01 7.558539658018748053e-02 2.743635564600503737e-16 2.541777697842070774e-17
6.500000000000000569e-03 6.509013018268043904e-01 1.912622165065155921e-01 9.242446627475048675e-16 6.109665989303663082e-17
7.000000000000001013e-03 4.366207828521754264e-01 3.200360599440542075e-01 2.762546962344960086e-15 1.206888254987507838e-16
7.499999999999999722e-03 2.823139284236525492e-01 3.628412934522991518e-01 7.157054608492677486e-15 1.854393877032522296e-16
8.000000000000000167e-03 1.915407618558195024e-01 3.296185173754533904e-01 1.625907619801103614e-14 2.006570353811721729e-16
8.500000000000000611e-03 1.383503604886518190e-01 2.668783596322329976e-01 3.278169122906713745e-14 1.130238022966703288e-16
9.000000000000001055e-03 1.049141473676459269e-01 2.067591757911582395e-01 5.977486051716556231e-14 9.306227941681548628e-19
9.500000000000001499e-03 8.260132307280852737e-02 1.611570157778096923e-01 1.001978882557603238e-13 2.667484492568503585e-16
1.000000000000000021e-02 6.698303631656546409e-02 2.959860282332025042e-02 1.549013038375055777e-13 1.860817069146484318e-15
1.050000000000000065e-02 5.562565266030648770e-02 1.758243948156182346e-02 2.251888192069932287e-13 6.377023036380007905e-15
1.100000000000000110e-02 4.710468055870234427e-02 1.516986306516258931e-02 3.109609622424225711e-13 1.614552403949775807e-14
1.150000000000000154e-02 4.054235339641110852e-02 1.390309622149811866e-02 4.080062159499640749e-13 3.369764525019823490e-14
1.200000000000000198e-02 3.537480293574529755e-02 1.283839440916911649e-02 5.164907838765689548e-13 6.189601548734457068e-14
1.250000000000000069e-02 3.122706390320721323e-02 1.228205877937784025e-02 6.308456001610880397e-13 1.028871101311324181e-13
1.300000000000000114e-02 2.784233833354246568e-02 1.176623559408042710e-02 7.497563960814417431e-13 1.585737553350357005e-13
1.350000000000000158e-02 2.504017334611852164e-02 1.134894256381926633e-02 8.682768023197659111e-13 2.308086403378557673e-13
1.400000000000000203e-02 2.269083708678077543e-02 1.107931251599618763e-02 9.835692857007569709e-13 3.180081590224933497e-13
1.450000000000000247e-02 2.069913028975316899e-02 1.074192548801989125e-02 1.093125998201577195e-12 4.210687779545046094e-13
1.499999999999999944e-02 1.899388799347716261e-02 1.056996458056862903e-02 1.198019531790044038e-12 5.383676199304954791e-13
1.550000000000000162e-02 1.752100759553031420e-02 1.037695941048911996e-02 1.293756187320406642e-12 6.669779915278668335e-13
1.600000000000000033e-02 1.623872363862355686e-02 1.024223628124059163e-02 1.381336891391007386e-12 8.071036950626671472e-13
1.650000000000000078e-02 1.511434658141409815e-02 1.009810643266187066e-02 1.457073985223476422e-12 9.576588196469185474e-13
1.700000000000000122e-02 1.412197175602019315e-02 9.961293385303188197e-03 1.524922035584161343e-12 1.108805551196024662e-12
1.750000000000000167e-02 1.324084110350502892e-02 9.821574904511127038e-03 1.585593732417179961e-12 1.263385134599690254e-12
1.800000000000000211e-02 1.245415716887022725e-02 9.696364568194729833e-03 1.642166877164223230e-12 1.424674775084653087e-12
1.850000000000000255e-02 1.174820877824996057e-02 9.559982384501383712e-03 1.684921128278358396e-12 1.587428063812177774e-12
1.900000000000000300e-02 1.111171694099287628e-02 9.451470727539502611e-03 1.711569302821466567e-12 1.746623695340865415e-12
1.950000000000000344e-02 1.053534163995041573e-02 9.374966890445621953e-03 1.738430347887383639e-12 1.891294168613458144e-12
2.000000000000000042e-02 1.001129812513843094e-02 9.259585493016682031e-03 1.765804086200082381e-12 2.035355567486242497e-12
