# time 1 2 D-1 D
0.000000000000000000e+00 9.999999561628263312e-01 1.113281811857117032e-08 3.682823801126227297e-35 1.910913004055481397e-35
1.250000000000000243e-03 9.999959956006856387e-01 2.711997050809947579e-09 6.253213227043677034e-25 1.001053631429794563e-26
2.500000000000000486e-03 9.999427632830700796e-01 7.146376507515541204e-08 3.533289063658350485e-22 1.244290914873541189e-23
3.750000000000000729e-03 9.997318686945250166e-01 5.161583651937777218e-07 2.421222260021274542e-20 1.063394206753698419e-21
5.000000000000000971e-03 9.992092814562479886e-01 2.279729858488031222e-06 3.997789910719024273e-20 4.676923190520102423e-22
6.250000000000000347e-03 9.981828440817569481e-01 7.797621408927583495e-06 1.447582336203640405e-19 8.811695997301106305e-22
7.500000000000001457e-03 9.964087258986357165e-01 2.288998644748433585e-05 6.445542996344064295e-19 5.029776825377130530e-21
8.750000000000000833e-03 9.935492010428100818e-01 6.094242888205504683e-05 3.761252743497191261e-18 4.350234398468786365e-20
1.000000000000000194e-02 9.890895331742070029e-01 1.537325869556853202e-04 3.196344999272431196e-17 5.112751001496871562e-19
1.125000000000000132e-02 9.821903715684293656e-01 3.775482864234248111e-04 3.097318277182346936e-16 5.022944556249531462e-18
1.250000000000000069e-02 9.714276599962677894e-01 9.213542602179333437e-04 2.920173726554448835e-15 3.946328549653187965e-17
1.375000000000000180e-02 9.543181174958864643e-01 2.275187524548789950e-03 2.249072392821672118e-14 2.230526199966518448e-16
1.500000000000000291e-02 9.264004289526791558e-01 5.760387433936029963e-03 1.336037825174206021e-13 8.614966923088776399e-16
1.625000000000000056e-02 8.791691299814536897e-01 1.521440814527337711e-02 6.177883184520142173e-13 2.256209237620732571e-15
1.750000000000000167e-02 7.977792610744828261e-01 3.941532545411495503e-02 1.905648073734864172e-12 3.739899317297203991e-15
1.875000000000000278e-02 6.595231799559649888e-01 9.558989908630900756e-02 4.239152856812374571e-12 3.002613244513505043e-15
2.000000000000000389e-02 4.774216109419083254e-01 1.712209998242990305e-01 8.183637781237431323e-12 7.573875814036156320e-17
2.125000000000000500e-02 3.214380784636358679e-01 2.085004084315741357e-01 1.462167820827039382e-11 1.183481155422186527e-14
2.250000000000000264e-02 2.230162889421908878e-01 1.953630905301805554e-01 2.387885835854846669e-11 9.837775584183601985e-14
2.375000000000000375e-02 1.644324253038603745e-01 1.627778762359923526e-01 3.655861398357273804e-11 3.928920736221444341e-13
2.500000000000000139e-02 1.270667708436091781e-01 1.313785362353200870e-01 5.182937600824984580e-11 1.118937296384875525e-12
2.625000000000000250e-02 1.012163913980935748e-01 1.067647833283247166e-01 6.876419892202495763e-11 2.582527290112045687e-12
2.750000000000000361e-02 8.311673384380628693e-02 8.766237520697144070e-02 8.636587332600884664e-11 5.130365262102818981e-12
2.875000000000000472e-02 6.937848669127583134e-02 7.342943608840624137e-02 1.033416521707004412e-10 9.100054617595647467e-12
3.000000000000000583e-02 5.839979099636619791e-02 6.289268396340266798e-02 1.182040330619557613e-10 1.474838732557135845e-11
3.125000000000000000e-02 4.977272769212340991e-02 5.459335692449237415e-02 1.303503859856475351e-10 2.220606888250098675e-11
3.250000000000000111e-02 4.258234653676545162e-02 4.806235577089696537e-02 1.376068325656500495e-10 3.145879355455271517e-11
3.375000000000000222e-02 3.653438186834800233e-02 4.271102279319458767e-02 1.411703846951888538e-10 4.234970871124337912e-11
3.500000000000000333e-02 3.136402597831342703e-02 3.840993423188708566e-02 1.402477541013505012e-10 5.461366796116722776e-11
3.625000000000000444e-02 2.688852286634766872e-02 3.490063619827037111e-02 1.363256442327151955e-10 6.792573457237577821e-11
3.750000000000000555e-02 2.297520918755295224e-02 3.177356939566731986e-02 1.281314216362885890e-10 8.192135336241463118e-11
3.875000000000000666e-02 1.953472936600157694e-02 2.914086505969271101e-02 1.183347272684777158e-10 9.625864220078727919e-11
4.000000000000000777e-02 1.650276309874192798e-02 2.643549837267268957e-02 1.074625616217859875e-10 1.106425941253976374e-10
4.125000000000000888e-02 1.383358041553497952e-02 2.459277997524543860e-02 9.460544356477325030e-11 1.248131415134484582e-10
4.250000000000000999e-02 1.149334579851540687e-02 2.111493537414580943e-02 8.192151702547596407e-11 1.385902745005139860e-10
4.375000000000000416e-02 9.455239118716174743e-03 2.172161148867217395e-02 7.022298696122040583e-11 1.518371359282556693e-10
4.500000000000000527e-02 7.695855414926626621e-03 2.163543699723435854e-02 5.870674720842339307e-11 1.644614796269463466e-10
4.625000000000000638e-02 6.192790693533740953e-03 2.144394390933769545e-02 4.811569223518714425e-11 1.764177269806302311e-10
4.750000000000000749e-02 4.923318982802935700e-03 2.136242877888346048e-02 3.830190072968674458e-11 1.876823840784629130e-10
4.875000000000000860e-02 3.863985260106750710e-03 2.126918133438416084e-02 3.026271907600635648e-11 1.982464798488606839e-10
5.000000000000000278e-02 2.990853473109092182e-03 2.103067003470125360e-02 2.336300565597445954e-11 2.081261269638413534e-10
