# lambda 1 2 D-1 D
0.000000000000000000e+00 -1.499999993824978262e+01 -1.300000002994060111e+01 1.300000001079511947e+01 1.499999993736475190e+01
2.500000000000000139e-02 -1.463542530622253857e+01 -1.278160431889936710e+01 1.278128408254715076e+01 1.463470437077780240e+01
5.000000000000000278e-02 -1.429475274577343313e+01 -1.258223744587592563e+01 1.257965283296579884e+01 1.428861814355231274e+01
7.500000000000001110e-02 -1.398397136368168781e+01 -1.240406474571726925e+01 1.239529868113891986e+01 1.396176269260052472e+01
1.000000000000000056e-01 -1.371159041564066605e+01 -1.224946986038577812e+01 1.222865255111891436e+01 1.365466604345826518e+01
1.250000000000000000e-01 -1.348947000453878076e+01 -1.212127468849987366e+01 1.208036644554555039e+01 1.336852179075000890e+01
1.500000000000000222e-01 -1.333310616535908544e+01 -1.202471362801826693e+01 1.195124974645672289e+01 1.310547378582515599e+01
1.750000000000000167e-01 -1.326006852837186223e+01 -1.197675596142737753e+01 1.184206044513469358e+01 1.286913454963707615e+01
2.000000000000000111e-01 -1.328568486423117001e+01 -1.200865808817667890e+01 1.175297448532132627e+01 1.266551080208675195e+01
2.250000000000000056e-01 -1.341795798132110740e+01 -1.212289601083637613e+01 1.168252190746704322e+01 1.250445435395039517e+01
2.500000000000000000e-01 -1.365567510185938183e+01 -1.231232520307277589e+01 1.162643392336272008e+01 1.240091495981546466e+01
2.750000000000000222e-01 -1.399055540300412304e+01 -1.257841645225190419e+01 1.157933014753136192e+01 1.237271913019755587e+01
3.000000000000000444e-01 -1.441085334713135424e+01 -1.292750135730819139e+01 1.154324294367371806e+01 1.243192223909673899e+01
3.250000000000000111e-01 -1.490422573460900679e+01 -1.335352729527065208e+01 1.154803431689042625e+01 1.257792154154563846e+01
3.500000000000000333e-01 -1.545930380371005164e+01 -1.384029994880958903e+01 1.167557948030824910e+01 1.280119673499684829e+01
3.750000000000000000e-01 -1.606627682050762829e+01 -1.437511047466542635e+01 1.190724521300824179e+01 1.309013567516071319e+01
4.000000000000000222e-01 -1.671694058387150150e+01 -1.494944181480741463e+01 1.220021449342180375e+01 1.343426959214957250e+01
4.250000000000000444e-01 -1.740452695615138268e+01 -1.555714954605302935e+01 1.253731883446745599e+01 1.382491996399355827e+01
4.500000000000000111e-01 -1.812347588088077543e+01 -1.619345389989316431e+01 1.291143386035708218e+01 1.425501875645633021e+01
4.750000000000000333e-01 -1.886921646665133423e+01 -1.685443414336002732e+01 1.331993952586524088e+01 1.471879506158109407e+01
5.000000000000000000e-01 -1.963797859438954774e+01 -1.753677449255520671e+01 1.376100209703110622e+01 1.521150341808359130e+01
5.250000000000000222e-01 -2.042663812982343785e+01 -1.823763851876459086e+01 1.423096137430223251e+01 1.572921420215678268e+01
5.500000000000000444e-01 -2.123259237797648069e+01 -1.895460015511714857e+01 1.472495286197567310e+01 1.626865338771892056e+01
5.750000000000000666e-01 -2.205366077161980698e+01 -1.968559269859969518e+01 1.523859596640901870e+01 1.682707793082842684e+01
6.000000000000000888e-01 -2.288800590975055016e+01 -2.042886148817543912e+01 1.576852032469822618e+01 1.740217723274915684e+01
6.250000000000000000e-01 -2.373407074296982344e+01 -2.118291828323480885e+01 1.631219102163359125e+01 1.799199444349470767e+01
6.500000000000000222e-01 -2.459052847656140628e+01 -2.194649910420199390e+01 1.686765587090426877e+01 1.859486330744408988e+01
6.750000000000000444e-01 -2.545624246547552971e+01 -2.271852711306224037e+01 1.743336611182557405e+01 1.920935735699046987e+01
7.000000000000000666e-01 -2.633023396297625851e+01 -2.349808112640378255e+01 1.800806249072524423e+01 1.983424895596299820e+01
7.250000000000000888e-01 -2.721165605614095995e+01 -2.428436932612950017e+01 1.859070209122937456e+01 2.046847619698208121e+01
7.500000000000000000e-01 -2.809977249178598413e+01 -2.507670775680049502e+01 1.918040904620558251e+01 2.111111605375271694e+01
7.750000000000000222e-01 -2.899394038413280228e+01 -2.587450274251428439e+01 1.977643981673123008e+01 2.176136251326341764e+01
8.000000000000000444e-01 -2.989359601784278198e+01 -2.667723646998329201e+01 2.037815761371098944e+01 2.241850867709275263e+01
8.250000000000000666e-01 -3.079824313145510928e+01 -2.748445524357787662e+01 2.098501302226569720e+01 2.308193203420864847e+01
8.500000000000000888e-01 -3.170744319846113157e+01 -2.829575982186402783e+01 2.159652891938911168e+01 2.375108227725922561e+01
8.750000000000000000e-01 -3.262080732538868943e+01 -2.911079742069304643e+01 2.221228854334209757e+01 2.442547116795347506e+01
9.000000000000000222e-01 -3.353798946541327552e+01 -2.992925511831778351e+01 2.283192589133558670e+01 2.510466406178201026e+01
9.250000000000000444e-01 -3.445868070755670232e+01 -3.075085434254574324e+01 2.345511799690896027e+01 2.578827278354563646e+01
9.500000000000000666e-01 -3.538260444958495299e+01 -3.157534624100183862e+01 2.408157854742499637e+01 2.647594960875183290e+01
9.750000000000000888e-01 -3.630951230039863731e+01 -3.240250776032017654e+01 2.471105266195380068e+01 2.716738215702471848e+01
1.000000000000000000e+00 -3.723918058739026549e+01 -3.323213843395085121e+01 2.534331252144983182e+01 2.786228903339085150e+01
