# time 1 2 D-1 D
0.000000000000000000e+00 9.999999622812781874e-01 1.962712147845276065e-08 1.932948013003629969e-34 6.836234334000865789e-36
2.500000000000000052e-04 9.999971824639131146e-01 3.038564210925322182e-07 2.230183939696063102e-25 1.939728061919699774e-27
5.000000000000000104e-04 9.999574696662014706e-01 5.537217384707871854e-06 5.565632456873248251e-22 1.207673366482462672e-23
7.500000000000001240e-04 9.997879412386168063e-01 3.677698604004451811e-05 1.160442720372538414e-20 2.643845189447474318e-22
1.000000000000000021e-03 9.993217688362280304e-01 1.554899308842285074e-04 2.759091003429469056e-20 1.923906929489215402e-22
1.250000000000000026e-03 9.982740769996417685e-01 5.086243267981937046e-04 9.610503780886927104e-20 4.176841019020985795e-22
1.500000000000000248e-03 9.961512925306205135e-01 1.410887743304171894e-03 4.903538045832497618e-19 3.297869971531742011e-21
1.750000000000000253e-03 9.920994566008631832e-01 3.481091866480047394e-03 3.195739339864803683e-18 3.242720303331756237e-20
2.000000000000000042e-03 9.846870426463842918e-01 7.841548808506012408e-03 2.747451819781827362e-17 3.095009369238789000e-19
2.250000000000000264e-03 9.716624261874522439e-01 1.632731644885028824e-02 2.669190388204132136e-16 2.630131792591796540e-18
2.500000000000000052e-03 9.498470143793386056e-01 3.155531037626022051e-02 2.301163112309609935e-15 1.719295910832557611e-17
2.750000000000000274e-03 9.155249412198225301e-01 5.629381172364377600e-02 1.064659746623149268e-14 8.239885359623649171e-17
3.000000000000000496e-03 8.657395030230090605e-01 9.142471334440575859e-02 3.337839473951454837e-14 2.699926147183480090e-16
3.250000000000000284e-03 8.002491601930996623e-01 1.321285870778086124e-01 9.580112662310875111e-14 5.845734910925529416e-16
3.500000000000000507e-03 7.226150647167850494e-01 1.641310957838788276e-01 2.466995983491271509e-13 7.247556805962626411e-16
3.749999999999999861e-03 6.389734432594286195e-01 1.773985473498546350e-01 5.603317251342954610e-13 2.586976933085144521e-16
4.000000000000000083e-03 5.554331711146336392e-01 1.801801847067488471e-01 1.137020993679615234e-12 3.620878635372761853e-16
4.250000000000000305e-03 4.763597651539280831e-01 1.800348262407971967e-01 2.102227746908282743e-12 8.009351012024717704e-15
4.500000000000000527e-03 4.042330308561149499e-01 1.776947740214776528e-01 3.593683800582755874e-12 4.184923944245615718e-14
4.750000000000000749e-03 3.402123318357238024e-01 1.710622701508753007e-01 5.750880409432401570e-12 1.373443625250490146e-13
5.000000000000000104e-03 2.846336779325195354e-01 1.590665621165072707e-01 8.719210772833920135e-12 3.474115055761566728e-13
5.250000000000000326e-03 2.372819024953995160e-01 1.422787733420809997e-01 1.266026652665001625e-11 7.413740852557911811e-13
5.500000000000000548e-03 1.975495776102377254e-01 1.251868256653435596e-01 1.748131918719050037e-11 1.394950514294299062e-12
5.750000000000000770e-03 1.646138931558082386e-01 1.087630523094973295e-01 2.343657163177662819e-11 2.379994940047800966e-12
6.000000000000000992e-03 1.375167982035001013e-01 9.501630970006606780e-02 3.052182134489043555e-11 3.756100651812178735e-12
6.250000000000000347e-03 1.153202907022555651e-01 8.385621632266425374e-02 3.863725191232468282e-11 5.565110369654065509e-12
6.500000000000000569e-03 9.717269164339122078e-02 7.421678048137285433e-02 4.768726610018450731e-11 7.825848678643306368e-12
6.750000000000000791e-03 8.232510019127910195e-02 6.683776592026030583e-02 5.794866863102257331e-11 1.053725245702037269e-11
7.000000000000001013e-03 7.014708334877180207e-02 6.044709872151766972e-02 6.875290112736797438e-11 1.367250388621050416e-11
7.250000000000001235e-03 6.012045519002452709e-02 5.514712051405080973e-02 7.999726790327012736e-11 1.719963978215856226e-11
7.499999999999999722e-03 5.184454541644925585e-02 5.066200095106576651e-02 9.225046677793318908e-11 2.107497441579575084e-11
7.750000000000000812e-03 4.495609385595655816e-02 4.692146014607242316e-02 1.047583917429849907e-10 2.524596770103985206e-11
8.000000000000000167e-03 3.920072055113760223e-02 4.350296903228857703e-02 1.175086227761608193e-10 2.966444773789721147e-11
8.250000000000000389e-03 3.436947949622372322e-02 4.063976349777593394e-02 1.300881899768810148e-10 3.427766665629432644e-11
8.500000000000000611e-03 3.029193790044237486e-02 3.800720548029629803e-02 1.430424102540901738e-10 3.903740111423967259e-11
8.750000000000000833e-03 2.682354526326332506e-02 3.569243980631869179e-02 1.555590960201848342e-10 4.389941860543907963e-11
9.000000000000001055e-03 2.386159769985378432e-02 3.356969648427544917e-02 1.681034884502388183e-10 4.882155731079147893e-11
9.250000000000001277e-03 2.131801251318088744e-02 3.168786611347289978e-02 1.804903692563046414e-10 5.376583950028660309e-11
9.500000000000001499e-03 1.912335709444961188e-02 2.991447540101440164e-02 1.927503377777706466e-10 5.870197667812901701e-11
9.750000000000001721e-03 1.722018155837989548e-02 2.840107570917039387e-02 2.042566101947147704e-10 6.360080573732960307e-11
1.000000000000000021e-02 1.555939586641635723e-02 2.697829981644205011e-02 2.154036846610260655e-10 6.843651547940333837e-11
