# time 1 2 D-1 D
0.000000000000000000e+00 9.999999474051053383e-01 1.903838160754512533e-08 2.071131506540116548e-36 2.421242856205438961e-36
2.500000000000000486e-03 9.999954083454335452e-01 2.866302070173058587e-08 1.922517392634973587e-30 4.144968693426913872e-33
5.000000000000000971e-03 9.999312646859299658e-01 7.338157749241799789e-07 2.006948779248641112e-25 3.393345374431654381e-27
7.500000000000001457e-03 9.996740516492839124e-01 5.677416519825295062e-06 8.321598936607668532e-24 1.750185455069543276e-25
1.000000000000000194e-02 9.990187691337711895e-01 2.766489808909978660e-05 4.897378408365912954e-22 4.156070889957236457e-23
1.250000000000000069e-02 9.976592401469766003e-01 1.071510421380645267e-04 4.415893528928571863e-21 3.918333730917487492e-22
1.500000000000000291e-02 9.950914416417628861e-01 3.636792649532614237e-04 2.499740875280515672e-20 2.854588401507708054e-21
1.750000000000000167e-02 9.903828220664119275e-01 1.140971041161211114e-03 1.244355422348818945e-19 1.627428340228576410e-20
2.000000000000000389e-02 9.816168021796469745e-01 3.430391575956255861e-03 6.634195583366493047e-19 7.719001898950260438e-20
2.250000000000000264e-02 9.644675959113196972e-01 1.010982839115956780e-02 3.745091187414858275e-18 3.156219341372077362e-19
2.500000000000000139e-02 9.284975466456414361e-01 2.941977957898150170e-02 1.409330004141111644e-17 1.143319789698648233e-18
2.750000000000000361e-02 8.497895579846895808e-01 8.221929159790467012e-02 5.283047722069823789e-17 3.691116617845261276e-18
3.000000000000000583e-02 6.982316488624215056e-01 1.948729500775084333e-01 1.862791178248518635e-16 1.043243938617882837e-17
3.250000000000000111e-02 5.003298159216214014e-01 3.370421164082811893e-01 5.615842242002471688e-16 2.405726423257560641e-17
3.500000000000000333e-02 3.384888830223812817e-01 4.244412841933495328e-01 1.438924096889650993e-15 4.260592616750840588e-17
3.750000000000000555e-02 2.356085096777055243e-01 4.366670946514324414e-01 3.171115722272847231e-15 5.120989937442094898e-17
4.000000000000000777e-02 1.720906222068313562e-01 4.095987515271932167e-01 6.192923480206170991e-15 2.879662025337289601e-17
4.250000000000000999e-02 1.312798684973711660e-01 2.342092721772424668e-01 1.101924629067544007e-14 3.811715616140792633e-19
4.500000000000000527e-02 1.037821488849092338e-01 6.406348698244597462e-02 1.803722533309867787e-14 1.544342566317455690e-16
4.750000000000000749e-02 8.447289316235032097e-02 3.332755117716154625e-02 2.769704616018544205e-14 9.915432946730070315e-16
5.000000000000000278e-02 7.043744987481791175e-02 2.126631020513600895e-02 4.037949712019244699e-14 3.478037815122737694e-15
5.250000000000000500e-02 5.993348146425735157e-02 1.629646185016342050e-02 5.626697532812272869e-14 9.112772901658992860e-15
5.500000000000000722e-02 5.187289402824633161e-02 1.378761623949643564e-02 7.546060420072197770e-14 1.984120403318029580e-14
5.750000000000000944e-02 4.555080490870885151e-02 1.250201096988812904e-02 9.866268057263268243e-14 3.764832013650665130e-14
6.000000000000001166e-02 4.049617005469002828e-02 1.173884393097642496e-02 1.253231376328162408e-13 6.485923539780438515e-14
6.250000000000000000e-02 3.638567402175876819e-02 1.123391088804222282e-02 1.561511570473830840e-13 1.033323445615672906e-13
6.500000000000000222e-02 3.299209583633113535e-02 1.092772811179807020e-02 1.910930408900431630e-13 1.532401303306742605e-13
6.750000000000000444e-02 3.015234205807566792e-02 1.075871206333654621e-02 2.300752438246381525e-13 2.155204571000743510e-13
7.000000000000000666e-02 2.774711460664220156e-02 1.065034114485942027e-02 2.730055619468694418e-13 2.902153223155699802e-13
7.250000000000000888e-02 2.568766059158775206e-02 1.056141245126330369e-02 3.205011762226525325e-13 3.746861094829556200e-13
7.500000000000001110e-02 2.390690820941264103e-02 1.055381401744885650e-02 3.720406710611418038e-13 4.682163088229306404e-13
7.750000000000001332e-02 2.235353495275241992e-02 1.055590519824713656e-02 4.246584106178793313e-13 5.714866805897032013e-13
8.000000000000001554e-02 2.098765671472841224e-02 1.053995186502448660e-02 4.825212598940650915e-13 6.765198003169636703e-13
8.250000000000001776e-02 1.977803759281619375e-02 1.058165321932317583e-02 5.429698354614079932e-13 7.867735006315062422e-13
8.500000000000001998e-02 1.869987866378890196e-02 1.058561085962994933e-02 6.037612645595351968e-13 9.007263849679009628e-13
8.750000000000000833e-02 1.773331564667562921e-02 1.062639065118890606e-02 6.684103289932904025e-13 1.010828573417058662e-12
9.000000000000001055e-02 1.686228300401230659e-02 1.066686648345905979e-02 7.331069337881354904e-13 1.120731554435647081e-12
9.250000000000001277e-02 1.607363240107824096e-02 1.069642645666963286e-02 7.974878968042074611e-13 1.242875747601340227e-12
9.500000000000001499e-02 1.535655409525273074e-02 1.070869163142896922e-02 8.608783664889344411e-13 1.349760231090950726e-12
9.750000000000001721e-02 1.470204750017091617e-02 1.075008319218044746e-02 9.296042894945285975e-13 1.435034121491276499e-12
1.000000000000000056e-01 1.410294676469540757e-02 1.075970435505544005e-02 1.008355304677057372e-12 1.508558956748386810e-12
