# time 1 2 D-1 D
0.000000000000000000e+00 9.999999514991489979e-01 1.655008126539595579e-09 1.779478041954163841e-35 9.026914993552053484e-35
5.000000000000000104e-04 9.970058093240844466e-01 2.549995612010177342e-05 2.825988638055978975e-23 2.412799720784664265e-25
1.000000000000000021e-03 9.879810418677755779e-01 1.209628254887888411e-04 2.031614415319157582e-19 2.574159063501416242e-21
1.500000000000000248e-03 9.727510811371739008e-01 3.232671406118289500e-04 4.685668799418699582e-17 8.654856228314756107e-19
2.000000000000000042e-03 9.509641427026948035e-01 6.816150970049068185e-04 2.666169186580758375e-15 7.089262055111130702e-17
2.500000000000000052e-03 9.220756158345750908e-01 1.267891616674452979e-03 6.964043994224964203e-14 2.675323573116202921e-15
3.000000000000000496e-03 8.853680275484651085e-01 2.183561563753432921e-03 1.104848620695973585e-12 6.108123127299954352e-14
3.500000000000000507e-03 8.400334349448450588e-01 3.585560605838217924e-03 1.219832347590532460e-11 9.576967663850997177e-13
4.000000000000000083e-03 7.853540049363618714e-01 5.506579877580070406e-03 1.021070640680927794e-10 1.087770852477498432e-11
4.500000000000000527e-03 7.210094020652031421e-01 8.127866478824796737e-03 6.934638568665119700e-10 9.115126853303920476e-11
5.000000000000000104e-03 6.474918913783074270e-01 1.145303554207703634e-02 4.253286940898762257e-09 5.706053067981109776e-10
5.500000000000000548e-03 5.665088424991289173e-01 1.526352469407155597e-02 2.777889708793240308e-08 2.732806413399690945e-09
6.000000000000000992e-03 4.811353050246463536e-01 1.919441692345552619e-02 1.495054160389566479e-07 1.037260645740011071e-08
6.500000000000000569e-03 3.954738928436648537e-01 2.298897257008493747e-02 3.613838032222139076e-07 3.242018982179929229e-08
7.000000000000001013e-03 3.138416766833052596e-01 2.646651479074877550e-02 7.554091568502154303e-07 8.639893598229252252e-08
7.499999999999999722e-03 2.396442883962320303e-01 3.020065368103516321e-02 1.464528219340277378e-06 2.020780861108369998e-07
8.000000000000000167e-03 1.751565106588505449e-01 3.417126014424785169e-02 2.607035382976705652e-06 4.245058068790510713e-07
8.500000000000000611e-03 1.216534087254420721e-01 3.835060049272728810e-02 4.324950390803130301e-06 8.157093556080192344e-07
9.000000000000001055e-03 8.056686771197393848e-02 4.056989625981882730e-02 6.737187408729173090e-06 1.454644714028557089e-06
9.500000000000001499e-03 5.163131094147441896e-02 3.963948061627852598e-02 9.953872395884183415e-06 2.435355689274570491e-06
1.000000000000000021e-02 3.306427406237678196e-02 3.554745131924110652e-02 1.403982167574483820e-05 3.863578767039606736e-06
1.050000000000000065e-02 2.166917673950235351e-02 2.997852676557089327e-02 1.908164719064578708e-05 5.852318101648590257e-06
1.100000000000000110e-02 1.473580784586328921e-02 2.420642661120181449e-02 2.507811247200263766e-05 8.517005238439241311e-06
1.150000000000000154e-02 1.039346012958478754e-02 1.906167263594669287e-02 3.200695934136878727e-05 1.197049937862378393e-05
1.200000000000000198e-02 7.582530516313476868e-03 1.479746223799077547e-02 3.986663117992147375e-05 1.631892187456632378e-05
1.250000000000000069e-02 5.697162169810224448e-03 9.580399335386729262e-05 4.867415431797632742e-05 2.165756013689525050e-05
1.300000000000000114e-02 4.389927765086430907e-03 4.844940599581635561e-05 5.825138851903212682e-05 2.807024910167963923e-05
1.350000000000000158e-02 3.456190996191998294e-03 3.999358376134302473e-05 6.865851841722542704e-05 3.562382777685816818e-05
1.400000000000000203e-02 2.771455172960153070e-03 3.879091173526909623e-05 7.975108639071964035e-05 4.437118744895866411e-05
1.450000000000000247e-02 2.257775041005213607e-03 3.848207821068533259e-05 9.138203322850015184e-05 5.434922709620697642e-05
1.499999999999999944e-02 1.863200750835094805e-03 3.923678887561288649e-05 1.036727984016489314e-04 6.557991467341313158e-05
1.550000000000000162e-02 1.555267385638944106e-03 4.145256263141906345e-05 1.163861342635903512e-04 7.807135321007559984e-05
1.600000000000000033e-02 1.309921890198480383e-03 4.538869847106396594e-05 1.296666117332910182e-04 9.181920488594642112e-05
1.650000000000000078e-02 1.110730193371882620e-03 5.130644439153658304e-05 1.430444787667648073e-04 1.068268698272470917e-04
1.700000000000000122e-02 9.461170465060206140e-04 5.926543229821727260e-05 1.570556351338963698e-04 1.230073541613214820e-04
1.750000000000000167e-02 8.049818305880964255e-04 7.201067423947105463e-05 1.709739376034458017e-04 1.403932686538173413e-04
1.800000000000000211e-02 6.786313658342764616e-04 9.207596276847758714e-05 1.854085046678577127e-04 1.589092572747066311e-04
1.850000000000000255e-02 5.632118927996631772e-04 1.187031686899805955e-04 1.998215328237515473e-04 1.785230037545034473e-04
1.900000000000000300e-02 4.512907878871581010e-04 1.558251691011248194e-04 2.142560447576929029e-04 1.991978394864407545e-04
1.950000000000000344e-02 3.434737043076975136e-04 2.001475325516477932e-04 2.287495967272709099e-04 2.208627234922100173e-04
2.000000000000000042e-02 2.434891736269758061e-04 2.458525613173835958e-04 2.435936198693716356e-04 2.434464752475641754e-04
