# lambda 1 2 D-1 D
0.000000000000000000e+00 -1.499999993933381148e+01 -1.300000001981736730e+01 1.300000001108125858e+01 1.499999993648765795e+01
2.500000000000000139e-02 -1.463575041612799588e+01 -1.277856281656632653e+01 1.277907008930674770e+01 1.463655953035467938e+01
5.000000000000000278e-02 -1.429271170460600082e+01 -1.257776707080216916e+01 1.258188225065468124e+01 1.429961039936101308e+01
7.500000000000001110e-02 -1.397068718877629401e+01 -1.239763659987620947e+01 1.241160289762393809e+01 1.399575699504531734e+01
1.000000000000000056e-01 -1.366980567833154758e+01 -1.223842641265246378e+01 1.227130025972710037e+01 1.373446052633176073e+01
1.250000000000000000e-01 -1.339054587715224187e+01 -1.210062753058249285e+01 1.216327894654545361e+01 1.352917303504524682e+01
1.500000000000000222e-01 -1.313379253214822917e+01 -1.198497884274001457e+01 1.208870536965267739e+01 1.339787431995121914e+01
1.750000000000000167e-01 -1.290095555430617047e+01 -1.189245670510723407e+01 1.204952936301700639e+01 1.336096512763812605e+01
2.000000000000000111e-01 -1.269422297481053441e+01 -1.182418386186827242e+01 1.205626697329555519e+01 1.343490410878852082e+01
2.250000000000000056e-01 -1.251711774892078921e+01 -1.178108571241017444e+01 1.215092801261696209e+01 1.362533632807555506e+01
2.500000000000000000e-01 -1.237575591544441167e+01 -1.176284276662162043e+01 1.237869056102049825e+01 1.392646230638073845e+01
2.750000000000000222e-01 -1.228144328927752760e+01 -1.176532972807362221e+01 1.270496382659342949e+01 1.432594112221767624e+01
3.000000000000000444e-01 -1.225326794670154129e+01 -1.177755721189002358e+01 1.310976910756283331e+01 1.480971512302361148e+01
3.250000000000000111e-01 -1.231027170045928010e+01 -1.178828162493094034e+01 1.358235111185151389e+01 1.536454584777815136e+01
3.500000000000000333e-01 -1.245304066556662903e+01 -1.180271973052002110e+01 1.411251718420679779e+01 1.597891476607722794e+01
3.750000000000000000e-01 -1.266793650867909804e+01 -1.183692235840632279e+01 1.469053211487336696e+01 1.664315875694053304e+01
4.000000000000000222e-01 -1.294168252513928863e+01 -1.190276520358816725e+01 1.530806435790764475e+01 1.734930803699841562e+01
4.250000000000000444e-01 -1.326440015869742695e+01 -1.203224553655133633e+01 1.595841966278302237e+01 1.809083437283979734e+01
4.500000000000000111e-01 -1.362855464380142934e+01 -1.234332743789071429e+01 1.663629753667061095e+01 1.886239621849856007e+01
4.750000000000000333e-01 -1.402814430546976254e+01 -1.271401301225181513e+01 1.733747520230783934e+01 1.965961309351638064e+01
5.000000000000000000e-01 -1.445827577260304864e+01 -1.312576395954306818e+01 1.805854924467071143e+01 2.047887751255860778e+01
5.250000000000000222e-01 -1.491490957185979127e+01 -1.356596172130500477e+01 1.879674500664223658e+01 2.131720284913038554e+01
5.500000000000000444e-01 -1.539468296317817675e+01 -1.402830239165847814e+01 1.954977713261002492e+01 2.217210207499419283e+01
5.750000000000000666e-01 -1.589477639947672216e+01 -1.450901517164588839e+01 2.031574626166252173e+01 2.304149171626304948e+01
6.000000000000000888e-01 -1.641280956473216079e+01 -1.500537984687818138e+01 2.109306097389609036e+01 2.392361588093831060e+01
6.250000000000000000e-01 -1.694675944934635581e+01 -1.551526099375067602e+01 2.188037857083197579e+01 2.481698605987691408e+01
6.500000000000000222e-01 -1.749489546797996553e+01 -1.603691853739461948e+01 2.267655832271775296e+01 2.572033325707393203e+01
6.750000000000000444e-01 -1.805572791004321687e+01 -1.656890748187747420e+01 2.348062529066824311e+01 2.663256974765014462e+01
7.000000000000000666e-01 -1.862796684005055781e+01 -1.711001420800179673e+01 2.429174156597760614e+01 2.755275836695696867e+01
7.250000000000000888e-01 -1.921048918209756806e+01 -1.765921110651440529e+01 2.510918307202054933e+01 2.848008771059640765e+01
7.500000000000000000e-01 -1.980231221054960500e+01 -1.821562244163091648e+01 2.593232108937194269e+01 2.941385199419906016e+01
7.750000000000000222e-01 -2.040257205972976351e+01 -1.877849746382541696e+01 2.676060712120080609e+01 3.035343460497555412e+01
8.000000000000000444e-01 -2.101050617588184721e+01 -1.934718930819833460e+01 2.759356061013910377e+01 3.129829459359940458e+01
8.250000000000000666e-01 -2.162543887932066866e+01 -1.992113762404708410e+01 2.843075866535777507e+01 3.224795552076697902e+01
8.500000000000000888e-01 -2.224676939439103762e+01 -2.049985464649130051e+01 2.927182788412781278e+01 3.320199619976557415e+01
8.750000000000000000e-01 -2.287396185148683969e+01 -2.108291378912465319e+01 3.011643722612704366e+01 3.416004297389382316e+01
9.000000000000000222e-01 -2.350653687721938923e+01 -2.166994027113849342e+01 3.096429221101147533e+01 3.512176324306272335e+01
9.250000000000000444e-01 -2.414406447411455048e+01 -2.226060316747500423e+01 3.181513007306643104e+01 3.608686001225120776e+01
9.500000000000000666e-01 -2.478615795613401218e+01 -2.285460940196935553e+01 3.266871555044774311e+01 3.705506728009601147e+01
9.750000000000000888e-01 -2.543246875556968689e+01 -2.345169801391287479e+01 3.352483743507474401e+01 3.802614612148561690e+01
1.000000000000000000e+00 -2.608268195475554307e+01 -2.405163581159820296e+01 3.438330559299367906e+01 3.899988134616303626e+01
