# time 1 2 D-1 D
0.000000000000000000e+00 9.999999394593315216e-01 1.276326807335882623e-08 1.341287554909638486e-35 4.039180538502143566e-36
2.500000000000000052e-04 9.999898791523097463e-01 3.780432987825717694e-08 4.809836180052973610e-29 1.240475913290230834e-31
5.000000000000000104e-04 9.998510773549749153e-01 1.035770628372408059e-06 2.544333109175250065e-24 3.484428693766887310e-26
7.500000000000001240e-04 9.993120321918579352e-01 8.040077214071454892e-06 7.354514182716351834e-24 1.249031573187812311e-27
1.000000000000000021e-03 9.979970716202108960e-01 3.907205899262389075e-05 2.803350153071415689e-21 2.138498520474086214e-22
1.250000000000000026e-03 9.954075730854452519e-01 1.482378980220758473e-04 2.786748810759462093e-20 2.371787337786437060e-21
1.500000000000000248e-03 9.907793059186047469e-01 4.910836906921615735e-04 1.600654503761403485e-19 1.788008498174820151e-20
1.750000000000000253e-03 9.827079967004346273e-01 1.516962750132536770e-03 7.809457286408191047e-19 1.079138652184666862e-19
2.000000000000000042e-03 9.682290856514372823e-01 4.530854968119712826e-03 3.822387777250351777e-18 5.638064222081599342e-19
2.250000000000000264e-03 9.403946680335203423e-01 1.355299851998934338e-02 2.104575970974793642e-17 2.681707659417268752e-18
2.500000000000000052e-03 8.816137004371732422e-01 4.093888820256025990e-02 1.656885176859515568e-16 1.186184973707485256e-17
2.750000000000000274e-03 7.534515135297777944e-01 1.161510684879666216e-01 8.158310154992718424e-16 4.524301734367415406e-17
3.000000000000000496e-03 5.358170018059507100e-01 2.454824544592866808e-01 3.171354614895235039e-15 1.391017050720231199e-16
3.250000000000000284e-03 3.304766282357163298e-01 3.135628576020305647e-01 1.068770114667964687e-14 3.260389202206664004e-16
3.500000000000000507e-03 2.063828439522705505e-01 2.648459967958695094e-01 3.046419359823500208e-14 5.666193435762511621e-16
3.749999999999999861e-03 1.390085820013712004e-01 1.777745809759045392e-01 7.372487916384969088e-14 6.488740494203471675e-16
4.000000000000000083e-03 9.966737659798355353e-02 1.128027463556427884e-01 1.579699685894244618e-13 3.820594772568652152e-16
4.250000000000000305e-03 7.508360265709231041e-02 7.410405120255043887e-02 3.024176381567545343e-13 4.916317925377612908e-20
4.500000000000000527e-03 5.875970340967470729e-02 5.125303468314227479e-02 5.283165382632078403e-13 1.348804538773831013e-15
4.750000000000000749e-03 4.737853222345853738e-02 3.736096230249207062e-02 8.513660179592145874e-13 9.271669459986212627e-15
5.000000000000000104e-03 3.911423334788605155e-02 2.872989566779852663e-02 1.282660460046410217e-12 3.107567629859297270e-14
5.250000000000000326e-03 3.290093750191767918e-02 2.187946227003667934e-02 1.830615541494110632e-12 7.716633555102881931e-14
5.500000000000000548e-03 2.808569283431449487e-02 8.609089644220274673e-03 2.494964028121963006e-12 1.627119554361457738e-13
5.750000000000000770e-03 2.425229690170920341e-02 8.046175929889031256e-03 3.248643957913638573e-12 2.972191820133845619e-13
6.000000000000000992e-03 2.112649258501290289e-02 7.925986060616138293e-03 4.121549473640130868e-12 4.965888243575696882e-13
6.250000000000000347e-03 1.852246765721273294e-02 7.968761754646240883e-03 5.028529751323261625e-12 7.698719575064686183e-13
6.500000000000000569e-03 1.631144525561697284e-02 8.047877750970391930e-03 6.018298705768612159e-12 1.116958110400186101e-12
6.750000000000000791e-03 1.440259900029884806e-02 8.126931944077177977e-03 7.021483020314847612e-12 1.551953200242057256e-12
7.000000000000001013e-03 1.273110553886048005e-02 8.326769870814047098e-03 8.070057590996827550e-12 2.060250504976690268e-12
7.250000000000001235e-03 1.125056374523993215e-02 8.523170248123488821e-03 9.111736954180114376e-12 2.643284891358328649e-12
7.499999999999999722e-03 9.927560925416434659e-03 8.761468792420937582e-03 1.008461969034320447e-11 3.305734878929784718e-12
7.750000000000000812e-03 8.738368529107282123e-03 8.971139227171121694e-03 1.109138870664463454e-11 4.007733118452023847e-12
8.000000000000000167e-03 7.665971685757409781e-03 9.239027653391398628e-03 1.208766655039429450e-11 4.747817006652910818e-12
8.250000000000000389e-03 6.702152817841340073e-03 9.473547130243221287e-03 1.300942035940243471e-11 5.575847734512357945e-12
8.500000000000000611e-03 5.823238153988721626e-03 9.694212389953419176e-03 1.395384745556329257e-11 6.408667148421772476e-12
8.750000000000000833e-03 5.045623995100707512e-03 9.894281262639010796e-03 1.481144187903772506e-11 7.218668808662903512e-12
9.000000000000001055e-03 4.346602423560105150e-03 1.006223961053043930e-02 1.567268981409006957e-11 8.041409113688131107e-12
9.250000000000001277e-03 3.731405680697976422e-03 1.022119941245368605e-02 1.647890871800922540e-11 8.912893641176197519e-12
9.500000000000001499e-03 3.181177219298503712e-03 1.034835735118638279e-02 1.722092652729544945e-11 9.813137716352375013e-12
9.750000000000001721e-03 2.699282190433620592e-03 1.043890646682056091e-02 1.791594208062112411e-11 1.058445953888433851e-11
1.000000000000000021e-02 2.286300101996812262e-03 1.049716479169316742e-02 1.861582343709356927e-11 1.135982733052517041e-11
