# time 1 2 D-1 D
0.000000000000000000e+00 9.999999394593315216e-01 1.276326807335882623e-08 1.341287554909638486e-35 4.039180538502143566e-36
2.500000000000000052e-04 9.999934449103740075e-01 2.343958455131573254e-08 1.043680785148268740e-28 2.907049117484717100e-31
5.000000000000000104e-04 9.999040088036249552e-01 6.888010333695116800e-07 2.802379235783288202e-24 4.051757040801751559e-26
7.500000000000001240e-04 9.995556941909889970e-01 5.581875212311270368e-06 1.395356054177770879e-22 2.529563204901328765e-24
1.000000000000000021e-03 9.986907293227583748e-01 2.829893792676224998e-05 4.388483450227273224e-21 3.637701444029622921e-22
1.250000000000000026e-03 9.969252674095150368e-01 1.122344103858125008e-04 4.334999399195061162e-20 3.958741764977342169e-21
1.500000000000000248e-03 9.935973701041957984e-01 3.893798766810989995e-04 2.427312496771397756e-19 3.012236385834054787e-20
1.750000000000000253e-03 9.873998009999963577e-01 1.260129113999200945e-03 1.120157190303248834e-18 1.783551408126905083e-19
2.000000000000000042e-03 9.754786415997330762e-01 3.938457790697636948e-03 5.158698019276338875e-18 9.131641007612455369e-19
2.250000000000000264e-03 9.510195436827455495e-01 1.228620348921113416e-02 2.840665082896739613e-17 4.537483002434973013e-18
2.500000000000000052e-03 8.964846705833715568e-01 3.850944700023196249e-02 2.298976093860060739e-16 2.205161780378120775e-17
2.750000000000000274e-03 7.727081168781445575e-01 1.125483599494393333e-01 1.158139611764864853e-15 9.856846757443047803e-17
3.000000000000000496e-03 5.568646191389911015e-01 2.428733545572594743e-01 4.692916781447560086e-15 3.692464024912073481e-16
3.250000000000000284e-03 3.496471923604521082e-01 3.142838222795497072e-01 1.649522531333268063e-14 1.111061751989635031e-15
3.500000000000000507e-03 2.227719646417892496e-01 2.677259125340105683e-01 4.911195530433100086e-14 2.667828417468305633e-15
3.749999999999999861e-03 1.531163476146923386e-01 1.808935323859506283e-01 1.228138637641641075e-13 5.128080512947694936e-15
4.000000000000000083e-03 1.119995645559754560e-01 1.155308320388337140e-01 2.710972645077086711e-13 8.023037533692947367e-15
4.250000000000000305e-03 8.603180384174216599e-02 7.646015335909832344e-02 5.341536382138245372e-13 9.765101910855867252e-15
4.500000000000000527e-03 6.860794445725615365e-02 5.333714314779249011e-02 9.604798407652484847e-13 9.013499024967083605e-15
4.750000000000000749e-03 5.633506691452727644e-02 3.925667735690305943e-02 1.589751365654424534e-12 5.177261579190540902e-15
5.000000000000000104e-03 4.733332689554875516e-02 3.050797585117498434e-02 2.450612128654869880e-12 6.918134125836279050e-16
5.250000000000000326e-03 4.049783919380878228e-02 2.348525665015493979e-02 3.562239731455719598e-12 1.923054403001334472e-15
5.500000000000000548e-03 3.514696444457826585e-02 9.528776140434600667e-03 4.948944408458787142e-12 1.948682867695625337e-14
5.750000000000000770e-03 3.084308080567936539e-02 9.028320876396872877e-03 6.550293990947406702e-12 6.767867163807818438e-14
6.000000000000000992e-03 2.729572901656782818e-02 9.014007544936201294e-03 8.423230021034220948e-12 1.620176093850013261e-13
6.250000000000000347e-03 2.430671767070482353e-02 9.184991431568862233e-03 1.042651130956099832e-11 3.183311816084067904e-13
6.500000000000000569e-03 2.173777836837594360e-02 9.401596370501690003e-03 1.261679910658139914e-11 5.506095957711859194e-13
6.750000000000000791e-03 1.949085546937461694e-02 9.622381240018434978e-03 1.487753189916789650e-11 8.672401432914329904e-13
7.000000000000001013e-03 1.749574169291172668e-02 9.989821435542913658e-03 1.726400596981704801e-11 1.277362223135035273e-12
7.250000000000001235e-03 1.570226069609821640e-02 1.035997959579258720e-02 1.964642371730460703e-11 1.780871863069890413e-12
7.499999999999999722e-03 1.407455502601959521e-02 1.078714825588779867e-02 2.195047687576784070e-11 2.376174664837429675e-12
7.750000000000000812e-03 1.258769963286721603e-02 1.118604272173802372e-02 2.431972008202755578e-11 3.060710879029689812e-12
8.000000000000000167e-03 1.122445214275068041e-02 1.166256157014092763e-02 2.662697053478173496e-11 3.824744424320633339e-12
8.250000000000000389e-03 9.978674428908628977e-03 1.210305849945181658e-02 2.878289056818869624e-11 4.656947168733421294e-12
8.500000000000000611e-03 8.822201521205589106e-03 1.253202072716720454e-02 3.105334121251840449e-11 5.557262633153669135e-12
8.750000000000000833e-03 7.782024400537132340e-03 1.293657594632202645e-02 3.317921664878260395e-11 6.512039719385639254e-12
9.000000000000001055e-03 6.830352877837751746e-03 1.330247935152548480e-02 3.515395802936387115e-11 7.504002132786549130e-12
9.250000000000001277e-03 5.978521911147401981e-03 1.365665357705613502e-02 3.706035949567854669e-11 8.526142920152492935e-12
9.500000000000001499e-03 5.202698598361969740e-03 1.397016586899621320e-02 3.896615743805467728e-11 9.571951071216724716e-12
9.750000000000001721e-03 4.511087753421356983e-03 1.423370089676718499e-02 4.067505987181083189e-11 1.064372911345707888e-11
1.000000000000000021e-02 3.908087115451324041e-03 1.445031137821563977e-02 4.234021344390412939e-11 1.172269629597315392e-11
