# time 1 2 D-1 D
0.000000000000000000e+00 9.999999723922030626e-01 7.878330995112948218e-09 3.648514059761601246e-35 1.890562258106870278e-35
5.000000000000000104e-04 9.999935900475992456e-01 4.754483881009812709e-07 1.836158359488935620e-25 1.838828717978738234e-27
1.000000000000000021e-03 9.999010038343320028e-01 1.078159138097007708e-05 1.909773193692147754e-21 6.695337576762628069e-23
1.500000000000000248e-03 9.995111554127978915e-01 7.593155168391052491e-05 1.668719838978142279e-20 3.909746421241812038e-22
2.000000000000000042e-03 9.984488284817700787e-01 3.336852093937530566e-04 5.586697293694969325e-20 6.345141750810405572e-22
2.500000000000000052e-03 9.960519320292735568e-01 1.135594350684399458e-03 2.810980162378157625e-19 2.905681625763843373e-21
3.000000000000000496e-03 9.910956879538759257e-01 3.282777752812655273e-03 1.871456487931592636e-18 2.276798299438941380e-20
3.500000000000000507e-03 9.812729393439074688e-01 8.502414326075921278e-03 2.109265337600220126e-17 3.004515409011435156e-19
4.000000000000000083e-03 9.623218981388041993e-01 2.028266917467442046e-02 2.958245616662109120e-16 4.077711561037744348e-18
4.500000000000000527e-03 9.269279129549528040e-01 4.494651237155340012e-02 3.530237013847157189e-15 4.319985621022547847e-17
5.000000000000000104e-03 8.647972934450259830e-01 9.162274006974262253e-02 2.873260558031898587e-14 3.169018379346381966e-16
5.500000000000000548e-03 7.681731539271610121e-01 1.666878992996713438e-01 1.611165277721385177e-13 1.546758660906968921e-15
6.000000000000000992e-03 6.437655006608173913e-01 2.614350277060540906e-01 6.790768337378999392e-13 5.157264015867963712e-15
6.500000000000000569e-03 5.151862972721342748e-01 3.471626465309529674e-01 2.208672689674604975e-12 1.193991274681343176e-14
7.000000000000001013e-03 4.042389317737911658e-01 3.868264161270037471e-01 5.429678918586701224e-12 1.893048060879007807e-14
7.499999999999999722e-03 3.180914942562301229e-01 3.376873578657353936e-01 1.087344434609395283e-11 1.858234992739509562e-14
8.000000000000000167e-03 2.539799247321405384e-01 2.124535179295806431e-01 1.960890903328637563e-11 6.675897420768409629e-15
8.500000000000000611e-03 2.065413761102046497e-01 1.209163763158727506e-01 3.310072885607830389e-11 2.586213071566215989e-15
9.000000000000001055e-03 1.710237371141340723e-01 8.016752996101345063e-02 5.244221997784050092e-11 7.833399391400805826e-14
9.500000000000001499e-03 1.439156209676826503e-01 6.178416846496925796e-02 7.962405469802808873e-11 3.778410008493134043e-13
1.000000000000000021e-02 1.227704234524916310e-01 5.276569250050355819e-02 1.147747948841846753e-10 1.122366041111384249e-12
1.050000000000000065e-02 1.059012785088601777e-01 4.810889812211978367e-02 1.594383961141642618e-10 2.584322418764775777e-12
1.100000000000000110e-02 9.217358891299030910e-02 4.574770780329779490e-02 2.120113166804435382e-10 5.056300321673305717e-12
1.150000000000000154e-02 8.075765486262598269e-02 4.471053215604455650e-02 2.697487161340312099e-10 8.791367736059874754e-12
1.200000000000000198e-02 7.112044087032040607e-02 4.447417779857607001e-02 3.376686725158812618e-10 1.399462157558720907e-11
1.250000000000000069e-02 6.281077240778377979e-02 4.489364398475478857e-02 4.079091394841886632e-10 2.078630000216899358e-11
1.300000000000000114e-02 5.567554918867690522e-02 4.558493655093918961e-02 4.843668198319434240e-10 2.918915565766114681e-11
1.350000000000000158e-02 4.932514730856791402e-02 4.652894572217278202e-02 5.594067688579002707e-10 3.915825509003149255e-11
1.400000000000000203e-02 4.365911706352687549e-02 4.771683513312660607e-02 6.384020120260209681e-10 5.056304980841143223e-11
1.450000000000000247e-02 3.866526708822597830e-02 4.894652416017208907e-02 7.166993610680616651e-10 6.323527342419819761e-11
1.499999999999999944e-02 3.422965292355565486e-02 5.016750108763489563e-02 7.993438006391080969e-10 7.697018321514210589e-11
1.550000000000000162e-02 3.020873916505095388e-02 5.145365817973394928e-02 8.760554184327085715e-10 9.154210455286199612e-11
1.600000000000000033e-02 2.658101909815264313e-02 5.271327878010369922e-02 9.447683660523649126e-10 1.067488230814246533e-10
1.650000000000000078e-02 2.341172575209796505e-02 5.382044992779216191e-02 1.016115214967497062e-09 1.223780960482389320e-10
1.700000000000000122e-02 2.051993449989182247e-02 5.491566433905603617e-02 1.085617962541210130e-09 1.382260354162663803e-10
1.750000000000000167e-02 1.793504514761653373e-02 5.592274178711702237e-02 1.149686356553721245e-09 1.541555449736532322e-10
1.800000000000000211e-02 1.563060132819581519e-02 5.683312989594256626e-02 1.208913787896919601e-09 1.700062867328094937e-10
1.850000000000000255e-02 1.354222302363040573e-02 5.768206232355946317e-02 1.269042014592465871e-09 1.856234497845797981e-10
1.900000000000000300e-02 1.172513597315512704e-02 5.839296219255345893e-02 1.316966703381250303e-09 2.009602353229398769e-10
1.950000000000000344e-02 1.012013109326827254e-02 5.900138654890405704e-02 1.367020475853453572e-09 2.159298790769642307e-10
2.000000000000000042e-02 8.706869711097773440e-03 5.951491037823913866e-02 1.409956603093616935e-09 2.304299306023323954e-10
