# time 1 2 D-1 D
0.000000000000000000e+00 9.999999621831198171e-01 2.045945824688968783e-08 8.824532805879802638e-35 5.578088036636384520e-37
2.500000000000000052e-04 9.993903748442939383e-01 1.660007149875498370e-07 6.715193930489244394e-31 2.336668006043758389e-28
5.000000000000000104e-04 9.974441684842151323e-01 3.083158820086700694e-06 1.627770011025491560e-26 1.242152100732963717e-24
7.500000000000001240e-04 9.939868468730017614e-01 1.896483114897690343e-05 7.235639947117420904e-24 2.025339806784370690e-22
1.000000000000000021e-03 9.888496825415767910e-01 7.207243208509106524e-05 6.017292575188828156e-22 7.723393411762789361e-21
1.250000000000000026e-03 9.818694981324768145e-01 2.115380373761245679e-04 1.954189242893469336e-20 1.294544647384199216e-19
1.500000000000000248e-03 9.728790292073632440e-01 5.183118138258237121e-04 3.360289222689060662e-19 1.255357303804365654e-18
1.750000000000000253e-03 9.616856097298911443e-01 1.021794122615525069e-03 3.537084982454611656e-18 8.100857540481484846e-18
2.000000000000000042e-03 9.480434028678108582e-01 1.292712373132423945e-03 2.485547516869481679e-17 3.757746617906415952e-17
2.250000000000000264e-03 9.316369325956754821e-01 3.894493733870632297e-04 1.184814126457829217e-16 1.310756303032053695e-16
2.500000000000000052e-03 9.120976773054537690e-01 1.352886340481083075e-05 3.578851234445918832e-16 3.540683742929395327e-16
2.750000000000000274e-03 8.890559150089049067e-01 4.502854510014927462e-04 6.089843025032512919e-16 7.594118706919166119e-16
3.000000000000000496e-03 8.621863609512618876e-01 1.653956330117920459e-03 7.724788394599391124e-16 1.330896922715554027e-15
3.250000000000000284e-03 8.311897395392715548e-01 4.004619428185329268e-03 1.168369299781800698e-15 1.976426359997862893e-15
3.500000000000000507e-03 7.957098486978375629e-01 8.239619512273959473e-03 1.845714884966062886e-15 2.597400198729105565e-15
3.749999999999999861e-03 7.552998273234247106e-01 1.529986263950053327e-02 2.719034853336510315e-15 3.161586229638456817e-15
4.000000000000000083e-03 7.096220921102287527e-01 2.601131676113895702e-02 2.823681077917491979e-15 3.712119543482434496e-15
4.250000000000000305e-03 6.589643219945526820e-01 4.067435235436598490e-02 2.044231399330775603e-15 4.324135245955889739e-15
4.500000000000000527e-03 6.048059360154760533e-01 5.825162405251875508e-02 6.140361972928853670e-16 5.051726426396252643e-15
4.750000000000000749e-03 5.498366831235947938e-01 7.650430093227419959e-02 2.650494642987627853e-17 5.896098522291240160e-15
5.000000000000000104e-03 4.971418993158991384e-01 9.329811011453867375e-02 1.670085271819634636e-15 6.784395189490571413e-15
5.250000000000000326e-03 4.491240126952847356e-01 2.907439102263099841e-03 5.643964372501557124e-15 7.568135558637352399e-15
5.500000000000000548e-03 4.069638035498417405e-01 1.425908480818143366e-03 1.091409379667038292e-14 8.058682684260951459e-15
5.750000000000000770e-03 3.707632607324268803e-01 9.629436527533529562e-04 1.471572396664576432e-14 8.068170862814897254e-15
6.000000000000000992e-03 3.399809763726313050e-01 6.012454379019945396e-04 1.603618722556683568e-14 7.469781620024088823e-15
6.250000000000000347e-03 3.138211696840059184e-01 2.927239585260714449e-04 1.491623864217351673e-14 6.269778880340784060e-15
6.500000000000000569e-03 2.914547087486596966e-01 7.674323175898450141e-05 1.182344452031137471e-14 4.590664162263780308e-15
6.750000000000000791e-03 2.721264637788552987e-01 1.145742070674368913e-06 7.248269268020192507e-15 2.708615221704043976e-15
7.000000000000001013e-03 2.551606767511629958e-01 1.566371175052639806e-04 3.436812439534083251e-15 1.034158440343347282e-15
7.250000000000001235e-03 2.399992453182291374e-01 6.318363704242485526e-04 4.737841883507408455e-16 7.090506878662211848e-17
7.499999999999999722e-03 2.260275561903686836e-01 1.683401263431874356e-03 1.419254137212015561e-16 3.816894274253990515e-16
7.750000000000000812e-03 2.128394535311285696e-01 3.421020216502932646e-03 2.573701221241814748e-15 2.560447721990194734e-15
8.000000000000000167e-03 1.997237712139658672e-01 6.387700084393475343e-03 6.808896967383320388e-15 7.184056392578246016e-15
8.250000000000000389e-03 1.856803276074311393e-01 1.131216568607321810e-02 1.391201975281807783e-14 1.477973595885590375e-14
8.500000000000000611e-03 1.701217898630737468e-01 1.887312113867816582e-02 2.180196238052485060e-14 2.577464922739142413e-14
8.750000000000000833e-03 1.514122219913525413e-01 3.064631610868707307e-02 2.885749749238285583e-14 4.048996599421904371e-14
9.000000000000001055e-03 1.291757043780523972e-01 4.718299414284766319e-02 3.555643569771864263e-14 5.912884318075184716e-14
9.250000000000001277e-03 1.009784804663738100e-01 7.120456804204000623e-02 4.225912104397570284e-14 8.173533582606648963e-14
9.500000000000001499e-03 7.149491923311213082e-02 9.873833778487758894e-02 4.899374374004612564e-14 1.080440244889279814e-13
9.750000000000001721e-03 4.497041267110409718e-02 1.247345647134214253e-01 5.179296766510570814e-14 1.378719045901626030e-13
1.000000000000000021e-02 2.453269685374570228e-02 1.200310613776590651e-01 5.420423492831619052e-14 1.713135908653033460e-13
