# time 1 2 D-1 D
0.000000000000000000e+00 9.999999621831198171e-01 2.045945824688968783e-08 8.824532805879802638e-35 5.578088036636384520e-37
1.250000000000000243e-03 9.993892036775917642e-01 4.703799445180029619e-07 1.180671177433786150e-30 2.336975848914293152e-28
2.500000000000000486e-03 9.974238973319251578e-01 8.955062342144774035e-06 2.972306494571027123e-26 1.241403568371335191e-24
3.750000000000000729e-03 9.938759813786808284e-01 5.482318880201740943e-05 1.361359249572674608e-23 2.020268171240074117e-22
5.000000000000000971e-03 9.884701216622165942e-01 2.046215568017493655e-04 1.157859126888013100e-21 7.678055262169447877e-21
6.250000000000000347e-03 9.808645359275729447e-01 5.835399279409429416e-04 3.824427682573366511e-20 1.279332076263182064e-19
7.500000000000001457e-03 9.706239645168426300e-01 1.374016256402316085e-03 6.715996844504253369e-19 1.228648958155569038e-18
8.750000000000000833e-03 9.571951318113672835e-01 2.564773475182492973e-03 7.368493902643252506e-18 7.805524028390274695e-18
1.000000000000000194e-02 9.399082004419486713e-01 2.990997905588415468e-03 5.561123628543362733e-17 3.529568054185058132e-17
1.125000000000000132e-02 9.180352003832288332e-01 7.314416123107293473e-04 3.043537669084339146e-16 1.180275534269676111e-16
1.250000000000000069e-02 8.909188786219506273e-01 8.521776593539360839e-05 1.224023904955247335e-15 2.971300565338973807e-16
1.375000000000000180e-02 8.581330236060209504e-01 1.175284494387465392e-03 3.473637908659440700e-15 5.665403687635454957e-16
1.500000000000000291e-02 8.195784494657852859e-01 3.559350489152896761e-03 7.608904354342411318e-15 8.162214210040967902e-16
1.625000000000000056e-02 7.754333873102987607e-01 7.519940921862102411e-03 1.541950070763124206e-14 8.745385069982933191e-16
1.750000000000000167e-02 7.259952575304748912e-01 1.376556435023166408e-02 2.832056163106693845e-14 6.608268094311487667e-16
1.875000000000000278e-02 6.715903839927755969e-01 2.305734806904327291e-02 4.626000716132841830e-14 2.929756611427190802e-16
2.000000000000000389e-02 6.127506990478065463e-01 3.581493327189293890e-02 6.417023666333473379e-14 2.622854568947187902e-17
2.125000000000000500e-02 5.506709636930368079e-01 5.179488291257826338e-02 7.792389073516814575e-14 8.764326567965384541e-17
2.250000000000000264e-02 4.875938349080597423e-01 6.937858205776314957e-02 8.230620483785978891e-14 5.509821788230816852e-16
2.375000000000000375e-02 4.265732425896338609e-01 8.606859746687788026e-02 7.747905535912338744e-14 1.327476840708730194e-15
2.500000000000000139e-02 3.705386585579903969e-01 9.995841051176124203e-02 6.554000221002872915e-14 2.239940349432473155e-15
2.625000000000000250e-02 3.213539320185463399e-01 2.940581129390007660e-03 5.163289618247985289e-14 3.114317788741357922e-15
2.750000000000000361e-02 2.795465573419468885e-01 1.390907517980352224e-03 3.808825090759457952e-14 3.843136085545023488e-15
2.875000000000000472e-02 2.446525289722694119e-01 9.246661299319139556e-04 2.813317274428306256e-14 4.399612751617097026e-15
3.000000000000000583e-02 2.157249571691282897e-01 5.847808847777309204e-04 2.084755329724129929e-14 4.824055517444356273e-15
3.125000000000000000e-02 1.917117407746134483e-01 3.077369198000723394e-04 1.586734661319392661e-14 5.194702688096021186e-15
3.250000000000000111e-02 1.716409419510498136e-01 1.097825949135249507e-04 1.275136640719166249e-14 5.640388737832848779e-15
3.375000000000000222e-02 1.546936004784969232e-01 7.247203791261854020e-06 1.158435549742252753e-14 6.293091147568574159e-15
3.500000000000000333e-02 1.401872576179956087e-01 3.928330530538239865e-05 1.112472013873615473e-14 7.322357463922448929e-15
3.625000000000000444e-02 1.275856398469872033e-01 2.448378160780016440e-04 1.277402106513116534e-14 8.947057653730971599e-15
3.750000000000000555e-02 1.163951010183450624e-01 7.353756752791935913e-04 1.480200143510976926e-14 1.147581592546249369e-14
3.875000000000000666e-02 1.062736992598753705e-01 1.548557709984674452e-03 1.891406651230283007e-14 1.530153303887660549e-14
4.000000000000000777e-02 9.678220238342265247e-02 2.921484337880459088e-03 2.317233754510885513e-14 2.096182548317528120e-14
4.125000000000000888e-02 8.739123637603483929e-02 5.147322206003107116e-03 3.021557103650476425e-14 2.913438106147628191e-14
4.250000000000000999e-02 7.781239627869609987e-02 8.492601623438400527e-03 3.780654405724616158e-14 4.059679797510330457e-14
4.375000000000000416e-02 6.732646396679239920e-02 1.358140359593562954e-02 4.512178978112582199e-14 5.624667966771222130e-14
4.500000000000000527e-02 5.583182648102014145e-02 2.054756591417855258e-02 5.293799652496259832e-14 7.707200716227201244e-14
4.625000000000000638e-02 4.237433700254396307e-02 3.044001816662760332e-02 6.190412882186401342e-14 1.040232964884404782e-13
4.750000000000000749e-02 2.904371035400852077e-02 4.149294684597665261e-02 7.209999115995226301e-14 1.376444651706088839e-13
4.875000000000000860e-02 1.757617434589135025e-02 5.188073310424872603e-02 7.888775757860887401e-14 1.787120004675646705e-13
5.000000000000000278e-02 9.104152040459468145e-03 5.024444332168988975e-02 8.554458772661691001e-14 2.280171638828376235e-13
