# time 1 2 D-1 D
0.000000000000000000e+00 9.999999733175193306e-01 3.876803715176827845e-09 6.092939868617161985e-34 8.821379806310772664e-34
2.500000000000000052e-04 9.993371425559003374e-01 5.049403181417899893e-07 2.123154985925557274e-17 2.716664668164532907e-22
5.000000000000000104e-04 9.972155616660626221e-01 1.133209410209848313e-05 6.687282393412993724e-15 1.454965801290700411e-18
7.500000000000001240e-04 9.934385318884352278e-01 7.755345449690629104e-05 2.040946344743938399e-13 2.381905258319974813e-16
1.000000000000000021e-03 9.878407444593177988e-01 3.343714367634981720e-04 2.298423707302786586e-12 9.027379159817538569e-15
1.250000000000000026e-03 9.803244971025468768e-01 1.111208630400282137e-03 1.438110412405114603e-11 1.456011760161951462e-13
1.500000000000000248e-03 9.708909858170929885e-01 3.042347609611714774e-03 5.858784470998876285e-11 1.278440206824131473e-12
1.750000000000000253e-03 9.597299963008566470e-01 6.917273337009704690e-03 1.682527679885781954e-10 6.853842848921627329e-12
2.000000000000000042e-03 9.474719807425793228e-01 1.275580676286554652e-02 3.572641014535662632e-10 2.400744146608155208e-11
2.250000000000000264e-03 9.353144117355319809e-01 1.844783817826881056e-02 5.885071126561487219e-10 5.851897077232403179e-11
2.500000000000000052e-03 9.245323159546654512e-01 2.200723026298962576e-02 7.942878455491514257e-10 1.071294023415470236e-10
2.750000000000000274e-03 9.158134570853285750e-01 2.418366215824909946e-02 9.308488351135273617e-10 1.610558101585497491e-10
3.000000000000000496e-03 9.091702692243444073e-01 2.610728959000393687e-02 9.982793364785423574e-10 2.166342173458131727e-10
3.250000000000000284e-03 9.042671578751908523e-01 2.792235841921623246e-02 1.024425690407771896e-09 2.780847982104543174e-10
3.500000000000000507e-03 9.007060513254174783e-01 2.954385528712554984e-02 1.046582294084692916e-09 3.464445769305286614e-10
3.749999999999999861e-03 8.981470585500707093e-01 3.106391072153693797e-02 1.119502322526664236e-09 3.945538022054931785e-10
4.000000000000000083e-03 8.963302879100228937e-01 3.236143259883707962e-02 1.319424918819689135e-09 3.558205409529108188e-10
4.250000000000000305e-03 8.950637184842635818e-01 3.366156701737965662e-02 1.716780338939309201e-09 1.509555389406950063e-10
4.500000000000000527e-03 8.942061684339337457e-01 3.453909877932729439e-02 2.059769325907630135e-09 1.133389070369366666e-11
4.750000000000000749e-03 8.936532151117597689e-01 3.236682663957679562e-02 2.261088954465215836e-09 3.002519330403611906e-12
5.000000000000000104e-03 8.933271609718427264e-01 2.453472868639610532e-02 2.413922920975307210e-09 1.720639325190864980e-11
5.250000000000000326e-03 8.931698464511688140e-01 1.793334228024217117e-02 2.533207629963811026e-09 2.939569015785752274e-11
5.500000000000000548e-03 8.931375680460266198e-01 1.392011472475381505e-02 2.615804017425016245e-09 3.693515096713323485e-11
5.750000000000000770e-03 8.931973899899841030e-01 1.176479620977445573e-02 2.656297850633258205e-09 4.155586743659967454e-11
6.000000000000000992e-03 8.933244312380536067e-01 1.036761248611861586e-02 2.649678223507279118e-09 4.589193945493142718e-11
6.250000000000000347e-03 8.934998935042486323e-01 9.538974961459346577e-03 2.596734705184423802e-09 4.801158090013891040e-11
6.500000000000000569e-03 8.937094928057244259e-01 8.878701066322408630e-03 2.495125186795327899e-09 5.022149804475147369e-11
6.750000000000000791e-03 8.939424320157908221e-01 8.445270997209179328e-03 2.347360576149973191e-09 5.209231005717337351e-11
7.000000000000001013e-03 8.941904837685935581e-01 8.117501036950197299e-03 2.155589881251048928e-09 5.393752537071974144e-11
7.250000000000001235e-03 8.944474478142042662e-01 7.930808209049976243e-03 1.929929412807722140e-09 5.479424444838412683e-11
7.499999999999999722e-03 8.947086084676838524e-01 7.666281263985234330e-03 1.672218667625630486e-09 5.563626156090545544e-11
7.750000000000000812e-03 8.949704430162245261e-01 7.552758792773305030e-03 1.392636422981590341e-09 5.610084121996389399e-11
8.000000000000000167e-03 8.952302901638117261e-01 7.419633909499045651e-03 1.110429671248862233e-09 5.637845178436780647e-11
8.250000000000000389e-03 8.954862004233082873e-01 7.286021137494906250e-03 8.431382288545013871e-10 5.668767168306947754e-11
8.500000000000000611e-03 8.957367398360053246e-01 7.207239714109072923e-03 5.877978476212386767e-10 5.690354917758557569e-11
8.750000000000000833e-03 8.959808915665815610e-01 7.164519787623366970e-03 3.709626579355737978e-10 5.706837427667831952e-11
9.000000000000001055e-03 8.962179659978044555e-01 7.081687182821896215e-03 1.970458230486009257e-10 5.726120775336397435e-11
9.250000000000001277e-03 8.964474922011606006e-01 7.003365832204400121e-03 7.755013327001193929e-11 5.746511746161329303e-11
9.500000000000001499e-03 8.966691743767701839e-01 6.990022677134550069e-03 1.395799337236511825e-11 5.757195987030162958e-11
9.750000000000001721e-03 8.968828989231552029e-01 6.918645145892442401e-03 4.320644695468815214e-12 5.765084280721852525e-11
1.000000000000000021e-02 8.970919507230538104e-01 6.898000611330589067e-03 4.624812623827064133e-11 5.771213060057174571e-11
