# time 1 2 D-1 D
0.000000000000000000e+00 9.999999733175193306e-01 3.876803715176827845e-09 6.092939868617161985e-34 8.821379806310772664e-34
5.000000000000000104e-04 9.993272697125583637e-01 1.025169323901095570e-05 2.125873136148287366e-17 1.966280088550749458e-23
1.000000000000000021e-03 9.970130594345597563e-01 2.099203924324548006e-04 6.762155816937983720e-15 9.125201312258400822e-20
1.500000000000000248e-03 9.921452511293314958e-01 1.337422343806368577e-03 2.128844380723727438e-13 1.269135487722573677e-17
2.000000000000000042e-03 9.827529407872338529e-01 5.255389575029895295e-03 2.571812592541822953e-12 4.210030424031342726e-16
2.500000000000000052e-03 9.652311246630979058e-01 1.557552181374663100e-02 1.838740782806022845e-11 6.356741893630741469e-15
3.000000000000000496e-03 9.343618428873583515e-01 3.752770841372668476e-02 9.369952372564092190e-11 5.831155847141897610e-14
3.500000000000000507e-03 8.852322357342468084e-01 7.479860187725222154e-02 3.775381149939168103e-10 3.794742638986751585e-13
4.000000000000000083e-03 8.172462105313205161e-01 1.209798584025437440e-01 1.275796708606613746e-09 1.924133067686198230e-12
4.500000000000000527e-03 7.365319240113382682e-01 1.531946117743228641e-01 3.760206302276965849e-09 8.083165866441799370e-12
5.000000000000000104e-03 6.528844795775550214e-01 1.610334679037485062e-01 9.921104777550507058e-09 2.924499810604189562e-11
5.500000000000000548e-03 5.744644323679475306e-01 1.588051854855267730e-01 2.388946369166847503e-08 9.335165886972941985e-11
6.000000000000000992e-03 5.055292255843154559e-01 1.569467983904607733e-01 5.309794318566991496e-08 2.612939601916761994e-10
6.500000000000000569e-03 4.471922488380216665e-01 1.558993962377659415e-01 1.099775015034984037e-07 6.261581195377671694e-10
7.000000000000001013e-03 3.988634800277293113e-01 1.546344953764227925e-01 2.137148663982956659e-07 1.118299201242600134e-09
7.499999999999999722e-03 3.592625689217650575e-01 1.534628888191457985e-01 3.920316819672338116e-07 6.367287949015410442e-10
8.000000000000000167e-03 3.269553882195000982e-01 1.516644559896843381e-01 6.756648874236363777e-07 2.003604666705094680e-09
8.500000000000000611e-03 3.005988182952215593e-01 1.505228897797434573e-01 1.030091412212337681e-06 7.768690704468970270e-08
9.000000000000001055e-03 2.790330549795104753e-01 1.484149557569872935e-01 1.340817889138385838e-06 3.796803564378056979e-07
9.500000000000001499e-03 2.612993616258456053e-01 1.347002050019216746e-01 1.749891525035662027e-06 7.961157324063879724e-07
1.000000000000000021e-02 2.466245910224797444e-01 9.959404458614876110e-02 2.359634751095299455e-06 1.239951401332784616e-06
1.050000000000000065e-02 2.343937337517237041e-01 7.084518807232616233e-02 3.170000459978581195e-06 1.705316936982019747e-06
1.100000000000000110e-02 2.241209824699943454e-01 5.346428012739349450e-02 4.165706156914282787e-06 2.176625865226197778e-06
1.150000000000000154e-02 2.154235510399986064e-01 4.397224812677801714e-02 5.293544368440468377e-06 2.650334117863863328e-06
1.200000000000000198e-02 2.079997436400204402e-01 3.775140550185253352e-02 6.459151458009104565e-06 3.139865936664376108e-06
1.250000000000000069e-02 2.016112652830133467e-01 3.401133938089484499e-02 7.597190391201633075e-06 3.609710875263853826e-06
1.300000000000000114e-02 1.960693294876581227e-01 3.095425386568223872e-02 8.570430452262153376e-06 4.082327228985627817e-06
1.350000000000000158e-02 1.912237739980584827e-01 2.889779922596505748e-02 9.274231281681994023e-06 4.546894736667921902e-06
1.400000000000000203e-02 1.869546439639011015e-01 2.730069989661586607e-02 9.590157442343253842e-06 5.006666235730296010e-06
1.450000000000000247e-02 1.831656756242324990e-01 2.632661993429786379e-02 9.479544731258642560e-06 5.438483862500297269e-06
1.499999999999999944e-02 1.797792496187892719e-01 2.503977038468627875e-02 8.845394060508656090e-06 5.860585750484239027e-06
1.550000000000000162e-02 1.767324736900922066e-01 2.440092425385337674e-02 7.701803521912865260e-06 6.262714816206229382e-06
1.600000000000000033e-02 1.739741339098287431e-01 2.368841423201482541e-02 6.184206772451564715e-06 6.649662341466510725e-06
1.650000000000000078e-02 1.714623153722311111e-01 2.299008356434606784e-02 4.487846944398283019e-06 7.025913347100677665e-06
1.700000000000000122e-02 1.691625391082659524e-01 2.253462006177028507e-02 2.686632003010231288e-06 7.389498192792314983e-06
1.750000000000000167e-02 1.670462936621930072e-01 2.223864051448371654e-02 1.177235902091771503e-06 7.741262783317817025e-06
1.800000000000000211e-02 1.650898813832478162e-01 2.178328517653613933e-02 2.069118511787885471e-07 8.082217800513262658e-06
1.850000000000000255e-02 1.632735025137844187e-01 2.135595743939291621e-02 8.113519747910486850e-08 8.413298445086310706e-06
1.900000000000000300e-02 1.615805310143378359e-01 2.120272004179651545e-02 1.025811869238996436e-06 8.735438347153676891e-06
1.950000000000000344e-02 1.599969282563619422e-01 2.081238408420223174e-02 3.178218374689087420e-06 9.049406943223196155e-06
2.000000000000000042e-02 1.585107701516785539e-01 2.064668876578833537e-02 6.737817307421613499e-06 9.356129829872281072e-06
