# time 1 2 D-1 D
0.000000000000000000e+00 9.999999733175193306e-01 3.876803715176827845e-09 6.092939868617161985e-34 8.821379806310772664e-34
2.500000000000000486e-03 9.975820834794359993e-01 1.378498312418841801e-03 2.072095149187874856e-17 6.724297149672056097e-20
5.000000000000000971e-03 9.887899015029423255e-01 7.000330593628833510e-03 6.529799586917215791e-15 7.271473587709658766e-17
7.500000000000001457e-03 9.704573833972642838e-01 2.004132364922574933e-02 2.071509390398263127e-13 4.511170763014288162e-15
1.000000000000000194e-02 9.380105068086380671e-01 4.517782825934212737e-02 2.568006882812870624e-12 8.802743975664352788e-14
1.250000000000000069e-02 8.856254877438202167e-01 8.817541957649978335e-02 1.912832287820046344e-11 9.222144033588574317e-13
1.500000000000000291e-02 8.079250252659991860e-01 1.532386702642106746e-01 1.031912891664188992e-10 6.588013412165793857e-12
1.750000000000000167e-02 7.041314697944718315e-01 2.346913895077687440e-01 4.465104797864874783e-10 3.647458407155415479e-11
2.000000000000000389e-02 5.825001645929281935e-01 3.035661596890339431e-01 1.644213333621421742e-09 1.689549687818430441e-10
2.250000000000000264e-02 4.588930949788839198e-01 3.123712150880534333e-01 5.355675528505596066e-09 6.876052458768955949e-10
2.500000000000000139e-02 3.484168835279406462e-01 2.671600492927955206e-01 1.583480038347839911e-08 2.540753939588550969e-09
2.750000000000000361e-02 2.587663859354220608e-01 2.146410555144319110e-01 4.325273251023223015e-08 8.713853436298406539e-09
3.000000000000000583e-02 1.904353206371318386e-01 1.739834666007760156e-01 1.102070998168055613e-07 2.819498682345108763e-08
3.250000000000000111e-02 1.401987074289550161e-01 1.430585488706903885e-01 2.627227114408854665e-07 8.687522554233813400e-08
3.500000000000000333e-02 1.039193212784370740e-01 1.186061135492054025e-01 5.802297250832673720e-07 2.579288588847501274e-07
3.750000000000000555e-02 7.787476377169670616e-02 9.937296438853085445e-02 1.136602864150536879e-06 7.608416810100891009e-07
4.000000000000000777e-02 5.914310432234606840e-02 8.371332036226057649e-02 1.766799258081697837e-06 2.253791236026684817e-06
4.250000000000000999e-02 4.557779922678291407e-02 7.167084599994738570e-02 1.482161921121447384e-06 6.431444995503486348e-06
4.500000000000000527e-02 3.565465842563101534e-02 6.202225949231474078e-02 4.009622341762326320e-07 1.403793742974025431e-05
4.750000000000000749e-02 2.830897212457180942e-02 5.063991373195696893e-02 2.021203664167165297e-09 2.452830488240744655e-05
5.000000000000000278e-02 2.280117257167408110e-02 3.470040356468785669e-02 2.163339682046427364e-07 3.892163090831327266e-05
5.250000000000000500e-02 1.861695996848651211e-02 2.295772824158983857e-02 9.322913895274831521e-07 5.828205208489763552e-05
5.500000000000000722e-02 1.539672762815984947e-02 1.610833977193070268e-02 2.222834110390441517e-06 8.350183741636322133e-05
5.750000000000000944e-02 1.288694947948447987e-02 1.225536029411299771e-02 4.358327968465408260e-06 1.153118662915105256e-04
6.000000000000001166e-02 1.090713337651889707e-02 9.743291125446916154e-03 7.935747462482180815e-06 1.541882604555345083e-04
6.250000000000000000e-02 9.327377116070945801e-03 8.106352689867894409e-03 1.344530392276542755e-05 2.008352906321307044e-04
6.500000000000000222e-02 8.053158359111486572e-03 6.850513429333042990e-03 2.210609389793148486e-05 2.554151455381306396e-04
6.750000000000000444e-02 7.014905440070951133e-03 5.938520775968093683e-03 3.523501543061065744e-05 3.182429184631301424e-04
7.000000000000000666e-02 6.160854336940880908e-03 5.224095935895491961e-03 5.479992082022687352e-05 3.893506500979881414e-04
7.250000000000000888e-02 5.452063829389190187e-03 4.687917667697877669e-03 8.255337202725949704e-05 4.692575875421831424e-04
7.500000000000001110e-02 4.858935222023953032e-03 4.187589089137712210e-03 1.219085773179932690e-04 5.575623296675008165e-04
7.750000000000001332e-02 4.358748292662827963e-03 3.821196777935811483e-03 1.760494152597736782e-04 6.545388682807939170e-04
8.000000000000001554e-02 3.933885713908411366e-03 3.492470367664559511e-03 2.484096531092987929e-04 7.599754313681136202e-04
8.250000000000001776e-02 3.570577212199482504e-03 3.203882711661783234e-03 3.422850765848316906e-04 8.734396287503365689e-04
8.500000000000001998e-02 3.257947507464565781e-03 2.969423814673778639e-03 4.639420384481833417e-04 9.948147055140155962e-04
8.750000000000000833e-02 2.987356282847570491e-03 2.773443650727140143e-03 6.148807634417692699e-04 1.123823340431948830e-03
9.000000000000001055e-02 2.751866772018084824e-03 2.585880751459446354e-03 7.997983478718262906e-04 1.260134317834167616e-03
9.250000000000001277e-02 2.545884528318767201e-03 2.419336804534253250e-03 1.018529338158530913e-03 1.403399918041911424e-03
9.500000000000001499e-02 2.364855438401936624e-03 2.288277605118709500e-03 1.272396340452632306e-03 1.553237158486890993e-03
9.750000000000001721e-02 2.205047446077434449e-03 2.154077653134006849e-03 1.560630275020058076e-03 1.709230584015718332e-03
1.000000000000000056e-01 2.063396886664651316e-03 2.046378283830019122e-03 1.885536962687071492e-03 1.871015100324491514e-03
