# time 1 2 D-1 D
0.000000000000000000e+00 9.999999723129657792e-01 1.291559963054505138e-08 4.547987643331430368e-35 2.158501501697425704e-35
2.500000000000000052e-04 9.999995664281075003e-01 6.352377373641083215e-09 7.456650425525669862e-22 7.826124316173623283e-24
5.000000000000000104e-04 9.999925169963580496e-01 1.624409731988830712e-07 2.020708457359635551e-21 2.006128051887729952e-23
7.500000000000001240e-04 9.999587380705332595e-01 1.107236054631315136e-06 1.093196221585039765e-23 1.324048453860332743e-21
1.000000000000000021e-03 9.998586401294954351e-01 4.328479258673584396e-06 1.372481800138417563e-21 7.009106293644138314e-21
1.250000000000000026e-03 9.996294895064617991e-01 1.274131632495853024e-05 1.435526126949203441e-20 4.267486815933070881e-20
1.500000000000000248e-03 9.991873169052936099e-01 3.008901747370877896e-05 3.097678823216317109e-19 4.910269859716408190e-19
1.750000000000000253e-03 9.984373104841202107e-01 6.146594157391457576e-05 4.244820106103055352e-18 6.784881890742585448e-18
2.000000000000000042e-03 9.972911825657085894e-01 1.107935825083983499e-04 2.774311836233723249e-17 7.856900086487568535e-17
2.250000000000000264e-03 9.956845928128262857e-01 1.783620461936829096e-04 5.693675202829435989e-17 6.786279095257437526e-16
2.500000000000000052e-03 9.935861269105831228e-01 2.615711231896115539e-04 3.381407992161734444e-17 4.289527624174135742e-15
2.750000000000000274e-03 9.909923812858369985e-01 3.523399879336127543e-04 6.421876495227005747e-15 2.009652210864766268e-14
3.000000000000000496e-03 9.879192578749190767e-01 4.413202686343174102e-04 1.036177455500414451e-13 7.172296677315817325e-14
3.250000000000000284e-03 9.843727378879048029e-01 5.291527148733096014e-04 8.812856267220981214e-13 2.011268997170313271e-13
3.500000000000000507e-03 9.803202824385071068e-01 6.466614957230697788e-04 5.206858813236500545e-12 4.569348069739179380e-13
3.749999999999999861e-03 9.757517256520571447e-01 7.800025993083179419e-04 2.286799756271259643e-11 8.645741782214631830e-13
4.000000000000000083e-03 9.704774372664629611e-01 1.059308854410816528e-03 6.480872089040661962e-11 1.392272973720191432e-12
4.250000000000000305e-03 9.642075823847654492e-01 1.666114696826785950e-03 2.587794863969420728e-11 1.934642699435699110e-12
4.500000000000000527e-03 9.561905900051247409e-01 3.170715578020324912e-03 2.734095831201010682e-11 2.331796736353115651e-12
4.750000000000000749e-03 9.451154535055004136e-01 6.614496767868415644e-03 4.078438072740104839e-11 2.427350986643471355e-12
5.000000000000000104e-03 9.271698129122903920e-01 1.543784549043245025e-02 6.027356734028961865e-11 2.133725992926390589e-12
5.250000000000000326e-03 8.923330666348171514e-01 3.918357960468948908e-02 8.756466320433523707e-11 1.495817245659879261e-12
5.500000000000000548e-03 8.176367740899206371e-01 1.002413457823962545e-01 1.230377462834202280e-10 7.121038899199107099e-13
5.750000000000000770e-03 6.730153354966750268e-01 2.280092256323588418e-01 1.613395524446879888e-10 1.103766157622325356e-13
6.000000000000000992e-03 4.891581837270278510e-01 3.910714697250699534e-01 2.064956100549202658e-10 8.621780171843152578e-14
6.250000000000000347e-03 3.463907500755891711e-01 5.083929952728896140e-01 2.516853884925628281e-10 1.015437102954598781e-12
6.500000000000000569e-03 2.587366088124929409e-01 5.654193999655988678e-01 2.986121248187720389e-10 3.179629938877111748e-12
6.750000000000000791e-03 2.067438020260196907e-01 5.814859209337746027e-01 3.443921630087628161e-10 6.717702165389334587e-12
7.000000000000001013e-03 1.736524280354633243e-01 5.737838627221609755e-01 3.894852724517214988e-10 1.161408881071193477e-11
7.250000000000001235e-03 1.516621350796019119e-01 5.527221925286991411e-01 4.336905341993246154e-10 1.771409692533016629e-11
7.499999999999999722e-03 1.357427843330692441e-01 5.295774712397954831e-01 4.710713971146538570e-10 2.476524648925603993e-11
7.750000000000000812e-03 1.233402580171770596e-01 2.239662922036695508e-02 5.089448788866235052e-10 3.245877939381883795e-11
8.000000000000000167e-03 1.129749877329180446e-01 2.172453783413387865e-02 5.460473368385181093e-10 4.047483058203558252e-11
8.250000000000000389e-03 1.037127513590769129e-01 2.426709640422251499e-02 5.836123533712198109e-10 4.851569189668741501e-11
8.500000000000000611e-03 9.494147252801993231e-02 2.843162705462987105e-02 6.213801743723818105e-10 5.632861043777766176e-11
8.750000000000000833e-03 8.629188016635395975e-02 3.316130458239405915e-02 6.612602522694217369e-10 6.371969734220075521e-11
9.000000000000001055e-03 7.732115297075088656e-02 3.945877338143173596e-02 7.010885722834985084e-10 7.055630277785131960e-11
9.250000000000001277e-03 6.828372850950127637e-02 4.632949710928668807e-02 7.396804610462629706e-10 7.676449702373027999e-11
9.500000000000001499e-03 5.940577442677936332e-02 5.337947644247167944e-02 7.867143222243629867e-10 8.231983861711659996e-11
9.750000000000001721e-03 5.053706976358273567e-02 6.081751027956110861e-02 8.325761943974463215e-10 8.723664790365347044e-11
1.000000000000000021e-02 4.230401030083599107e-02 6.789506268344219775e-02 8.758355506043043187e-10 9.153933257068272602e-11
