# time 1 2 D-1 D
0.000000000000000000e+00 9.999999630045041110e-01 1.501424179332074713e-08 3.433398593561122632e-35 3.299649376956624900e-36
2.500000000000000486e-03 9.991026568634122640e-01 3.876924751871620400e-06 4.398429340777054494e-26 4.532346233638840210e-25
5.000000000000000971e-03 9.961753038103917657e-01 8.216236239906217910e-05 9.195496254369703920e-22 2.403875658637321913e-21
7.500000000000001457e-03 9.906655459913089601e-01 5.420414788864247064e-04 3.460798370114459549e-19 3.844298111929609391e-19
1.000000000000000194e-02 9.814997076941053278e-01 2.241877258923228537e-03 2.335182738106356197e-17 1.401902291520121387e-17
1.250000000000000069e-02 9.666310014713584975e-01 6.938331291677628070e-03 5.917641138382488088e-16 2.184996634610210338e-16
1.500000000000000291e-02 9.427485009146312489e-01 1.747674323648785652e-02 7.841651378917222616e-15 1.932826663783664148e-15
1.750000000000000167e-02 9.061586738834055410e-01 3.690209493818144559e-02 6.527962890300315037e-14 1.147851792369154302e-14
2.000000000000000389e-02 8.557852505953534861e-01 6.596976839816676152e-02 3.746128102875454218e-13 5.211967098980953165e-14
2.250000000000000264e-02 7.962376055336082281e-01 1.002371440838712713e-01 1.603066322794830649e-12 2.035240490879045220e-13
2.500000000000000139e-02 7.363290309022753055e-01 1.331844499175888208e-01 5.327243912492931063e-12 7.519313373000243134e-13
2.750000000000000361e-02 6.837651886869655637e-01 1.548108982769100805e-01 1.423221063431318083e-11 2.744597918216514194e-12
3.000000000000000583e-02 6.419928480052137232e-01 1.473726260470067939e-01 3.081549605528518596e-11 9.618236064079770141e-12
3.250000000000000111e-02 6.108997372498953249e-01 1.148816972745750065e-01 5.432427116117355387e-11 2.965112669670615712e-11
3.500000000000000333e-02 5.887317034022785389e-01 8.798659526926341790e-02 8.059753958900374495e-11 7.385040675657846997e-11
3.750000000000000555e-02 5.734184319745291303e-01 7.158899264239219906e-02 1.105187712450163046e-10 1.466854434779687127e-10
4.000000000000000777e-02 5.631429490956784134e-01 6.085123152401245711e-02 1.584348979325815612e-10 2.433231501780410776e-10
4.250000000000000999e-02 5.564840977517319098e-01 5.352140220883368910e-02 2.601872221559897919e-10 3.549988791669013642e-10
4.500000000000000527e-02 5.523882891709334109e-01 4.831991041612189453e-02 3.637623931965299688e-10 4.732193723819630762e-10
4.750000000000000749e-02 5.500945671564480000e-01 4.407671379161675479e-02 3.730853087174410489e-10 5.911971731518388511e-10
5.000000000000000278e-02 5.490601039437136288e-01 4.077591512083966752e-02 3.548984600838362026e-10 7.041197050073869022e-10
5.250000000000000500e-02 5.488996977992233184e-01 3.816431708890391516e-02 3.319178026047092368e-10 8.089263895266067734e-10
5.500000000000000722e-02 5.493402208137873055e-01 3.580660431959269835e-02 3.069347308687851836e-10 9.038914583354789893e-10
5.750000000000000944e-02 5.501879612955745680e-01 3.394585234296253196e-02 2.823497270440430930e-10 9.882691060159415579e-10
6.000000000000001166e-02 5.513053770876383819e-01 3.239054158824562074e-02 2.586663066842391728e-10 1.061993701454971107e-09
6.250000000000000000e-02 5.525945758636721106e-01 3.095586353983346625e-02 2.350055203569530915e-10 1.125416030673113388e-09
6.500000000000000222e-02 5.539858879756807131e-01 2.979463400063124198e-02 2.118210843779825112e-10 1.179152906437643443e-09
6.750000000000000444e-02 5.554298455652575406e-01 2.875047473889940849e-02 1.905953445313835076e-10 1.223969724552578191e-09
7.000000000000000666e-02 5.568913608822453343e-01 2.783384476613680672e-02 1.710509298703475820e-10 1.260702208317605956e-09
7.250000000000000888e-02 5.583457341110065197e-01 2.701638185662303196e-02 1.524355417105595687e-10 1.290198017826486182e-09
7.500000000000001110e-02 5.597757411949296769e-01 2.632505053556008848e-02 1.359443153020448335e-10 1.313271694416953430e-09
7.750000000000001332e-02 5.611695813469932403e-01 2.564094263630152873e-02 1.215288423540075914e-10 1.330709247391790772e-09
8.000000000000001554e-02 5.625193892313713473e-01 2.513263121360186786e-02 1.081838410913875043e-10 1.343227848541619017e-09
8.250000000000001776e-02 5.638201436501877328e-01 2.464281485544768391e-02 9.686850027464650149e-11 1.351490371027379256e-09
8.500000000000001998e-02 5.650688933686659476e-01 2.421564395899393832e-02 8.661882433292975356e-11 1.356090318005708072e-09
8.750000000000000833e-02 5.662641938513964801e-01 2.388098880211202840e-02 7.795570265314604639e-11 1.357551932205512129e-09
9.000000000000001055e-02 5.674057120830959811e-01 2.351374455841917163e-02 7.016958224072387187e-11 1.356381323541079874e-09
9.250000000000001277e-02 5.684938003367071557e-01 2.322153427832283554e-02 6.389085656022037574e-11 1.352973217142792024e-09
9.500000000000001499e-02 5.695293512015466852e-01 2.290551872858052201e-02 5.834303360264932592e-11 1.347674108484252188e-09
9.750000000000001721e-02 5.705137108360390785e-01 2.267780680353621153e-02 5.368480092152283052e-11 1.340838526194767310e-09
1.000000000000000056e-01 5.714489055620995961e-01 2.249947341967547046e-02 5.002482547909771061e-11 1.332719162243368525e-09
