# time 1 2 D-1 D
0.000000000000000000e+00 9.999999630045041110e-01 1.501424179332074713e-08 3.433398593561122632e-35 3.299649376956624900e-36
2.500000000000000486e-03 9.990992162522831510e-01 6.681612501231884626e-06 2.605254537100923135e-26 4.538219175216726573e-25
5.000000000000000971e-03 9.961060338579535989e-01 1.391076282217565386e-04 5.434450209933757466e-22 2.429408265261565523e-21
7.500000000000001457e-03 9.902290467117669248e-01 8.979105162275922763e-04 2.075198780087391598e-19 3.991802528616196316e-19
1.000000000000000194e-02 9.798071041921179170e-01 3.617774478547206018e-03 1.444244579639408070e-17 1.539768467744404394e-17
1.250000000000000069e-02 9.616861121908418797e-01 1.086553398678238164e-02 3.865108015912325298e-16 2.644056007771895548e-16
1.500000000000000291e-02 9.309590584010598580e-01 2.649531831363996504e-02 5.575886781186573569e-15 2.705726657411861852e-15
1.750000000000000167e-02 8.824476692695321089e-01 5.412627984178357277e-02 5.224956373092236089e-14 1.948688918020671228e-14
2.000000000000000389e-02 8.149128181122790027e-01 9.372997405852585839e-02 3.495755882836807151e-13 1.104931491791301157e-13
2.250000000000000264e-02 7.348506079213987796e-01 1.382673811677998243e-01 1.794458410701733281e-12 5.359528500926473413e-13
2.500000000000000139e-02 6.540039014240546233e-01 1.789250065798342060e-01 7.292985203692074684e-12 2.361764770573762758e-12
2.750000000000000361e-02 5.823040946590526401e-01 2.032117177422314847e-01 2.390332963642689096e-11 9.763288326535573096e-12
3.000000000000000583e-02 5.240885786611160224e-01 1.896321126676893953e-01 6.269507124993868894e-11 3.753427326201752715e-11
3.250000000000000111e-02 4.792380175112177509e-01 1.454498244301394572e-01 1.305826501684396359e-10 1.267619513746163529e-10
3.500000000000000333e-02 4.456507193188141702e-01 1.101198632063335320e-01 2.241187515055979485e-10 3.511171745002671589e-10
3.750000000000000555e-02 4.208629187050238474e-01 8.900221949502697127e-02 3.565757438899033947e-10 7.851537116698449156e-10
4.000000000000000777e-02 4.027132406211774152e-01 7.543263689589664589e-02 6.255705783558629760e-10 1.469282487305674681e-09
4.250000000000000999e-02 3.894978361630570540e-01 6.635490651279785101e-02 1.408641050941686947e-09 2.404954612780791086e-09
4.500000000000000527e-02 3.799325118175750360e-01 6.004668464037894726e-02 2.754326398387820468e-09 3.564215776744936489e-09
4.750000000000000749e-02 3.730665464506948692e-01 5.497106237028978604e-02 3.471964311949639517e-09 4.901120543587674278e-09
5.000000000000000278e-02 3.681998828314210770e-01 5.108339552324207139e-02 3.790582954689422616e-09 6.362561172330978463e-09
5.250000000000000500e-02 3.648167594621837817e-01 4.805003412604005875e-02 3.950766233324310208e-09 7.896331817128763045e-09
5.500000000000000722e-02 3.625357657010146450e-01 4.531003142046353266e-02 4.004755765722751322e-09 9.455763070714118107e-09
5.750000000000000944e-02 3.610738760810305870e-01 4.317516614617467052e-02 3.992923574050767857e-09 1.100214253739693040e-08
6.000000000000001166e-02 3.602200986274842198e-01 4.140287442051784200e-02 3.931790658055934657e-09 1.250520390459955827e-08
6.250000000000000000e-02 3.598164033333408063e-01 3.975769626931080492e-02 3.814061955838974639e-09 1.394256835925111689e-08
6.500000000000000222e-02 3.597441097428361600e-01 3.844122164999556890e-02 3.650637880391442324e-09 1.529891241245898653e-08
6.750000000000000444e-02 3.599138080609599610e-01 3.725433120142113835e-02 3.472997842542427496e-09 1.656477195008909301e-08
7.000000000000000666e-02 3.602579239227215457e-01 3.621381449537638963e-02 3.282931653440137527e-09 1.773526709838998601e-08
7.250000000000000888e-02 3.607253400638107399e-01 3.528555124785860003e-02 3.070610059225163238e-09 1.880917512181889153e-08
7.500000000000001110e-02 3.612773483079053660e-01 3.450771766583793365e-02 2.865567817540770810e-09 1.978788146408484535e-08
7.750000000000001332e-02 3.618846346138356318e-01 3.372590307993648256e-02 2.673343536754340399e-09 2.067471807045977491e-08
8.000000000000001554e-02 3.625250474356910835e-01 3.316478113904394731e-02 2.475639501107967681e-09 2.147429779950221583e-08
8.250000000000001776e-02 3.631818815952130852e-01 3.261805772902282713e-02 2.299811187836216151e-09 2.219200758059894550e-08
8.500000000000001998e-02 3.638425937597369875e-01 3.214566678783344067e-02 2.126240627584662809e-09 2.283369777176220205e-08
8.750000000000000833e-02 3.644978541179063614e-01 3.178864043329075739e-02 1.972180318819195008e-09 2.340532240641902777e-08
9.000000000000001055e-02 3.651408114198607668e-01 3.138129411097196481e-02 1.822013390652476141e-09 2.391286429930327425e-08
9.250000000000001277e-02 3.657664960558291156e-01 3.106830068055041472e-02 1.696686812236837118e-09 2.436217549829650563e-08
9.500000000000001499e-02 3.663712858141860984e-01 3.071749692605258222e-02 1.577014837814982940e-09 2.475865821615657489e-08
9.750000000000001721e-02 3.669527739112617981e-01 3.048038456291094281e-02 1.469801187795170920e-09 2.510740005122506150e-08
1.000000000000000056e-01 3.675096541057292221e-01 3.030538562416478301e-02 1.381069896623276932e-09 2.541310896014550072e-08
