# time 1 2 D-1 D
0.000000000000000000e+00 9.999999699154922261e-01 6.338326392075464211e-09 2.157737430369391377e-34 2.427160735577858819e-34
2.500000000000000052e-04 9.977403294673453660e-01 6.065055513239756707e-05 7.004945047749188506e-17 8.848779463633673276e-20
5.000000000000000104e-04 9.911013328037083792e-01 2.901291032727807079e-04 3.530149180194878435e-14 1.555851112267027903e-16
7.500000000000001240e-04 9.802688697135168994e-01 7.956045680023946789e-04 1.708286675198711647e-12 1.584212721170947009e-14
1.000000000000000021e-03 9.653551885578643965e-01 1.755124363159741045e-03 3.161425887274463227e-11 5.087135555603455287e-13
1.250000000000000026e-03 9.463497551267255892e-01 3.413552947465204636e-03 3.390074187705753474e-10 8.702225922105812408e-12
1.500000000000000248e-03 9.230540544671081982e-01 6.180256223042563009e-03 2.519469981753068791e-09 9.914005121110797268e-11
1.750000000000000253e-03 8.949874783088341834e-01 1.070196771337019945e-02 1.422652049206405232e-08 8.359929702593887654e-10
2.000000000000000042e-03 8.612475145469953297e-01 1.800425389069770093e-02 6.397494107916475789e-08 5.477035862002278875e-09
2.250000000000000264e-03 8.203133686095992472e-01 2.968896350144249047e-02 2.363483929367826384e-07 2.845189792841936934e-08
2.500000000000000052e-03 7.698319076496186186e-01 4.816261800796346748e-02 7.347856557422344231e-07 1.185671263829102561e-07
2.750000000000000274e-03 7.066135639121950973e-01 7.663814431565732499e-02 1.980050461094519219e-06 4.024976720880745223e-07
3.000000000000000496e-03 6.275223155743494541e-01 1.182753987743598023e-01 4.790180053261363726e-06 1.138302355140838856e-06
3.250000000000000284e-03 5.323105173634307130e-01 1.731906575211891453e-01 1.064599152729050994e-05 2.754024320000012640e-06
3.500000000000000507e-03 4.276045906676406716e-01 2.340161452822396571e-01 2.211816364785779132e-05 5.851676294517896275e-06
3.749999999999999861e-03 3.265618600008695083e-01 2.855753010342640397e-01 4.228941791860858166e-05 1.117530764349663093e-05
4.000000000000000083e-03 2.411362975101106476e-01 3.096238366342908832e-01 7.138347504859943367e-05 1.955545269411979156e-05
4.250000000000000305e-03 1.756577998700741272e-01 2.856397694906681606e-01 1.057680155337248134e-04 3.184544754996681068e-05
4.500000000000000527e-03 1.281241928441652078e-01 2.090529899374275746e-01 1.442498179971411808e-04 4.886198749264558888e-05
4.750000000000000749e-03 9.433998846860527920e-02 1.306177977647939581e-01 1.877679299706840987e-04 7.133738074206744302e-05
5.000000000000000104e-03 7.037428641812507046e-02 8.281411794020025752e-02 2.371963912464717002e-04 9.988651959513479334e-05
5.250000000000000326e-03 5.324557508432496700e-02 5.730997252002625886e-02 2.926694340171428761e-04 1.349884200899539551e-04
5.500000000000000548e-03 4.086108372092699115e-02 4.193286468701049735e-02 3.539797574467602411e-04 1.769803108328130506e-04
5.750000000000000770e-03 3.178967091958232599e-02 3.260487480374411884e-02 4.202558060248813001e-04 2.260614292871805675e-04
6.000000000000000992e-03 2.505654180507106005e-02 3.096553527317637278e-02 4.921974183444592166e-04 2.823035805574567879e-04
6.250000000000000347e-03 1.999393214882064229e-02 1.089478788921104287e-02 5.677998844991615380e-04 3.456658294585617766e-04
6.500000000000000569e-03 1.613986248518560138e-02 8.691966366191296658e-03 6.479512058018587536e-04 4.160112053835299381e-04
6.750000000000000791e-03 1.317101637418546800e-02 7.369051120431753706e-03 7.314114208261758348e-04 4.931238103401851865e-04
7.000000000000001013e-03 1.085838779604461450e-02 6.486091650944298716e-03 8.167188758210472193e-04 5.767253286763627564e-04
7.250000000000001235e-03 9.037823169763729500e-03 5.672445118533243902e-03 9.052610483342366562e-04 6.664901203865578700e-04
7.499999999999999722e-03 7.590281285895966561e-03 4.990034221771885541e-03 9.962542051022800146e-04 7.620586636067125776e-04
7.750000000000000812e-03 6.428465628036646520e-03 4.417762710457599426e-03 1.088952008148632179e-03 8.630491667680766261e-04
8.000000000000000167e-03 5.487671106871858974e-03 3.983369520613825980e-03 1.182122751389840399e-03 9.690672494831252363e-04
8.250000000000000389e-03 4.719446270825991378e-03 3.583328571478860101e-03 1.277378803289127293e-03 1.079714113501786159e-03
8.500000000000000611e-03 4.087156621875657515e-03 3.226743826487129402e-03 1.371663018469130050e-03 1.194592883140473908e-03
8.750000000000000833e-03 3.562845553158381761e-03 2.953851812484732230e-03 1.469103376325920762e-03 1.313313777677724064e-03
9.000000000000001055e-03 3.124990481036292195e-03 2.699832605590320178e-03 1.565641708238852325e-03 1.435498073626986998e-03
9.250000000000001277e-03 2.756882997346857007e-03 2.471991605110038237e-03 1.661065131305779598e-03 1.560780668945259322e-03
9.500000000000001499e-03 2.445448408924111826e-03 2.275835175630359138e-03 1.757847653620140532e-03 1.688812942385051761e-03
9.750000000000001721e-03 2.180377630927509292e-03 2.106568048725580931e-03 1.854927368084053610e-03 1.819263237353401039e-03
1.000000000000000021e-02 1.953483869198882356e-03 1.948580796560870753e-03 1.951526594703243767e-03 1.951817918359477445e-03
