# time 1 2 D-1 D
0.000000000000000000e+00 9.999999603197484710e-01 2.321246329906786683e-09 6.400934082211985775e-37 5.023952652819066551e-36
5.000000000000000104e-04 9.992508767951842064e-01 1.431496822613485600e-05 1.436268239257440568e-29 3.851943992734321173e-26
1.000000000000000021e-03 9.966213755637289839e-01 2.883574882112123873e-04 8.944845979914440352e-26 2.070079609799758783e-22
1.500000000000000248e-03 9.908947503814802271e-01 1.837059689174601980e-03 7.229023099638968874e-24 3.449270134441234607e-20
2.000000000000000042e-03 9.794617640204426046e-01 7.196203145101384008e-03 1.117899041155380131e-23 1.368897029686455583e-18
2.500000000000000052e-03 9.577676028456958424e-01 2.115079119589054549e-02 2.524289311317285077e-20 2.451552837113233677e-17
3.000000000000000496e-03 9.199093858557574332e-01 4.991626322439717683e-02 1.337055705694919970e-18 2.634838938858428664e-16
3.500000000000000507e-03 8.618082457535984897e-01 9.209878831936428589e-02 3.084098443487996068e-17 1.979612452902648202e-15
4.000000000000000083e-03 7.856439787696021249e-01 1.066739320989810169e-01 4.871480419335919487e-16 1.139612077289799427e-14
4.500000000000000527e-03 7.001638485997022654e-01 9.027568572253574786e-02 5.733890281809958243e-15 5.338300745763680004e-14
5.000000000000000104e-03 6.154684879236287376e-01 8.288540703485620942e-02 6.063708044984360471e-14 2.123062757700188946e-13
5.500000000000000548e-03 5.383570209215916558e-01 7.953742209954241249e-02 5.497024610901792720e-13 7.402133632569996647e-13
6.000000000000000992e-03 4.716908313807334219e-01 7.588544254349520457e-02 3.839739102684358042e-12 2.319988371136821741e-12
6.500000000000000569e-03 4.157843809546251101e-01 7.089803780126917310e-02 1.671686798979389309e-11 6.663799314595452809e-12
7.000000000000001013e-03 3.697282674472839870e-01 6.515820491823025307e-02 4.954604950706356366e-11 1.778456787745331107e-11
7.499999999999999722e-03 3.321666335341493248e-01 5.964886892107911648e-02 1.172870324797617911e-10 4.447878467655135291e-11
8.000000000000000167e-03 3.016853257883326256e-01 5.477135935756068108e-02 2.403778555659652571e-10 1.046770312592964028e-10
8.500000000000000611e-03 2.769881884268033945e-01 5.084791406454906154e-02 4.446750936493314952e-10 2.318292541614693890e-10
9.000000000000001055e-03 2.569623478737780853e-01 4.776484578099569889e-02 7.615253426822168665e-10 4.821255257348054132e-10
9.500000000000001499e-03 2.406873562367249642e-01 4.532117321909306940e-02 1.237637042765091417e-09 9.387359741849230725e-10
1.000000000000000021e-02 2.274180681197480736e-01 4.342535315170874960e-02 1.985858997144532922e-09 1.709124661052225918e-09
1.050000000000000065e-02 2.165583721342377865e-01 4.189313453741434767e-02 3.258771231981223926e-09 2.915001847328995891e-09
1.100000000000000110e-02 2.076338919872404709e-01 4.076861665643446986e-02 5.589579042982900877e-09 4.679882124682750209e-09
1.150000000000000154e-02 2.002675600525164745e-01 3.984172002104736238e-02 9.167525190747892827e-09 7.119612205799689870e-09
1.200000000000000198e-02 1.941592046745835021e-01 3.906944244392963200e-02 1.283554420178363323e-08 1.033730673634464224e-08
1.250000000000000069e-02 1.890691264113130154e-01 3.845962708160609311e-02 1.607314662471622103e-08 1.442130412896431964e-08
1.300000000000000114e-02 1.848053171022109864e-01 3.793497894483496141e-02 1.922307780198447689e-08 1.944471691392646292e-08
1.350000000000000158e-02 1.812132781078895083e-01 3.753954642005920966e-02 2.199509508318807182e-08 2.546544550628842037e-08
1.400000000000000203e-02 1.781683361669038901e-01 3.723802804631612395e-02 2.444786541978907033e-08 3.252604596995627505e-08
1.450000000000000247e-02 1.755695701556596877e-01 3.692041720418658135e-02 2.636971926937472514e-08 4.065237902704054485e-08
1.499999999999999944e-02 1.733351514622321343e-01 3.669450122284926424e-02 2.760789514645059143e-08 4.985060102234047020e-08
1.550000000000000162e-02 1.713975798365731107e-01 3.655796080244844148e-02 2.808462029941644666e-08 6.010232100807098408e-08
1.600000000000000033e-02 1.697057793245988766e-01 3.639844187469856024e-02 2.757598157804822696e-08 7.133917114203195301e-08
1.650000000000000078e-02 1.682127717599798677e-01 3.627822921023769048e-02 2.621648100076692788e-08 8.349439257833714146e-08
1.700000000000000122e-02 1.668837564443529653e-01 3.617673925321106265e-02 2.385795009183608132e-08 9.633148919256102040e-08
1.750000000000000167e-02 1.656897468601172541e-01 3.611219254342411256e-02 2.077628925601865939e-08 1.096407613047655667e-07
1.800000000000000211e-02 1.646070244271155836e-01 3.608754173666032378e-02 1.717982417550889518e-08 1.230276465957893907e-07
1.850000000000000255e-02 1.636163672455333284e-01 3.606924774557441343e-02 1.326540626575109510e-08 1.362617886178635294e-07
1.900000000000000300e-02 1.627021997380723173e-01 3.606356073716977806e-02 9.472161379501947149e-09 1.488871957044415095e-07
1.950000000000000344e-02 1.618519490738761224e-01 3.605027298981090117e-02 6.148175581889565811e-09 1.605218191118105641e-07
2.000000000000000042e-02 1.610553120892595780e-01 3.611810186977802012e-02 3.513004566347377268e-09 1.709141121255714701e-07
