# time 1 2 D-1 D
0.000000000000000000e+00 9.999999628612733504e-01 4.752725843901529774e-09 2.560226696090942192e-34 5.930368999898442616e-35
2.500000000000000052e-04 9.999859739553971227e-01 1.333113344068762760e-05 1.151332554675281725e-20 1.718040694954438639e-22
5.000000000000000104e-04 9.997225371726372600e-01 2.664135315090683238e-04 2.297149490551178726e-19 1.782692707451665354e-21
7.500000000000001240e-04 9.982779563276165113e-01 1.666579171766890488e-03 2.948759243198978144e-18 1.052898950211327216e-20
1.000000000000000021e-03 9.934515636917737869e-01 6.347650107762628502e-03 1.791024193049678435e-17 3.325000530278797737e-19
1.250000000000000026e-03 9.813723085362153764e-01 1.791266675042403611e-02 9.426706361236934846e-17 3.753892110465126797e-18
1.500000000000000248e-03 9.571230669822563542e-01 4.022123431670324156e-02 5.623742668876030648e-16 3.875982922999005394e-17
1.750000000000000253e-03 9.172519784362362927e-01 7.330213623735000461e-02 3.405671948935135225e-15 3.657667681506389808e-16
2.000000000000000042e-03 8.629955645416366172e-01 1.066441410972709114e-01 1.864482261196200538e-14 2.881886624517455552e-15
2.250000000000000264e-03 8.006427484087812463e-01 1.175294354938152264e-01 8.859134598714644093e-14 1.858177817618740045e-14
2.500000000000000052e-03 7.380177447627098708e-01 1.030130835555373714e-01 3.707104934847389446e-13 1.005537400483529137e-13
2.750000000000000274e-03 6.808115205983473750e-01 8.780016970938492316e-02 1.381487776483889652e-12 4.716689772710658344e-13
3.000000000000000496e-03 6.315765577909721040e-01 7.871958133853416972e-02 4.663711326833036361e-12 1.968436182764019672e-12
3.250000000000000284e-03 5.905992632520877805e-01 7.450728148627185077e-02 1.448278376101931960e-11 7.379649340957805180e-12
3.500000000000000507e-03 5.570502039276992168e-01 7.268918556813139253e-02 4.239197828159511818e-11 2.467901226687008279e-11
3.749999999999999861e-03 5.297459771765845593e-01 7.220498577640481475e-02 1.210517866284754619e-10 7.285198376787233137e-11
4.000000000000000083e-03 5.075210085341202992e-01 7.270526686709172237e-02 3.494710070478612413e-10 1.893410076286081342e-10
4.250000000000000305e-03 4.893666981392831294e-01 7.365184668509332233e-02 1.049426415965884552e-09 4.365403855311698766e-10
4.500000000000000527e-03 4.744589627536249243e-01 7.482304057864397340e-02 3.190321725778811984e-09 9.033481914296611169e-10
4.750000000000000749e-03 4.621437004121854430e-01 7.609513893301111942e-02 7.594827193154682413e-09 1.698355952709312706e-09
5.000000000000000104e-03 4.519065704904963732e-01 7.743386046833736214e-02 1.087719943199098794e-08 2.934007940571010851e-09
5.250000000000000326e-03 4.433460797470493153e-01 7.874276700404447826e-02 1.326900478462007315e-08 4.705181057057814769e-09
5.500000000000000548e-03 4.361471313267137329e-01 7.992788069774520165e-02 1.547477707749868029e-08 7.067871873856686771e-09
5.750000000000000770e-03 4.300645670969438505e-01 8.107061430443776584e-02 1.856965670813518064e-08 1.002370456511885345e-08
6.000000000000000992e-03 4.248987463743442716e-01 8.206473098015733270e-02 2.066690749305284521e-08 1.351477487343285624e-08
6.250000000000000347e-03 4.204982726857298680e-01 8.292711014715017925e-02 2.226841170518221556e-08 1.742869726307285541e-08
6.500000000000000569e-03 4.167350954326887180e-01 8.370493266070989924e-02 2.359821943902096268e-08 2.161250256765460758e-08
6.750000000000000791e-03 4.135133851328643972e-01 8.433664294251658200e-02 2.320999089363017273e-08 2.589100735771426147e-08
7.000000000000001013e-03 4.107440943316246762e-01 8.489415459335532266e-02 2.273796185376276530e-08 3.008529437171577221e-08
7.250000000000001235e-03 4.083697516032738228e-01 8.532597774341166286e-02 2.146311501916674618e-08 3.403037610053535470e-08
7.499999999999999722e-03 4.063278253711169463e-01 8.566602374070760029e-02 1.926405821227783357e-08 3.758722348361767584e-08
7.750000000000000812e-03 4.045636738145022560e-01 8.595298684258273481e-02 1.704221578997306945e-08 4.064915138572308847e-08
8.000000000000000167e-03 4.030502073225082915e-01 8.617975427827780088e-02 1.483815579390645354e-08 4.314310396466643551e-08
8.250000000000000389e-03 4.017410167508174146e-01 8.636469682044801977e-02 1.231659133435717252e-08 4.503358260700841090e-08
8.500000000000000611e-03 4.006236278753276814e-01 8.650507683967742500e-02 9.880869786976956902e-09 4.631337147110522810e-08
8.750000000000000833e-03 3.996549047618509487e-01 8.661171845099520372e-02 7.543663673683420787e-09 4.699993701188759168e-08
9.000000000000001055e-03 3.988084558758697717e-01 8.669479960523401862e-02 5.611511922445022293e-09 4.713254400257746450e-08
9.250000000000001277e-03 3.980909162941030921e-01 8.677595579664806880e-02 4.015169794664144321e-09 4.676394562898638423e-08
9.500000000000001499e-03 3.974715173681078184e-01 8.682972646744074874e-02 2.620202735231955498e-09 4.595523319216152910e-08
9.750000000000001721e-03 3.969303030590340398e-01 8.688241990997844222e-02 1.560756742442161475e-09 4.477258164067616881e-08
1.000000000000000021e-02 3.964561469159342821e-01 8.694870618313889354e-02 8.397650717732496678e-10 4.328461792300192325e-08
