# time 1 2 D-1 D
0.000000000000000000e+00 9.999999628612733504e-01 4.752725843901529774e-09 2.560226696090942192e-34 5.930368999898442616e-35
2.500000000000000486e-03 9.961612426692026956e-01 2.996341207894682827e-03 1.354323607386344103e-16 1.756341755053696201e-19
5.000000000000000971e-03 9.821215297020822188e-01 1.453769186287461913e-02 3.353318921326923704e-14 1.589099063824854861e-16
7.500000000000001457e-03 9.530707523755159727e-01 3.935872800903286034e-02 8.429096689958676237e-13 7.984844304767890902e-15
1.000000000000000194e-02 9.031474598143506283e-01 8.242325257374326364e-02 8.468232090234685105e-12 1.214657620101360468e-13
1.250000000000000069e-02 8.270133121700556922e-01 1.460363590054410132e-01 5.217519376743248940e-11 9.450248150923356705e-13
1.500000000000000291e-02 7.234283022701929466e-01 2.238565595734422486e-01 2.390635653233623329e-10 4.693113460360855160e-12
1.750000000000000167e-02 5.994546086564649379e-01 2.938746687743764574e-01 9.046968355675793376e-10 1.638298641644395091e-11
2.000000000000000389e-02 4.704970231042365225e-01 3.159342671071744268e-01 3.007837200458971671e-09 4.068751656376024634e-11
2.250000000000000264e-02 3.533427534485687471e-01 2.560638300364425080e-01 9.101625138373630560e-09 6.411517978437314634e-11
2.500000000000000139e-02 2.581209297805954761e-01 1.616022994504497656e-01 2.569444179959197847e-08 3.317732940880273815e-11
2.750000000000000361e-02 1.864927739405982943e-01 9.856321705022905166e-02 6.839265620245682764e-08 5.555976815795423036e-11
3.000000000000000583e-02 1.349970243633748512e-01 6.382847248159026488e-02 1.724851859643077376e-07 2.029596734530186781e-09
3.250000000000000111e-02 9.873342499868570377e-02 4.453916606217200869e-02 4.128508530399907200e-07 1.633711930585205728e-08
3.500000000000000333e-02 7.330566443555801281e-02 3.270425016945154723e-02 9.451242474605136378e-07 7.877308519118080616e-08
3.750000000000000555e-02 5.537358034486863922e-02 2.496536326258163435e-02 2.110498118376370310e-06 2.769860039256712219e-07
4.000000000000000777e-02 4.258280443276674099e-02 1.975528563167286075e-02 4.731043720855183402e-06 7.779928808268663751e-07
4.250000000000000999e-02 3.332805507365899089e-02 1.603621702451005909e-02 1.094969057202018782e-05 1.853317193591357650e-06
4.500000000000000527e-02 2.652713768584292683e-02 1.329042552518166186e-02 2.598711194858923371e-05 3.902909043505950801e-06
4.750000000000000749e-02 2.145025081117742788e-02 1.121213596256367441e-02 5.307034717705674809e-05 7.473902990729913460e-06
5.000000000000000278e-02 1.760155196668050301e-02 9.615953906950807858e-03 7.688368341234506854e-05 1.326806647539751225e-05
5.250000000000000500e-02 1.464064893741299361e-02 8.359450369347933354e-03 1.009631228366735336e-04 2.213457263191833887e-05
5.500000000000000722e-02 1.233079099913426437e-02 7.341192530058637464e-03 1.311927540561322596e-04 3.504793272476749657e-05
5.750000000000000944e-02 1.050524461536137162e-02 6.523804765919270950e-03 1.747732300475293677e-04 5.307331077617303682e-05
6.000000000000001166e-02 9.044648621357479976e-03 5.843568941892756004e-03 2.241825812201821339e-04 7.732304914507195513e-05
6.250000000000000000e-02 7.862862565678592486e-03 5.274291952236155774e-03 2.830385020400764452e-04 1.089090823517047032e-04
6.500000000000000222e-02 6.896474317540457998e-03 4.799332381759851066e-03 3.545020572715960774e-04 1.488959850988198622e-04
6.750000000000000444e-02 6.098618593091635794e-03 4.391348982901906346e-03 4.266900337800113088e-04 1.982586775104323710e-04
7.000000000000000666e-02 5.433768422780066443e-03 4.044514045293991569e-03 5.131762846140066866e-04 2.578479028541516430e-04
7.250000000000000888e-02 4.875318128194179243e-03 3.742331970002936263e-03 6.060179945627720182e-04 3.283649254082774489e-04
7.500000000000001110e-02 4.402476634324958664e-03 3.478626601126835662e-03 6.985510802690634777e-04 4.103463389782737456e-04
7.750000000000001332e-02 3.999086526252658425e-03 3.248892291247580059e-03 8.019126167376770982e-04 5.041577691019900800e-04
8.000000000000001554e-02 3.652876275133637440e-03 3.047479674816593737e-03 9.169612595989131039e-04 6.099958752140670218e-04
8.250000000000001776e-02 3.353711239716782554e-03 2.869636421192985499e-03 1.029451641605684618e-03 7.278964218523191476e-04
8.500000000000001998e-02 3.093937795587987580e-03 2.712386405214301573e-03 1.145175839377076104e-03 8.577475322153812077e-04
8.750000000000000833e-02 2.866955480014685143e-03 2.570944085574397749e-03 1.256914833865654078e-03 9.993058879204724191e-04
9.000000000000001055e-02 2.667587958512288113e-03 2.443513728737627556e-03 1.380453136236180342e-03 1.152213788093053078e-03
9.250000000000001277e-02 2.491935890418521711e-03 2.330078647079105759e-03 1.513809517697012287e-03 1.316018159125488139e-03
9.500000000000001499e-02 2.336394270668793252e-03 2.227110381790432629e-03 1.633759870669275862e-03 1.490186754185027695e-03
9.750000000000001721e-02 2.198071043970557890e-03 2.133801428079373005e-03 1.755300399794682822e-03 1.674126937923246621e-03
1.000000000000000056e-01 2.074595228565877855e-03 2.049812616753590288e-03 1.896221308407914892e-03 1.867197914740233340e-03
