# time 1 2 D-1 D
0.000000000000000000e+00 9.999999434529328601e-01 1.592206281427433363e-08 5.652733075857302353e-35 1.643651621220941810e-36
2.500000000000000052e-04 9.999993595596305962e-01 9.953200400192544694e-08 2.912243038240675799e-33 9.640821510043796223e-36
5.000000000000000104e-04 9.999895789189172657e-01 2.039516306092721079e-06 3.331078142522995561e-31 2.898037381291559562e-33
7.500000000000001240e-04 9.999419064989192307e-01 1.443350530379324914e-05 2.331597748808475951e-28 1.598421219058306416e-30
1.000000000000000021e-03 9.997909005633534019e-01 6.502021556998870990e-05 1.345797599000070807e-28 4.927328762598305587e-30
1.250000000000000026e-03 9.993991160604031032e-01 2.288933295443786075e-04 5.879292094948263009e-26 5.575578089505292649e-28
1.500000000000000248e-03 9.984845404164309768e-01 6.873951053944720542e-04 6.114592772528696844e-25 1.936076517967137369e-26
1.750000000000000253e-03 9.964810806048608471e-01 1.839990307220548812e-03 3.329133066008792414e-24 1.542138547116794227e-25
2.000000000000000042e-03 9.922936666750269419e-01 4.508274581296226914e-03 1.604691127151912183e-23 1.136410692498493649e-24
2.250000000000000264e-03 9.839322307106453946e-01 1.025254262135633955e-02 7.198974261718688370e-23 7.230916908065759109e-24
2.500000000000000052e-03 9.681389521439339729e-01 2.145450972289168409e-02 3.024939595890963026e-22 4.227384227420243296e-23
2.750000000000000274e-03 9.404579333472318226e-01 4.064688656453462057e-02 1.187236561725992446e-21 2.301384796522153668e-22
3.000000000000000496e-03 8.965529931592527424e-01 2.656788632829724592e-03 4.238607301330219012e-21 1.158510499588171644e-21
3.250000000000000284e-03 8.349531045730024248e-01 1.172992625184158220e-02 1.342692757779846746e-20 5.312180148043104887e-21
3.500000000000000507e-03 7.591506317744497467e-01 2.071965878626875340e-02 3.696462517980352269e-20 2.168380942354514118e-20
3.749999999999999861e-03 6.763239476473527079e-01 3.229847339290341235e-02 8.823062605828803442e-20 7.735772642251957132e-20
4.000000000000000083e-03 5.938109799237093478e-01 4.564696794387684831e-02 1.909053776476365914e-19 2.420106698127955933e-19
4.250000000000000305e-03 5.168587953253073186e-01 6.019608981506938822e-02 4.275189122947931561e-19 6.785538510336593804e-19
4.500000000000000527e-03 4.484411963744054930e-01 7.443777924544914271e-02 6.841766213187711850e-18 1.745512690286481996e-18
4.750000000000000749e-03 3.897775877729923732e-01 8.575615612921261288e-02 1.887820953055695183e-17 4.198707678607361153e-18
5.000000000000000104e-03 3.407961923564714612e-01 9.411896322994209307e-02 4.128603674396518083e-17 9.541980632803266644e-18
5.250000000000000326e-03 3.005733109633257349e-01 9.940931636196412291e-02 7.999676869622923973e-17 2.053004709763907486e-17
5.500000000000000548e-03 2.677724855633490941e-01 1.002088854904885917e-01 1.380082526604934724e-16 4.168474399372270853e-17
5.750000000000000770e-03 2.409903121848004648e-01 4.746137504337583080e-02 2.122257151291624706e-16 7.950051581989210827e-17
6.000000000000000992e-03 2.189547069986648997e-01 4.578134205683791896e-02 2.973640572187507478e-16 1.416869767045026720e-16
6.250000000000000347e-03 2.006010766387716082e-01 4.549635361254115301e-02 3.730320396513323512e-16 2.351575829251297148e-16
6.500000000000000569e-03 1.850775925008235900e-01 4.585140259019035436e-02 4.173811679005695918e-16 3.629745598867861112e-16
6.750000000000000791e-03 1.717197085817372681e-01 4.700741080308806774e-02 4.334293266110795311e-16 5.214191512971972081e-16
7.000000000000001013e-03 1.600175592503759736e-01 4.907779826380829352e-02 3.821041893110016096e-16 6.997997772073553751e-16
7.250000000000001235e-03 1.495897627360127657e-01 5.136465185118956056e-02 3.216534641875326075e-16 8.821360888966679647e-16
7.499999999999999722e-03 1.401438872818374648e-01 5.432302543835290654e-02 2.263308972758071682e-16 1.042256694419604959e-15
7.750000000000000812e-03 1.315026703011492604e-01 5.758448590443521892e-02 1.659500707704921823e-16 1.161977383061303207e-15
8.000000000000000167e-03 1.234729720825749333e-01 6.116425076884987599e-02 8.984531701334612447e-17 1.226364517254861916e-15
8.250000000000000389e-03 1.159035546407465034e-01 6.509561419604639743e-02 3.882788165431859600e-17 1.230217960951539676e-15
8.500000000000000611e-03 1.087504833143697197e-01 6.925483427150917748e-02 6.915716147631836333e-18 1.175140796020423979e-15
8.750000000000000833e-03 1.020360210952717117e-01 7.348644032191473108e-02 3.325593708272342121e-18 1.066098281305502697e-15
9.000000000000001055e-03 9.575524169617731507e-02 7.774654754131492262e-02 1.589808039505568720e-17 9.195188868954055674e-16
9.250000000000001277e-03 8.978242388614605940e-02 8.207120058137928886e-02 9.385959623915481736e-18 7.608775019578923270e-16
9.500000000000001499e-03 8.439054927206293688e-02 8.613018130680323570e-02 5.733016802720342809e-17 5.967663504645485499e-16
9.750000000000001721e-03 7.920492744909131411e-02 9.024350942922294838e-02 1.659342077570838507e-16 4.347675481633218867e-16
1.000000000000000021e-02 7.427238868077840062e-02 9.433550476787715133e-02 6.738131635224098028e-16 2.938135516342083804e-16
