# time 1 2 D-1 D
0.000000000000000000e+00 9.999999325101844860e-01 1.126110481590854206e-08 1.366957584987275218e-35 3.222176952397742845e-35
2.500000000000000486e-03 9.999995162029277074e-01 2.444029130231848504e-07 1.274039867498599932e-29 2.157050265759259449e-31
5.000000000000000971e-03 9.999914816952103491e-01 5.023669314233895586e-06 5.845214308029020243e-27 3.389337494978005223e-28
7.500000000000001457e-03 9.999478888770946261e-01 3.361153650631910786e-05 9.901880320587314983e-26 4.176106871181138592e-27
1.000000000000000194e-02 9.997987861031422119e-01 1.387157233693324539e-04 4.613564159980601592e-25 5.996330280174992760e-27
1.250000000000000069e-02 9.994018169489904402e-01 4.319245182732134964e-04 1.537919311366964546e-24 7.440957129209088592e-27
1.500000000000000291e-02 9.985091372857050063e-01 1.105224162506684461e-03 5.258293453180898321e-24 1.511060717911730450e-26
1.750000000000000167e-02 9.967502162353605311e-01 2.426945236424140912e-03 1.699846148892114790e-23 6.333262385583216851e-26
2.000000000000000389e-02 9.936553714386413549e-01 4.687359611516867842e-03 5.849331606369749816e-23 7.674740489499715322e-25
2.250000000000000264e-02 9.887319700658525612e-01 8.125793254599609702e-03 2.083056859845789177e-22 1.019604158210908917e-23
2.500000000000000139e-02 9.815712355434826897e-01 1.285529704944655092e-02 7.038588635846913198e-22 9.548512479463488827e-23
2.750000000000000361e-02 9.719352512228458529e-01 1.887622857480858105e-02 2.194960582554038142e-21 5.875901666615115953e-22
3.000000000000000583e-02 9.597831029406659331e-01 2.609729294302158900e-02 5.524421452216848558e-21 2.158891330137325258e-21
3.250000000000000111e-02 9.452390353467307049e-01 3.402577569362401355e-02 9.913845862119985685e-21 3.603683435247478873e-21
3.500000000000000333e-02 9.285381493651430063e-01 3.992659398767541001e-02 4.954749852240055473e-21 7.025488059983935286e-23
3.750000000000000555e-02 9.099821749718481900e-01 2.158453785508973946e-02 5.864354994796465358e-20 6.644552173263632121e-20
4.000000000000000777e-02 8.899120730360025044e-01 3.623406960137606162e-03 2.541991030222763693e-18 9.811628467032286931e-19
4.250000000000000999e-02 8.686871936571102237e-01 7.269603131216241347e-04 3.435698699440941212e-17 6.820538857368932695e-18
4.500000000000000527e-02 8.466611167573036001e-01 8.605048350820610641e-05 2.514367970964214077e-16 3.258371922571099472e-17
4.750000000000000749e-02 8.241542084607790253e-01 1.978123411447624120e-05 1.174599708782268404e-15 1.213354649306616839e-16
5.000000000000000278e-02 8.014298322650453832e-01 2.846676984097826473e-04 3.891107123910478132e-15 3.750385955538632181e-16
5.250000000000000500e-02 7.786806533442347522e-01 8.508967937347353475e-04 1.020435716298919882e-14 9.980383660763484836e-16
5.500000000000000722e-02 7.560257327310379027e-01 1.760094270279710963e-03 2.221940598166800716e-14 2.347738058546554270e-15
5.750000000000000944e-02 7.335144028810738348e-01 3.074878281506014319e-03 4.215067700628917165e-14 4.972468405739981121e-15
6.000000000000001166e-02 7.111317413576530022e-01 4.847388862931758385e-03 7.052630751916317560e-14 9.648071223799405356e-15
6.250000000000000000e-02 6.888032251599411904e-01 7.116116515983064890e-03 1.066527866106505328e-13 1.721653103562307581e-14
6.500000000000000222e-02 6.664001886453855272e-01 9.917637271307899738e-03 1.471384724302438436e-13 2.864367125646270672e-14
6.750000000000000444e-02 6.437500397563156174e-01 1.327068665891461413e-02 1.872799330276101482e-13 4.407515048121202702e-14
7.000000000000000666e-02 6.206533365344216735e-01 1.720007368594518235e-02 2.210891803284909869e-13 6.296605532181457484e-14
7.250000000000000888e-02 5.969063052420541249e-01 2.170255149628724442e-02 2.438232630453027945e-13 8.307266373164516443e-14
7.500000000000001110e-02 5.723217786848956434e-01 2.679796237611258708e-02 2.513861781472376150e-13 1.015187459411140873e-13
7.750000000000001332e-02 5.467369752681546791e-01 3.261378830137871832e-02 2.416220031180459370e-13 1.147664167059956374e-13
8.000000000000001554e-02 5.200018358319845602e-01 3.938600761030186526e-02 2.125377497237130015e-13 1.201428238237506796e-13
8.250000000000001776e-02 4.918994767674503832e-01 4.700666663496146092e-02 1.665802088561668670e-13 1.170240938365591505e-13
8.500000000000001998e-02 4.620698272160082554e-01 5.615242422647007819e-02 1.053264478854978997e-13 1.063575399548695219e-13
8.750000000000000833e-02 4.301647777811821727e-01 6.756602840820995215e-02 3.853645140565875862e-14 9.044551140395719378e-14
9.000000000000001055e-02 3.965938673736262299e-01 8.094327934029656169e-02 1.142949861401695378e-15 7.203253792890002417e-14
9.250000000000001277e-02 3.591733205164153730e-01 9.875172365605434932e-02 6.987320555809170770e-14 5.361671302802099070e-14
9.500000000000001499e-02 3.178908099216689043e-01 1.212096855061703254e-01 4.500879712606076057e-13 3.700986877753484107e-14
9.750000000000001721e-02 2.759758194279644528e-01 1.452271314291784521e-01 1.279089100374355814e-12 2.325219999570626189e-14
1.000000000000000056e-01 2.352012006767908725e-01 1.690799455677106655e-01 2.114707859653877864e-12 1.277518575934369376e-14
