# time 1 2 D-1 D
0.000000000000000000e+00 9.999999694802170769e-01 4.972850765372864320e-09 7.371289975136399650e-34 4.483805651776532615e-34
1.250000000000000243e-03 9.967033631063045851e-01 2.290570942826630020e-05 3.566564443249330641e-18 3.753167436342429205e-21
2.500000000000000486e-03 9.867221721133692114e-01 1.213700431836058189e-04 1.228192268401328539e-15 6.024989442900111853e-18
3.750000000000000729e-03 9.700848874884913098e-01 3.512194568395291504e-04 4.506713892925996000e-14 5.678101423593192052e-16
5.000000000000000971e-03 9.470227880336864468e-01 8.158569517622436731e-04 6.549954508078904363e-13 1.702542476531214318e-14
6.250000000000000347e-03 9.179215248784008407e-01 1.663227319126581909e-03 6.253416369806309591e-12 2.733017912100212470e-13
7.500000000000001457e-03 8.832437650876902024e-01 3.075657159943875722e-03 4.509199342927952791e-11 2.934590851145423010e-12
8.750000000000000833e-03 8.434262488747409359e-01 5.432145811275439391e-03 2.671498872419304209e-10 2.355367403706845775e-11
1.000000000000000194e-02 7.987557365061920267e-01 9.143699998755076830e-03 1.388115648381429659e-09 1.501180304890909140e-10
1.125000000000000132e-02 7.492281428937198617e-01 1.476606129826218625e-02 6.524081782815214238e-09 7.871159042616750510e-10
1.250000000000000069e-02 6.944057534108951657e-01 2.317363501423801500e-02 2.755745810506005767e-08 3.473952841015962479e-09
1.375000000000000180e-02 6.333266063647347011e-01 3.538673857098316444e-02 1.025886773279945028e-07 1.313190450549682269e-08
1.500000000000000291e-02 5.646318834809297416e-01 5.218112612678672824e-02 3.292250177200031188e-07 4.318179665751721691e-08
1.625000000000000056e-02 4.872882452556008270e-01 7.401058864880989685e-02 9.052311307198388632e-07 1.254079640636240151e-07
1.750000000000000167e-02 4.023503415092404278e-01 9.988697644426988709e-02 2.175332852064824180e-06 3.264102908194182065e-07
1.875000000000000278e-02 3.151507560544106745e-01 1.247525968427157239e-01 4.607284166858402113e-06 7.716839233069764681e-07
2.000000000000000389e-02 2.348403707777135807e-01 1.420826366464549295e-01 8.854275879274996379e-06 1.676382053841798247e-06
2.125000000000000500e-02 1.693584338692267766e-01 1.472641271876440894e-01 1.571793031513107227e-05 3.378491029390182227e-06
2.250000000000000264e-02 1.209681340327308646e-01 1.416631647717002951e-01 2.623451875104921015e-05 6.366525702742076466e-06
2.375000000000000375e-02 8.717732131268228490e-02 1.291775400564000864e-01 4.172533316473313130e-05 1.129242819244053788e-05
2.500000000000000139e-02 6.403201289615111091e-02 1.141090744448354094e-01 6.415268589552271597e-05 1.896334717710696302e-05
2.625000000000000250e-02 4.810460064639993788e-02 9.750277196337206465e-02 9.571302352647004816e-05 3.031262344141013749e-05
2.750000000000000361e-02 3.695666326049137224e-02 1.883670919224196810e-03 1.406122099657572389e-04 4.635678760917856132e-05
2.875000000000000472e-02 2.898061418946826576e-02 2.425220920334315768e-03 2.018570785881744630e-04 6.814775357561729540e-05
3.000000000000000583e-02 2.314066756908235781e-02 2.452931005832274108e-03 2.824497182402847849e-04 9.672751164512493303e-05
3.125000000000000000e-02 1.877056109243869716e-02 2.415519361692887099e-03 3.814048317637185655e-04 1.330889577643510474e-04
3.250000000000000111e-02 1.542555850474189132e-02 2.362179168408268942e-03 4.928916259352366606e-04 1.781437316530432914e-04
3.375000000000000222e-02 1.282314607644543560e-02 2.301120979884639824e-03 6.070339252973144502e-04 2.326968474871056220e-04
3.500000000000000333e-02 1.076021831844923074e-02 2.276267141108103288e-03 7.172915974188151566e-04 2.974278197435310410e-04
3.625000000000000444e-02 9.099691146466255820e-03 2.242692054746368586e-03 8.218707574893320458e-04 3.728781051314166372e-04
3.750000000000000555e-02 7.751983025030712363e-03 2.220637233819081416e-03 9.210423352110258836e-04 4.594448758471149819e-04
3.875000000000000666e-02 6.639570816043537452e-03 2.200241050511045349e-03 1.017866016384312393e-03 5.573808426304260530e-04
4.000000000000000777e-02 5.713926847547911442e-03 2.183167502746316980e-03 1.113306401915002252e-03 6.667991814465397968e-04
4.125000000000000888e-02 4.941374572611688214e-03 2.165374430411417302e-03 1.208487434944342104e-03 7.876827856635723385e-04
4.250000000000000999e-02 4.287495516302139605e-03 2.147947198892580234e-03 1.306609324536867674e-03 9.198969554251158840e-04
4.375000000000000416e-02 3.734628593684332851e-03 2.126808075330595058e-03 1.402816775956675956e-03 1.063203894083403211e-03
4.500000000000000527e-02 3.267486377618033632e-03 2.099487619909010984e-03 1.505604617417136094e-03 1.217277707958078128e-03
4.625000000000000638e-02 2.865125813797430969e-03 2.072992257562563789e-03 1.608947962316039466e-03 1.381719604533290834e-03
4.750000000000000749e-02 2.520124499572807489e-03 2.043703844662231230e-03 1.714382064737416788e-03 1.556073111342397590e-03
4.875000000000000860e-02 2.228287463723976122e-03 2.006978332280709432e-03 1.823928599338344846e-03 1.739836785069857894e-03
5.000000000000000278e-02 1.972639836198006660e-03 1.972659944005727192e-03 1.937612385485112379e-03 1.932475633056089442e-03
