# time 1 2 D-1 D
0.000000000000000000e+00 9.999999694802170769e-01 4.972850765372864320e-09 7.371289975136399650e-34 4.483805651776532615e-34
2.500000000000000486e-03 9.999996320346354883e-01 1.186887545148794186e-08 7.543665176358019162e-22 5.638237891824397710e-24
5.000000000000000971e-03 9.999942522100438991e-01 1.683090769652032942e-07 8.913405459125241019e-21 1.136598693879132794e-22
7.500000000000001457e-03 9.999699405597027857e-01 1.181268880397792933e-06 2.189794783303099267e-20 2.758275793039193437e-21
1.000000000000000194e-02 9.999005805728368168e-01 5.769546348141233828e-06 5.739220586563356773e-21 1.802631673412898129e-20
1.250000000000000069e-02 9.997421724667836518e-01 2.263399034761964131e-05 1.200133007783942216e-18 1.571280612199992152e-19
1.500000000000000291e-02 9.994195457964734075e-01 7.634756732622559544e-05 2.414763498388125051e-17 1.523446428964043596e-18
1.750000000000000167e-02 9.987951494763649407e-01 2.354377395255010199e-04 2.368742656135051256e-16 1.457322430712231920e-17
2.000000000000000389e-02 9.975984899395301531e-01 6.694665782667055332e-04 1.484297228142135721e-15 1.111747103471039308e-16
2.250000000000000264e-02 9.952761066519337785e-01 1.771174722663117857e-03 6.365383762251072396e-15 6.767300911732550131e-16
2.500000000000000139e-02 9.906997556868982757e-01 4.403258670357999317e-03 1.967720285127814855e-14 3.309732694248324568e-15
2.750000000000000361e-02 9.816696224459030562e-01 1.027785034905705219e-02 5.107055292003078315e-14 1.349424790766930405e-14
3.000000000000000583e-02 9.642604093286716305e-01 2.233660061616087739e-02 1.276726894303401982e-13 4.733108430973535370e-14
3.250000000000000111e-02 9.325010401321499609e-01 4.490477542721114934e-02 3.222069869359164648e-13 1.464969792603948581e-13
3.500000000000000333e-02 8.798162369928659299e-01 8.247500221585293834e-02 8.117981738561071486e-13 4.072263007115831390e-13
3.750000000000000555e-02 8.038033856890156592e-01 1.349697321470426370e-01 1.922258798654573815e-12 1.025738220605083801e-12
4.000000000000000777e-02 7.115803449297154470e-01 1.945691933165094589e-01 4.206196100262911523e-12 2.353438860562849499e-12
4.250000000000000999e-02 6.175935475575561329e-01 2.482077022266695188e-01 8.379955936048857267e-12 4.932001340732924708e-12
4.500000000000000527e-02 5.342250684093097224e-01 2.874879594729438104e-01 1.530250937246466238e-11 9.471539093375723321e-12
4.750000000000000749e-02 4.664728946684021937e-01 3.108563491387165700e-01 2.587217617652858811e-11 1.673533179894574071e-11
5.000000000000000278e-02 4.137440345752911308e-01 3.218806995694049600e-01 4.144571025136583680e-11 2.734959176649928679e-11
5.250000000000000500e-02 3.733030265253527435e-01 3.231665912473078994e-01 6.310532411622712629e-11 4.159885964307167385e-11
5.500000000000000722e-02 3.422566212168361988e-01 1.986974117835619050e-04 9.506288561507188118e-11 5.929880948204510691e-11
5.750000000000000944e-02 3.182232844363324098e-01 1.981791674724829109e-05 1.398684134501163652e-10 7.980585008194658818e-11
6.000000000000001166e-02 2.994075693382980408e-01 1.504591742424154490e-04 2.021319603071463250e-10 1.021498566397641282e-10
6.250000000000000000e-02 2.844992628366826426e-01 3.485545671456382298e-04 2.834357060581873952e-10 1.252714013659866034e-10
6.500000000000000222e-02 2.725302917512480438e-01 6.100931209414618434e-04 3.806286084273711670e-10 1.482270857822366124e-10
6.750000000000000444e-02 2.628126523710255791e-01 9.237078061441267784e-04 4.799874196000979804e-10 1.703574953164061245e-10
7.000000000000000666e-02 2.548128889640328687e-01 1.377488694274003802e-03 5.662372751368206992e-10 1.913463092771542303e-10
7.250000000000000888e-02 2.481319968420052369e-01 1.913567464863035134e-03 6.355016230433006716e-10 2.111922309713496932e-10
7.500000000000001110e-02 2.425050557694388709e-01 2.574202967103123105e-03 6.859685233859703493e-10 2.301025255480725703e-10
7.750000000000001332e-02 2.376615300862036650e-01 3.367670218616258902e-03 7.130148928474701721e-10 2.483845824812379589e-10
8.000000000000001554e-02 2.334300457840798870e-01 4.309816575007152303e-03 7.229548824315391781e-10 2.663271748267857209e-10
8.250000000000001776e-02 2.297134588703417246e-01 5.373152958789837418e-03 7.182013153905749640e-10 2.841161904941403090e-10
8.500000000000001998e-02 2.263496217901237451e-01 6.595302964914494595e-03 6.965859599987005665e-10 3.017914624760358021e-10
8.750000000000000833e-02 2.233080942044691486e-01 7.924919663910774334e-03 6.707730514568855965e-10 3.192359205571705571e-10
9.000000000000001055e-02 2.205734617804604725e-01 9.306378090408207529e-03 6.284222935380530568e-10 3.362047337165909056e-10
9.250000000000001277e-02 2.179860320952443087e-01 1.084089601992316645e-02 5.821211558548796114e-10 3.523705379167180932e-10
9.500000000000001499e-02 2.155676887443145895e-01 1.245814220803985982e-02 5.312257267305334100e-10 3.673770157325676597e-10
9.750000000000001721e-02 2.134184710922610306e-01 1.401756174305108030e-02 4.749293799186945168e-10 3.808928207307489972e-10
1.000000000000000056e-01 2.112910410940185835e-01 1.573264480385594410e-02 4.154539332462755656e-10 3.926380233125682923e-10
