# time 1 2 D-1 D
0.000000000000000000e+00 9.999999342326599816e-01 5.790133995632440638e-09 4.446789518340130282e-37 2.455810310931157506e-36
1.250000000000000243e-03 9.968563655450141114e-01 3.161148878902290076e-05 1.730709298779085557e-32 1.999336779962750480e-33
2.500000000000000486e-03 9.870057528179924100e-01 1.754586312970967917e-04 4.055519323327940909e-28 2.510532619421422677e-28
3.750000000000000729e-03 9.697546215418171300e-01 5.095762342775176073e-04 8.503967745351797581e-26 3.098279190468156556e-25
5.000000000000000971e-03 9.443143250201460059e-01 1.209784569316212652e-03 9.037720130417605992e-25 5.869163221528348727e-23
6.250000000000000347e-03 9.097939564617869568e-01 2.539272057791967362e-03 7.445264607299490366e-24 3.988744124303309173e-21
7.500000000000001457e-03 8.652146568873257948e-01 4.952227466311945672e-03 2.159994611146083290e-21 1.413736112392018711e-19
8.750000000000000833e-03 8.095595202354193276e-01 9.027929806259821569e-03 5.578511964874899141e-20 3.174046921431790758e-18
1.000000000000000194e-02 7.418869912703741631e-01 1.588276731627638258e-02 6.746070953167341972e-19 5.036529527098564837e-17
1.125000000000000132e-02 6.615771473332895392e-01 2.676886135691629656e-02 1.782972944858351704e-18 6.020778726698545739e-16
1.250000000000000069e-02 5.689045743929914689e-01 4.277886970599909661e-02 5.934681339744448882e-18 5.634755951551685474e-15
1.375000000000000180e-02 4.662903478515075806e-01 6.419627403998752480e-02 8.231664820858093362e-16 4.239356963197281410e-14
1.500000000000000291e-02 3.601171391159254664e-01 8.757714211545224170e-02 2.776521751030060888e-14 2.624395355733151311e-13
1.625000000000000056e-02 2.609981007333114222e-01 1.063224629027864215e-01 3.278896267830955649e-13 1.368135704336328770e-12
1.750000000000000167e-02 1.791521212747408387e-01 1.135642447583479625e-01 9.434410370400682529e-13 6.140714726408131907e-12
1.875000000000000278e-02 1.187052493191084745e-01 1.084634376889116181e-01 2.546871682276086846e-12 2.419746144521542679e-11
2.000000000000000389e-02 7.735319906230773979e-02 9.689803222473858391e-02 6.315939742824775361e-12 8.508713424155800024e-11
2.125000000000000500e-02 5.020962030026765444e-02 2.989827545907139394e-02 1.425952896621272761e-11 2.705915643529101889e-10
2.250000000000000264e-02 3.270572544937296738e-02 1.464761341103313491e-02 2.708744291204735328e-11 7.868336618772017481e-10
2.375000000000000375e-02 2.147174118923557071e-02 8.057937326346397214e-03 4.431268800900143833e-11 2.111096853052538936e-09
2.500000000000000139e-02 1.424580666111182649e-02 4.115256299554718999e-03 5.522076812652111498e-11 5.265883262887705367e-09
2.625000000000000250e-02 9.567798240103753474e-03 2.196310025492908494e-03 4.170516346465885735e-11 1.228536136649114819e-08
2.750000000000000361e-02 6.510625960813305572e-03 1.307028661184607508e-03 4.644237363365643806e-12 2.693589219124646953e-08
2.875000000000000472e-02 4.489559345774108735e-03 8.441356726092602613e-04 7.747246512750642732e-11 5.573060539720675119e-08
3.000000000000000583e-02 3.136189611171976473e-03 5.862641833513628159e-04 9.178556474762583352e-10 1.091181666300767386e-07
3.125000000000000000e-02 2.217671269061836665e-03 4.030149826844225914e-04 4.688347192692736290e-09 2.025657860848757256e-07
3.250000000000000111e-02 1.585863118015922411e-03 2.759309052130703229e-04 1.681995553817565758e-08 3.572948029056525446e-07
3.375000000000000222e-02 1.145624499505470441e-03 1.681517598972790632e-04 5.064577357223934514e-08 5.984293158332308589e-07
3.500000000000000333e-02 8.351490350391144960e-04 7.383680751938905993e-05 1.279347535524610845e-07 9.572618309994846415e-07
3.625000000000000444e-02 6.137668338919523075e-04 1.103841195931553918e-05 2.906832252360281183e-07 1.461904359026000488e-06
3.750000000000000555e-02 4.543497047887909098e-04 3.881866913105842474e-06 5.967740872318662352e-07 2.143304432246754956e-06
3.875000000000000666e-02 3.385506033089034483e-04 2.540296500756795967e-05 1.119308684801511676e-06 3.036416543889882896e-06
4.000000000000000777e-02 2.537917665731347864e-04 4.432849599393439360e-05 1.962762969465813386e-06 4.163104912615926817e-06
4.125000000000000888e-02 1.913377195007889733e-04 5.188865805738792063e-05 3.186610613791043618e-06 5.606029361344548735e-06
4.250000000000000999e-02 1.450477539419301094e-04 5.309866896433092985e-05 4.917586454507068153e-06 7.392485383658740035e-06
4.375000000000000416e-02 1.105576110250152717e-04 5.046159957086308141e-05 7.248156625499509736e-06 9.590987164252446072e-06
4.500000000000000527e-02 8.473512170327878314e-05 4.688818275607261357e-05 1.023419180579987610e-05 1.230804608886344849e-05
4.625000000000000638e-02 6.531340701906000615e-05 4.289511265723969929e-05 1.396540120808465108e-05 1.561215808584078999e-05
4.750000000000000749e-02 5.064024740348377037e-05 3.895862055114180571e-05 1.855802688716655954e-05 1.953602509137117437e-05
4.875000000000000860e-02 3.950429474239170054e-05 3.478064637789148050e-05 2.383702037672314508e-05 2.439001483388890366e-05
5.000000000000000278e-02 3.101319679666806212e-05 3.109674411644959183e-05 3.000050262799862691e-05 3.009441087955228537e-05
