# time 1 2 D-1 D
0.000000000000000000e+00 9.999999342326599816e-01 5.790133995632440638e-09 4.446789518340130282e-37 2.455810310931157506e-36
2.500000000000000486e-03 9.968563798848684154e-01 3.161111503411734937e-05 1.729718076082121036e-32 1.979682821491943137e-33
5.000000000000000971e-03 9.870059210181891807e-01 1.754561889819023065e-04 4.053682479047612598e-28 2.510175630532486600e-28
7.500000000000001457e-03 9.697554387364092365e-01 5.095657496529222216e-04 8.499476500801099170e-26 3.096798219632043024e-25
1.000000000000000194e-02 9.443168179526099104e-01 1.209756527390779901e-03 9.028068242940130284e-25 5.864929244307804870e-23
1.250000000000000069e-02 9.097998537092290006e-01 2.539188028512026022e-03 7.449478718283466724e-24 3.984783229691029335e-21
1.500000000000000291e-02 8.652264747892480790e-01 4.952046097966918310e-03 2.158493795862326055e-21 1.411865671519009185e-19
1.750000000000000167e-02 8.095806341422776553e-01 9.027622734247764055e-03 5.573756868024119641e-20 3.168445907336526865e-18
2.000000000000000389e-02 7.419211222881819667e-01 1.588231885588193767e-02 6.737826897744366992e-19 5.025202254526232675e-17
2.250000000000000264e-02 6.616277398873184890e-01 2.676868763365551282e-02 1.782610398426793630e-18 6.004094822335820716e-16
2.500000000000000139e-02 5.689736589587289783e-01 4.277992198140098679e-02 5.885839570563065518e-18 5.615994103104466662e-15
2.750000000000000361e-02 4.663770780976956298e-01 6.420140521568759584e-02 8.189843329264684179e-16 4.222718041464039057e-14
3.000000000000000583e-02 3.602167188630368555e-01 8.759017605614927149e-02 2.762751037385271134e-14 2.612434425282838958e-13
3.250000000000000111e-02 2.611027638187148892e-01 1.063486377736605759e-01 3.262351146839849049e-13 1.360981590271854192e-12
3.500000000000000333e-02 1.792538040553137424e-01 1.136068719303408997e-01 9.381538593273168570e-13 6.104232213655086030e-12
3.750000000000000555e-02 1.187984307291686664e-01 1.085221038182094810e-01 2.530913586777602550e-12 2.403546239166079766e-11
4.000000000000000777e-02 7.743532771848658791e-02 9.696966497250340822e-02 6.272678010415764107e-12 8.444964629486666820e-11
4.250000000000000999e-02 5.028023182491353493e-02 2.992952596827672118e-02 1.415131165103419423e-11 2.683362039932657484e-10
4.500000000000000527e-02 3.276548763378862861e-02 1.466855407222262576e-02 2.686384983321319584e-11 7.795747064102164871e-10
4.750000000000000749e-02 2.152183873572947881e-02 8.072766344515751313e-03 4.391355511667930273e-11 2.089641088030078397e-09
5.000000000000000278e-02 1.428758373538502151e-02 4.124851265816666980e-03 5.470014186576208032e-11 5.207151622887348306e-09
5.250000000000000500e-02 9.602570033065631339e-03 2.202700124863473004e-03 4.129641842178008814e-11 1.213552043257911848e-08
5.500000000000000722e-02 6.539577780374891854e-03 1.311714511332181523e-03 4.637889673089438519e-12 2.657776808346397004e-08
5.750000000000000944e-02 4.513709931731009484e-03 8.478312772252138757e-04 7.604482882026963331e-11 5.492520401810253271e-08
6.000000000000001166e-02 3.156387374437926059e-03 5.893636362744459744e-04 9.021323717556887582e-10 1.074083471349380323e-07
6.250000000000000000e-02 2.234611884399818633e-03 4.055622747699185598e-04 4.605168294071532450e-09 1.991321644769982120e-07
6.500000000000000222e-02 1.600110606497265461e-03 2.779867658901650682e-04 1.650536890689831378e-08 3.507551227823687438e-07
6.750000000000000444e-02 1.157636436711532470e-03 1.696100232261295944e-04 4.963488833425984556e-08 5.866263434399627581e-07
7.000000000000000666e-02 8.452967848938052701e-04 7.456250742463538608e-05 1.251969451181251419e-07 9.369574958023252373e-07
7.250000000000000888e-02 6.223539644225460242e-04 1.114460052015333602e-05 2.840277199765308055e-07 1.428604942037374165e-06
7.500000000000001110e-02 4.616256392871165835e-04 3.958155144321387576e-06 5.821561482225587235e-07 2.090958412165973870e-06
7.750000000000001332e-02 3.447224105141872565e-04 2.588046555265320744e-05 1.090018930845157403e-06 2.957002393274213702e-06
8.000000000000001554e-02 2.590319809586529650e-04 4.524151186947526190e-05 1.907954424132467948e-06 4.046643514890397241e-06
8.250000000000001776e-02 1.957914483813064587e-04 5.308632631874849107e-05 3.091711116142738671e-06 5.438536442459093079e-06
8.500000000000001998e-02 1.488372880212427318e-04 5.447204627356129995e-05 4.761523229185872431e-06 7.156935674231857117e-06
8.750000000000000833e-02 1.137865109167627116e-04 5.192171480027237099e-05 7.003002664966138528e-06 9.265797077070090030e-06
9.000000000000001055e-02 8.749100547838737643e-05 4.839920491751473496e-05 9.866606792572299269e-06 1.186368405236636777e-05
9.250000000000001277e-02 6.767061649163025468e-05 4.443024454995717515e-05 1.343211844965387811e-05 1.501384475918701173e-05
9.500000000000001499e-02 5.266155628656463974e-05 4.049985720861513878e-05 1.780679739770446471e-05 1.874088712733056985e-05
9.750000000000001721e-02 4.124276769301710974e-05 3.629925615837287353e-05 2.281465426493203225e-05 2.333750659630971205e-05
1.000000000000000056e-01 3.251351736761286102e-05 3.259137710325875570e-05 2.863718533405215560e-05 2.872034013730078767e-05
