# time 1 2 D-1 D
0.000000000000000000e+00 9.999999574653590795e-01 1.441307163721866021e-08 9.779892593650652887e-35 1.895190767113233035e-35
2.500000000000000052e-04 9.999928336443827392e-01 5.003320678310051397e-07 1.023358207774217654e-24 1.599318847141955369e-26
5.000000000000000104e-04 9.998879546201383528e-01 9.589596131579381649e-06 5.406323371321234264e-22 1.712661716590077578e-23
7.500000000000001240e-04 9.994385283057534153e-01 6.329151196611434689e-05 1.778968039264889052e-20 6.273033003619545964e-22
1.000000000000000021e-03 9.982238042345181750e-01 2.662837563607037489e-04 6.082527470381088717e-20 9.100737479322316483e-22
1.250000000000000026e-03 9.955872562144271187e-01 8.813829138112590830e-04 2.350043388193633856e-19 2.834997186355467339e-21
1.500000000000000248e-03 9.904646976317841300e-01 2.510601393845803952e-03 9.930207599240717492e-19 1.484900502240396484e-20
1.750000000000000253e-03 9.809944083908989088e-01 6.497215875906629974e-03 5.251787233588897218e-18 1.082921660033582786e-19
2.000000000000000042e-03 9.637358539106912758e-01 1.566836903955949253e-02 3.386819861583776026e-17 7.724680233670242818e-19
2.250000000000000264e-03 9.323867634915820046e-01 3.562622791508218006e-02 2.503882657800024695e-16 4.967136479474678406e-18
2.500000000000000052e-03 8.768132193943487529e-01 7.567015515147401672e-02 1.507289837550195529e-15 2.103037020499980531e-17
2.750000000000000274e-03 7.864940829058674199e-01 1.454448715800153724e-01 6.847450254222779153e-15 4.730050142321500390e-17
3.000000000000000496e-03 6.634534811024505041e-01 2.419181609209088979e-01 2.497167914305973635e-14 1.744544087726500637e-17
3.250000000000000284e-03 5.307335528435154215e-01 3.403096556771184056e-01 7.700411210736596786e-14 2.050112037194173246e-16
3.500000000000000507e-03 4.138984713846357577e-01 4.069480816354725805e-01 2.074040009452712893e-13 4.361383971434134884e-15
3.749999999999999861e-03 3.223533517808822579e-01 3.662247865411342729e-01 4.995231065098351331e-13 3.017176329600252035e-14
4.000000000000000083e-03 2.534971122363156582e-01 1.977344184701948504e-01 1.124087796431563892e-12 1.305547418676160398e-13
4.250000000000000305e-03 2.017849235085318327e-01 1.260642064674566964e-01 2.382836282849955972e-12 4.234264879842468343e-13
4.500000000000000527e-03 1.624643935470562461e-01 9.808351157719921720e-02 4.812106841874473556e-12 1.117866045919403840e-12
4.750000000000000749e-03 1.321085314113422116e-01 7.985967957393579064e-02 9.249789730065792358e-12 2.523765004280329081e-12
5.000000000000000104e-03 1.083267388793887065e-01 6.500740531053735005e-02 1.658919831577564963e-11 5.032859631632021343e-12
5.250000000000000326e-03 8.943892615316068051e-02 5.256903211117818636e-02 2.656753030008934294e-11 9.076879481366825424e-12
5.500000000000000548e-03 7.424613316697405152e-02 4.422079819457010869e-02 3.647326253239885903e-11 1.506589116107214934e-11
5.750000000000000770e-03 6.188133818885949849e-02 3.856104248192387257e-02 4.355499670712471969e-11 2.333461536980311617e-11
6.000000000000000992e-03 5.171125206117579282e-02 3.129483268615352448e-02 4.752370693848313557e-11 3.408308672533854068e-11
6.250000000000000347e-03 4.326949734012103255e-02 2.806160371394166367e-02 4.869515221113286576e-11 4.736088994809071541e-11
6.500000000000000569e-03 3.620980801275530681e-02 2.613880798600830627e-02 4.774456298204462833e-11 6.306259789101047606e-11
6.750000000000000791e-03 3.027260274734682247e-02 2.341599704860873599e-02 4.597395059814868896e-11 8.095457706323861825e-11
7.000000000000001013e-03 2.526084788011385973e-02 2.292119566346528456e-02 4.248584900856329822e-11 1.006815607186673155e-10
7.250000000000001235e-03 2.102254203440430055e-02 2.182840513451912712e-02 3.851489539633341851e-11 1.218363207325311023e-10
7.499999999999999722e-03 1.743802705350514654e-02 2.062239961862995935e-02 3.392908569739253760e-11 1.439790033097381710e-10
7.750000000000000812e-03 1.441086751179578712e-02 1.942086764482678363e-02 2.895134087926475281e-11 1.666734104150783222e-10
8.000000000000000167e-03 1.186139568040986414e-02 1.818763940001765639e-02 2.450620977679173613e-11 1.895256441158065618e-10
8.250000000000000389e-03 9.722245659230051643e-03 1.671514774515095100e-02 2.012653950612439204e-11 2.121854100276804807e-10
8.500000000000000611e-03 7.935352481988476592e-03 1.515616474699078842e-02 1.641083322864071278e-11 2.343645636980761589e-10
8.750000000000000833e-03 6.449999862525947897e-03 1.423859372560226134e-02 1.267909288202846551e-11 2.558426167644932241e-10
9.000000000000001055e-03 5.221583791414983154e-03 1.304078222853585593e-02 9.913882180031636878e-12 2.764512853905739518e-10
9.250000000000001277e-03 4.210832042814052940e-03 1.187785023495487036e-02 7.753588196247345764e-12 2.960778840609433783e-10
9.500000000000001499e-03 3.383286056957565072e-03 1.072992264221302346e-02 5.719044076574201208e-12 3.146529954919232737e-10
9.750000000000001721e-03 2.708910999658451207e-03 9.658723327709043197e-03 4.343033018243921621e-12 3.321372604755570922e-10
1.000000000000000021e-02 2.161701077637189893e-03 8.515305599230452507e-03 3.196924878565194949e-12 3.485738347082334310e-10
