# time 1 2 D-1 D
0.000000000000000000e+00 9.999999625977843420e-01 1.603411006526037655e-08 3.626767414271388927e-35 1.054712306275297467e-35
2.500000000000000486e-03 9.999828148426567198e-01 1.484111297181588651e-05 7.074281015226109342e-30 3.607745995167107173e-28
5.000000000000000971e-03 9.996574160167109868e-01 3.033648256683109347e-04 9.699742697099473997e-26 5.782554592679505611e-26
7.500000000000001457e-03 9.978462240962586716e-01 1.923989782042564685e-03 6.005484621323912787e-25 2.191420859465345439e-23
1.000000000000000194e-02 9.916555099197311707e-01 7.383584661648790771e-03 2.396011548466888690e-24 2.279880756713036958e-22
1.250000000000000069e-02 9.757372615605190980e-01 2.044650930543471037e-02 3.859410107372053437e-23 1.049219917962105239e-21
1.500000000000000291e-02 9.429760346160845907e-01 4.284512367827240237e-02 1.046921983580256913e-21 3.592194441105670186e-21
1.750000000000000167e-02 8.882377076637205660e-01 6.960787091352799161e-02 2.510679870239084092e-20 1.236310048010116594e-20
2.000000000000000389e-02 8.133639078847049175e-01 9.404806234370829965e-02 4.548580635191880126e-19 6.081799332935515527e-20
2.250000000000000264e-02 7.274224384482285144e-01 1.154839841260774658e-01 6.162530246712303167e-18 4.959446432879834203e-19
2.500000000000000139e-02 6.412865951485532401e-01 1.342846186529159103e-01 6.388529937644237999e-17 5.179966414954439966e-18
2.750000000000000361e-02 5.628023590557323930e-01 1.490006858117176869e-01 5.161308436303137406e-16 5.180100968593432853e-17
3.000000000000000583e-02 4.957139065123646882e-01 1.574024516278901276e-01 3.252622352417158125e-15 4.331089333430701408e-16
3.250000000000000111e-02 4.407016270425058169e-01 1.568153935789216580e-01 1.606190741394509219e-14 2.896940082276991467e-15
3.500000000000000333e-02 3.967371903422962642e-01 1.460822676625582739e-01 6.272441406136459094e-14 1.532962577697753678e-14
3.750000000000000555e-02 3.621045266653921124e-01 1.301379717503326205e-01 1.982494992441785106e-13 6.420180474204589540e-14
4.000000000000000777e-02 3.350026027810082963e-01 1.136957296683582253e-01 5.195269673773316142e-13 2.159821714541595660e-13
4.250000000000000999e-02 3.138262095396588403e-01 9.975812729422409153e-02 1.149119606372314112e-12 5.960259163673424979e-13
4.500000000000000527e-02 2.972538464771997679e-01 8.860779621099559855e-02 2.048345802206097408e-12 1.384195436292879025e-12
4.750000000000000749e-02 2.842416832620243139e-01 7.938698991726420018e-02 7.062475347151438321e-13 2.773878671539203881e-12
5.000000000000000278e-02 2.739824825078361892e-01 7.157395226708226921e-02 2.441632011407407836e-14 4.902975684864378517e-12
5.250000000000000500e-02 2.658579566098321911e-01 6.534249177040897527e-02 9.596757761103096232e-13 7.781313800755681454e-12
5.500000000000000722e-02 2.593959733193164086e-01 5.990979985665781382e-02 4.003984404336255441e-12 1.123800578226180212e-11
5.750000000000000944e-02 2.542358978693061711e-01 5.480904310532727641e-02 1.044912298499375252e-11 1.492148267326402484e-11
6.000000000000001166e-02 2.501017303469531550e-01 5.045722509012052354e-02 2.180879563638732256e-11 1.834613766891314692e-11
6.250000000000000000e-02 2.467817458577020451e-01 4.634770934411274607e-02 4.048690228163115475e-11 2.098146903749639412e-11
6.500000000000000222e-02 2.441131554888676669e-01 4.250201110282626760e-02 6.732269162882762834e-11 2.236401970003378969e-11
6.750000000000000444e-02 2.419705378654480321e-01 3.892793767532244653e-02 1.033469489496907074e-10 2.219507695497248137e-11
7.000000000000000666e-02 2.402570422163365915e-01 3.562973288094271884e-02 1.481511856565274418e-10 2.041558626757984227e-11
7.250000000000000888e-02 2.388976276877934346e-01 3.250268825817609342e-02 2.047867146946500202e-10 1.722785497134600233e-11
7.500000000000001110e-02 2.378338300586455845e-01 2.955399004179466022e-02 2.512230703968932142e-10 1.307564908235653219e-11
7.750000000000001332e-02 2.370196877370516486e-01 2.680108993769482820e-02 3.579987684176781983e-10 8.582295421784511950e-12
8.000000000000001554e-02 2.364186267119899876e-01 2.424329942110213867e-02 4.301760292712533151e-10 4.465659302802775669e-12
8.250000000000001776e-02 2.360008826210544253e-01 2.189307499515574795e-02 2.730363182147775773e-10 1.445377233192905757e-12
8.500000000000001998e-02 2.357416671336746150e-01 1.969099139676101437e-02 2.277531117780865204e-10 1.630144428550910663e-13
8.750000000000000833e-02 2.356199513660378331e-01 1.763304543794320250e-02 2.907158846720793695e-10 1.126465344954533586e-12
9.000000000000001055e-02 2.356173904094579219e-01 1.576693028191076401e-02 3.096544339933522325e-10 4.676225922708753554e-12
9.250000000000001277e-02 2.357176546205912715e-01 1.406686677870928187e-02 3.040265706014074093e-10 1.097453844261915435e-11
9.500000000000001499e-02 2.359059535426406007e-01 1.252759939499210537e-02 2.889469034311329430e-10 2.003734817268190489e-11
9.750000000000001721e-02 2.361691433054520783e-01 1.110633999567501445e-02 3.475708186451989798e-10 3.172988388239496389e-11
1.000000000000000056e-01 2.364959853285864833e-01 9.848278769917149372e-03 3.483183383761393445e-10 4.580213783493641190e-11
