# time 1 2 D-1 D
0.000000000000000000e+00 9.999999809125487138e-01 5.774018016538839487e-09 1.497704699222369153e-34 5.962107347370641171e-35
2.500000000000000052e-04 9.999984627497694456e-01 1.242486686056173054e-06 9.965865377886351301e-21 2.061372434304934737e-22
5.000000000000000104e-04 9.999676450239454173e-01 2.749318826777844482e-05 8.982403166089591408e-20 3.147510025752504875e-21
7.500000000000001240e-04 9.997790849540603153e-01 1.950221364155915683e-04 8.629474674161834782e-19 3.338080129456945220e-23
1.000000000000000021e-03 9.990624660891835873e-01 8.519069165529514131e-04 5.940807636516585304e-18 8.569134681781245339e-20
1.250000000000000026e-03 9.969982707461884086e-01 2.771554972833949974e-03 4.623689342662189057e-17 4.311109904495395728e-18
1.500000000000000248e-03 9.922111620712372737e-01 7.172057055191497985e-03 3.698554147727836007e-16 1.087470956367309384e-16
1.750000000000000253e-03 9.831808809254074522e-01 1.484909498903928642e-02 2.631411596240922780e-15 1.717504010844057178e-15
2.000000000000000042e-03 9.693724877057693368e-01 2.423024819535767038e-02 1.538278611587059710e-14 1.751941414894520193e-14
2.250000000000000264e-03 9.521524103191919552e-01 3.181878016865441472e-02 7.060087262483659543e-14 1.179240602868661935e-13
2.500000000000000052e-03 9.341843299485904639e-01 3.674680672833318534e-02 2.512519212880224727e-13 5.391945216857049198e-13
2.750000000000000274e-03 9.178594802144712794e-01 4.047557638894964949e-02 7.050424225815052175e-13 1.734935773526430307e-12
3.000000000000000496e-03 9.043969398705796747e-01 4.355077780184253566e-02 1.625450813894124439e-12 4.072860518890133374e-12
3.250000000000000284e-03 8.939703284573226050e-01 4.581795032293273923e-02 3.239006748129693432e-12 7.178360314657629036e-12
3.500000000000000507e-03 8.862031694895216027e-01 4.723432853500289519e-02 5.883665550332370264e-12 9.575941941673662157e-12
3.749999999999999861e-03 8.805554744171455450e-01 4.783698512644035672e-02 9.818257798676345172e-12 9.369207316667623383e-12
4.000000000000000083e-03 8.765162188480833949e-01 4.775799126066804928e-02 1.442934094835382791e-11 6.154792291377208362e-12
4.250000000000000305e-03 8.736676427604730399e-01 4.715294583668209333e-02 1.758924709106831614e-11 2.361127290026948829e-12
4.500000000000000527e-03 8.716899241649052055e-01 4.612162505027448539e-02 1.860555357563155610e-11 2.701780639145031400e-13
4.750000000000000749e-03 8.703454173628212276e-01 4.483322061948741971e-02 1.922190071191619055e-11 1.974986380945358003e-13
5.000000000000000104e-03 8.694596124723588115e-01 4.336133838658284834e-02 2.189188842230663069e-11 1.664000524329379553e-12
5.250000000000000326e-03 8.689047348942109394e-01 4.189273763541846718e-02 2.863807579239155868e-11 4.307528459531927575e-12
5.500000000000000548e-03 8.685870821477844617e-01 4.041659561430109571e-02 4.137102237165594921e-11 7.873341448196349721e-12
5.750000000000000770e-03 8.684377642790332974e-01 3.899579592332642897e-02 6.155440844459190644e-11 1.215112763349599508e-11
6.000000000000000992e-03 8.684059709683242811e-01 3.763922084142708180e-02 8.965747488628302228e-11 1.691771339261626895e-11
6.250000000000000347e-03 8.684542499957080830e-01 3.642278611932327909e-02 1.246004947117757361e-10 2.193436346175609991e-11
6.500000000000000569e-03 8.685550700991433448e-01 3.529079906774424541e-02 1.630252199192123569e-10 2.696603144738177948e-11
6.750000000000000791e-03 8.686883047626188237e-01 3.427579752173290362e-02 2.003905894087306877e-10 3.179946973647729847e-11
7.000000000000001013e-03 8.688394061635377197e-01 3.335269241913070559e-02 2.307927011718310692e-10 3.625925358042041667e-11
7.250000000000001235e-03 8.689980449658398776e-01 3.252781192641674562e-02 2.485399706867674508e-10 4.021736535159083357e-11
7.499999999999999722e-03 8.691570836765677432e-01 3.179946411428936220e-02 2.496361604909658503e-10 4.359458558888231030e-11
7.750000000000000812e-03 8.693117906171639042e-01 3.114582419776886629e-02 2.318793378720095140e-10 4.635790924420210559e-11
8.000000000000000167e-03 8.694592403601584252e-01 3.054137415867798008e-02 1.970194535006573951e-10 4.850769149369425127e-11
8.250000000000000389e-03 8.695978186234138985e-01 3.002690574272124172e-02 1.488878941845505102e-10 5.008574857351572527e-11
8.500000000000000611e-03 8.697268760607391735e-01 2.956726912576920427e-02 9.696453898825668180e-11 5.113656821663467345e-11
8.750000000000000833e-03 8.698464276215590596e-01 2.913740216178039785e-02 4.945470007655382742e-11 5.172137760030581501e-11
9.000000000000001055e-03 8.699569152358919144e-01 2.877592639532177213e-02 1.463907063792852894e-11 5.192219320051213420e-11
9.250000000000001277e-03 8.700590378087599275e-01 2.843262764854430705e-02 1.150401382270310135e-12 5.179596904648842698e-11
9.500000000000001499e-03 8.701536435232795075e-01 2.813867053621618708e-02 1.406082652175516028e-11 5.140429352967238875e-11
9.750000000000001721e-03 8.702416113755102600e-01 2.788189538203472706e-02 5.600343577883045764e-11 5.081910563110149284e-11
1.000000000000000021e-02 8.703238698839119714e-01 2.764787008552714587e-02 1.259274971335270563e-10 5.008499776582729430e-11
