# time 1 2 D-1 D
0.000000000000000000e+00 9.999999809125487138e-01 5.774018016538839487e-09 1.497704699222369153e-34 5.962107347370641171e-35
5.000000000000000104e-04 9.999950492139113578e-01 4.620868287117712947e-06 8.593001110887678101e-21 2.853716679244107484e-22
1.000000000000000021e-03 9.998975412526371898e-01 9.724801325773082487e-05 1.157841786818110646e-19 6.342137947878455010e-21
1.500000000000000248e-03 9.993253200271560166e-01 6.479375795921202968e-04 1.171287928760783279e-18 1.171863807045082207e-21
2.000000000000000042e-03 9.972605472756714828e-01 2.650723723387019785e-03 8.228674734254932195e-18 6.341564194147966320e-20
2.500000000000000052e-03 9.916344046606011542e-01 8.087294816365740713e-03 6.481072357044319564e-17 2.399761696257875467e-18
3.000000000000000496e-03 9.792427404117884926e-01 1.973337014858266361e-02 5.375363032316941563e-16 3.959207049418722330e-17
3.500000000000000507e-03 9.567803375571730662e-01 3.884431731832650031e-02 4.014910038356375554e-15 4.588625352500884930e-16
4.000000000000000083e-03 9.231769687500387400e-01 6.075298200104829738e-02 2.455078597264515696e-14 3.878411500539559926e-15
4.500000000000000527e-03 8.813112046638145181e-01 7.689349114374822991e-02 1.199964986907263365e-13 2.410666379811836049e-14
5.000000000000000104e-03 8.367747747767166899e-01 8.596152470371280774e-02 4.737905961537106075e-13 1.123140899194603170e-13
5.500000000000000548e-03 7.948302331045687952e-01 9.215061167597034253e-02 1.543099634281625778e-12 4.012104809595488757e-13
6.000000000000000992e-03 7.585532909664642887e-01 9.706759674201660693e-02 4.243833089901256313e-12 1.118761954386933886e-12
6.500000000000000569e-03 7.288772853621703351e-01 1.004904921463587036e-01 1.008172826619334801e-11 2.447530066394906948e-12
7.000000000000001013e-03 7.054324962837020818e-01 1.023694584415058284e-01 2.123612924054389649e-11 4.108333889191661847e-12
7.499999999999999722e-03 6.872991571649320619e-01 1.027573351019035325e-01 4.025457682618039774e-11 4.930386929757716498e-12
8.000000000000000167e-03 6.734501316572731877e-01 1.018788058790892070e-01 6.870850009667567538e-11 3.760588118324380595e-12
8.500000000000000611e-03 6.629518345009980385e-01 9.999408495859947454e-02 1.046005083707363812e-10 1.882222392990135248e-12
9.000000000000001055e-03 6.550296013021867925e-01 9.723602661530598990e-02 1.445801488393277224e-10 8.923644820432042176e-13
9.500000000000001499e-03 6.490702529751657401e-01 9.391616243792327845e-02 1.852774917033565456e-10 8.619825612539260108e-13
1.000000000000000021e-02 6.446007358026968337e-01 9.014839708308867994e-02 2.220669080241156371e-10 1.837503566909527213e-12
1.050000000000000065e-02 6.412612352425431927e-01 8.631664620801290932e-02 2.489203488489047783e-10 4.368532197167230553e-12
1.100000000000000110e-02 6.387800673789297834e-01 8.237978998525152807e-02 2.616636219882557297e-10 9.141881577925485713e-12
1.150000000000000154e-02 6.369527358672291140e-01 7.847208859032409056e-02 2.586291922854401400e-10 1.631527004263322301e-11
1.200000000000000198e-02 6.356254204580434886e-01 7.461806066491777356e-02 2.409885741557084046e-10 2.542906513213162694e-11
1.250000000000000069e-02 6.346824225369555039e-01 7.098466161376759676e-02 2.114233274162905791e-10 3.552628295189360428e-11
1.300000000000000114e-02 6.340365822729835399e-01 6.746868960431531836e-02 1.753591959206141102e-10 4.539748939655803474e-11
1.350000000000000158e-02 6.336221013561051940e-01 6.414831294877276768e-02 1.356809656872642769e-10 5.384549574577439257e-11
1.400000000000000203e-02 6.333891755591699591e-01 6.098498215861981181e-02 9.677620370959037410e-11 5.989741490570185788e-11
1.450000000000000247e-02 6.332999635187241960e-01 5.800406587142283715e-02 6.159245593477365505e-11 6.293160929117111789e-11
1.499999999999999944e-02 6.333255754952288319e-01 5.521028965825686835e-02 3.278751516756761586e-11 6.272023131945091175e-11
1.550000000000000162e-02 6.334437846608265144e-01 5.257539261401424774e-02 1.427629770224312959e-11 5.941798882331925772e-11
1.600000000000000033e-02 6.336373105724573129e-01 5.006014657494683301e-02 1.130684955008172909e-11 5.350261178891874418e-11
1.650000000000000078e-02 6.338925519112776907e-01 4.774300792587898162e-02 3.279243791063988767e-11 4.566996929481726829e-11
1.700000000000000122e-02 6.341986203448778392e-01 4.556825393092651943e-02 9.236623623139238823e-11 3.678256015713369690e-11
1.750000000000000167e-02 6.345466308986431603e-01 4.349942629704723479e-02 2.124262880643376812e-10 2.779739985092838442e-11
1.800000000000000211e-02 6.349291704759789656e-01 4.160057241020206215e-02 4.219803814765975388e-10 1.970314455995477434e-11
1.850000000000000255e-02 6.353399995923231236e-01 3.979434279297005411e-02 7.595430376027353996e-10 1.346972705314615613e-11
1.900000000000000300e-02 6.357737481036448424e-01 3.812930187014804129e-02 1.279951901076347985e-09 1.004091648888675172e-11
1.950000000000000344e-02 6.362257325967191068e-01 3.658390541488851927e-02 2.039090811266030871e-09 1.030965729284039998e-11
2.000000000000000042e-02 6.366983655484613758e-01 3.513652928348774684e-02 3.107863141421302246e-09 1.510005529618775507e-11
