# lambda 1 2 D-1 D
0.000000000000000000e+00 -8.999999963402110836e+00 -6.999999989974140746e+00 7.000000019812601337e+00 8.999999967319105565e+00
2.500000000000000139e-02 -8.780188933498893178e+00 -6.884622379476143195e+00 6.884606976605857298e+00 8.780086672144337356e+00
5.000000000000000278e-02 -8.571502291241230864e+00 -6.776951539181261808e+00 6.776801171724502026e+00 8.570644901327096221e+00
7.500000000000001110e-02 -8.375132526161236157e+00 -6.677404153716613777e+00 6.676809816705423728e+00 8.372107695390470283e+00
1.000000000000000056e-01 -8.192358197393188490e+00 -6.586479125664229883e+00 6.584851413309996460e+00 8.184886389741132362e+00
1.250000000000000000e-01 -8.024521129251342089e+00 -6.504760670677976364e+00 6.501127492801467511e+00 8.009368149630445188e+00
1.500000000000000222e-01 -7.872990556427950537e+00 -6.432922848317474518e+00 6.425820507856800035e+00 7.845914411691426338e+00
1.750000000000000167e-01 -7.739113905813210792e+00 -6.371724038506659582e+00 6.359090052673295190e+00 7.694860297073535804e+00
2.000000000000000111e-01 -7.624156707525278520e+00 -6.321986864117038252e+00 6.301066712726695940e+00 7.556515034171317424e+00
2.250000000000000056e-01 -7.529237539853310679e+00 -6.284558778695283010e+00 6.251844347904738086e+00 7.431163468250042925e+00
2.500000000000000000e-01 -7.455266645558172200e+00 -6.260251355728346567e+00 6.211470267361029585e+00 7.319068774915027831e+00
2.750000000000000222e-01 -7.402897450265337298e+00 -6.249763081044429569e+00 6.179933779544827033e+00 7.220476466739709664e+00
3.000000000000000444e-01 -7.372497939582336457e+00 -6.253602743554749210e+00 6.157154349803969140e+00 7.135619585180238644e+00
3.250000000000000111e-01 -7.364144412202756840e+00 -6.272033850053675863e+00 6.142971340976684402e+00 7.064724480577856625e+00
3.500000000000000333e-01 -7.377635360277670529e+00 -6.305065523602085165e+00 6.137139537245134946e+00 7.008015705380669758e+00
3.750000000000000000e-01 -7.412519963713975812e+00 -6.352519438451080802e+00 6.139335824759486471e+00 6.965717316837384487e+00
4.000000000000000222e-01 -7.468134732928833230e+00 -6.414608390456713494e+00 6.149186458458435922e+00 6.938046662998678116e+00
4.250000000000000444e-01 -7.543642858416330199e+00 -6.513794177305591404e+00 6.166327296417108528e+00 6.925196393785373772e+00
4.500000000000000111e-01 -7.638072865574324410e+00 -6.649812131083164601e+00 6.190517714867606713e+00 6.927302352224314674e+00
4.750000000000000333e-01 -7.750355206274509356e+00 -6.803749607821547585e+00 6.221843247730181048e+00 6.944400163439931717e+00
5.000000000000000000e-01 -7.879356697999661208e+00 -6.974084381070541738e+00 6.261080512314364910e+00 6.976380686290019284e+00
5.250000000000000222e-01 -8.023912978008175045e+00 -7.159695234915734119e+00 6.310325744424959638e+00 7.022959761493993369e+00
5.500000000000000444e-01 -8.182858639008099289e+00 -7.359526047031231144e+00 6.373640988689672326e+00 7.083675639908577182e+00
5.750000000000000666e-01 -8.355054052176884127e+00 -7.572577944004917683e+00 6.455865957001110544e+00 7.157917283325474500e+00
6.000000000000000888e-01 -8.539407602893611227e+00 -7.797919709828544654e+00 6.558437996596197195e+00 7.244974497571448069e+00
6.250000000000000000e-01 -8.734892346319012901e+00 -8.034694131618559609e+00 6.678514764465397491e+00 7.344094498519387670e+00
6.500000000000000222e-01 -8.940556752858288547e+00 -8.282117088427391138e+00 6.812535646723386407e+00 7.454531511515007480e+00
6.750000000000000444e-01 -9.155529846205975986e+00 -8.539470300019864624e+00 6.957935942020018416e+00 7.575582625018924432e+00
7.000000000000000666e-01 -9.379022277194534851e+00 -8.806089333675226172e+00 7.113036078521451699e+00 7.706609336590917181e+00
7.250000000000000888e-01 -9.610322910026447119e+00 -9.081350809155960491e+00 7.294358393578743716e+00 7.847047612856151488e+00
7.500000000000000000e-01 -9.848794364055493133e+00 -9.364661427158743834e+00 7.491122096259172025e+00 7.996410066834904740e+00
7.750000000000000222e-01 -1.009386569470609096e+01 -9.655451498991153514e+00 7.696869715886473173e+00 8.154283296552895521e+00
8.000000000000000444e-01 -1.034502732539867864e+01 -9.953168954394548962e+00 7.911091689377379055e+00 8.320322673699191540e+00
8.250000000000000666e-01 -1.060182250604613152e+01 -1.025728281554216359e+01 8.133328229307243973e+00 8.494246724841401530e+00
8.500000000000000888e-01 -1.086384201741368649e+01 -1.056728440803348512e+01 8.363136980873855819e+00 8.675834483296684496e+00
8.750000000000000000e-01 -1.113071868211802418e+01 -1.088269071128802601e+01 8.600052297068002005e+00 8.864933376917432994e+00
9.000000000000000222e-01 -1.140212402796970537e+01 -1.120304571820490480e+01 8.843515130206835551e+00 9.061495946759070108e+00
9.250000000000000444e-01 -1.167776952222776643e+01 -1.152791674079612250e+01 9.092725785189987420e+00 9.265699635251483102e+00
9.500000000000000666e-01 -1.195742621896837576e+01 -1.185687160131543294e+01 9.346270757263631879e+00 9.478294986782678677e+00
9.750000000000000888e-01 -1.224108026818585770e+01 -1.218931933268918044e+01 9.601157806720998167e+00 9.701566967782596862e+00
1.000000000000000000e+00 -1.253386273601241285e+01 -1.251957616014249197e+01 9.851652790333780274e+00 9.940499496552977376e+00
