# time 1 2 D-1 D
0.000000000000000000e+00 9.999999728065689375e-01 3.145725726260687706e-09 4.946715327130350291e-34 6.719125709300198603e-35
2.500000000000000052e-04 9.996925844013810902e-01 1.699165014965502370e-08 1.122785638119794733e-18 8.020555737847318349e-27
5.000000000000000104e-04 9.987151308801061056e-01 3.158962569054523736e-07 3.309967863585461180e-16 1.592077432858920040e-22
7.500000000000001240e-04 9.969950878303025510e-01 1.527568395205806997e-06 9.593035946584476154e-15 3.398970559889515761e-20
1.000000000000000021e-03 9.944825792967848521e-01 4.510689062786590574e-06 1.052997876611792338e-13 1.416308192586217544e-18
1.250000000000000026e-03 9.911619105209484859e-01 1.047816436905188133e-05 6.661112740677803794e-13 2.494720435458213045e-17
1.500000000000000248e-03 9.870609650662812706e-01 2.134015076660675147e-05 2.935100390266277464e-12 2.527722182076592205e-16
1.750000000000000253e-03 9.822545804118234525e-01 4.100414970095364858e-05 9.836445496545722826e-12 1.718227132724421303e-15
2.000000000000000042e-03 9.768579506156590542e-01 7.647176053838925826e-05 2.690968068495868072e-11 8.541365690631723931e-15
2.250000000000000264e-03 9.710085028911723537e-01 1.414120970210959308e-04 6.228629843308959735e-11 3.266471937000887677e-14
2.500000000000000052e-03 9.648389854783585573e-01 2.586297412882595831e-04 1.240640659384664387e-10 9.904678302462987513e-14
2.750000000000000274e-03 9.584491354724794521e-01 4.622539977977531476e-04 2.173694774175865934e-10 2.422095072332342154e-13
3.000000000000000496e-03 9.518853937385928221e-01 7.995990249669601528e-04 3.426007135325638774e-10 4.807707738958593086e-13
3.250000000000000284e-03 9.451360220332378770e-01 1.325112157751207314e-03 4.892496637221027314e-10 7.715012463844044568e-13
3.500000000000000507e-03 9.381426203596602287e-01 2.099666201563855049e-03 6.408074413236761851e-10 9.807922730300689721e-13
3.749999999999999861e-03 9.308239728287458492e-01 3.175078010837169718e-03 7.788619158442337548e-10 9.355818991481273839e-13
4.000000000000000083e-03 9.231032537273405891e-01 4.644679079604515336e-03 8.839611976302568807e-10 5.745062266200376569e-13
4.250000000000000305e-03 9.149316912979971184e-01 1.373141882506917835e-03 9.421098625681645672e-10 1.142699729549234028e-13
4.500000000000000527e-03 9.063029828862972925e-01 1.101241981004583322e-03 9.378432766124574438e-10 8.038107951175567332e-14
4.750000000000000749e-03 8.972571652489157445e-01 1.425594839347363828e-03 8.745147668367485959e-10 1.107045520579773448e-12
5.000000000000000104e-03 8.878744083293744760e-01 1.963301828116333515e-03 7.506776743774575845e-10 3.597169497090250653e-12
5.250000000000000326e-03 8.782612159640261762e-01 2.763050020894350020e-03 5.666113067916257400e-10 7.470382622965306766e-12
5.500000000000000548e-03 8.685328642383438602e-01 3.857450108113702134e-03 3.452893421416670865e-10 1.217036426150097089e-11
5.750000000000000770e-03 8.587954063213588674e-01 5.307658377825064458e-03 1.643894573110430751e-10 1.691434919991634779e-11
6.000000000000000992e-03 8.491345867749264809e-01 7.193402445683226218e-03 6.167130604020852235e-11 2.099439912485372695e-11
6.250000000000000347e-03 8.396045707567826311e-01 9.573599502201449174e-03 2.355535442098321410e-11 2.397007905596957936e-11
6.500000000000000569e-03 8.302191497900047734e-01 1.251197961210398328e-02 9.899157148168976714e-12 2.570192330250503034e-11
6.750000000000000791e-03 8.209877420299124262e-01 1.598881517482395390e-02 5.077209196105702212e-12 2.627711133609140074e-11
7.000000000000001013e-03 8.117604981836392675e-01 2.012987937681481876e-02 8.958367765318679679e-14 2.590532887623603402e-11
7.250000000000001235e-03 8.027400157572983641e-01 2.466363310096967784e-02 8.093233249762876819e-11 2.483070805299127554e-11
7.499999999999999722e-03 7.936063424271865285e-01 2.979452215599095663e-02 6.297894781463014184e-11 2.327243195269484855e-11
7.750000000000000812e-03 7.843866849659754115e-01 3.537604342365569671e-02 5.027809688941258882e-11 2.140521607459332653e-11
8.000000000000000167e-03 7.746897310541931425e-01 4.162541707838639943e-02 4.139935376120987153e-11 1.935082577054335668e-11
8.250000000000000389e-03 7.649742570551255616e-01 4.796168879383642253e-02 3.518791167426866956e-11 1.718569039945754186e-11
8.500000000000000611e-03 7.551006321018933765e-01 5.439787981439317410e-02 3.084483832654317723e-11 1.493612227893550935e-11
8.750000000000000833e-03 7.430025240304707346e-01 6.289766409604699571e-02 2.779511140126202790e-11 1.259978421674767247e-11
9.000000000000001055e-03 7.304754317550332665e-01 7.158680001144296368e-02 2.591086932939892817e-11 1.008186283972904055e-11
9.250000000000001277e-03 7.147166277928220790e-01 8.321342758762875769e-02 2.480238621664257214e-11 7.455723904830787578e-12
9.500000000000001499e-03 6.948302208877937813e-01 9.864137049274343538e-02 2.475374599177913266e-11 4.324310343411012434e-12
9.750000000000001721e-03 6.440407804280821047e-01 1.446338361248139526e-01 2.513208060993884044e-11 1.195742942623827720e-12
1.000000000000000021e-02 1.511747618297475393e-01 6.323689894137246581e-01 2.382549023712333053e-11 1.011962073829043193e-13
