# time 1 2 D-1 D
0.000000000000000000e+00 9.999999525120842891e-01 1.025836463535919387e-08 1.428556244035248304e-34 2.657517220720717547e-35
1.250000000000000243e-03 9.993825898669145280e-01 1.940528073663432307e-08 2.530635374838974666e-27 2.596374321825827109e-26
2.500000000000000486e-03 9.973889961272607296e-01 2.885042855876006806e-07 6.350336072350823066e-23 1.413971788868875190e-22
3.750000000000000729e-03 9.937739381212038481e-01 1.808644749223016307e-06 2.654644288023073695e-20 2.433502936424756626e-20
5.000000000000000971e-03 9.882487959145725975e-01 7.549796967527846180e-06 2.089943028851531571e-18 1.028388574360313159e-18
6.250000000000000347e-03 9.804747068361695517e-01 2.506815726754882829e-05 6.514599497017783069e-17 2.041595410116849365e-17
7.500000000000001457e-03 9.700438860022978504e-01 7.211725108761546257e-05 1.120712570881140032e-15 2.547628964678469399e-16
8.750000000000000833e-03 9.564459340165708534e-01 1.860010384285268911e-04 1.281212648108752683e-14 2.312948462691485853e-15
1.000000000000000194e-02 9.390150206500491592e-01 4.478526958751767031e-04 1.095511120262537447e-13 1.633701481257176772e-14
1.125000000000000132e-02 9.168516380311828584e-01 1.020077139262683943e-03 7.777023381697111971e-13 9.178032015530084430e-14
1.250000000000000069e-02 8.887077403707650536e-01 2.238895884485365886e-03 4.658530064190144035e-12 4.127711527290039186e-13
1.375000000000000180e-02 8.528128037117806981e-01 4.750022585784237535e-03 1.747109583857220557e-11 1.501986047016292773e-12
1.500000000000000291e-02 8.065983447471328782e-01 9.868772470162155350e-03 4.714956309562235003e-11 4.508295182765494575e-12
1.625000000000000056e-02 7.461631487830994169e-01 2.015826319203302061e-02 1.082664191962167398e-10 1.143163573159646923e-11
1.750000000000000167e-02 6.664993669760529427e-01 3.942168099966833483e-02 2.187841995701008593e-10 2.507705151758493219e-11
1.875000000000000278e-02 5.618154107840847011e-01 7.262566934507527772e-02 3.980345026058768620e-10 4.861690074313609910e-11
2.000000000000000389e-02 4.356004215591748885e-01 1.161972284905739977e-01 6.645583931602339062e-10 8.484249451570588839e-11
2.125000000000000500e-02 3.083364240321443961e-01 1.508342806498173261e-01 1.035910866677662924e-09 1.353688707297141800e-10
2.250000000000000264e-02 2.055717514784225208e-01 1.546318287196705443e-01 1.524753871413551170e-09 2.000946334063950076e-10
2.375000000000000375e-02 1.344281536002171207e-01 1.298767913497689552e-01 2.141382064418370329e-09 2.771031369639777833e-10
2.500000000000000139e-02 8.840911001563182825e-02 9.358209026660477270e-02 2.892497747643987573e-09 3.629960285884565412e-10
2.625000000000000250e-02 5.900731572633680089e-02 6.223457756812612873e-02 3.788991749910972104e-09 4.535019181623942369e-10
2.750000000000000361e-02 4.007205699724787629e-02 4.016729368918668663e-02 4.837589468642234679e-09 5.441810450092298661e-10
2.875000000000000472e-02 2.770086109166051969e-02 2.660785828810189116e-02 6.033017537072960314e-09 6.309927835722883392e-10
3.000000000000000583e-02 1.948363429528410240e-02 1.787843413381315361e-02 7.361866669665741471e-09 7.107036421640655951e-10
3.125000000000000000e-02 1.393147036393772159e-02 1.243775086304098158e-02 8.859639641450368427e-09 7.810719555344280504e-10
3.250000000000000111e-02 1.011623012128932790e-02 8.823431098235180042e-03 1.046029056099229546e-08 8.408516556562656355e-10
3.375000000000000222e-02 7.451751337147444025e-03 6.375441087675156986e-03 1.218368212598647090e-08 8.896625092315961747e-10
3.500000000000000333e-02 5.562289572171738583e-03 4.687832436162547335e-03 1.393260092373927783e-08 9.278080307924709115e-10
3.625000000000000444e-02 4.203146234237896926e-03 3.480490580052880440e-03 1.576012379905796364e-08 9.560835886010551264e-10
3.750000000000000555e-02 3.212408341231902473e-03 2.607606400809770516e-03 1.752683687417491637e-08 9.755867810469423037e-10
3.875000000000000666e-02 2.481260552973430390e-03 1.953168803262596981e-03 1.925708093595346749e-08 9.875576307865875916e-10
4.000000000000000777e-02 1.935473701991780949e-03 1.472371889219265158e-03 2.090635808278350815e-08 9.932592515880977606e-10
4.125000000000000888e-02 1.523692305896434587e-03 1.095170269054689680e-03 2.244819650434181976e-08 9.939011350567686202e-10
4.250000000000000999e-02 1.209911969930957745e-03 7.751298082109490646e-04 2.392213461127523007e-08 9.905867446643564378e-10
4.375000000000000416e-02 9.685757328507508439e-04 9.063302763491457199e-04 2.533978868714776170e-08 9.842853327864544667e-10
4.500000000000000527e-02 7.813312619184192625e-04 7.458636583414507285e-04 2.662277445440489356e-08 9.758240793914273258e-10
4.625000000000000638e-02 6.348565492314320845e-04 6.382436317338199133e-04 2.790105691824047015e-08 9.658913181066379113e-10
4.750000000000000749e-02 5.193828245105299281e-04 5.533395035773457527e-04 2.918938671913579780e-08 9.550500361145578151e-10
4.875000000000000860e-02 4.276785822761422539e-04 4.816875837214913475e-04 3.042268023866334279e-08 9.437469536491592118e-10
5.000000000000000278e-02 3.543415204199563029e-04 4.201617283124616680e-04 3.164135316600724301e-08 9.321862951171442859e-10
