# time 1 2 D-1 D
0.000000000000000000e+00 9.999999367743716006e-01 5.956444478424170744e-09 1.926131293712562249e-35 1.377855014550123118e-35
2.500000000000000486e-03 9.984999167243919782e-01 1.110567652412501317e-07 4.548661638437539103e-29 3.595198531988191635e-34
5.000000000000000971e-03 9.936367766417046887e-01 2.621797236662515042e-06 1.059895197693062341e-24 1.324479512510378557e-28
7.500000000000001457e-03 9.847681678635814562e-01 1.842742261197910479e-05 4.377468721360353660e-22 3.439421703669409947e-25
1.000000000000000194e-02 9.711382312933385386e-01 8.004349685414314782e-05 3.487433807978016479e-20 1.078211403132023500e-22
1.250000000000000069e-02 9.518719033432658794e-01 2.701905402026810493e-04 1.132763341305208530e-18 1.043030333100952283e-20
1.500000000000000291e-02 9.259209913047079521e-01 7.831357611961371713e-04 2.094695853779245914e-17 4.677288192777071578e-19
1.750000000000000167e-02 8.919298099857553286e-01 2.052065273531728136e-03 2.618299980578498494e-16 1.181089148999089699e-17
2.000000000000000389e-02 8.479479364804143326e-01 5.032504761669085586e-03 2.416461685766286779e-15 1.842446289843433020e-16
2.250000000000000264e-02 7.908211910724983751e-01 1.185659957700027113e-02 1.757284863318633011e-14 1.867670831838169448e-15
2.500000000000000139e-02 7.149489167259326372e-01 2.717666234668043856e-02 1.187238707961135490e-13 1.290472350319573602e-14
2.750000000000000361e-02 6.105817961284525364e-01 6.005798336109505198e-02 1.138923085648634608e-12 6.436698345923687954e-14
3.000000000000000583e-02 4.675114119182824379e-01 1.206659794207302627e-01 7.252826809718432810e-12 2.461009623125918740e-13
3.250000000000000111e-02 3.023015482395000619e-01 1.930074225902305984e-01 2.035200950459413805e-11 7.605512940765180006e-13
3.500000000000000333e-02 1.692501196274738273e-01 2.236034836095935618e-01 4.636808121190383457e-11 1.982540559203707144e-12
3.750000000000000555e-02 9.110367011708830898e-02 1.883548046028419021e-01 9.427908796729638047e-11 4.504221602484599014e-12
4.000000000000000777e-02 5.046695329116687723e-02 1.094205278076590543e-01 1.724099153127469972e-10 9.144509077994535635e-12
4.250000000000000999e-02 2.932976505998150310e-02 4.323293344325392085e-02 2.901298355487590104e-10 1.690908472623596009e-11
4.500000000000000527e-02 1.788004782263454689e-02 1.652837273952807717e-02 4.532415270757857056e-10 2.889948833488069132e-11
4.750000000000000749e-02 1.137139911086256991e-02 7.248593109816412264e-03 6.664381051832958432e-10 4.618456235738783540e-11
5.000000000000000278e-02 7.496961971208285572e-03 1.063855224346837384e-03 9.431852763595313800e-10 6.965898347741778158e-11
5.250000000000000500e-02 5.093090597809961026e-03 6.710486129888299867e-04 1.276967270687223333e-09 9.991501901421506281e-11
5.500000000000000722e-02 3.546335949815410202e-03 4.966832460144983115e-04 1.677748020507926524e-09 1.371560925763933972e-10
5.750000000000000944e-02 2.518983804664102957e-03 4.357028819495043642e-04 2.123012616217983601e-09 1.811636571629001505e-10
6.000000000000001166e-02 1.817504845716311169e-03 3.391956860820067796e-04 2.629314003477566893e-09 2.313219796979273031e-10
6.250000000000000000e-02 1.326893282252926539e-03 2.985656471333386543e-04 3.195353390949960415e-09 2.866970422008252237e-10
6.500000000000000222e-02 9.765452685504342730e-04 2.556856797248638672e-04 3.802509780970534927e-09 3.461477300860609143e-10
6.750000000000000444e-02 7.218410325297938300e-04 2.253356542936246071e-04 4.475004834739451016e-09 4.084420669580608295e-10
7.000000000000000666e-02 5.338493243401303597e-04 1.945259091310577065e-04 5.152746043719259793e-09 4.723852443052950234e-10
7.250000000000000888e-02 3.933851700712593237e-04 1.790425101549333235e-04 5.886634510670683830e-09 5.369029578725376103e-10
7.500000000000001110e-02 2.874777460872656029e-04 1.564371738392508759e-04 6.676117204669507180e-09 6.011072377869284340e-10
7.750000000000001332e-02 2.072113796226311602e-04 1.337401983260139539e-04 7.456399846287565405e-09 6.643322796225700423e-10
8.000000000000001554e-02 1.463674308948591035e-04 1.167427277679751983e-04 8.270365678112615418e-09 7.261358260884721302e-10
8.250000000000001776e-02 1.005409899964669217e-04 1.013313940033831246e-04 9.142806412766807192e-09 7.862706106122491487e-10
8.500000000000001998e-02 6.654195271598710058e-05 8.590130925116011053e-05 9.994141254510979394e-09 8.446717059147715800e-10
8.750000000000000833e-02 4.196995306720459465e-05 7.078517962593273364e-05 1.085931319930786199e-08 9.014028892682975994e-10
9.000000000000001055e-02 2.490577983731944161e-05 5.791274713818654802e-05 1.176970764424705227e-08 9.566164916352504878e-10
9.250000000000001277e-02 1.370048587065502513e-05 4.435618017028429777e-05 1.269692180668983746e-08 1.010528261395926559e-09
9.500000000000001499e-02 6.866166002222029917e-06 3.301142502322765813e-05 1.362573425684044076e-08 1.063389373563184373e-09
9.750000000000001721e-02 3.068190256153082917e-06 2.369528057127451225e-05 1.453294001303448469e-08 1.115435706199382547e-09
1.000000000000000056e-01 1.185594090547311693e-06 1.558032266647110066e-05 1.549026410265238926e-08 1.166883558982749562e-09
