# time 1 2 D-1 D
0.000000000000000000e+00 9.999999754543852371e-01 4.223015197818206788e-09 5.972686796528041759e-35 5.267390186034670323e-35
1.250000000000000243e-03 9.994214560807288539e-01 3.407657560257404947e-07 5.523034451319594366e-17 1.104041771620647152e-22
2.500000000000000486e-03 9.974581579637558093e-01 6.736615907300853619e-06 1.692478830605612753e-14 7.393530878912694174e-19
3.750000000000000729e-03 9.936076713152854900e-01 4.219033428781719566e-05 5.054575760644037970e-13 1.428440807322221219e-16
5.000000000000000971e-03 9.871906096606031245e-01 1.639013053169220148e-04 5.612878456235349379e-12 6.332254104479594326e-15
6.250000000000000347e-03 9.773994751055999908e-01 4.890039292550534466e-04 3.489990897640233638e-11 1.202892620121713584e-13
7.500000000000001457e-03 9.633331417432366983e-01 1.231656931847026652e-03 1.436711888527095718e-10 1.271359610909668457e-12
8.750000000000000833e-03 9.439983782907934717e-01 2.761347266022739794e-03 4.315960928495999283e-10 8.498863760746035555e-12
1.000000000000000194e-02 9.182616586880966159e-01 5.687754475856877066e-03 1.020130081094512169e-09 3.871738194193081988e-11
1.125000000000000132e-02 8.847385853257629940e-01 1.098216403749374855e-02 2.034616810076279088e-09 1.271777195868892479e-10
1.250000000000000069e-02 8.416231333255076441e-01 2.015264872446851860e-02 3.649821757324113007e-09 3.174937470105499441e-10
1.375000000000000180e-02 7.865240694488303541e-01 3.536255916646417058e-02 6.001038306952864225e-09 6.337757901203900578e-10
1.500000000000000291e-02 7.165933192317416323e-01 5.924909998381013704e-02 8.653485400312157127e-09 1.059338370330205084e-09
1.625000000000000056e-02 6.296608201044647801e-01 9.368745764088998174e-02 1.077752161722708379e-08 1.541594102321741620e-09
1.750000000000000167e-02 5.269645190985304817e-01 1.369180348006503456e-01 1.231960185916481388e-08 2.015538719457685021e-09
1.875000000000000278e-02 4.170959740738098276e-01 1.794512525758044097e-01 1.343809967445603036e-08 2.426692625705668227e-09
2.000000000000000389e-02 3.129820563463007188e-01 2.070693229914654376e-01 1.419492524812437711e-08 2.742763247388991523e-09
2.125000000000000500e-02 2.265058353795073309e-01 2.072317808153670005e-01 1.463519086752965999e-08 2.953922367765135499e-09
2.250000000000000264e-02 1.604391670444827167e-01 1.794030770654095885e-01 1.481050115770545215e-08 3.067043414803806202e-09
2.375000000000000375e-02 1.125499785703339833e-01 1.344232474199371918e-01 1.481230651146217622e-08 3.098124899356467504e-09
2.500000000000000139e-02 7.861624278834382362e-02 8.898111134960381974e-02 1.465780666838337447e-08 3.066707892808357962e-09
2.625000000000000250e-02 5.476487100237633493e-02 5.416715531581381415e-02 1.441645194766420820e-08 2.991468184313092563e-09
2.750000000000000361e-02 3.803712355713204096e-02 3.189043650720750633e-02 1.413812566826170125e-08 2.888444579235397397e-09
2.875000000000000472e-02 2.631636474325623268e-02 1.891497954910221005e-02 1.384477372110043433e-08 2.770281182930145826e-09
3.000000000000000583e-02 1.811718307811939835e-02 1.143533034966718286e-02 1.357465353076090594e-08 2.646243551603059534e-09
3.125000000000000000e-02 1.239848705801955761e-02 7.128619694890409204e-03 1.331321794254510983e-08 2.522711292191702327e-09
3.250000000000000111e-02 8.427393201349570734e-03 4.516976709240205431e-03 1.309658349570961202e-08 2.403931958202359135e-09
3.375000000000000222e-02 5.685542761245113846e-03 2.950385363459635899e-03 1.291823313372482041e-08 2.292439356080027926e-09
3.500000000000000333e-02 3.805250669192714735e-03 2.001175738628103995e-03 1.276369317736493789e-08 2.189652374100016858e-09
3.625000000000000444e-02 2.525623670274818131e-03 1.347532358268664111e-03 1.266850307048929891e-08 2.096137288354384438e-09
3.750000000000000555e-02 1.661963274999810492e-03 9.268181920388976307e-04 1.258536574501967439e-08 2.011930753388777746e-09
3.875000000000000666e-02 1.084113034789527859e-03 6.445331340860373888e-04 1.255155435184598577e-08 1.936746625459263204e-09
4.000000000000000777e-02 7.009499176145063794e-04 4.570369263821084677e-04 1.255919050880987190e-08 1.870074950648439974e-09
4.125000000000000888e-02 4.491893329807171756e-04 3.161077206179632379e-04 1.259416104360858157e-08 1.811315065630785958e-09
4.250000000000000999e-02 2.852791005163482735e-04 2.295305649389069679e-04 1.264794011146603943e-08 1.759852497540988751e-09
4.375000000000000416e-02 1.795395306561425527e-04 1.614512141998113810e-04 1.274415175236721330e-08 1.715017979766574011e-09
4.500000000000000527e-02 1.119492862630410579e-04 1.160554077735820170e-04 1.285764727260167720e-08 1.676142688238224361e-09
4.625000000000000638e-02 6.914042832370851082e-05 8.433772449935180392e-05 1.298507895793399350e-08 1.642710614362699893e-09
4.750000000000000749e-02 4.227808126984181932e-05 6.235942089893011994e-05 1.314836117957354637e-08 1.614232928942300220e-09
4.875000000000000860e-02 2.558154461875486015e-05 4.549142012117394243e-05 1.333111262290159199e-08 1.590160221830928061e-09
5.000000000000000278e-02 1.530534268811629050e-05 3.284010910850833798e-05 1.352247339245399253e-08 1.570036829995414556e-09
