# time 1 2 D-1 D
0.000000000000000000e+00 9.999999664620297102e-01 1.805411679745565356e-09 1.825442855724940952e-35 1.379656138218521720e-36
2.500000000000000486e-03 9.993408802566107196e-01 1.620480479535005921e-06 2.598456768604580983e-30 9.180823249506930792e-37
5.000000000000000971e-03 9.970990197863741633e-01 3.225007397027512053e-05 6.010283871344671049e-26 1.531229734357484593e-30
7.500000000000001457e-03 9.926476747444733517e-01 2.026017681949360283e-04 2.420599479787826368e-23 4.303192794679005611e-27
1.000000000000000194e-02 9.850209275385919394e-01 7.911935813242062599e-04 1.884720523125903202e-21 1.368974192059303291e-24
1.250000000000000069e-02 9.728529296059330589e-01 2.367517399748159893e-03 5.485896930977942894e-20 1.202865081061468112e-22
1.500000000000000291e-02 9.542847070131099674e-01 5.920811133369736912e-03 8.180327590065655448e-19 4.497022263563076585e-21
1.750000000000000167e-02 9.268506709827141199e-01 1.292946297711235898e-02 7.014572376829213429e-18 8.751741544977648132e-20
2.000000000000000389e-02 8.874231663806366743e-01 2.519143939909686616e-02 3.870292309575797051e-17 9.920489718947573319e-19
2.250000000000000264e-02 8.324284887412309875e-01 4.401452711265421008e-02 1.509789896418791872e-16 7.037819304308646636e-18
2.500000000000000139e-02 7.587167890526539393e-01 6.885309293300824474e-02 4.403433506959911809e-16 3.305771536041600888e-17
2.750000000000000361e-02 6.654140121749456682e-01 9.645239548593535772e-02 9.968756669150587813e-16 1.086899001039495848e-16
3.000000000000000583e-02 5.562873721779787450e-01 1.185540934345268860e-01 1.794821020446474031e-15 2.640789307740613215e-16
3.250000000000000111e-02 4.406839939340936319e-01 1.239504301515824830e-01 2.658777680993363835e-15 4.994796548569782812e-16
3.500000000000000333e-02 3.309379378115322456e-01 1.067834604777784524e-01 3.363096422014236428e-15 7.717544300739997467e-16
3.750000000000000555e-02 2.372457709877574261e-01 7.901655542996900705e-02 3.673233512325368768e-15 1.013815656574793922e-15
4.000000000000000777e-02 1.641306482361429564e-01 5.451215630267142870e-02 3.579112327257306024e-15 1.172604159156789343e-15
4.250000000000000999e-02 1.107876309980484614e-01 3.752728686857763341e-02 3.198992244918643524e-15 1.228345980961755417e-15
4.500000000000000527e-02 7.361294517643016122e-02 2.653439126684420044e-02 2.655844456605132526e-15 1.191947062353096654e-15
4.750000000000000749e-02 4.845200265121472200e-02 1.917254910041944066e-02 2.167971868902327327e-15 1.092460441014291444e-15
5.000000000000000278e-02 3.172568691124864199e-02 1.403037803866563279e-02 1.717789582823147334e-15 9.594512297711922907e-16
5.250000000000000500e-02 2.072559329190798091e-02 1.028470002459186752e-02 1.390956231992262412e-15 8.175051613154610871e-16
5.500000000000000722e-02 1.353610173840758338e-02 7.464071609069312420e-03 1.103181625594151707e-15 6.811333536393496105e-16
5.750000000000000944e-02 8.851891950522643854e-03 5.276079059691333832e-03 8.941812811998704859e-16 5.598588429808774802e-16
6.000000000000001166e-02 5.803078981275936951e-03 3.603392684361755600e-03 7.452812857008822251e-16 4.574307982090306214e-16
6.250000000000000000e-02 3.817400773628016122e-03 2.363644027048346016e-03 6.105638299899952775e-16 3.736802753896027122e-16
6.500000000000000222e-02 2.521326763521956980e-03 1.512875818769344322e-03 5.174713758217632624e-16 3.055073785186876288e-16
6.750000000000000444e-02 1.673295716996623739e-03 9.671791016557817512e-04 4.341426099628982087e-16 2.510022402527935114e-16
7.000000000000000666e-02 1.115915473098162301e-03 6.285507886080227060e-04 3.750156470395550760e-16 2.067448885020650261e-16
7.250000000000000888e-02 7.476698430335577440e-04 4.203039214539120512e-04 3.314696442681242422e-16 1.701226608857558084e-16
7.500000000000001110e-02 5.038214800792807993e-04 2.875537979078757471e-04 2.934450770028053911e-16 1.438874679429007483e-16
7.750000000000001332e-02 3.405863247238572681e-04 2.013633126464382556e-04 2.626076106576106497e-16 1.214710157089006764e-16
8.000000000000001554e-02 2.301591588871622059e-04 1.447697706196694452e-04 2.390347839043220855e-16 1.018409361342429312e-16
8.250000000000001776e-02 1.567831792501611480e-04 1.050219754727510599e-04 2.199173836876609421e-16 8.845140446260973954e-17
8.500000000000001998e-02 1.057166595350242258e-04 7.865215826822234484e-05 2.061933471304307380e-16 7.849825552194006781e-17
8.750000000000000833e-02 7.117367024996385156e-05 5.967598382463189656e-05 1.903210202387588287e-16 6.547938756510537372e-17
9.000000000000001055e-02 4.694137504561745656e-05 4.659185563669793634e-05 1.822377609355668844e-16 5.999282928849410277e-17
9.250000000000001277e-02 2.996376994788415383e-05 3.733802914810945028e-05 1.777241172512543134e-16 5.487025035064207458e-17
9.500000000000001499e-02 1.661108290533317301e-05 3.211214303825165353e-05 1.706208494662447992e-16 4.744841147142315695e-17
9.750000000000001721e-02 6.459352707679605040e-06 2.901319251837915954e-05 1.645364268279088100e-16 4.276878535187644157e-17
1.000000000000000056e-01 4.194775006579474848e-07 2.554026189898729878e-05 1.644184497098957616e-16 4.150020668120402581e-17
