# time 1 2 D-1 D
0.000000000000000000e+00 9.999999664620297102e-01 1.805411679745565356e-09 1.825442855724940952e-35 1.379656138218521720e-36
5.000000000000000104e-04 9.959943150528242084e-01 3.462585653456147819e-04 1.219180810954686525e-29 3.725491312562690789e-32
1.000000000000000021e-03 9.841176898519765626e-01 1.628441867439980525e-03 9.512286115816933313e-25 7.189781185637840393e-27
1.500000000000000248e-03 9.645005113253090068e-01 4.312867267853225453e-03 1.133559471874786934e-21 1.389057236959041429e-23
2.000000000000000042e-03 9.370786509192274849e-01 9.027938323327976480e-03 2.478406894010918187e-19 4.186215571063162833e-21
2.500000000000000052e-03 9.015029454852000468e-01 1.657051342258602372e-02 2.022435469266648474e-17 4.537477140464051037e-19
3.000000000000000496e-03 8.570675969151853035e-01 2.775399302751329830e-02 8.573809589115574961e-16 2.519316703907498161e-17
3.500000000000000507e-03 8.026985968571852537e-01 4.319888229520581907e-02 2.116845091606821084e-14 8.464162005492681202e-16
4.000000000000000083e-03 7.370992217204455077e-01 6.283760203775230757e-02 3.354824042530595068e-13 1.861449081419302283e-14
4.500000000000000527e-03 6.592260733261802175e-01 8.492616033468626535e-02 3.669140089931015465e-12 2.783363961539641624e-13
5.000000000000000104e-03 5.692785502776186446e-01 1.056295229495422261e-01 2.886711844884033337e-11 2.904335132016091162e-12
5.500000000000000548e-03 4.701001373802725092e-01 1.201845893533471654e-01 1.683175586296571904e-10 2.178338220610243336e-11
6.000000000000000992e-03 3.681261049900784177e-01 1.219603081094019631e-01 7.466048998479192226e-10 1.218517264576880018e-10
6.500000000000000569e-03 2.723909172676451385e-01 1.062922982319290804e-01 2.621213344563930440e-09 5.296219240715394663e-10
7.000000000000001013e-03 1.912064529198765073e-01 7.659334564296435555e-02 7.601212659321495504e-09 1.862035506324270715e-09
7.499999999999999722e-03 1.287590446086327722e-01 4.748856700065952341e-02 1.853282166261409553e-08 5.489848532887296145e-09
8.000000000000000167e-03 8.441577096278816972e-02 2.759465510749678149e-02 3.928763687898735511e-08 1.399500435460181037e-08
8.500000000000000611e-03 5.464319002607048725e-02 1.620395200819531312e-02 7.442882978991759442e-08 3.163408838474132908e-08
9.000000000000001055e-03 3.530503787623950895e-02 9.939689011412388212e-03 1.275069108424828146e-07 6.470816990898941412e-08
9.500000000000001499e-03 2.293638251149732882e-02 6.337948069291149573e-03 2.082570989844498500e-07 1.217630685574915277e-07
1.000000000000000021e-02 1.505232869287856379e-02 4.137009008032827527e-03 3.198562641184996516e-07 2.135861190850188401e-07
1.050000000000000065e-02 1.000610474608255689e-02 2.721510408171850387e-03 4.858218164756294496e-07 3.530071639220563906e-07
1.100000000000000110e-02 6.748281580714550303e-03 1.763088593100371878e-03 6.989261747708300157e-07 5.545414079267549568e-07
1.150000000000000154e-02 4.621182162649502961e-03 1.087442176813450045e-03 9.941389343931689023e-07 8.339266560476019775e-07
1.200000000000000198e-02 3.214508607567116011e-03 6.314187692663579890e-04 1.407717311934613502e-06 1.207609633923808851e-06
1.250000000000000069e-02 2.271487346135676530e-03 3.390809802023005246e-04 1.880642704613684634e-06 1.692229448898318637e-06
1.300000000000000114e-02 1.630264020358354951e-03 1.725604009082654490e-04 2.520971161109849139e-06 2.304135376609727449e-06
1.350000000000000158e-02 1.188142424095508815e-03 8.663923140051179770e-05 3.210491120203829569e-06 3.058964190230960231e-06
1.400000000000000203e-02 8.788354440094393611e-04 4.453570515045209428e-05 4.098709845410518184e-06 3.971291570134780000e-06
1.450000000000000247e-02 6.593369171283040234e-04 2.443210065842200610e-05 5.233320540620224536e-06 5.054361219138962828e-06
1.499999999999999944e-02 5.015580220591908840e-04 1.422171618533791224e-05 6.456010233597124197e-06 6.319891494976054806e-06
1.550000000000000162e-02 3.864008624581316185e-04 8.954225303896108930e-06 7.803254315425848229e-06 7.777953546526445960e-06
1.600000000000000033e-02 3.011221457332361015e-04 6.334900216930901117e-06 9.531446982001773142e-06 9.436911923008103951e-06
1.650000000000000078e-02 2.375962106518775534e-04 4.657811179674129493e-06 1.133998508825506022e-05 1.130341923355657503e-05
1.700000000000000122e-02 1.890879805218489095e-04 4.096554119085677374e-06 1.331983880675486844e-05 1.338245174545728509e-05
1.750000000000000167e-02 1.519042354719633945e-04 3.869451081140618342e-06 1.546661753174073331e-05 1.567737452567855624e-05
1.800000000000000211e-02 1.226721612237829343e-04 4.237546749492986460e-06 1.803613477776398332e-05 1.819003560278138079e-05
1.850000000000000255e-02 9.918982302268371156e-05 5.203110970783306404e-06 2.088584366049403237e-05 2.092087575038032140e-05
1.900000000000000300e-02 7.820201613731597864e-05 8.444051476868289158e-06 2.388569862806956551e-05 2.386905362559758228e-05
1.950000000000000344e-02 5.668322692431639341e-05 1.584013636511624496e-05 2.698173804137368021e-05 2.703259452147507123e-05
2.000000000000000042e-02 3.048236792454712892e-05 3.070036287916974089e-05 3.045262250458218261e-05 3.040846576775224183e-05
