# time 1 2 D-1 D
0.000000000000000000e+00 9.999999571790874064e-01 1.046074947072034383e-08 7.042864200356344678e-36 1.842947390058874994e-34
5.000000000000000104e-04 9.989928600181474661e-01 9.965607770965651549e-09 7.253553880622733833e-25 3.169929596974113133e-24
1.000000000000000021e-03 9.957559607032747673e-01 7.602161533388246488e-08 1.630785825439318949e-20 1.752898933418493194e-20
1.500000000000000248e-03 9.899234931418828820e-01 3.702582669466259608e-07 6.534651005712169953e-18 3.147586851845553625e-18
2.000000000000000042e-03 9.810562319773392659e-01 1.325552100651947021e-06 5.023627633202405475e-16 1.442507540060815697e-16
2.500000000000000052e-03 9.686088837545181462e-01 3.955975914716465769e-06 1.556639276098432131e-14 3.244433615797714179e-15
3.000000000000000496e-03 9.518795443999392702e-01 1.046073480866246078e-05 2.720750816795354200e-13 4.716802794159389757e-14
3.500000000000000507e-03 9.299320682498163348e-01 2.579816460362607445e-05 3.158659129666422793e-12 4.923331889120522413e-13
4.000000000000000083e-03 9.014754798317128337e-01 5.946659211240140993e-05 2.367027062031931553e-11 3.770923393567308994e-12
4.500000000000000527e-03 8.646769054667226007e-01 1.283475021597352717e-04 9.680418659907816958e-11 2.131162982664225244e-11
5.000000000000000104e-03 8.168994414061868659e-01 2.422716066086368688e-04 2.824223559488298661e-10 9.091250690644284088e-11
5.500000000000000548e-03 7.543502054216407737e-01 4.149028199118780626e-04 6.993898677441983790e-10 3.041590081835280704e-10
6.000000000000000992e-03 6.720706149149868747e-01 6.140866581686599962e-04 1.514886026812216343e-09 8.322562142053801855e-10
6.500000000000000569e-03 5.657940661694286222e-01 6.469742325992967327e-04 2.900969603465822701e-09 1.934991975690745405e-09
7.000000000000001013e-03 4.385402543147505217e-01 1.539118220481466598e-04 5.087341530659681009e-09 3.946974911924069071e-09
7.499999999999999722e-03 3.063488196255216844e-01 1.369880599071904032e-03 8.271490391582333049e-09 7.247784822344794339e-09
8.000000000000000167e-03 1.761407042967650938e-01 2.305263123247196927e-02 1.262468691077212001e-08 1.222774247386812469e-08
8.500000000000000611e-03 7.245226670937382485e-02 5.176829078584577193e-02 1.861790433285747273e-08 1.925866553171181655e-08
9.000000000000001055e-03 3.497315390716582151e-02 4.240254619426429145e-02 2.620175682105048981e-08 2.867360106589151790e-08
9.500000000000001499e-03 2.084940363707921823e-02 2.817900933813024048e-02 3.612863800710768759e-08 4.075564404226930332e-08
1.000000000000000021e-02 1.333376672434772453e-02 1.846646889165604738e-02 4.879592755108418387e-08 5.573414728445489760e-08
1.050000000000000065e-02 8.925913688298321713e-03 1.220458062956380173e-02 6.443172213465830843e-08 7.378553563350917988e-08
1.100000000000000110e-02 6.144867489268755756e-03 8.223263493559484702e-03 8.363133096865194511e-08 9.503751554608510041e-08
1.150000000000000154e-02 4.320760887263514274e-03 5.660425629848760999e-03 1.070040856763048810e-07 1.195738681955923816e-07
1.200000000000000198e-02 3.111308133868486737e-03 3.960270831671854758e-03 1.359918339878938058e-07 1.474404410692444541e-07
1.250000000000000069e-02 2.304006805012910868e-03 2.797669684443161459e-03 1.701379985696944060e-07 1.786504409843411533e-07
1.300000000000000114e-02 1.717314854910347759e-03 2.025058447482562442e-03 2.089342595044854349e-07 2.131894229355660878e-07
1.350000000000000158e-02 1.304668336151768243e-03 1.483117293609792888e-03 2.557391945764742923e-07 2.510199145534121917e-07
1.400000000000000203e-02 1.006347852333247701e-03 1.100095222391215405e-03 3.073936861479963283e-07 2.920845718870799935e-07
1.450000000000000247e-02 7.887443900117997340e-04 8.240204791283841724e-04 3.660838996260457722e-07 3.363103062727464852e-07
1.499999999999999944e-02 6.237054171839272751e-04 6.263308560575632988e-04 4.328313969829454984e-07 3.836104552871664977e-07
1.550000000000000162e-02 4.974544331825915067e-04 4.825859541238055185e-04 5.081339358483366549e-07 4.338873792216411503e-07
1.600000000000000033e-02 4.038962741049627369e-04 3.727256990018448161e-04 5.950714626591008509e-07 4.870353795788889629e-07
1.650000000000000078e-02 3.290833862077397593e-04 2.925360997455802637e-04 6.851233063250691808e-07 5.429409667902699609e-07
1.700000000000000122e-02 2.705110551949844598e-04 2.317391611841045681e-04 7.881617294197189172e-07 6.014863568413452645e-07
1.750000000000000167e-02 2.250590975692094405e-04 1.843435025004739908e-04 9.041412927405240829e-07 6.625495893301976940e-07
1.800000000000000211e-02 1.881474017097076797e-04 1.483569104717674648e-04 1.028181222008212221e-06 7.260060144669646256e-07
1.850000000000000255e-02 1.586408234461601752e-04 1.201206586200637014e-04 1.163009897274983879e-06 7.917300863700639869e-07
1.900000000000000300e-02 1.345094281397941482e-04 9.813110840903818851e-05 1.317905082119551846e-06 8.595951270508817981e-07
1.950000000000000344e-02 1.145599263547679848e-04 8.095087676195286393e-05 1.480701361741166777e-06 9.294726029863321606e-07
2.000000000000000042e-02 9.861367086732798412e-05 6.677786720655573961e-05 1.651819341004859397e-06 1.001153123961001800e-06
