# time 1 2 D-1 D
0.000000000000000000e+00 9.999999427553251108e-01 1.521662445363576660e-08 4.180131379920980237e-35 1.970789747550490866e-35
2.500000000000000486e-03 9.999938453013784700e-01 1.239921759801693897e-07 1.343380319191185979e-25 1.254318226479447071e-27
5.000000000000000971e-03 9.999032310825611836e-01 2.172510102314723525e-06 1.393648663316150745e-22 3.144599340276984527e-24
7.500000000000001457e-03 9.995145443990185452e-01 1.375547147482585153e-05 4.407848682027343702e-21 1.108222233368180352e-22
1.000000000000000194e-02 9.984764237103614937e-01 5.617938516151504622e-05 1.190896148931908036e-20 7.788080383454297536e-23
1.250000000000000069e-02 9.962945753260551429e-01 1.727359586952511477e-04 4.261757261836628620e-20 1.722178881458777053e-22
1.500000000000000291e-02 9.923082067938564510e-01 4.623149838552479958e-04 1.643113381236007195e-19 7.670710055060021265e-22
1.750000000000000167e-02 9.856390486593522571e-01 1.089489333170030752e-03 8.516249718544717182e-19 4.909020930068860423e-21
2.000000000000000389e-02 9.751081563991130796e-01 2.393745276164966837e-03 5.589329711622181685e-18 3.082494208966842417e-20
2.250000000000000264e-02 9.591235576626995218e-01 4.916810640097277023e-03 5.197426917181785311e-17 1.895495756396080368e-19
2.500000000000000139e-02 9.355513845484232371e-01 9.630763035616780876e-03 4.684563656111644518e-16 6.905545068424021858e-19
2.750000000000000361e-02 9.015887313677686254e-01 1.823206670929707410e-02 2.771493305241220839e-15 7.652516810117110908e-19
3.000000000000000583e-02 8.536840609060108997e-01 3.328466462881186222e-02 1.186924881212403358e-14 4.565059842177084527e-18
3.250000000000000111e-02 7.877364178518541094e-01 5.842222449951937208e-02 3.969854983850914734e-14 1.528177130391943952e-16
3.500000000000000333e-02 7.002361434490560477e-01 9.718834504997000967e-02 1.071715216578465673e-13 1.561499172128707018e-15
3.750000000000000555e-02 5.921289483238473261e-01 1.487044804796072150e-01 2.397353367647015949e-13 9.426072935520124406e-15
4.000000000000000777e-02 4.733465763010933358e-01 2.034226371581445147e-01 4.582956276152932418e-13 4.080333353759619852e-14
4.250000000000000999e-02 3.599946268098905833e-01 2.448989711661026247e-01 7.669638725520475424e-13 1.385138287021597148e-13
4.500000000000000527e-02 2.662075699829649644e-01 2.600636044720022189e-01 1.142620887076647246e-12 3.897742295396947620e-13
4.750000000000000749e-02 1.956026697955397797e-01 2.503751812151643885e-01 1.549617090560249137e-12 9.425134263166041027e-13
5.000000000000000278e-02 1.449046938121026085e-01 2.267027851863658572e-01 1.938563716403189342e-12 2.012864547669086388e-12
5.250000000000000500e-02 1.090781041805025109e-01 1.981219851730536274e-01 2.264566075766917262e-12 3.874992906890552119e-12
5.500000000000000722e-02 8.364204824928796189e-02 1.705948325312018621e-01 2.498293667878445820e-12 6.835524826531776832e-12
5.750000000000000944e-02 6.532798304376706555e-02 1.427881280771036709e-01 2.629089677873657631e-12 1.119630539612842855e-11
6.000000000000001166e-02 5.190049364809203730e-02 1.114923723528702809e-01 2.661837779976683105e-12 1.720891895679522001e-11
6.250000000000000000e-02 4.186315140084848063e-02 7.703081168652781141e-02 2.613237927378268150e-12 2.504341115751421660e-11
6.500000000000000222e-02 3.421506301927514787e-02 5.100822064129115901e-02 2.504733724156758938e-12 3.475927071960145379e-11
6.750000000000000444e-02 2.828082784124928348e-02 3.570614860948750913e-02 2.366316235005435528e-12 4.630562904225454724e-11
7.000000000000000666e-02 2.359866554693260815e-02 2.762170537172126128e-02 2.211832190279587299e-12 5.951579657714407088e-11
7.250000000000000888e-02 1.984812676039416149e-02 2.294765979428046998e-02 2.062190635496903473e-12 7.414453684122479190e-11
7.500000000000001110e-02 1.680323079710262235e-02 2.003950248514482085e-02 1.937997271090288086e-12 8.989477375021522569e-11
7.750000000000001332e-02 1.430196875417317354e-02 1.809993742117700297e-02 1.837597026180240185e-12 1.064039057147196449e-10
8.000000000000001554e-02 1.222769397696883177e-02 1.675390973394510000e-02 1.773691493323477466e-12 1.233258196040116251e-10
8.250000000000001776e-02 1.049074670475596410e-02 1.577735184879563643e-02 1.752501620263573086e-12 1.403273840111485954e-10
8.500000000000001998e-02 9.030830426338070857e-03 1.508087608980284745e-02 1.795380417685170568e-12 1.570910175410495421e-10
8.750000000000000833e-02 7.794923230031341674e-03 1.446332380267073385e-02 1.862700659999980398e-12 1.733514792191859134e-10
9.000000000000001055e-02 6.740883201334773971e-03 1.398348646527583679e-02 1.983393664055135687e-12 1.889065621343004912e-10
9.250000000000001277e-02 5.838841395116961715e-03 1.357979020178252255e-02 2.191824334457255622e-12 2.035624848715103124e-10
9.500000000000001499e-02 5.066069250905670673e-03 1.324050911491478875e-02 2.397409688228740265e-12 2.172128892037991559e-10
9.750000000000001721e-02 4.404168955222747227e-03 1.288894921195137509e-02 2.681862488063257760e-12 2.297872242070317679e-10
1.000000000000000056e-01 3.836122640148741277e-03 1.257838315077925394e-02 3.024611035667886796e-12 2.412311776894474969e-10
