# time 1 2 D-1 D
0.000000000000000000e+00 9.999999714561247366e-01 1.858577421190523720e-09 7.999239057345668630e-35 3.016788701950319088e-34
2.500000000000000486e-03 9.991341267052864517e-01 2.635205767864033065e-08 5.928272141510278662e-19 3.686142942248405526e-26
5.000000000000000971e-03 9.963723108673441242e-01 6.799799205233494237e-07 1.816865716351450185e-16 1.035359694880155598e-23
7.500000000000001457e-03 9.914700535159371997e-01 5.262286227310762530e-06 5.463347407876820704e-15 1.981229953230993049e-21
1.000000000000000194e-02 9.841818477245711794e-01 2.554751800502721323e-05 6.292551251109609220e-14 3.779739050090883908e-19
1.250000000000000069e-02 9.742462683780532817e-01 9.614588252642943976e-05 4.233871634227189173e-13 1.765148105716563794e-17
1.500000000000000291e-02 9.613508921039576327e-01 3.068482658456374692e-04 2.008694813787778393e-12 3.741504442732146031e-16
1.750000000000000167e-02 9.450630075366759364e-01 8.699866879730192666e-04 7.422594128817814291e-12 4.718731885355622950e-15
2.000000000000000389e-02 9.247043670929840919e-01 2.247738414544235737e-03 2.263086853549557461e-11 4.084809351277428659e-14
2.250000000000000264e-02 8.991445319351962784e-01 5.367174668724635292e-03 5.905794294257413223e-11 2.645796449769357029e-13
2.500000000000000139e-02 8.665074464981188385e-01 1.193480474440521653e-02 1.348495552068670790e-10 1.355123798337905523e-12
2.750000000000000361e-02 8.239640399666212645e-01 2.466165667067976228e-02 2.742710030427641688e-10 5.721429028967487827e-12
3.000000000000000583e-02 7.679671085384128792e-01 4.707727601151258379e-02 5.014612100306911473e-10 1.997918685199797643e-11
3.250000000000000111e-02 6.970559313823734282e-01 8.073913110774767754e-02 8.288481574760141391e-10 5.915362471636132153e-11
3.500000000000000333e-02 6.135624115541926660e-01 1.235226118689298908e-01 1.250283132423276304e-09 1.485392343696383702e-10
3.750000000000000555e-02 5.271347357991805760e-01 1.662139725135196311e-01 1.735179905325629667e-09 3.143319345934261248e-10
4.000000000000000777e-02 4.469486493355010470e-01 2.002506194681352714e-01 2.248089056856965744e-09 5.642507489052414744e-10
4.250000000000000999e-02 3.785193279074111072e-01 2.205200533201082946e-01 2.768062084659760489e-09 8.783195655875789061e-10
4.500000000000000527e-02 3.224200927343540690e-01 2.276020338251051878e-01 3.276893509652835156e-09 1.198245680925826307e-09
4.750000000000000749e-02 2.767775331999296484e-01 8.825082155455148472e-03 3.845145057548582033e-09 1.460196944530312912e-09
5.000000000000000278e-02 2.392762960366468239e-01 2.015706530185721809e-02 4.538119228349403400e-09 1.604699744734718475e-09
5.250000000000000500e-02 2.079712052525960198e-01 2.604726980819294102e-02 5.924390547672152684e-09 1.596667699777296012e-09
5.500000000000000722e-02 1.814479112034723673e-01 3.185856265712985053e-02 1.096299575693410264e-08 1.433738657523567740e-09
5.750000000000000944e-02 1.587337696811831067e-01 3.826185393736096507e-02 4.433200790785471227e-08 1.147536442164723197e-09
6.000000000000001166e-02 1.391581184403425375e-01 4.499044095898721562e-02 3.877612627542114353e-08 7.968236530388709779e-10
6.250000000000000000e-02 1.222345405433810928e-01 5.206901868878899969e-02 2.460504606161274883e-08 4.538088846124489296e-10
6.500000000000000222e-02 1.075830605698103043e-01 5.887991239406215743e-02 1.226071641252512946e-08 1.864237110849188957e-10
6.750000000000000444e-02 9.488737579884104489e-02 6.525074818723972103e-02 3.931618133836310093e-09 4.088312428342432404e-11
7.000000000000000666e-02 8.387491594251844651e-02 7.015848812673917967e-02 1.186146343530515127e-09 2.903487336028231644e-11
7.250000000000000888e-02 7.430860530774149875e-02 7.322847064876586431e-02 5.611239540790587972e-09 1.245051018189361301e-10
7.500000000000001110e-02 6.598308742037170549e-02 7.445461142712886393e-02 1.862438127030514178e-08 2.697961425096621620e-10
7.750000000000001332e-02 5.872193569060504131e-02 7.437485578766007965e-02 4.107336232917835400e-08 3.935819025433573398e-10
8.000000000000001554e-02 5.237468269815357541e-02 7.374121716371578872e-02 7.374472008118754519e-08 4.345572341433260396e-10
8.250000000000001776e-02 4.681358663156495736e-02 7.271645207808320743e-02 1.165588565398041699e-07 3.659017255962155829e-10
8.500000000000001998e-02 4.193037984301078297e-02 7.173427258384250382e-02 1.694440623457225640e-07 2.138278540332924317e-10
8.750000000000000833e-02 3.763323307215211966e-02 7.075603152343926117e-02 2.318224471519749986e-07 6.514624795121502799e-11
9.000000000000001055e-02 3.384407884248389481e-02 6.985583027935969580e-02 3.028506440926481946e-07 6.298531559600002995e-11
9.250000000000001277e-02 3.049633686853160663e-02 6.874735245042910836e-02 3.816217679792334584e-07 3.879010772923525062e-10
9.500000000000001499e-02 2.753302510487055238e-02 6.777468874410730315e-02 4.666399775495093134e-07 1.240691801011615562e-09
9.750000000000001721e-02 2.490521042650292727e-02 6.685226131768938485e-02 5.571043616173082643e-07 2.812297128361087751e-09
1.000000000000000056e-01 2.257074473280977489e-02 6.585683210765459761e-02 6.522453025297696483e-07 5.266657858726720954e-09
