# time 1 2 D-1 D
0.000000000000000000e+00 9.999999395581407047e-01 1.771720046618605281e-08 9.789663890441864489e-36 1.094679114203255242e-35
2.500000000000000486e-03 9.991793618180897507e-01 1.280496429051006128e-07 5.122909337031817413e-31 7.689287119622999663e-29
5.000000000000000971e-03 9.965511863778752089e-01 2.541911146837453167e-06 1.573714176922340407e-26 4.150110554646297775e-25
7.500000000000001457e-03 9.918499708217590749e-01 1.685434622455054315e-05 6.580993990062155489e-24 6.984141493531814294e-23
1.000000000000000194e-02 9.847838985476460305e-01 7.009124980134957177e-05 4.699309416031700000e-22 2.806551609555098630e-21
1.250000000000000069e-02 9.750183149270682526e-01 2.265402545412543490e-04 1.270379806717556325e-20 5.091571542505927945e-20
1.500000000000000291e-02 9.621382081144551623e-01 6.202057376757311299e-04 1.855870131471639247e-19 5.535112971331185521e-19
1.750000000000000167e-02 9.455774237527918569e-01 1.498348855424960074e-03 1.680538229467921097e-18 4.191066190460999641e-18
2.000000000000000389e-02 9.245057172816808500e-01 3.267022883619756859e-03 1.065255595747215707e-17 2.415765961016743550e-17
2.250000000000000264e-02 8.976830823719368357e-01 6.624313801230780237e-03 4.991171853980761628e-17 1.120959143867962150e-16
2.500000000000000139e-02 8.633342122366897131e-01 1.257876386255994683e-02 1.802933534066547297e-16 4.340218418806835592e-16
2.750000000000000361e-02 8.191615715673620235e-01 2.261912219484685238e-02 5.149553303006852229e-16 1.434386407596491177e-15
3.000000000000000583e-02 7.626819748902319285e-01 3.878248144828175259e-02 1.182945402187481376e-15 4.102265259116831921e-15
3.250000000000000111e-02 6.921382019713345768e-01 6.333941411374192920e-02 2.185835995182805072e-15 1.023573081942519120e-14
3.500000000000000333e-02 6.082255570105811193e-01 9.662771398773140064e-02 3.174295089061068982e-15 2.240294203639670580e-14
3.750000000000000555e-02 5.161485740614990547e-01 1.359425483221283482e-01 3.467658673284924755e-15 4.326164820278785647e-14
4.000000000000000777e-02 4.253826708939777990e-01 1.732984326607018843e-01 2.521662754951496429e-15 7.431756627669014974e-14
4.250000000000000999e-02 3.452146536278707378e-01 2.013806429920781405e-01 2.100672695269528313e-15 1.153655719350275041e-13
4.500000000000000527e-02 2.802470654141351880e-01 2.158504376826325399e-01 1.156483429307262647e-14 1.651986181460683395e-13
4.750000000000000749e-02 2.301146533739856781e-01 2.181060576622224911e-01 5.636854724469078798e-14 2.232179996585881074e-13
5.000000000000000278e-02 1.921277149168648668e-01 2.108163133430959180e-01 1.811444784873789545e-13 2.897885447139247533e-13
5.250000000000000500e-02 1.632790606028208802e-01 1.981503190472065079e-01 4.221866486106737502e-13 3.621915700557635572e-13
5.500000000000000722e-02 1.410847350848236648e-01 6.445572091976650361e-03 7.249545724713798233e-13 4.320681727896943933e-13
5.750000000000000944e-02 1.237056574741705328e-01 2.246580778152501394e-03 9.548428884060098035e-13 4.852114834173622996e-13
6.000000000000001166e-02 1.098354332641274661e-01 1.196815266600112374e-03 1.173552852401051885e-12 5.015380051512542977e-13
6.250000000000000000e-02 9.855581919049416495e-02 6.281316449553940844e-04 3.255465240526839390e-12 4.616854815249672164e-13
6.500000000000000222e-02 8.921899852454696911e-02 2.839260175008761740e-04 1.976337443249744245e-11 3.588225269212858286e-13
6.750000000000000444e-02 8.136333985550049663e-02 9.188291435496080402e-05 1.527646127994068966e-11 2.215535223355217125e-13
7.000000000000000666e-02 7.465586524263960466e-02 1.361102918653511687e-05 1.242005813939598604e-11 1.518806800902274454e-13
7.250000000000000888e-02 6.885341223939245303e-02 2.058981425348517256e-05 8.834239346071198806e-12 3.800303670210503058e-13
7.500000000000001110e-02 6.377629510549118197e-02 9.821329144218686100e-05 4.784870217031469989e-12 1.329039428365447159e-12
7.750000000000001332e-02 5.929022077955730524e-02 2.495770220626349891e-04 1.355616708368766139e-12 3.662621620473083378e-12
8.000000000000001554e-02 5.529368595094107108e-02 4.212487970735667524e-04 3.794098150991317805e-13 8.266836483534836158e-12
8.250000000000001776e-02 5.170904659814914983e-02 6.186486063307687589e-04 4.873781652428318341e-12 1.607058879497534933e-11
8.500000000000001998e-02 4.847610186853790887e-02 8.500455895281136195e-04 1.991004013058467630e-11 2.776540466992126521e-11
8.750000000000000833e-02 4.554746854321947702e-02 1.066153326660058617e-03 5.415306303460312910e-11 4.315107618255243622e-11
9.000000000000001055e-02 4.288521573883065374e-02 1.305993630109554679e-03 1.202222950025691320e-10 6.230255401067638948e-11
9.250000000000001277e-02 4.045841613558477656e-02 1.550923226617285109e-03 2.381982181308414721e-10 8.507812818102161117e-11
9.500000000000001499e-02 3.824137490328623212e-02 1.910768994998695821e-03 4.444529656217138337e-10 1.135823255720956778e-10
9.750000000000001721e-02 3.621235718126364356e-02 2.023698712040029359e-03 8.417254400710189377e-10 1.522812497708740214e-10
1.000000000000000056e-01 3.435274867436215879e-02 2.265347244291569632e-03 1.907127357883840419e-09 2.078404792678704488e-10
