# time 1 2 D-1 D
0.000000000000000000e+00 9.999999603082032618e-01 1.059459735919422312e-08 2.944062335832881926e-36 2.392204472320282006e-35
1.250000000000000243e-03 9.989329572663994128e-01 2.425957631429674597e-07 6.390976810302133975e-25 2.111420366068290539e-24
2.500000000000000486e-03 9.955002797490364319e-01 4.904191682788202793e-06 1.430463198001772999e-20 1.139665021357348884e-20
3.750000000000000729e-03 9.893141446858467747e-01 3.464262168537300614e-05 5.625063889558733781e-18 1.975838101539947274e-18
5.000000000000000971e-03 9.799130180139672408e-01 1.566689473218430657e-04 4.137223848010196581e-16 8.669743979198164518e-17
6.250000000000000347e-03 9.666874621339186513e-01 5.556111244447261340e-04 1.208395564117522134e-14 1.843531419855636030e-15
7.500000000000001457e-03 9.487072537418094198e-01 1.703317527375655931e-03 1.985167771648929467e-13 2.462000933716700328e-14
8.750000000000000833e-03 9.243687709914950590e-01 4.711209929084719805e-03 2.265786231372866439e-12 2.258893006844569285e-13
1.000000000000000194e-02 8.907649356640527927e-01 1.200085296148904052e-02 1.946744418050591498e-11 1.462184198093992032e-12
1.125000000000000132e-02 8.428742594067726301e-01 2.825725633938402925e-02 9.867269705895484861e-11 6.859453162888277314e-12
1.250000000000000069e-02 7.736536016473514188e-01 6.056295502809067727e-02 2.978266507105877594e-10 2.434280012002340366e-11
1.375000000000000180e-02 6.780744069203354929e-01 1.147613822936782990e-01 6.971357931036427619e-10 6.864293987069446661e-11
1.500000000000000291e-02 5.620549758960807774e-01 1.866612675349122452e-01 1.378963399149160586e-09 1.609996790008196991e-10
1.625000000000000056e-02 4.440045613473790342e-01 2.605671734082218305e-01 2.394343672126906593e-09 3.263830943850067740e-10
1.750000000000000167e-02 3.413802144920294879e-01 3.202875544238927841e-01 3.761393636089604216e-09 5.896804238602070569e-10
1.875000000000000278e-02 2.604677067176107141e-01 3.542025445091516178e-01 5.465574022106918662e-09 9.724830050116173201e-10
2.000000000000000389e-02 1.994331578170408792e-01 3.398027016413950885e-01 7.468205012266863759e-09 1.491232588609709141e-09
2.125000000000000500e-02 1.539870274064625844e-01 2.182642034821702381e-01 9.732778426871363253e-09 2.156681684128164043e-09
2.250000000000000264e-02 1.200924568773014123e-01 1.093377768183874665e-01 1.221737861676687928e-08 2.974225594423984816e-09
2.375000000000000375e-02 9.461712703134080027e-02 7.097111715431597689e-02 1.487127167990576315e-08 3.944656961541745141e-09
2.500000000000000139e-02 7.527721885972296634e-02 5.410142663413475272e-02 1.766007973041030714e-08 5.065070494234526645e-09
2.625000000000000250e-02 6.043838911810667236e-02 4.441558410895342368e-02 2.056533576023902973e-08 6.329777274206967051e-09
2.750000000000000361e-02 4.893328002107656671e-02 3.813016204812310489e-02 2.355561047165384312e-08 7.731086424069557184e-09
2.875000000000000472e-02 3.992363724399366348e-02 3.353543780294026416e-02 2.659348409172307438e-08 9.259938864260311921e-09
3.000000000000000583e-02 3.280241175430919504e-02 3.011335453653412805e-02 2.969392874671255994e-08 1.090618053038930858e-08
3.125000000000000000e-02 2.712550280611365772e-02 2.728230117155484163e-02 3.281912202284235780e-08 1.265946808522678063e-08
3.250000000000000111e-02 2.256452180722703232e-02 2.501464543722601089e-02 3.595908143507507259e-08 1.450959762177851045e-08
3.375000000000000222e-02 1.887397889339731752e-02 2.315066735681534441e-02 3.910686484176895219e-08 1.644538580547093609e-08
3.500000000000000333e-02 1.586837351606919938e-02 2.147148404568259908e-02 4.223561667918488370e-08 1.845770940643342261e-08
3.625000000000000444e-02 1.340608102056889406e-02 2.001969939279534330e-02 4.537887193081554444e-08 2.053561344749572005e-08
3.750000000000000555e-02 1.137788169527026091e-02 1.876902260001444070e-02 4.848446611999810768e-08 2.267199420913593286e-08
3.875000000000000666e-02 9.698910928314144128e-03 1.763082683060309200e-02 5.157016375169154760e-08 2.485802356845597115e-08
4.000000000000000777e-02 8.302449632327438614e-03 1.661043557822765998e-02 5.459794225427261870e-08 2.707819602310636293e-08
4.125000000000000888e-02 7.135845443587494896e-03 1.566725803504731215e-02 5.764275582255401277e-08 2.933993521234622241e-08
4.250000000000000999e-02 6.157237192886865634e-03 1.482295970328580473e-02 6.062324889945453184e-08 3.162368811104556836e-08
4.375000000000000416e-02 5.332950099978147653e-03 1.407155390563237518e-02 6.354101061913587031e-08 3.392803662541266219e-08
4.500000000000000527e-02 4.636052169353233575e-03 1.334082537179385845e-02 6.643159660292376848e-08 3.624616932323753015e-08
4.625000000000000638e-02 4.044630980628255261e-03 1.268875345400709634e-02 6.928093584817212641e-08 3.857402862243205067e-08
4.750000000000000749e-02 3.540896083885632355e-03 1.209774957627581318e-02 7.208992809724084732e-08 4.090547943479224753e-08
4.875000000000000860e-02 3.110372980910026952e-03 1.153071881168810965e-02 7.484512857789573968e-08 4.323444913548588725e-08
5.000000000000000278e-02 2.741139083772018478e-03 1.100523342522765138e-02 7.757351483918705404e-08 4.556138778543200079e-08
