# time 1 2 D-1 D
0.000000000000000000e+00 9.999999603082032618e-01 1.059459735919422312e-08 2.944062335832881926e-36 2.392204472320282006e-35
2.500000000000000486e-03 9.989303352098423128e-01 3.920841830845756915e-07 4.283354274911044342e-25 2.108929579012611497e-24
5.000000000000000971e-03 9.954612976488348419e-01 8.022539807543701911e-06 9.905516985119133373e-21 1.129777933536355565e-20
7.500000000000001457e-03 9.891290490520614487e-01 5.600515532045479750e-05 3.994036692256880746e-18 1.919382080162505885e-18
1.000000000000000194e-02 9.793550467962355288e-01 2.479119494028727438e-04 2.982883604179492173e-16 8.116335545446513048e-17
1.250000000000000069e-02 9.653574889436774553e-01 8.533540382156152041e-04 8.768216920455080525e-15 1.638376879928510250e-15
1.500000000000000291e-02 9.459422396357985985e-01 2.519960405924190870e-03 1.438843090732726970e-13 2.063130974099003032e-14
1.750000000000000167e-02 9.191055102455472081e-01 6.670149690344534359e-03 1.629498575318430668e-12 1.790809138720868276e-13
2.000000000000000389e-02 8.813944303130513136e-01 1.619060688483435484e-02 1.378203586773737174e-11 1.106624445084562744e-12
2.250000000000000264e-02 8.272280057756588034e-01 3.627016726674522906e-02 6.842960540294944317e-11 5.004875244400760776e-12
2.500000000000000139e-02 7.494430114615199257e-01 7.409695097719272427e-02 2.021668109099424548e-10 1.726549757587911377e-11
2.750000000000000361e-02 6.441123728891369193e-01 1.344054768306877645e-01 4.633675466040134777e-10 4.762746339873072754e-11
3.000000000000000583e-02 5.196734111939320666e-01 2.103945338096687157e-01 8.988227242290473455e-10 1.097675498848527432e-10
3.250000000000000111e-02 3.968282223326065061e-01 2.837235464428132792e-01 1.532396187011449374e-09 2.192778149378158993e-10
3.500000000000000333e-02 2.933741431328946714e-01 3.369876843625664309e-01 2.365496839052898605e-09 3.909935705054832396e-10
3.750000000000000555e-02 2.144779309445186133e-01 3.583990127953295413e-01 3.378003654231124004e-09 6.367706036042749612e-10
4.000000000000000777e-02 1.570121467552215710e-01 3.273809097754690756e-01 4.534603347890307144e-09 9.642713005416972374e-10
4.250000000000000999e-02 1.157634345707875129e-01 1.972341518792569970e-01 5.803674654360776157e-09 1.376778987291345928e-09
4.500000000000000527e-02 8.614754741852433118e-02 9.225151906223257037e-02 7.152126439429374474e-09 1.873712969427064858e-09
4.750000000000000749e-02 6.474242621037777645e-02 5.639257011025267108e-02 8.542936994106714240e-09 2.451495945364571265e-09
5.000000000000000278e-02 4.912968474487568182e-02 4.075154602540576737e-02 9.953403366421103712e-09 3.104487231255281491e-09
5.250000000000000500e-02 3.762814950359440885e-02 3.183463304945730737e-02 1.137357355027762202e-08 3.825846872930704522e-09
5.500000000000000722e-02 2.907053058895865683e-02 2.607299847970328058e-02 1.278617308563058077e-08 4.608195051655723533e-09
5.750000000000000944e-02 2.264194302969465070e-02 2.191577922751111393e-02 1.417156629539061727e-08 5.444138914990288905e-09
6.000000000000001166e-02 1.776875610350434759e-02 1.884055088304142922e-02 1.554609154816551286e-08 6.326407835063015701e-09
6.250000000000000000e-02 1.404321276654723824e-02 1.636102243230831699e-02 1.689177378082110679e-08 7.248330019725691624e-09
6.500000000000000222e-02 1.117252181588948567e-02 1.440057796098643400e-02 1.820734022833050065e-08 8.203947120951657623e-09
6.750000000000000444e-02 8.944294576959775298e-03 1.281236155875960757e-02 1.949630487654762399e-08 9.187260312755499001e-09
7.000000000000000666e-02 7.202942575661703574e-03 1.143598209579484160e-02 2.074560095972895455e-08 1.019373591950039782e-08
7.250000000000000888e-02 5.833413085129393084e-03 1.027529305296950336e-02 2.198399735370502650e-08 1.121824805764064789e-08
7.500000000000001110e-02 4.749859164295315572e-03 9.296098856461489437e-03 2.318201335568563472e-08 1.225800389998668328e-08
7.750000000000001332e-02 3.887757299697841128e-03 8.436464246790384425e-03 2.435615206169186991e-08 1.330906528920405346e-08
8.000000000000001554e-02 3.198141399631586768e-03 7.688607665921102195e-03 2.548470301461122655e-08 1.436483345692127390e-08
8.250000000000001776e-02 2.643677303666837862e-03 7.023042493898829126e-03 2.662079096771165677e-08 1.542910933160963391e-08
8.500000000000001998e-02 2.195701907098697361e-03 6.442850566085971467e-03 2.771412237468777879e-08 1.649363856360439974e-08
8.750000000000000833e-02 1.832002774019318367e-03 5.938075159948598761e-03 2.876841146816405863e-08 1.755808271704314565e-08
9.000000000000001055e-02 1.535392186946671041e-03 5.470788329896393923e-03 2.980901123124210488e-08 1.861990299502842894e-08
9.250000000000001277e-02 1.292398503661026671e-03 5.062613353926584750e-03 3.082757271203988938e-08 1.967787220723288866e-08
9.500000000000001499e-02 1.092455283178555897e-03 4.701553789379875510e-03 3.182513757928117668e-08 2.072998150157101126e-08
9.750000000000001721e-02 9.272472227965610067e-04 4.368922465601556351e-03 3.279695347550214870e-08 2.177357310222337036e-08
1.000000000000000056e-01 7.901658086872404441e-04 4.069525902670307477e-03 3.375633184269070327e-08 2.280717355190465805e-08
