# time 1 2 D-1 D
0.000000000000000000e+00 9.999999743782558292e-01 6.239676855069665415e-09 6.959206655131224989e-35 1.071881870636995931e-34
5.000000000000000104e-04 9.991376950435596482e-01 1.069580661723091210e-06 4.052542209610120102e-27 1.194637611977338719e-25
1.000000000000000021e-03 9.963627018919419820e-01 2.380895948153011906e-05 7.103078278429650993e-23 6.395293810904147129e-22
1.500000000000000248e-03 9.913349011510207420e-01 1.691875656342012389e-04 2.193485574855340867e-20 1.027244771578071671e-19
2.000000000000000042e-03 9.835658234786714971e-01 7.630634306082017876e-04 1.311297233191889663e-18 3.678890443517123679e-18
2.500000000000000052e-03 9.722410134698001860e-01 2.646754307412804708e-03 2.765572431690316320e-17 5.351204719201367179e-17
3.000000000000000496e-03 9.559839806533974027e-01 7.598797681777651712e-03 2.951181103204012271e-16 4.027999013896481764e-16
3.500000000000000507e-03 9.330395216420152016e-01 1.829808549831985279e-02 1.753116197719668842e-15 1.766187265098257467e-15
4.000000000000000083e-03 9.028179656032079281e-01 3.648679023513758807e-02 6.637050705868019066e-15 4.966383945984582159e-15
4.500000000000000527e-03 8.681166161770516032e-01 5.916955635638164457e-02 1.641203125398812569e-14 1.027238842833875434e-14
5.000000000000000104e-03 8.344183018917669115e-01 7.740756371434533156e-02 2.950768399053672908e-14 1.917253363088938555e-14
5.500000000000000548e-03 8.061613973622611118e-01 7.868743104583955650e-02 4.343922733200853543e-14 3.857126102769045680e-14
6.000000000000000992e-03 7.847540293435254499e-01 6.815353452381105182e-02 6.120974622649774966e-14 8.526697221926368825e-14
6.500000000000000569e-03 7.694586789282099604e-01 6.195701884407629062e-02 9.447658334146124013e-14 1.901979015010138462e-13
7.000000000000001013e-03 7.588360163892158283e-01 5.998229925521914724e-02 1.763729472129125642e-13 3.932666613250743456e-13
7.499999999999999722e-03 7.515371320738462035e-01 5.997224277395164088e-02 3.928643048604833026e-13 7.075850809808324853e-13
8.000000000000000167e-03 7.465348517660934657e-01 6.009335022890507916e-02 9.032743444152481236e-13 1.050994164126403619e-12
8.500000000000000611e-03 7.431099161966749911e-01 6.018992476692701377e-02 1.814549056721718766e-12 1.281676821707900560e-12
9.000000000000001055e-03 7.407747248438733001e-01 6.056470653830655498e-02 2.960421259241973809e-12 1.415888949273621662e-12
9.500000000000001499e-03 7.392005343725486233e-01 6.058686508465119941e-02 4.109444521109152519e-12 1.530443206960690240e-12
1.000000000000000021e-02 7.381642784449455874e-01 6.042213317543358025e-02 5.190143562843338492e-12 1.611238906787482700e-12
1.050000000000000065e-02 7.375124680079814254e-01 6.039541406706546572e-02 6.133305172512474721e-12 1.695089998681117261e-12
1.100000000000000110e-02 7.371378727270991860e-01 6.022365122804915205e-02 6.976306100694796129e-12 1.736599966628033407e-12
1.150000000000000154e-02 7.369644048433841022e-01 6.001071934548867642e-02 7.782715148797949665e-12 1.675652010321871065e-12
1.200000000000000198e-02 7.369372905421606168e-01 5.984737416349634326e-02 8.482464651256413483e-12 1.591448298689338456e-12
1.250000000000000069e-02 7.370166601262673201e-01 5.979914658172275771e-02 9.054024063412341188e-12 1.514291306859633878e-12
1.300000000000000114e-02 7.371731517368701470e-01 5.950016851614599311e-02 9.603044673973078005e-12 1.356188840286445171e-12
1.350000000000000158e-02 7.373849120798284806e-01 5.935120699093612839e-02 1.010199327410412677e-11 1.155544149431769242e-12
1.400000000000000203e-02 7.376356162279220641e-01 5.921486684927337873e-02 1.048434042186683652e-11 9.976078927538459602e-13
1.450000000000000247e-02 7.379129720028737571e-01 5.917586420718131540e-02 1.083101088104487195e-11 8.105430746552764738e-13
1.499999999999999944e-02 7.382077269799409702e-01 5.913346606598814809e-02 1.114285410741008695e-11 6.132519582137851933e-13
1.550000000000000162e-02 7.385128353335996820e-01 5.895557100182769600e-02 1.136252130027302602e-11 4.677354134424605917e-13
1.600000000000000033e-02 7.388230351403765050e-01 5.891985471406107483e-02 1.155102927620006650e-11 3.277370384150665143e-13
1.650000000000000078e-02 7.391342952016530798e-01 5.877123566715049263e-02 1.171251847911969689e-11 1.939571554198365721e-13
1.700000000000000122e-02 7.394436336461460701e-01 5.875529466747467233e-02 1.181301941819241317e-11 1.080786567779526826e-13
1.750000000000000167e-02 7.397488504391951381e-01 5.871264502133116681e-02 1.186366837397849530e-11 5.899012388300300361e-14
1.800000000000000211e-02 7.400484126559047082e-01 5.877963763807926567e-02 1.189922530141142790e-11 1.727196602545661520e-14
1.850000000000000255e-02 7.403408371089620355e-01 5.868116308229760075e-02 1.192132712008499823e-11 5.530178841918823367e-15
1.900000000000000300e-02 7.406253748470769116e-01 5.865748502270472925e-02 1.191613642897230801e-11 2.130600680326388582e-14
1.950000000000000344e-02 7.409015190620417135e-01 5.867562254490266138e-02 1.190070700438607186e-11 4.679465984410641449e-14
2.000000000000000042e-02 7.411689710265539910e-01 5.868884997227305500e-02 1.186197328004044371e-11 9.539746271334753455e-14
