# time 1 2 D-1 D
0.000000000000000000e+00 9.999999764119710255e-01 1.574600705790136547e-08 8.257847814526571882e-35 3.273164019864659994e-34
5.000000000000000104e-04 9.999970737792689413e-01 2.483587580456895583e-06 5.099803332183585568e-21 2.009954939187587248e-22
1.000000000000000021e-03 9.999403859497404401e-01 5.278151328742985467e-05 6.710729237306717199e-20 8.593423530086900531e-22
1.500000000000000248e-03 9.996087468679558663e-01 3.568500316364202362e-04 2.687644559060748224e-19 4.196675336517012580e-21
2.000000000000000042e-03 9.983949869939038324e-01 1.496875293229900589e-03 1.437710182169876404e-18 1.950216348105911080e-21
2.500000000000000052e-03 9.949667013705493224e-01 4.764563146586123753e-03 9.121627986461522408e-18 5.493217316672129325e-20
3.000000000000000496e-03 9.869272493587485373e-01 1.243526370446399951e-02 7.499450838553585969e-17 5.686277691000727368e-19
3.500000000000000507e-03 9.709445559210856391e-01 2.728643606584506970e-02 5.922544380781347589e-16 3.454418586948036456e-18
4.000000000000000083e-03 9.440444874012017262e-01 4.931324425272028134e-02 4.052718780318881574e-15 1.170793517461183819e-17
4.500000000000000527e-03 9.058650296780410560e-01 6.979773822498828995e-02 2.307207044900892026e-14 1.389461009489596841e-17
5.000000000000000104e-03 8.597641431618149310e-01 7.818231962824266634e-02 1.095129393105401689e-13 3.469002681206342983e-17
5.500000000000000548e-03 8.111563056433052088e-01 8.135950886999256115e-02 4.376757303453649279e-13 2.295059223816890480e-15
6.000000000000000992e-03 7.648002505526767525e-01 8.601665655284265743e-02 1.492470508134719404e-12 2.878220728200994032e-14
6.500000000000000569e-03 7.234862790947547140e-01 9.228192151613627547e-02 4.371006539356345152e-12 1.915669951114020562e-13
7.000000000000001013e-03 6.882396630441177665e-01 9.896713468999396301e-02 1.101250268062210641e-11 8.406941524352515281e-13
7.499999999999999722e-03 6.590038323276522503e-01 1.052658859973874261e-01 2.322260983645761636e-11 2.678945976999753266e-12
8.000000000000000167e-03 6.351969655718819885e-01 1.105641964718716980e-01 4.006422475677906765e-11 6.665265662982272805e-12
8.500000000000000611e-03 6.160459553038043490e-01 1.145631882280318120e-01 5.906513218592548030e-11 1.365717309651481124e-11
9.000000000000001055e-03 6.007622425084817586e-01 1.168619825736372936e-01 7.950278716972187111e-11 2.398781931890212457e-11
9.500000000000001499e-03 5.886255198819885237e-01 1.172546829653577233e-01 1.008763197175957051e-10 3.719909916382252085e-11
1.000000000000000021e-02 5.790161629060452952e-01 1.145314390214694361e-01 1.216634055737920210e-10 5.205444727562876697e-11
1.050000000000000065e-02 5.714206532253457427e-01 1.056966011668891148e-01 1.398431729876934345e-10 6.683690808503280731e-11
1.100000000000000110e-02 5.654233066497073024e-01 8.389515909639061464e-02 1.516690039983242080e-10 7.973195494047185979e-11
1.150000000000000154e-02 5.606929324451755958e-01 5.097740987884279151e-02 1.536058248863480337e-10 8.922471996219539102e-11
1.200000000000000198e-02 5.569680600068537268e-01 2.641338496440711822e-02 1.422291815387317423e-10 9.439335079275347649e-11
1.250000000000000069e-02 5.540435471725215777e-01 1.494875019862052130e-02 1.150128842910463901e-10 9.494148496997424357e-11
1.300000000000000114e-02 5.517588520144705022e-01 9.412709906405736932e-03 7.371116293169115605e-11 9.117758559289783143e-11
1.350000000000000158e-02 5.499884239768118022e-01 6.541198713788429209e-03 2.853085752867143514e-11 8.386242246071473162e-11
1.400000000000000203e-02 5.486340368742761431e-01 4.894417002252121965e-03 8.886648385702766328e-13 7.400378306481237582e-11
1.450000000000000247e-02 5.476187706067227046e-01 3.841357645961031731e-03 2.002721643416622981e-11 6.268392065447749969e-11
1.499999999999999944e-02 5.468822521151541771e-01 3.207941939784495194e-03 1.107977094253578393e-10 5.092570954366351746e-11
1.550000000000000162e-02 5.463769423015655269e-01 2.680885718245555951e-03 2.829629282093884240e-10 3.958328242874560743e-11
1.600000000000000033e-02 5.460652209801326595e-01 2.371470203108505797e-03 5.250399462040483819e-10 2.929276717912995950e-11
1.650000000000000078e-02 5.459170767018314274e-01 2.103014492413771922e-03 8.164121818137705805e-10 2.046366444764124946e-11
1.700000000000000122e-02 5.459082677442425036e-01 1.911508327611559973e-03 1.131571489769237362e-09 1.330030456203448916e-11
1.750000000000000167e-02 5.460188669150843888e-01 1.742232686221219197e-03 1.442096268579099071e-09 7.841809100731789452e-12
1.800000000000000211e-02 5.462321318533257530e-01 1.626970278115638744e-03 1.722977865394555517e-09 4.006861404122539081e-12
1.850000000000000255e-02 5.465336575327971458e-01 1.536883425401792090e-03 1.952023827358529768e-09 1.636877142833842497e-12
1.900000000000000300e-02 5.469107750154112990e-01 1.466314513321917770e-03 2.116251033926535631e-09 5.314108848027276631e-13
1.950000000000000344e-02 5.473521550175859396e-01 1.401808642554363497e-03 2.206498198553484888e-09 4.742732048077258752e-13
2.000000000000000042e-02 5.478475754680398602e-01 1.343958807784254115e-03 2.211303838608183573e-09 1.251065431604614740e-12
