# time 1 2 D-1 D
0.000000000000000000e+00 9.999999592504584811e-01 1.601068316318432026e-08 2.269763075152086392e-36 1.687966552906055042e-35
5.000000000000000104e-04 9.963329672762422096e-01 1.019242333716494607e-03 9.324713195253260765e-29 1.809652535861046193e-30
1.000000000000000021e-03 9.830612472254234291e-01 5.696315916157505300e-03 2.604433349447334138e-24 1.485167173190334847e-25
1.500000000000000248e-03 9.552648838444139923e-01 1.793283489640392497e-02 1.287715989982119869e-21 1.273291471065519126e-22
2.000000000000000042e-03 9.053020188357613351e-01 4.469622528904633463e-02 1.236001123640474198e-19 1.735711915202521872e-20
2.500000000000000052e-03 8.227609020547337337e-01 9.604634965120995016e-02 4.899751547500959449e-18 8.860357492695550732e-19
3.000000000000000496e-03 6.984402675285844575e-01 1.847586098264853427e-01 1.151065901667155548e-16 2.489578887520675041e-17
3.500000000000000507e-03 5.364380078413034658e-01 3.137907363131673955e-01 1.841256694617810370e-15 4.747438115503916292e-16
4.000000000000000083e-03 3.653467859541419949e-01 4.034547334999890045e-01 2.232456528058990532e-14 6.994484408342142551e-15
4.500000000000000527e-03 2.230607279142063637e-01 3.000909043053855418e-01 2.123235941533721999e-13 8.699044882896774074e-14
5.000000000000000104e-03 1.268261553143948117e-01 2.139684282547229255e-01 1.565137342049370798e-12 9.723066812011668863e-13
5.500000000000000548e-03 7.012940831207839509e-02 1.388660427587421753e-01 7.867005241464159381e-12 9.811864024859483156e-12
6.000000000000000992e-03 3.897681872717217305e-02 6.241239543496054920e-02 2.127833453387796842e-11 7.824861529134557111e-11
6.500000000000000569e-03 2.220071704379631555e-02 2.257189983529526295e-02 2.957684503962879242e-11 4.181950921597736041e-10
7.000000000000001013e-03 1.307883492561116683e-02 9.145340505802072167e-03 2.626792088383540321e-11 1.601776950231976066e-09
7.499999999999999722e-03 7.992939715478972196e-03 4.570426122579605149e-03 1.685880761220134738e-11 4.901512086578269755e-09
8.000000000000000167e-03 5.065731921871533504e-03 2.607360666657585011e-03 1.386660190005177572e-11 1.272685992993039764e-08
8.500000000000000611e-03 3.323182102002194931e-03 1.643063623690236121e-03 6.711027512214235381e-11 2.906459755155777874e-08
9.000000000000001055e-03 2.250814457084296481e-03 1.107823954175540413e-03 5.829462074782682581e-10 5.984538150116837447e-08
9.500000000000001499e-03 1.569723054118276999e-03 7.863023736766856309e-04 2.535296745032367163e-09 1.131642340261564256e-07
1.000000000000000021e-02 1.124234221484363182e-03 5.799558906053798625e-04 7.091075154184438285e-09 1.993192390976797134e-07
1.050000000000000065e-02 8.248370733338349125e-04 4.423921021241229625e-04 1.611729450088159014e-08 3.306691224507688856e-07
1.100000000000000110e-02 6.185521628617331831e-04 3.440588727732544431e-04 3.272671701965611914e-08 5.213383954405469541e-07
1.150000000000000154e-02 4.731463236183662893e-04 2.745927615466730426e-04 6.175513564083161661e-08 7.868139998584672470e-07
1.200000000000000198e-02 3.684942887582184803e-04 2.228132578671326587e-04 1.074174358758471069e-07 1.143481366907114581e-06
1.250000000000000069e-02 2.917234426778479630e-04 1.843176386372231328e-04 1.919508736530290623e-07 1.608143727380966005e-06
1.300000000000000114e-02 2.344132652484438894e-04 1.542838355543131980e-04 2.640663838824269237e-07 2.197560107481005616e-06
1.350000000000000158e-02 1.909396572818650801e-04 1.304591468087060939e-04 7.396758873320455701e-06 2.928027503088162673e-06
1.400000000000000203e-02 1.574730869155057322e-04 1.118979688205681795e-04 9.550472442627633692e-06 3.815023166211978752e-06
1.450000000000000247e-02 1.313587770959366563e-04 9.661936530228995459e-05 1.160835693058757907e-05 4.872914101084332907e-06
1.499999999999999944e-02 1.107255071948501596e-04 8.453192419715815540e-05 1.376594244332780652e-05 6.114735883584235809e-06
1.550000000000000162e-02 9.423382825538840471e-05 7.435683765204324606e-05 1.493867291376403569e-05 7.552037303378219875e-06
1.600000000000000033e-02 8.091107043912966576e-05 6.585465563697686221e-05 1.561660282048661383e-05 9.194784772189678487e-06
1.650000000000000078e-02 7.004142929774573778e-05 5.880427930180301410e-05 1.752787680492765403e-05 1.105131961467719751e-05
1.700000000000000122e-02 6.109148171054050382e-05 5.269588458410295065e-05 1.775350589296080739e-05 1.312835673575268176e-05
1.750000000000000167e-02 5.365904296249669471e-05 4.764838122898576624e-05 1.999214915335111579e-05 1.543101928714326834e-05
1.800000000000000211e-02 4.743756124612613916e-05 4.314650603871611495e-05 2.166957239902942884e-05 1.796290162943014565e-05
1.850000000000000255e-02 4.219097675899785598e-05 3.935180899760926934e-05 2.321387045689588999e-05 2.072615256060706231e-05
1.900000000000000300e-02 3.773578447454506045e-05 3.603538067516194176e-05 2.411795462702356191e-05 2.372157905310616304e-05
1.950000000000000344e-02 3.392804780732997156e-05 3.317053525402421802e-05 2.630047682109724669e-05 2.694875608896446493e-05
2.000000000000000042e-02 3.065393447219819578e-05 3.068695832596588923e-05 3.141008025628113927e-05 3.040608469248524663e-05
