# time 1 2 D-1 D
0.000000000000000000e+00 9.999999462850359677e-01 8.539977849831016358e-09 1.296515626836769330e-34 4.981340982601758629e-36
2.500000000000000052e-04 9.999960536530848598e-01 1.081025246223811727e-06 2.871778982069555486e-28 4.105209772225913396e-30
5.000000000000000104e-04 9.999308175183524439e-01 2.412648731056178875e-05 8.384795060911921366e-24 8.267922317035550871e-26
7.500000000000001240e-04 9.995983327221694692e-01 1.693902448566268119e-04 9.014803693347562531e-24 1.738004579096834042e-26
1.000000000000000021e-03 9.985048381974001019e-01 7.368792259939751241e-04 3.352433647256930317e-24 4.795938295535248569e-26
1.250000000000000026e-03 9.956239955576626777e-01 2.419628036617200214e-03 8.595955363831918564e-24 7.816473535370594294e-26
1.500000000000000248e-03 9.890541473261738048e-01 6.562927472671821472e-03 2.927464219881061011e-22 2.376569911331041784e-24
1.750000000000000253e-03 9.757369710928683881e-01 1.530291222399119896e-02 6.646068499498146924e-21 1.532625709970181745e-22
2.000000000000000042e-03 9.516861198642105890e-01 3.122422661600697882e-02 9.375898460204249066e-20 3.874765267692191690e-21
2.250000000000000264e-03 9.133556927068248177e-01 5.597545479549246444e-02 9.643791121558276294e-19 6.627620674797765550e-20
2.500000000000000052e-03 8.600454636068852743e-01 8.870932071848242062e-02 7.747236090467492314e-18 7.859236275548952502e-19
2.750000000000000274e-03 7.954282281253467479e-01 1.249448164565040431e-01 5.336798945335746456e-17 6.399675092683370021e-18
3.000000000000000496e-03 7.261123359652913445e-01 1.589955479443890263e-01 3.554618435520223149e-16 3.666403934056815108e-17
3.250000000000000284e-03 6.583509645197562765e-01 1.866979189832875807e-01 2.373033360528871297e-15 1.554817507845907958e-16
3.500000000000000507e-03 5.959348624664057015e-01 2.062083344971568089e-01 1.154294248003546178e-14 5.148919461033975129e-16
3.749999999999999861e-03 5.401766683641077149e-01 2.163852061912781843e-01 3.384872234674069208e-14 1.397507576690730618e-15
4.000000000000000083e-03 4.908617868645502869e-01 2.147124125635332670e-01 7.294229796122760561e-14 3.236195253605859607e-15
4.250000000000000305e-03 4.471239421675031744e-01 1.958776480148247956e-01 1.330973570104702651e-13 6.497567124820645487e-15
4.500000000000000527e-03 4.079592504033723865e-01 1.550241561645338551e-01 2.150246034119524918e-13 1.156303118413507185e-14
4.750000000000000749e-03 3.724574072217825549e-01 1.057305433651644921e-01 3.161101597205757481e-13 1.866332970988044452e-14
5.000000000000000104e-03 3.398785956356553117e-01 6.583171653847572080e-02 4.308203347533551760e-13 2.751091686008336991e-14
5.250000000000000326e-03 3.096610190484568315e-01 4.328070652238590055e-02 5.471997627840613097e-13 3.762186933731053595e-14
5.500000000000000548e-03 2.814017644015163189e-01 3.086820561898293708e-02 6.529566752517855952e-13 4.821791947874671861e-14
5.750000000000000770e-03 2.548294511592660849e-01 2.386745559377685330e-02 7.524906804414844141e-13 5.881355978322817380e-14
6.000000000000000992e-03 2.297757571233252361e-01 1.961868346419827491e-02 8.421489390932713254e-13 6.831374437246144246e-14
6.250000000000000347e-03 2.061483717719543307e-01 1.720081760192879866e-02 9.017980097762499635e-13 7.626531012536728805e-14
6.500000000000000569e-03 1.839064386206420154e-01 1.611196879883936700e-02 9.572511946768834100e-13 8.205497405069091624e-14
6.750000000000000791e-03 1.630392081264578630e-01 1.533985230153914019e-02 9.843064111520550922e-13 8.547543518360505378e-14
7.000000000000001013e-03 1.435484891226522786e-01 1.525808474661523306e-02 9.922880749304183839e-13 8.666153805438706931e-14
7.250000000000001235e-03 1.254352658917322894e-01 1.518006378249742334e-02 9.790803198468159322e-13 8.553931191912959457e-14
7.499999999999999722e-03 1.086905763480230241e-01 1.560169981040903341e-02 9.701645460026975306e-13 8.291443600766680022e-14
7.750000000000000812e-03 9.329051282638509135e-02 1.611034094492372337e-02 9.471739912811009144e-13 7.875379361511124660e-14
8.000000000000000167e-03 7.919520443599475934e-02 1.668960683003073778e-02 9.179144062550416341e-13 7.322470518593806950e-14
8.250000000000000389e-03 6.635188882105269581e-02 1.738669057732663420e-02 8.929066696349687250e-13 6.756978028881497590e-14
8.500000000000000611e-03 5.470267554997396836e-02 1.826530446728625787e-02 8.636846575696926263e-13 6.145325580984417016e-14
8.750000000000000833e-03 4.419788798537665347e-02 1.888384479640149022e-02 8.427973286196216703e-13 5.512986291607635131e-14
9.000000000000001055e-03 3.481451862436827499e-02 1.990209987536256317e-02 8.199744706763807040e-13 4.900615996143331723e-14
9.250000000000001277e-03 2.657415753130253772e-02 2.042454512279437764e-02 7.883572745699933365e-13 4.325634493860220970e-14
9.500000000000001499e-03 1.954505806382666327e-02 2.084027112572882715e-02 7.769715239800018318e-13 3.783891488098512879e-14
9.750000000000001721e-03 1.380557420862271734e-02 2.099683938768928324e-02 7.471270695703870610e-13 3.277386981133182859e-14
1.000000000000000021e-02 9.376645991014792222e-03 2.040956649256899305e-02 7.394355238038862009e-13 2.823034086437738459e-14
