# time 1 2 D-1 D
0.000000000000000000e+00 9.999999782492089428e-01 7.692921929223609165e-09 1.804996285175807692e-34 3.125433767325068583e-34
5.000000000000000104e-04 9.995490688139634372e-01 3.916345564877607232e-08 2.860672149873453306e-17 5.643048897435599761e-23
1.000000000000000021e-03 9.980860421201070976e-01 9.153012845535425386e-07 8.816514420661638302e-15 3.649982890655932968e-19
1.500000000000000248e-03 9.954099921860720679e-01 6.388676743943202045e-06 2.707226698688091427e-13 7.056011465918446476e-17
2.000000000000000042e-03 9.912735292223725514e-01 2.759427496401522419e-05 3.207185828884953713e-12 3.246700844790241419e-15
2.500000000000000052e-03 9.853782724478898913e-01 9.209605997048182129e-05 2.238082857023931592e-11 6.714043315622536614e-14
3.000000000000000496e-03 9.773589417808568047e-01 2.624088866301705399e-04 1.101921547068188531e-10 8.219242477797876866e-13
3.500000000000000507e-03 9.667472613192459319e-01 6.720017405515601571e-04 4.166072711588486156e-10 6.840145891318366418e-12
4.000000000000000083e-03 9.529003755751520588e-01 1.596309715661099358e-03 1.255281731869671257e-09 4.168362295774183310e-11
4.500000000000000527e-03 9.348659877307868848e-01 3.587969635350207655e-03 3.065502540281490757e-09 1.941604858296045041e-10
5.000000000000000104e-03 9.111362946807906038e-01 7.731198214525948978e-03 6.266242361196839183e-09 7.122602103699838093e-10
5.500000000000000548e-03 8.792246309374069924e-01 1.608764903914828778e-02 1.112593380178540176e-08 2.114635955067965629e-09
6.000000000000000992e-03 8.350530919733405444e-01 3.235470365375182900e-02 1.780581973174689200e-08 5.225994538150970113e-09
6.500000000000000569e-03 7.725537123829027131e-01 6.234122335858190839e-02 2.625215738311594301e-08 1.105811352369179139e-08
7.000000000000001013e-03 6.852381633647934844e-01 1.124949761514170699e-01 3.635415956807105375e-08 2.056771082534608426e-08
7.499999999999999722e-03 5.727048899624199718e-01 1.834448087690584428e-01 4.767844841247599709e-08 3.441129018511735923e-08
8.000000000000000167e-03 4.485637287133450446e-01 2.619294639899973354e-01 5.982856283164757175e-08 5.280509498224774704e-08
8.500000000000000611e-03 3.345216784684253430e-01 3.261848864699384287e-01 7.274938209938991411e-08 7.552229013435651104e-08
9.000000000000001055e-03 2.439350863676479908e-01 3.608482090177939638e-01 8.620938689615929501e-08 1.019929120264481312e-07
9.500000000000001499e-03 1.776175111650185601e-01 3.572135349910727231e-01 1.000929284722992834e-07 1.314476363787146809e-07
1.000000000000000021e-02 1.305888469411334019e-01 3.098901405117687191e-01 1.149387795433083862e-07 1.630562231009070244e-07
1.050000000000000065e-02 9.739222594023506929e-02 2.402254952718275161e-01 1.298239746350700693e-07 1.960334443087329893e-07
1.100000000000000110e-02 7.377438236378920655e-02 1.828409461289166593e-01 1.461709940383731573e-07 2.297048089309003755e-07
1.150000000000000154e-02 5.675156728069245815e-02 1.442984135244038679e-01 1.641931960533264311e-07 2.635365050506206646e-07
1.200000000000000198e-02 4.429947997419250022e-02 1.178464587919712120e-01 1.839402782061232382e-07 2.971393493965700197e-07
1.250000000000000069e-02 3.505293623594765012e-02 1.015583562134825257e-01 2.052971015659517450e-07 3.302552551165910545e-07
1.300000000000000114e-02 2.808607985075156632e-02 3.202354261896677573e-02 2.279282993719996392e-07 3.627360402105508038e-07
1.350000000000000158e-02 2.276419706022483544e-02 2.479892323666533713e-02 2.532617902373319755e-07 3.945193139020915821e-07
1.400000000000000203e-02 1.864643919802360522e-02 2.118705912783135775e-02 2.817406384629511167e-07 4.256061802206676179e-07
1.450000000000000247e-02 1.542231385524963326e-02 1.845553228686229452e-02 3.125567518622045854e-07 4.560396389036325984e-07
1.499999999999999944e-02 1.287006063564011607e-02 1.635086559145346868e-02 3.478887381364292162e-07 4.858894382719329312e-07
1.550000000000000162e-02 1.082912086581628956e-02 1.463436981316748250e-02 3.846690655801788825e-07 5.152392845793770443e-07
1.600000000000000033e-02 9.181725533954722407e-03 1.321519609588582903e-02 4.226691768240977709e-07 5.441782967787889379e-07
1.650000000000000078e-02 7.840423614089384388e-03 1.201504881981412670e-02 4.671009408676868553e-07 5.727946900238178803e-07
1.700000000000000122e-02 6.739524235048394152e-03 1.100481952036596288e-02 5.110563017812921266e-07 6.011713266680459073e-07
1.750000000000000167e-02 5.829148558254538225e-03 1.009518535057555427e-02 5.625430346449507394e-07 6.293831960680207572e-07
1.800000000000000211e-02 5.071041842784149850e-03 9.334140059339801621e-03 6.124271235529698737e-07 6.574967624597847947e-07
1.850000000000000255e-02 4.435588678380313586e-03 8.671539112662468574e-03 6.688072505425723491e-07 6.855693899440344963e-07
1.900000000000000300e-02 3.899660983405911063e-03 8.084938749819015752e-03 7.221989044831592296e-07 7.136492879791326014e-07
1.950000000000000344e-02 3.445049137098702124e-03 7.553811462015655454e-03 7.843249544142192769e-07 7.417756195521829013e-07
2.000000000000000042e-02 3.057302752064602457e-03 7.080882977113167435e-03 8.447322016339995664e-07 7.699691646846843559e-07
