# time 1 2 D-1 D
0.000000000000000000e+00 9.999999529694757472e-01 2.641790856419599941e-08 2.928780909272192523e-34 5.017597636484934228e-35
2.500000000000000052e-04 9.990495021962361166e-01 2.086216733168744273e-06 1.493126080714781715e-27 1.529836145465089428e-24
5.000000000000000104e-04 9.959893916143625070e-01 4.592200588937342610e-05 4.637279776959434588e-23 7.914522608080590101e-21
7.500000000000001240e-04 9.904248433937802298e-01 3.267008842267200277e-04 1.985459580952573648e-20 1.190719846127314227e-18
1.000000000000000021e-03 9.817223909091414846e-01 1.458709869225886888e-03 1.386734497941589009e-18 3.827176062427508705e-17
1.250000000000000026e-03 9.687443837670883795e-01 4.928916955182018750e-03 3.688007084192290748e-17 4.715987925778058755e-16
1.500000000000000248e-03 9.497788491312566528e-01 1.334862484348967732e-02 4.709228305573993056e-16 2.793949744922877031e-15
1.750000000000000253e-03 9.237063837624314155e-01 2.901325236153657824e-02 3.490552863182283595e-15 8.890117911332772382e-15
2.000000000000000042e-03 8.925339626913050273e-01 4.895291840602959688e-02 1.622651523982435550e-14 1.687020351898045372e-14
2.250000000000000264e-03 8.616146304634410003e-01 5.443501462743936120e-02 5.045108311431277632e-14 2.310260660300647664e-14
2.500000000000000052e-03 8.357908058900250792e-01 4.462864321120129513e-02 1.120010603641157027e-13 3.108013286034312600e-14
2.750000000000000274e-03 8.166859530821434232e-01 4.106090298957758983e-02 1.907470111475728373e-13 5.154385649532330161e-14
3.000000000000000496e-03 8.035205040849849878e-01 4.089988273650928263e-02 2.681825835143653255e-13 9.743706454486064620e-14
3.250000000000000284e-03 7.947843023115152006e-01 4.148431095307789085e-02 3.470904672894544083e-13 1.749173301556149829e-13
3.500000000000000507e-03 7.891181148236565690e-01 4.233126044598650023e-02 4.645220709775855821e-13 2.764600744873744127e-13
3.749999999999999861e-03 7.855264520092730685e-01 4.282962445448171285e-02 7.318377972071907461e-13 3.872192517249328087e-13
4.000000000000000083e-03 7.833328509689095887e-01 4.287210919517971813e-02 1.370263755246983536e-12 4.932796801528498419e-13
4.250000000000000305e-03 7.820873956415589356e-01 4.260372337932674669e-02 2.680025672208661826e-12 5.842572731147059610e-13
4.500000000000000527e-03 7.814900093092220779e-01 4.204758423260988170e-02 4.064760743154403670e-12 6.533851631089689535e-13
4.750000000000000749e-03 7.813380667551694803e-01 4.118906864521595240e-02 5.527311350974381375e-12 6.973434889877112202e-13
5.000000000000000104e-03 7.814926178855492456e-01 4.016522966454336152e-02 6.347255896582141623e-12 7.154826940487525924e-13
5.250000000000000326e-03 7.818570050953146389e-01 3.898352517936091999e-02 6.720979301482770022e-12 7.096155121493004558e-13
5.500000000000000548e-03 7.823633297590616431e-01 3.772903526902228466e-02 6.980909010915379454e-12 6.832907391709946349e-13
5.750000000000000770e-03 7.829631238508595326e-01 3.641428353931767253e-02 7.186333701769477312e-12 6.398974317542367212e-13
6.000000000000000992e-03 7.836219019030129518e-01 3.517353581503766119e-02 7.346133073812419540e-12 5.840401607919880507e-13
6.250000000000000347e-03 7.843147787514981317e-01 3.399772362462712139e-02 7.477653172850410796e-12 5.197239591102339398e-13
6.500000000000000569e-03 7.850240232192908785e-01 3.283480777689604807e-02 7.562630519525852757e-12 4.515582343377826149e-13
6.750000000000000791e-03 7.857367467838769493e-01 3.180965758809978922e-02 7.634303153759265773e-12 3.812464174093559269e-13
7.000000000000001013e-03 7.864439583882202323e-01 3.093141468185331075e-02 7.667057658118035051e-12 3.135209929572414697e-13
7.250000000000001235e-03 7.871391728246757147e-01 3.010494785932152015e-02 7.695984901608962107e-12 2.501134544955632064e-13
7.499999999999999722e-03 7.878180535983970723e-01 2.938839349706282716e-02 7.684436213901865307e-12 1.920469024827418931e-13
7.750000000000000812e-03 7.884775518276082584e-01 2.872891978756585835e-02 7.677471623009368580e-12 1.410052433861834371e-13
8.000000000000000167e-03 7.891158581496071633e-01 2.819389401411120932e-02 7.639350974997673469e-12 9.853699813962262463e-14
8.250000000000000389e-03 7.897318294735838906e-01 2.772380448906458864e-02 7.604686722945005588e-12 6.407070722698605817e-14
8.500000000000000611e-03 7.903250021951426785e-01 2.732280951249730847e-02 7.541156607094197601e-12 3.690016939512946582e-14
8.750000000000000833e-03 7.908952469288275111e-01 2.697509254447823940e-02 7.486522648979741181e-12 1.852456857505123005e-14
9.000000000000001055e-03 7.914428267909994208e-01 2.669940211584145504e-02 7.412655403374718994e-12 6.271300428775924420e-15
9.250000000000001277e-03 7.919681581210386012e-01 2.646612037460079753e-02 7.340582122341124679e-12 8.903170935502442176e-16
9.500000000000001499e-03 7.924718530044629894e-01 2.626733256354590873e-02 7.256920304848992035e-12 9.077027035635348220e-16
9.750000000000001721e-03 7.929545920617743215e-01 2.610860700745524024e-02 7.178184112900613472e-12 5.479127814001332022e-15
1.000000000000000021e-02 7.934233006941724398e-01 2.599260071653898205e-02 7.089408787666304387e-12 1.407464744373432051e-14
