# time 1 2 D-1 D
0.000000000000000000e+00 9.999999782624308109e-01 5.997127598607530785e-09 2.654853991332136764e-34 4.221082664367751357e-34
1.250000000000000243e-03 9.999991806946486594e-01 6.423196693322991654e-08 2.460483269436653135e-20 4.066047298985945831e-22
2.500000000000000486e-03 9.999867803260028554e-01 1.123389187234911636e-06 4.777420213364402879e-19 1.317902396460705742e-21
3.750000000000000729e-03 9.999311106769839252e-01 7.994456843520397253e-06 2.978843743515037496e-19 3.037873805671922694e-20
5.000000000000000971e-03 9.997682741318268951e-01 3.748603448553312206e-05 5.257907422433096533e-19 2.040467069535087161e-19
6.250000000000000347e-03 9.993731534517837911e-01 1.386646005866397596e-04 1.331192061416022856e-17 4.442049356178369199e-19
7.500000000000001457e-03 9.984945410218861728e-01 4.424763154571223619e-04 3.154643586827435499e-16 4.955171141802634692e-19
8.750000000000000833e-03 9.966198834624971914e-01 1.273381602254539720e-03 5.148416608169198168e-15 2.746837979228995512e-19
1.000000000000000194e-02 9.927100339775871696e-01 3.379897337483346587e-03 6.213651873289885677e-14 2.614212696893948898e-17
1.125000000000000132e-02 9.847322148999648750e-01 8.368878219613396646e-03 5.652215303998686234e-13 3.335475700529871561e-16
1.250000000000000069e-02 9.690159715819716135e-01 1.930261986523868975e-02 3.773557524771776217e-12 1.874116692556790861e-15
1.375000000000000180e-02 9.399189346922022237e-01 4.100917106129507023e-02 1.869037902759842029e-11 5.063080082295453702e-15
1.500000000000000291e-02 8.913136345092937951e-01 7.863253696901940926e-02 7.477990345411762112e-11 4.121926327798836068e-15
1.625000000000000056e-02 8.211680854870549995e-01 1.331425518216709236e-01 2.549403404096886146e-10 3.480155387356384100e-15
1.750000000000000167e-02 7.361830725203046821e-01 1.968648438337606554e-01 8.211106151961531853e-10 1.649069688669614334e-13
1.875000000000000278e-02 6.488566837149399857e-01 2.566898131628005397e-01 3.563899957132690381e-09 1.231908126660254358e-12
2.000000000000000389e-02 5.692645555372642940e-01 3.024783055459135395e-01 1.283629918572309690e-08 5.263180954718066900e-12
2.125000000000000500e-02 5.015440143537966966e-01 3.306421283667754230e-01 2.127279473082488259e-08 1.643916569521203957e-11
2.250000000000000264e-02 4.456416441481252377e-01 3.425475479877340135e-01 3.433848236643709478e-08 4.152778623874252196e-11
2.375000000000000375e-02 3.998808716913265227e-01 2.398360247986921767e-01 5.256449434199631419e-08 8.977458201041404810e-11
2.500000000000000139e-02 3.623568408824821008e-01 1.884378769001925080e-02 7.614850276482686039e-08 1.722179529067272969e-10
2.625000000000000250e-02 3.314102207484646012e-01 1.356831567502464302e-02 1.053298696880385422e-07 3.005061981111789362e-10
2.750000000000000361e-02 3.057059714749326695e-01 1.222727798920407796e-02 1.397295211873934440e-07 4.857456415165114918e-10
2.875000000000000472e-02 2.841934670171455402e-01 1.209359178307768505e-02 1.787122553104580009e-07 7.376338576136140168e-10
3.000000000000000583e-02 2.660550239275229489e-01 1.239389450271563380e-02 2.214309356131983536e-07 1.063716018810270650e-09
3.125000000000000000e-02 2.506429752962849311e-01 1.283095412302105373e-02 2.673254924278561456e-07 1.469092470028092276e-09
3.250000000000000111e-02 2.374483355613446478e-01 1.343352913516951581e-02 3.140919178366879165e-07 1.956463814688572517e-09
3.375000000000000222e-02 2.260867415500983912e-01 1.411790369350377113e-02 3.615941088383034487e-07 2.526409187435362985e-09
3.500000000000000333e-02 2.160710951441789374e-01 1.503286431426116738e-02 4.085350320360836651e-07 3.177151540588713302e-09
3.625000000000000444e-02 2.074169337355359910e-01 1.588086079487684849e-02 4.539390209317177584e-07 3.905278967684198009e-09
3.750000000000000555e-02 1.999370570558233196e-01 1.662668548814864519e-02 4.966020590837496327e-07 4.705925079702889654e-09
3.875000000000000666e-02 1.931740634151982439e-01 1.754717665553071418e-02 5.355636681631863275e-07 5.572946053470734722e-09
4.000000000000000777e-02 1.872619543252143082e-01 1.836088216206419044e-02 5.720633656027330604e-07 6.499034344877542800e-09
4.125000000000000888e-02 1.823296721702983014e-01 1.881775698790300044e-02 6.042382878114541185e-07 7.476025699069238337e-09
4.250000000000000999e-02 1.779650579833750024e-01 1.923008852844848918e-02 6.320992354264572991e-07 8.495064238612931533e-09
4.375000000000000416e-02 1.743427382726179808e-01 1.934062652905205529e-02 6.570107068929450960e-07 9.546627270088364586e-09
4.500000000000000527e-02 1.718523976366373163e-01 1.869117672482573447e-02 6.777401652988469837e-07 1.062082036058697986e-08
4.625000000000000638e-02 1.708075871886677866e-01 1.691128219624675119e-02 6.950521479848777917e-07 1.170762588582197661e-08
4.750000000000000749e-02 1.727076745101254751e-01 1.245424297970610349e-02 7.087919692283858956e-07 1.279717271678841222e-08
4.875000000000000860e-02 1.792761705543775008e-01 3.557138654520870715e-03 7.201004516674824410e-07 1.388005938406637219e-08
5.000000000000000278e-02 1.620221997205675002e-01 1.867807501942781931e-02 7.287879231363662027e-07 1.494779605547156607e-08
