# time 1 2 D-1 D
0.000000000000000000e+00 9.999999578902623032e-01 8.564692175969187665e-09 5.340418920523206910e-35 6.642810411992904699e-35
5.000000000000000104e-04 9.999971584307061345e-01 1.778828464569515269e-08 5.086759333857393231e-25 7.362948916049407118e-27
1.000000000000000021e-03 9.999574392263982370e-01 3.663907698208173545e-07 1.347250489902529489e-22 4.844393496805829770e-24
1.500000000000000248e-03 9.997949887072601349e-01 2.900826338238559914e-06 1.179102284378934632e-20 5.434688911628387656e-22
2.000000000000000042e-03 9.993668293988893225e-01 1.482654813257655241e-05 3.237109574123052165e-20 7.659602679519672076e-22
2.500000000000000052e-03 9.984376560587140403e-01 6.019817507756240109e-05 1.641803006743270194e-19 3.907433346443503505e-21
3.000000000000000496e-03 9.965939150573683847e-01 2.142569116993162917e-04 1.205456037625142427e-18 3.667340255154435882e-20
3.500000000000000507e-03 9.930591168662430412e-01 7.046588750065711478e-04 1.358938194530254246e-17 4.435955588296034863e-19
4.000000000000000083e-03 9.862779415967382057e-01 2.198252645433242808e-03 2.605887725369013200e-16 6.761017832300702570e-18
4.500000000000000527e-03 9.729102907479894036e-01 6.646166176732254925e-03 4.287551227693315295e-15 9.322930801941305304e-17
5.000000000000000104e-03 9.453509071619498050e-01 1.955270531829780487e-02 3.335743979395121927e-14 9.732799492274711973e-16
5.500000000000000548e-03 8.874978659029575390e-01 5.399016950796384912e-02 1.930898227188999061e-13 7.477754646782640684e-15
6.000000000000000992e-03 7.744355261573603322e-01 1.308703812105845854e-01 8.867736891581037075e-13 4.238957665611486027e-14
6.500000000000000569e-03 6.126297437051158035e-01 2.390894611977242568e-01 3.322791528884372194e-12 1.829569226570111441e-13
7.000000000000001013e-03 4.581686652560622020e-01 3.188220756920438492e-01 1.047216140126977644e-11 6.244139785109470412e-13
7.499999999999999722e-03 3.459771665784002748e-01 3.360503204806128408e-01 2.853999172977586301e-11 1.740486523302981824e-12
8.000000000000000167e-03 2.710146568141553192e-01 3.063035846412895946e-01 6.888084118295783679e-11 4.079203191836506931e-12
8.500000000000000611e-03 2.192177278210657720e-01 2.679996759501581671e-01 1.498134439709920378e-10 8.240333766668502823e-12
9.000000000000001055e-03 1.815609182541769173e-01 1.078506233912059631e-01 2.965328686143412867e-10 1.463762568599163175e-11
9.500000000000001499e-03 1.530096560736982358e-01 7.252308007756430586e-02 5.358839002952089905e-10 2.323699672787665242e-11
1.000000000000000021e-02 1.307442055915585266e-01 6.970361831155520715e-02 8.781324081433359665e-10 3.338692099789685477e-11
1.050000000000000065e-02 1.130798608069951416e-01 7.049828953941268683e-02 1.287814690461786117e-09 4.383921875871727879e-11
1.100000000000000110e-02 9.891958840884310100e-02 7.199026586271711770e-02 1.677561448819079727e-09 5.295609281085434516e-11
1.150000000000000154e-02 8.748915937531785703e-02 7.315371366376892392e-02 2.017550275242953711e-09 5.902262771836527882e-11
1.200000000000000198e-02 7.820981923124120661e-02 7.436769151629099572e-02 2.338456647729379267e-09 6.070155028256062965e-11
1.250000000000000069e-02 7.063475101192798200e-02 7.501298692032742910e-02 2.697678453410688236e-09 5.734168014960072517e-11
1.300000000000000114e-02 6.441405438426900387e-02 7.521393341559669266e-02 3.067175165130187495e-09 4.917404432614751037e-11
1.350000000000000158e-02 5.927240999367114349e-02 7.477548862534316720e-02 3.439291443829920915e-09 3.734348164865045692e-11
1.400000000000000203e-02 5.499294240733090117e-02 7.342789043033423613e-02 3.903756423800407237e-09 2.383252050570523371e-11
1.450000000000000247e-02 5.140471598484645799e-02 7.056446367215259141e-02 4.337502459209183656e-09 1.122059779646031363e-11
1.499999999999999944e-02 4.837282883964855867e-02 6.527202359972736345e-02 4.783517697484516596e-09 2.429366258751024846e-12
1.550000000000000162e-02 4.579057913782578343e-02 5.723745993670114468e-02 5.226822314755938316e-09 4.316165021980785242e-13
1.600000000000000033e-02 4.357331289841104294e-02 4.658659046018224364e-02 5.683436986950367064e-09 8.020679583753279229e-12
1.650000000000000078e-02 4.165363088373168904e-02 3.549092184892994883e-02 6.013332861954718651e-09 2.762543249402037515e-11
1.700000000000000122e-02 3.997767225132854013e-02 2.756222784525449998e-02 6.525087965244343556e-09 6.118717497761666240e-11
1.750000000000000167e-02 3.850223650482054172e-02 2.209033076761744707e-02 6.887680082416951735e-09 1.101098041515162479e-10
1.800000000000000211e-02 3.719255192395667931e-02 1.854014062948187991e-02 7.192322354026787352e-09 1.752453205167602033e-10
1.850000000000000255e-02 3.602054109410052218e-02 1.670177737530582560e-02 7.734952876646111482e-09 2.569373331071800912e-10
1.900000000000000300e-02 3.496346430238882197e-02 1.532580926651368886e-02 7.952258287273942366e-09 3.550791352565156371e-10
1.950000000000000344e-02 3.400285368635402178e-02 1.440699916897189743e-02 8.351972705016425751e-09 4.691858690528479205e-10
2.000000000000000042e-02 3.312368415222342183e-02 1.401773983453880393e-02 8.802098533485551641e-09 5.984816549850240144e-10
