# time 1 2 D-1 D
0.000000000000000000e+00 9.999999432873479810e-01 1.966012224673180157e-08 2.825778216781389914e-36 2.229593655160730383e-36
1.250000000000000243e-03 9.999981490387502836e-01 1.130422846622227148e-08 4.061369057441527384e-30 8.770463693244076722e-33
2.500000000000000486e-03 9.999726835250734025e-01 1.679298803825526206e-07 3.944511274143292789e-26 5.243507177895411679e-28
3.750000000000000729e-03 9.998691935315834334e-01 1.155858970470085337e-06 1.551170197487249756e-23 2.750535914633061660e-25
5.000000000000000971e-03 9.996018061014917411e-01 5.240475988031364555e-06 3.956861203768711667e-23 2.917800784597556192e-24
6.250000000000000347e-03 9.990426533783193230e-01 1.919456097881848169e-05 1.322054234419055323e-21 1.153061003974658654e-22
7.500000000000001457e-03 9.979927637930692264e-01 6.077072412881074964e-05 7.670729661776508500e-21 8.454404672991834878e-22
8.750000000000000833e-03 9.961232780692174105e-01 1.783383042097386705e-04 3.023359053974464546e-20 5.124436439333388024e-21
1.000000000000000194e-02 9.928604537843354061e-01 4.969869775044806134e-04 1.032446321805873321e-19 2.530902022230607948e-20
1.125000000000000132e-02 9.871492957627375775e-01 1.348753134774999815e-03 3.608439550266099083e-19 1.116054259377798386e-19
1.250000000000000069e-02 9.769268047995582904e-01 3.625819952378907685e-03 1.528753929619552612e-18 4.766095117861888946e-19
1.375000000000000180e-02 9.578443683306422374e-01 9.829781845952336936e-03 8.993616342405053894e-18 2.104882298742503985e-18
1.500000000000000291e-02 9.200554414206424392e-01 2.694056467270438890e-02 7.742938338704972760e-17 9.590920708326500430e-18
1.625000000000000056e-02 8.416099237158829460e-01 7.256773549675303581e-02 5.450500358452263435e-16 4.181815961577709871e-17
1.750000000000000167e-02 6.920368595203595374e-01 1.713736172039429517e-01 2.316109946586892014e-15 1.619235708899486472e-16
1.875000000000000278e-02 4.918982295060312371e-01 2.953197137924206128e-01 8.295607489560891990e-15 5.353077069819858425e-16
2.000000000000000389e-02 3.287322807272229919e-01 3.499263711791980036e-01 2.532571193059601118e-14 1.497220701490359185e-15
2.125000000000000500e-02 2.267257771277116640e-01 3.139648015444076457e-01 6.639906968957098120e-14 3.570337957198202647e-15
2.250000000000000264e-02 1.653496779778281522e-01 2.332225287556212445e-01 1.522185912456922957e-13 7.339276327301607680e-15
2.375000000000000375e-02 1.265479962562984229e-01 1.582283180473113837e-01 3.115223194277469261e-13 1.316885014466561307e-14
2.500000000000000139e-02 1.004513147248534549e-01 1.069576343535252744e-01 5.772816669021078889e-13 2.086749497799277507e-14
2.625000000000000250e-02 8.194271184803893215e-02 7.515037682065998925e-02 9.881786351300507613e-13 2.948282104466442835e-14
2.750000000000000361e-02 6.823453375751252492e-02 1.044587105466042790e-02 1.569738276351338216e-12 3.737708125412441182e-14
2.875000000000000472e-02 5.771751863455330811e-02 7.000267866815634149e-03 2.339960691078769910e-12 4.260505813896257619e-14
3.000000000000000583e-02 4.941187454687108460e-02 6.671307459419925298e-03 3.330335727140875984e-12 4.352461163849556963e-14
3.125000000000000000e-02 4.269325306164290651e-02 6.627729407245103697e-03 4.522962524171728249e-12 3.944919720428293832e-14
3.250000000000000111e-02 3.714820319864062942e-02 6.640039878410611100e-03 5.901944340577507164e-12 3.065204023840872808e-14
3.375000000000000222e-02 3.249399873020678009e-02 6.759764589961783122e-03 7.472533558053779307e-12 1.908243980720143720e-14
3.500000000000000333e-02 2.853227653265118235e-02 6.949181563650042026e-03 9.182537700870952173e-12 7.871505826087473107e-15
3.625000000000000444e-02 2.512179746634938399e-02 7.142536810427175566e-03 1.103616147580855263e-11 1.053060093380161083e-15
3.750000000000000555e-02 2.215251850852207813e-02 7.369346482290289012e-03 1.296033924770614259e-11 2.961182649375258889e-15
3.875000000000000666e-02 1.955286157039934011e-02 7.603957908577005896e-03 1.495510301272933025e-11 1.772762030682591230e-14
4.000000000000000777e-02 1.727205119419256835e-02 7.831329449392732817e-03 1.701823039173458443e-11 4.876990328407453770e-14
4.125000000000000888e-02 1.525321154151191606e-02 8.048949326871463611e-03 1.905767933802842468e-11 9.862545337798897252e-14
4.250000000000000999e-02 1.347679447866547212e-02 8.237464614736926191e-03 2.108492171053364180e-11 1.689287767101956820e-13
4.375000000000000416e-02 1.187261343070253848e-02 8.433183140154761406e-03 2.302894641712532649e-11 2.594598580229643088e-13
4.500000000000000527e-02 1.049553592402000315e-02 8.559094922504076330e-03 2.498498005899074690e-11 3.697238234107063958e-13
4.625000000000000638e-02 9.250250425098202958e-03 8.684182783788126775e-03 2.681713776748184962e-11 4.984199761657720283e-13
4.750000000000000749e-02 8.160276625947671461e-03 8.766346299988552609e-03 2.860142399217141870e-11 6.432710970985369490e-13
4.875000000000000860e-02 7.198402230020425029e-03 8.818885104988877233e-03 3.035846073314700675e-11 8.013708016865067689e-13
5.000000000000000278e-02 6.360874980076550167e-03 8.826716146404562160e-03 3.190353830742819642e-11 9.717311780160695564e-13
