# time 1 2 D-1 D
0.000000000000000000e+00 9.999999660942345825e-01 1.937353517044316519e-08 7.170515540015955937e-35 4.153021541455141766e-35
1.250000000000000243e-03 9.968410703202347234e-01 3.370571718998185799e-04 1.474794541167952445e-17 4.260608916975812289e-20
2.500000000000000486e-03 9.874277412387839625e-01 1.568799837517362381e-03 1.091468391521245541e-14 8.759806753244749961e-17
3.750000000000000729e-03 9.717764654042072570e-01 4.114097472456820781e-03 7.036564746527634097e-13 1.021058039735656761e-14
5.000000000000000971e-03 9.497570796673325821e-01 8.571158269765930676e-03 1.606356997419667269e-11 3.663760898630472689e-13
6.250000000000000347e-03 9.210250326842421842e-01 1.573563604031578619e-02 2.058712061062311295e-10 6.812433832712300503e-12
7.500000000000001457e-03 8.849659861315720688e-01 2.661158047903374596e-02 1.798181114204338269e-09 8.176218725357089813e-11
8.750000000000000833e-03 8.406849485176677295e-01 4.238264554505925125e-02 1.206137116936902759e-08 7.028893675819539165e-10
1.000000000000000194e-02 7.871155416820808659e-01 6.429862798177815586e-02 6.439722752075584978e-08 4.560328079184128432e-09
1.125000000000000132e-02 7.233748978199397994e-01 9.259694370645799033e-02 2.533497555885249902e-07 2.303187748693765316e-08
1.250000000000000069e-02 6.494751834070103813e-01 1.258299538311787313e-01 7.291841059346013147e-07 9.292309453546091821e-08
1.375000000000000180e-02 5.672612038406594781e-01 1.581503936541457656e-01 1.803421315859047782e-06 3.076432089056245033e-07
1.500000000000000291e-02 4.809391720063118658e-01 1.768738264842521779e-01 4.022486961480040309e-06 8.592157142156389222e-07
1.625000000000000056e-02 3.963577034257493859e-01 1.694603615363072247e-01 8.128829749790751229e-06 2.078212239228967718e-06
1.750000000000000167e-02 3.190996020702825953e-01 1.399202827811885652e-01 1.504138458733461167e-05 4.455873925897849994e-06
1.875000000000000278e-02 2.527176362252537833e-01 1.067095619373902293e-01 2.564506007873298645e-05 8.638616162372986452e-06
2.000000000000000389e-02 1.982729703684157629e-01 7.919251228021895184e-02 4.084532454522852744e-05 1.539520002797446375e-05
2.125000000000000500e-02 1.549998924558863012e-01 5.803397998383547779e-02 6.147051042702904582e-05 2.556504892558254558e-05
2.250000000000000264e-02 1.212514732018774855e-01 3.898706995612614273e-02 8.813097715742258852e-05 3.999946788498585617e-05
2.375000000000000375e-02 9.518949367187662380e-02 1.970965046421509215e-02 1.212134861469061579e-04 5.950630505923183846e-05
2.500000000000000139e-02 7.513665801408575540e-02 5.160911053558817768e-03 1.608978519494988913e-04 8.480506002406022444e-05
2.625000000000000250e-02 5.969959451624491653e-02 4.808168553349682298e-04 2.074261536853755719e-04 1.164958587098107796e-04
2.750000000000000361e-02 4.777639832489816857e-02 2.763795127136886619e-05 2.606862446468016683e-04 1.550416219866974118e-04
2.875000000000000472e-02 3.851885911353195718e-02 4.007279118221526953e-04 3.201847010015672281e-04 2.007631913904121335e-04
3.000000000000000583e-02 3.128364509463900378e-02 8.001730165838648670e-04 3.859876693388982339e-04 2.538426731070560411e-04
3.125000000000000000e-02 2.558656656098371937e-02 1.117468670666682713e-03 4.573991710188171525e-04 3.143336449700032142e-04
3.250000000000000111e-02 2.106434451970237709e-02 1.352753804752588078e-03 5.346933493415688410e-04 3.821762316094129311e-04
3.375000000000000222e-02 1.744484150699408820e-02 1.524909372554315162e-03 6.162640533772227201e-04 4.572136104895787993e-04
3.500000000000000333e-02 1.452051577408612452e-02 1.663971166529710577e-03 7.029191160035805309e-04 5.392076186077639612e-04
3.625000000000000444e-02 1.214312146967681805e-02 1.764749097403637808e-03 7.930161085898302818e-04 6.278563925327984617e-04
3.750000000000000555e-02 1.019149441899138558e-02 1.853473115763959412e-03 8.867180278476241529e-04 7.228093453976289391e-04
3.875000000000000666e-02 8.581142182016936182e-03 1.916793294383126785e-03 9.836782821156960215e-04 8.236778406951156088e-04
4.000000000000000777e-02 7.239645194149122408e-03 1.973110615847240967e-03 1.083802164194106474e-03 9.300606383319223909e-04
4.125000000000000888e-02 6.126917414215809175e-03 2.007555733640305901e-03 1.185442059754591125e-03 1.041520688662548851e-03
4.250000000000000999e-02 5.184289340191898000e-03 2.040316248197880569e-03 1.289428746689119621e-03 1.157637943166396968e-03
4.375000000000000416e-02 4.393879407963020844e-03 2.058301700487874964e-03 1.394103426588982940e-03 1.277976352135303017e-03
4.500000000000000527e-02 3.733355623480626335e-03 2.059022533976561514e-03 1.500560872799114407e-03 1.402126831699449612e-03
4.625000000000000638e-02 3.170358133951202417e-03 2.055342760380498950e-03 1.608234144325548960e-03 1.529666353953160890e-03
4.750000000000000749e-02 2.699151748597648174e-03 2.037184930629397806e-03 1.715799321187603046e-03 1.660200125441226764e-03
4.875000000000000860e-02 2.305558307816769990e-03 2.006014834015610888e-03 1.824613661485393907e-03 1.793345260649309653e-03
5.000000000000000278e-02 1.968151133782115609e-03 1.972919705190681518e-03 1.933987565128915311e-03 1.928739883326843372e-03
