# time 1 2 D-1 D
0.000000000000000000e+00 9.999999473749878742e-01 2.099379034663263815e-08 2.478238261008491588e-36 3.466933472926915515e-37
1.250000000000000243e-03 9.999810563545259434e-01 2.308421980014015751e-07 9.550932902986303826e-31 5.993960862294743779e-34
2.500000000000000486e-03 9.997164831858565970e-01 4.759198645944939958e-06 6.373317870764783277e-25 9.284452235320498943e-27
3.750000000000000729e-03 9.986443030874770921e-01 3.255147959026114093e-05 7.226843704665273965e-24 5.316660792511986439e-25
5.000000000000000971e-03 9.959328503907599606e-01 1.424081476009749359e-04 3.802070301932628322e-22 2.467552113272806350e-23
6.250000000000000347e-03 9.904948989413676630e-01 4.729388052474229449e-04 3.374923462002493790e-21 2.595709807230452719e-22
7.500000000000001457e-03 9.808777165868753922e-01 1.380155273752674489e-03 2.242486004481656392e-20 1.994605209096482512e-21
8.750000000000000833e-03 9.649485792743458523e-01 3.636207879886613030e-03 1.473121801574256699e-19 1.286097219140944198e-20
1.000000000000000194e-02 9.392008851221619326e-01 9.061603743591559526e-03 1.107368719360565230e-18 7.310271328333630529e-20
1.125000000000000132e-02 8.972886027293499600e-01 2.192406224439857193e-02 9.126284717106624798e-18 3.773852926479002405e-19
1.250000000000000069e-02 8.273207157886174334e-01 5.148840278358025185e-02 6.093858472024793950e-17 1.700421335007907148e-18
1.375000000000000180e-02 7.106325619415647665e-01 1.137709315866418519e-01 2.890102962228875729e-16 6.217859188353972406e-18
1.500000000000000291e-02 5.400367944089252692e-01 2.139045672022053535e-01 1.101098757754044482e-15 1.681283446437950016e-17
1.625000000000000056e-02 3.596118671329174288e-01 3.083285016688652180e-01 3.625957014306373539e-15 3.150765492151310037e-17
1.750000000000000167e-02 2.258554931329123938e-01 3.426961394077100431e-01 9.883415066196104900e-15 3.296215282970795696e-17
1.875000000000000278e-02 1.438906253681583869e-01 3.107714915815329437e-01 2.947608077066222800e-14 7.062841619057391184e-18
2.000000000000000389e-02 9.569610277819026734e-02 2.092284121631667326e-01 3.857165460955358389e-14 4.482150832684876104e-17
2.125000000000000500e-02 6.673109431654883350e-02 1.026076029925025723e-01 6.351045947583442144e-14 5.776355030436952381e-16
2.250000000000000264e-02 4.862078152393264907e-02 5.686353206951171718e-02 9.750616004269749681e-14 2.599856612087481583e-15
2.375000000000000375e-02 3.681545211042761001e-02 3.597762813087487799e-02 1.431351893872840903e-13 8.025169858354523152e-15
2.500000000000000139e-02 2.881323677936543926e-02 2.554674919424454807e-02 1.997332138278110641e-13 1.939830806223007804e-14
2.625000000000000250e-02 2.319415765376280081e-02 2.384905560145691647e-02 2.577699860851809342e-13 4.015752307135375043e-14
2.750000000000000361e-02 1.912272422305855840e-02 1.776394851889362414e-02 3.184633367523567072e-13 7.401816228256314723e-14
2.875000000000000472e-02 1.608959373695799389e-02 1.506706363189939772e-02 3.708832475267750423e-13 1.226080388702795618e-13
3.000000000000000583e-02 1.377375083714176343e-02 1.339182371582410026e-02 4.290078899190674860e-13 1.904075216107033510e-13
3.125000000000000000e-02 1.196659963755723408e-02 1.218931705033345775e-02 4.665663555232560139e-13 2.764170846909749470e-13
3.250000000000000111e-02 1.052877861903620677e-02 1.133845891612622094e-02 5.044397104918786634e-13 3.814172400417311171e-13
3.375000000000000222e-02 9.364815100110671781e-03 1.078616137235513528e-02 5.295744659494386612e-13 5.060930294735649609e-13
3.500000000000000333e-02 8.407806317927566525e-03 1.035220604790804133e-02 5.501234458662234082e-13 6.427879212585169332e-13
3.625000000000000444e-02 7.609903902907542463e-03 1.003169276014588725e-02 5.558427562551261147e-13 7.944760485266233132e-13
3.750000000000000555e-02 6.936251170933173914e-03 9.803759694628216489e-03 5.592240998873360801e-13 9.645544623951723419e-13
3.875000000000000666e-02 6.361029359816287691e-03 9.647456947582424419e-03 5.386493661279334554e-13 1.135826019140604078e-12
4.000000000000000777e-02 5.864822674317506784e-03 9.520294984611283456e-03 5.332389456767017115e-13 1.303350539605629045e-12
4.125000000000000888e-02 5.432826524771470177e-03 9.436200687591536282e-03 5.267456735119587039e-13 1.471912699436317488e-12
4.250000000000000999e-02 5.053606755221411867e-03 9.380234654084756291e-03 5.022426464974338555e-13 1.677695077020884626e-12
4.375000000000000416e-02 4.718226488841607662e-03 9.343205513054545289e-03 4.785788570219230014e-13 1.858090957500684726e-12
4.500000000000000527e-02 4.419622998757512244e-03 9.337986660457108651e-03 4.498579135759755990e-13 1.987101168572961087e-12
4.625000000000000638e-02 4.152155826116142763e-03 9.320046220429862097e-03 4.367891617268097053e-13 2.159819407179063011e-12
4.750000000000000749e-02 3.911274463455296883e-03 9.328141799536554882e-03 4.160938204611729734e-13 2.357979501148412780e-12
4.875000000000000860e-02 3.693273202128114115e-03 9.338330495898846881e-03 3.768932408947200760e-13 2.538458040510509852e-12
5.000000000000000278e-02 3.495194835479376733e-03 9.359237567123533316e-03 3.599927368852506969e-13 2.609831961147809629e-12
