# time 1 2 D-1 D
0.000000000000000000e+00 9.999999473749878742e-01 2.099379034663263815e-08 2.478238261008491588e-36 3.466933472926915515e-37
1.250000000000000243e-03 9.999932127003702265e-01 8.997048253960246387e-08 2.706120557142365064e-29 8.545388171573583613e-32
2.500000000000000486e-03 9.999023896787605503e-01 1.975687570532140830e-06 7.798605543245824576e-25 1.264091676547109460e-26
3.750000000000000729e-03 9.995382794602245546e-01 1.499133824909989323e-05 1.329137197501190325e-23 1.654355672250259889e-25
5.000000000000000971e-03 9.985903981642287874e-01 7.324537064928908709e-05 7.695097405825733382e-22 6.852717231065787061e-23
6.250000000000000347e-03 9.965438858790862664e-01 2.726109595654147098e-04 7.642016380435401560e-21 7.264568919532995199e-22
7.500000000000001457e-03 9.924831489089258607e-01 8.875217716989272556e-04 4.571401160815465572e-20 5.434852270818137701e-21
8.750000000000000833e-03 9.847025982470329897e-01 2.597006391636310415e-03 2.612286537385587784e-19 3.354212132463240857e-20
1.000000000000000194e-02 9.699156143243254924e-01 7.131287186542093447e-03 1.872616998165150497e-18 2.019260660438145418e-19
1.125000000000000132e-02 9.415632768795521024e-01 1.882271141703452041e-02 1.691448204705003091e-17 1.317945209634961031e-18
1.250000000000000069e-02 8.864786391917899300e-01 4.774262195073333825e-02 1.355420617406132584e-16 9.193302158269851375e-18
1.375000000000000180e-02 7.822396520666685671e-01 1.126881274365722357e-01 7.669218662594167363e-16 5.806169196177146214e-17
1.500000000000000291e-02 6.150328059130185654e-01 2.239180723198680445e-01 3.432716175062689389e-15 3.000392254406088236e-16
1.625000000000000056e-02 4.266504882939742282e-01 3.379663886145438667e-01 1.300005336706402979e-14 1.212772732599356325e-15
1.750000000000000167e-02 2.805660172641498140e-01 3.909065489960468209e-01 4.011284645795905359e-14 3.969480298002508647e-15
1.875000000000000278e-02 1.877837544257197344e-01 3.660399590084543187e-01 1.396717151626097791e-13 1.053354077091551276e-14
2.000000000000000389e-02 1.314946690941953267e-01 2.507868288701937676e-01 2.568195007470675587e-13 2.384028850017346201e-14
2.125000000000000500e-02 9.667320308238079585e-02 1.240496794871642494e-01 5.027776441501839191e-13 4.612357729389602747e-14
2.250000000000000264e-02 7.429923192433267320e-02 7.014159259787156042e-02 9.108751312099619832e-13 7.840530811983133164e-14
2.375000000000000375e-02 5.933322267913805625e-02 4.572217132586339772e-02 1.560567679150261749e-12 1.190924193664500994e-13
2.500000000000000139e-02 4.893924479114379611e-02 3.364341643403736398e-02 2.518499671007690762e-12 1.632256079988165928e-13
2.625000000000000250e-02 4.147383649343254486e-02 2.918751315803487512e-02 3.736326315555822465e-12 2.042922747095702999e-13
2.750000000000000361e-02 3.595084018635566481e-02 2.186478663065674968e-02 5.286098009511788557e-12 2.369406953198256230e-13
2.875000000000000472e-02 3.175761958263652318e-02 1.878568963754342208e-02 7.026284468647375260e-12 2.535951275782401427e-13
3.000000000000000583e-02 2.850095341246995650e-02 1.694743292509577962e-02 9.144499792150325736e-12 2.522587401283495395e-13
3.125000000000000000e-02 2.592076455866211895e-02 1.565764183154131489e-02 1.126343948672957216e-11 2.326753408692045886e-13
3.250000000000000111e-02 2.384027934427904519e-02 1.478498908142981960e-02 1.360801650536193580e-11 1.968662906456434449e-13
3.375000000000000222e-02 2.213634324287240204e-02 1.428625697673304579e-02 1.596942188827548375e-11 1.511274020640533689e-13
3.500000000000000333e-02 2.072122519441309610e-02 1.391552752576065075e-02 1.839342066783041707e-11 1.015175324553450882e-13
3.625000000000000444e-02 1.953116087936866696e-02 1.367861137682208766e-02 2.060487039641105624e-11 5.544905920139240135e-14
3.750000000000000555e-02 1.851895824191022652e-02 1.355714596574423940e-02 2.285442396430316138e-11 2.078194877218376441e-14
3.875000000000000666e-02 1.764911581852316239e-02 1.352349378034556002e-02 2.471722180424989424e-11 3.269720505365240348e-15
4.000000000000000777e-02 1.689452993922646931e-02 1.351696632139358541e-02 2.677968305079954094e-11 8.716651595736108848e-15
4.125000000000000888e-02 1.623423107509460936e-02 1.356935552795873919e-02 2.852493296791929257e-11 4.218807526746682472e-14
4.250000000000000999e-02 1.565179950757602384e-02 1.365281520861501285e-02 2.996545564981727684e-11 1.026593105796797690e-13
4.375000000000000416e-02 1.513423896930393871e-02 1.375828917488247476e-02 3.147073802370980920e-11 1.922868871812452917e-13
4.500000000000000527e-02 1.467116305480223315e-02 1.391121264932505645e-02 3.262046256164245401e-11 3.215767802649688896e-13
4.625000000000000638e-02 1.425419618091141628e-02 1.403709963201787286e-02 3.358673566539066287e-11 4.801592239047840941e-13
4.750000000000000749e-02 1.387653075342964483e-02 1.420501163229212667e-02 3.451053304981168849e-11 6.604775499075721875e-13
4.875000000000000860e-02 1.353259301472527903e-02 1.437109628693826642e-02 3.544686975793637333e-11 8.596130752467233466e-13
5.000000000000000278e-02 1.321780402054348498e-02 1.454884291633214838e-02 3.627789132858352068e-11 1.097654749747240170e-12
