# time 1 2 D-1 D
0.000000000000000000e+00 9.999999660942345825e-01 1.937353517044316519e-08 7.170515540015955937e-35 4.153021541455141766e-35
5.000000000000000104e-04 9.999972639595896551e-01 4.830735247452813895e-07 1.420548828330987023e-20 1.041961333511990129e-22
1.000000000000000021e-03 9.999561123045468403e-01 9.748158634854820338e-06 3.148235671399780780e-20 9.109473186490728328e-21
1.500000000000000248e-03 9.997739902720003125e-01 6.459470729347338146e-05 1.570042775172947892e-18 1.851391054467851540e-19
2.000000000000000042e-03 9.992599820306170555e-01 2.680257296153223923e-04 1.240217117924937415e-17 1.105151913179924972e-18
2.500000000000000052e-03 9.980852291514367147e-01 8.568077758195947764e-04 3.127409069100480931e-17 3.970135313096336439e-18
3.000000000000000496e-03 9.956868698372401960e-01 2.311281480473808842e-03 5.782366358603634737e-17 1.630014931967486320e-17
3.500000000000000507e-03 9.911187549575183331e-01 5.510803521353656309e-03 2.921024331976110193e-17 7.139623604451414523e-17
4.000000000000000083e-03 9.828761471408303807e-01 1.190818923168226323e-02 4.967028652543290437e-17 4.127273236208642507e-16
4.500000000000000527e-03 9.688036249227371943e-01 2.350776860723654410e-02 1.901068864361813650e-15 2.577997748268343120e-15
5.000000000000000104e-03 9.463167081486131282e-01 4.242985964430318752e-02 1.040277569090566180e-14 1.538866835328179345e-14
5.500000000000000548e-03 9.131878302182027118e-01 6.922639336152558442e-02 2.700584740606389143e-14 7.828574108917804020e-14
6.000000000000000992e-03 8.687791851567070456e-01 9.936007317663973770e-02 3.781151517487736488e-14 3.284227608839779272e-13
6.500000000000000569e-03 8.148968532665075148e-01 1.221356484213085847e-01 1.960298120272839798e-14 1.136609083233990089e-12
7.000000000000001013e-03 7.553488780913163447e-01 1.302348994321703979e-01 2.845540150087615290e-15 3.291660753711408513e-12
7.499999999999999722e-03 6.944347194261991651e-01 1.291077128045351463e-01 1.842832996971967739e-13 8.150171541188708418e-12
8.000000000000000167e-03 6.355781305580556761e-01 1.256067656440129354e-01 9.986208058207713160e-13 1.759636407708480361e-11
8.500000000000000611e-03 5.808497662600679012e-01 1.231569121751348445e-01 3.082486798710764997e-12 3.377819780370604575e-11
9.000000000000001055e-03 5.311787148092673716e-01 1.181239273096531539e-01 7.048850086064070850e-12 5.860492776776708941e-11
9.500000000000001499e-03 4.867650672018777325e-01 1.019865842463033995e-01 1.334759409816491760e-11 9.325546750175240196e-11
1.000000000000000021e-02 4.474179945972670547e-01 7.032979778591648412e-02 2.198757551551825012e-11 1.377966572478400693e-10
1.050000000000000065e-02 4.127643909969667679e-01 4.415578074816618043e-02 3.254165239143737744e-11 1.911048584629688183e-10
1.100000000000000110e-02 3.823616579437727481e-01 2.993487852813018005e-02 4.427707178053395612e-11 2.510512266341448319e-10
1.150000000000000154e-02 3.557549507922107557e-01 2.211246813326225510e-02 5.643238808389721497e-11 3.148748353196332904e-10
1.200000000000000198e-02 3.325057204297418578e-01 1.742005989779195005e-02 6.816511399288116008e-11 3.796463853951457322e-10
1.250000000000000069e-02 3.122048387402661107e-01 1.412766089475797973e-02 7.888429608886304541e-11 4.426809651777316692e-10
1.300000000000000114e-02 2.944787227194845536e-01 1.160555280241962889e-02 8.801423851498667975e-11 5.017534805219338461e-10
1.350000000000000158e-02 2.789864687165355406e-01 9.546629281792722022e-03 9.582334411987743432e-11 5.553217145591252344e-10
1.400000000000000203e-02 2.654519531036028668e-01 7.705948037789048591e-03 1.019903691305013654e-10 6.025118416853336052e-10
1.450000000000000247e-02 2.535461929274090975e-01 6.130818939620293583e-03 1.071042547889263111e-10 6.430659141735669870e-10
1.499999999999999944e-02 2.430692632543955400e-01 4.676448543190593783e-03 1.112711984860282839e-10 6.771533235168437672e-10
1.550000000000000162e-02 2.337698765941460533e-01 3.444675362773360304e-03 1.148621393362297179e-10 7.052812382372411095e-10
1.600000000000000033e-02 2.254896955082280052e-01 2.347648821540476629e-03 1.181706852223658899e-10 7.281394691579285304e-10
1.650000000000000078e-02 2.179894192364456307e-01 1.492971776233488349e-03 1.216581444110805219e-10 7.464941935925150134e-10
1.700000000000000122e-02 2.112241616147072787e-01 7.875319977916154504e-04 1.254124768483362391e-10 7.610748113191250462e-10
1.750000000000000167e-02 2.049975524813707484e-01 3.129377081996671524e-04 1.297358547735321404e-10 7.725376270964757895e-10
1.800000000000000211e-02 1.992184507867629240e-01 6.223566782778365005e-05 1.346295751517641953e-10 7.814482573912360561e-10
1.850000000000000255e-02 1.938312784611551931e-01 5.405262606222954986e-06 1.402609603500539436e-10 7.882560289223479828e-10
1.900000000000000300e-02 1.887663414123627592e-01 1.382937337096904146e-04 1.467708156025625473e-10 7.933132191649124675e-10
1.950000000000000344e-02 1.840038904558675970e-01 4.165766042995640468e-04 1.539867380844389785e-10 7.968848061782299061e-10
2.000000000000000042e-02 1.794748292980522797e-01 8.538342353763700172e-04 1.621087656644949957e-10 7.991641758396145290e-10
