# time 1 2 D-1 D
0.000000000000000000e+00 9.999999468699054539e-01 2.473048248797594417e-08 5.355378348875491354e-36 1.880001750020552276e-36
2.500000000000000486e-03 9.987601131387759956e-01 5.476837923675503953e-06 1.105331877934310199e-28 8.549064630026885195e-34
5.000000000000000971e-03 9.946836723985362783e-01 1.221307924513191894e-04 2.474490786795297106e-24 3.340023476609055791e-28
7.500000000000001457e-03 9.868517866487515056e-01 8.638240657017633812e-04 9.410215894982961276e-22 5.720938605362632768e-25
1.000000000000000194e-02 9.733048117284245349e-01 3.818499744181799022e-03 6.646880404340059107e-20 1.064337920973098766e-22
1.250000000000000069e-02 9.500807890144105095e-01 1.283344057757861839e-02 1.802848749629981322e-18 5.437929188805342656e-21
1.500000000000000291e-02 9.107908870735766937e-01 3.493521954235953575e-02 2.600944571733547940e-17 1.106115122181336395e-19
1.750000000000000167e-02 8.495953437252418139e-01 7.974887797229275599e-02 2.361939350701886325e-16 1.002074410488973610e-18
2.000000000000000389e-02 7.686195839992057133e-01 1.156906741110413916e-01 1.541042350366782122e-15 3.226708124392346010e-18
2.250000000000000264e-02 6.804908491609729104e-01 6.403853735434669736e-02 7.764786845250454144e-15 1.034969237423926794e-19
2.500000000000000139e-02 5.991870525799145586e-01 6.357715603213533184e-02 3.187166769339122654e-14 2.429195890108399015e-16
2.750000000000000361e-02 5.318288303124539818e-01 7.030166178628864670e-02 1.125309745632206627e-13 4.533887998295570132e-15
3.000000000000000583e-02 4.792351813641643199e-01 7.775457408331722109e-02 3.748611595816453508e-13 3.405385357068271445e-14
3.250000000000000111e-02 4.394088781717286896e-01 8.395194647552496614e-02 1.410858596178962054e-12 1.473122481773820560e-13
3.500000000000000333e-02 4.097357145674534462e-01 8.766286471630696520e-02 3.210259341029694902e-12 4.398029802377421768e-13
3.750000000000000555e-02 3.878308500938490999e-01 8.823279813927759063e-02 4.930610573243485664e-12 1.013692879438893645e-12
4.000000000000000777e-02 3.717570728868760388e-01 8.519240035524268395e-02 7.075014215867786063e-12 1.932953405346840652e-12
4.250000000000000999e-02 3.600193619035381154e-01 7.981825138745070325e-02 9.529247433190919474e-12 3.193927541121505870e-12
4.500000000000000527e-02 3.514931888497415113e-01 7.364398023701816676e-02 1.216470499614499919e-11 4.730069317828131511e-12
4.750000000000000749e-02 3.453436794272072285e-01 6.746945309481933162e-02 1.486047119292294790e-11 6.440408672771221678e-12
5.000000000000000278e-02 3.409547659547252918e-01 6.174747625928463796e-02 1.728959723020732993e-11 8.220546522073769175e-12
5.250000000000000500e-02 3.378720664021111486e-01 5.680247777034237722e-02 1.793443311659014734e-11 9.981333046671833539e-12
5.500000000000000722e-02 3.357600666889421492e-01 5.255689804836346374e-02 1.405774903737175086e-11 1.165753781902878953e-11
5.750000000000000944e-02 3.343702998863290476e-01 4.900735370469506275e-02 1.008410053533512750e-11 1.320767286469066430e-11
6.000000000000001166e-02 3.335179961656691838e-01 4.592296845155958290e-02 8.037239105479987221e-12 1.460997993053378566e-11
6.250000000000000000e-02 3.330650338737135563e-01 4.328041208625697800e-02 6.835378616399536918e-12 1.585683489616411066e-11
6.500000000000000222e-02 3.329075573465946070e-01 4.115811723881234591e-02 5.979141070985753194e-12 1.695033986413686984e-11
6.750000000000000444e-02 3.329677399303698215e-01 3.923455839451458343e-02 5.264952359977872441e-12 1.789900954947612914e-11
7.000000000000000666e-02 3.331864484000848226e-01 3.763386856473216469e-02 4.772187454088833161e-12 1.871367406126027284e-11
7.250000000000000888e-02 3.335189576114380161e-01 3.634611315143152638e-02 3.618164565443771628e-12 1.940881871964360463e-11
7.500000000000001110e-02 3.339313372095632504e-01 3.518886228608466421e-02 3.799397619024572856e-12 1.999721662110212498e-11
7.750000000000001332e-02 3.343975501814593354e-01 3.420579636044592670e-02 1.465947928988593669e-12 2.049110927879080709e-11
8.000000000000001554e-02 3.348979544829246979e-01 3.341619618340019304e-02 9.448678300988963399e-13 2.090287801284035771e-11
8.250000000000001776e-02 3.354176124973288764e-01 3.277069740483911503e-02 1.504861536304990173e-12 2.124359940890905441e-11
8.500000000000001998e-02 3.359451404911922845e-01 3.222370168838683407e-02 2.199498676736329766e-12 2.152210767598719779e-11
8.750000000000000833e-02 3.364718360203953762e-01 3.180000118119667707e-02 9.857084989143325040e-13 2.174623456288432852e-11
9.000000000000001055e-02 3.369915229476624918e-01 3.139541442674542715e-02 1.318471377411795650e-12 2.192484916947472002e-11
9.250000000000001277e-02 3.374994985028635375e-01 3.107262845343427074e-02 1.889650544399757078e-12 2.206412793059090086e-11
9.500000000000001499e-02 3.379921236053923250e-01 3.082022019867447851e-02 4.221051074533980546e-13 2.216817089367647902e-11
9.750000000000001721e-02 3.384669173060486647e-01 3.063911989881921288e-02 1.590441171508811027e-12 2.224514767931324793e-11
1.000000000000000056e-01 3.389222988463065911e-01 3.056706183299507870e-02 3.778149242853002475e-13 2.229814229151510788e-11
