# time 1 2 D-1 D
0.000000000000000000e+00 9.999999540930234465e-01 2.790361280797378532e-11 7.765572964414236400e-36 7.381349750179917060e-36
1.250000000000000243e-03 9.984152131550740883e-01 5.901911063828384866e-06 1.501490025158157257e-28 6.130616586256865124e-33
2.500000000000000486e-03 9.932477668876464882e-01 1.384471889054810856e-04 3.463092516895297768e-24 2.275188383131839252e-27
3.750000000000000729e-03 9.835055932395196931e-01 1.017479383532150653e-03 1.381328752507523464e-21 4.727912435300987905e-24
5.000000000000000971e-03 9.671557838185467215e-01 4.595124953551237013e-03 1.014761121130002779e-19 1.112870858873901462e-21
6.250000000000000347e-03 9.403322276783523392e-01 1.454375388020378440e-02 2.868402824422182319e-18 7.623800783157636816e-20
7.500000000000001457e-03 8.979046497818591321e-01 2.189163686845398832e-02 4.275681754100479605e-17 2.297857677446289075e-18
8.750000000000000833e-03 8.375857922720698623e-01 2.653462100487833167e-02 3.818777575512107934e-16 3.792900917398848577e-17
1.000000000000000194e-02 7.642588878338650860e-01 3.739089294670489699e-02 1.978092248076121046e-15 3.914961088978674525e-16
1.125000000000000132e-02 6.875534222669426043e-01 5.239138542241474766e-02 6.875538056330750022e-15 2.764185624000415863e-15
1.250000000000000069e-02 6.160709326495158455e-01 6.834879818288421005e-02 2.015906076306373825e-14 1.428044562872761819e-14
1.375000000000000180e-02 5.547917510279050113e-01 8.252283031404604452e-02 4.868963994895277974e-14 5.686873336333653060e-14
1.500000000000000291e-02 5.052070209286894098e-01 9.355137373846543480e-02 9.260486150599505564e-14 1.808509406216585059e-13
1.625000000000000056e-02 4.664731389148691343e-01 1.014306462900453759e-01 1.341946700401009038e-13 4.696900046700933044e-13
1.750000000000000167e-02 4.367208790654971140e-01 1.067080785094599166e-01 1.500637105125446090e-13 1.019193290090545402e-12
1.875000000000000278e-02 4.139560419193085150e-01 1.114095053811140767e-01 1.253272526862146747e-13 1.905581017024445936e-12
2.000000000000000389e-02 3.964650766277543759e-01 3.799770722562931854e-03 7.179893583677018561e-14 3.172686036820599585e-12
2.125000000000000500e-02 3.829101544273358360e-01 3.815196272307911762e-03 3.866514351943400605e-14 4.837206031115377643e-12
2.250000000000000264e-02 3.722921832946780030e-01 3.735307489150713634e-03 2.745604361868301016e-11 6.897155210212946307e-12
2.375000000000000375e-02 3.638779771510056715e-01 3.672923935244859668e-03 3.275290617085062763e-11 9.337540118182144228e-12
2.500000000000000139e-02 3.571321112087181282e-01 3.668355214728457551e-03 3.777065555883332079e-11 1.213540816232766011e-11
2.625000000000000250e-02 3.516621012260544021e-01 3.588922778972315070e-03 4.219885042766463785e-11 1.526337723676403459e-11
2.750000000000000361e-02 3.471780699685000915e-01 3.515267035308682932e-03 4.608777334426377542e-11 1.869301388951203198e-11
2.875000000000000472e-02 3.434636135624607456e-01 3.426257678697241463e-03 4.926541154354005292e-11 2.240055999997791333e-11
3.000000000000000583e-02 3.403561553835496856e-01 3.363249215792649387e-03 5.183527843328172213e-11 2.634851786348719328e-11
3.125000000000000000e-02 3.377317736391982073e-01 3.315633390999539291e-03 5.364488344523355417e-11 3.049189145702389519e-11
3.250000000000000111e-02 3.354954188482796029e-01 3.230622321888606749e-03 5.460548967904095260e-11 3.496432329319774413e-11
3.375000000000000222e-02 3.335726683536862636e-01 3.183681722423732218e-03 5.489241208859683417e-11 3.961739881504744822e-11
3.500000000000000333e-02 3.319070490151814212e-01 3.129488694925093312e-03 5.453434729800373876e-11 4.439162801298661687e-11
3.625000000000000444e-02 3.304519759674668378e-01 3.063576792718131735e-03 5.319872123640427007e-11 4.962734359001625203e-11
3.750000000000000555e-02 3.291716665371542949e-01 2.995636608439800584e-03 5.130684156529205810e-11 5.496818369735358453e-11
3.875000000000000666e-02 3.280368085546008783e-01 2.956965649148248377e-03 4.849199315951161481e-11 6.077392288740638203e-11
4.000000000000000777e-02 3.270239390695972581e-01 2.902306306326514398e-03 4.497590966043961887e-11 6.686526490939418781e-11
4.125000000000000888e-02 3.261159089054424531e-01 2.850138959075375865e-03 4.038411015048178399e-11 7.365160858671532773e-11
4.250000000000000999e-02 3.252932753038830227e-01 2.816064125859236728e-03 3.527501496495449448e-11 8.060888286435381936e-11
4.375000000000000416e-02 3.245472863654209617e-01 2.771650742949488891e-03 2.909103836667837147e-11 8.832525848917430600e-11
4.500000000000000527e-02 3.238648772906191908e-01 2.723783196413856120e-03 2.233314552737481398e-11 9.633583602293306601e-11
4.625000000000000638e-02 3.232394968685449732e-01 2.690103318655817123e-03 1.546469505110809416e-11 1.042069157436167373e-10
4.750000000000000749e-02 3.226621550790247928e-01 2.655953762265542747e-03 9.262197150420768991e-12 1.111887884701904799e-10
4.875000000000000860e-02 3.221276694309014310e-01 2.627542842705242031e-03 4.209135199997402168e-12 1.168249967918516822e-10
5.000000000000000278e-02 3.216371606803232197e-01 2.597966807585978723e-03 1.043286588881173054e-12 1.203808400358799371e-10
