# time 1 2 D-1 D
0.000000000000000000e+00 9.999999769749287060e-01 1.011835272372546724e-08 5.226835630931298838e-34 1.716221752200539494e-35
5.000000000000000104e-04 9.997303442553858721e-01 1.129620331355604697e-08 6.348802501521558807e-19 5.346277667031642693e-25
1.000000000000000021e-03 9.988708127370040657e-01 1.032120509374851678e-07 1.895965726872220746e-16 3.372904497191241614e-21
1.500000000000000248e-03 9.973493821180962060e-01 6.277791440044317747e-07 5.241512861829727100e-15 5.702557264921442560e-19
2.000000000000000042e-03 9.951038849829660915e-01 2.446804897684409287e-06 5.465344300099711814e-14 2.236652080383363449e-17
2.500000000000000052e-03 9.920881558986949234e-01 7.826828613519625595e-06 3.990968283752416460e-13 3.892378912759467447e-16
3.000000000000000496e-03 9.882775117155959688e-01 2.204990331609499830e-05 1.684948432470386155e-12 3.983409825468583188e-15
3.500000000000000507e-03 9.836716751622830435e-01 5.148696073407856342e-05 7.073118531813956854e-12 2.776760304020904228e-14
4.000000000000000083e-03 9.782928930427421399e-01 1.135227663960619305e-04 3.694655492606668811e-11 1.435920964897002106e-13
4.500000000000000527e-03 9.721778723450305026e-01 2.311547994610073939e-04 6.367814147195539451e-11 5.811267934885302841e-13
5.000000000000000104e-03 9.653632724314800129e-01 4.527190179723092150e-04 1.242557499598651013e-10 1.908128992421303471e-12
5.500000000000000548e-03 9.578662555504906528e-01 8.447778428829495322e-04 2.102118335463963333e-10 5.218007555751915194e-12
6.000000000000000992e-03 9.496626089396544845e-01 1.532355145412837806e-03 3.219068400367711392e-10 1.213144691936783244e-11
6.500000000000000569e-03 9.406648887692828920e-01 2.665185379990349119e-03 4.299997740728220862e-10 2.440230963532627299e-11
7.000000000000001013e-03 9.307043674577963888e-01 4.500233083436984069e-03 5.188614483179429608e-10 4.313918783199985239e-11
7.499999999999999722e-03 9.195214122222128417e-01 7.332843287369777627e-03 5.582551425852674484e-10 6.799818813695267383e-11
8.000000000000000167e-03 9.067724085652902888e-01 1.155707848548953587e-02 5.433869635458079492e-10 9.684656023944266497e-11
8.500000000000000611e-03 8.920600515375654016e-01 1.750375292146054071e-02 4.796683679695394336e-10 1.261607519468349322e-10
9.000000000000001055e-03 8.749892101571973280e-01 2.545201288325868103e-02 3.842305524661278391e-10 1.519817324801814665e-10
9.500000000000001499e-03 8.552416450571447282e-01 3.516742263374887656e-02 2.804102686426436914e-10 1.709904926342686992e-10
1.000000000000000021e-02 8.326504057676662462e-01 4.442449340956996368e-02 1.851347752372021913e-10 1.812801706859600742e-10
1.050000000000000065e-02 8.072485498603144682e-01 4.636241298162371155e-02 1.095489410418468492e-10 1.826251281794941077e-10
1.100000000000000110e-02 7.792715362294937442e-01 3.413040673590528318e-02 5.724912801901726042e-11 1.762765833795575459e-10
1.150000000000000154e-02 7.491096365100005094e-01 2.283474909965512237e-02 2.596124625432506623e-11 1.644550467314032982e-10
1.200000000000000198e-02 7.172261953866461148e-01 1.855860634802953407e-02 9.703164286370414673e-12 1.497390952205881499e-10
1.250000000000000069e-02 6.840675741762605178e-01 1.793185453874511850e-02 2.731768484278557743e-12 1.344369236055079092e-10
1.300000000000000114e-02 6.499876156628171531e-01 1.929168998823964018e-02 5.100243515564565121e-13 1.204644331205101954e-10
1.350000000000000158e-02 6.151980117527711123e-01 2.216094199772929152e-02 7.640478483567427624e-14 1.089485187802758464e-10
1.400000000000000203e-02 5.797463394196170627e-01 2.661926623327061023e-02 4.888469146319242552e-14 1.004600791320344482e-10
1.450000000000000247e-02 5.435216383416741071e-01 3.291511826151440750e-02 4.162480248781216231e-14 9.510861786008521572e-11
1.499999999999999944e-02 5.062936152361073860e-01 4.143034502177301431e-02 1.080956385123778217e-13 9.275173148517658485e-11
1.550000000000000162e-02 4.677975044154707995e-01 5.248827204152786696e-02 3.523260394835242889e-13 9.311073660647341934e-11
1.600000000000000033e-02 4.278933950268768993e-01 6.641175992235226477e-02 7.568902713204194992e-13 9.586917785301969029e-11
1.650000000000000078e-02 3.867396038639726030e-01 8.290877712908711894e-02 1.179563425306925036e-12 1.007305311137403589e-10
1.700000000000000122e-02 3.449755093261812067e-01 1.014376149635419500e-01 1.455692315041508749e-12 1.074236910003291602e-10
1.750000000000000167e-02 3.037169309926128213e-01 1.210507053334216460e-01 1.515583685631678289e-12 1.157273704583200764e-10
1.800000000000000211e-02 2.642762226698292527e-01 1.403880660705003613e-01 1.360655877245412087e-12 1.254769332985854433e-10
1.850000000000000255e-02 2.278706470991883060e-01 1.575805061233961912e-01 1.135059406902120107e-12 1.365745351577349811e-10
1.900000000000000300e-02 1.952491161056978397e-01 1.707365751400891363e-01 9.784059362030740448e-13 1.489881850257670637e-10
1.950000000000000344e-02 1.666650767720038728e-01 1.743931884009440880e-01 9.554933382211093493e-13 1.627506937939239578e-10
2.000000000000000042e-02 1.419825581581400098e-01 1.609987667183082338e-01 1.239239754490314347e-12 1.779525758654353476e-10
