# time 1 2 D-1 D
0.000000000000000000e+00 9.999999219597968114e-01 4.619003550252989063e-08 3.826813823496043158e-35 1.723395252394180850e-35
1.250000000000000243e-03 9.994810064121630866e-01 2.904008410029509435e-07 2.971641023205200360e-34 3.085787465278702866e-36
2.500000000000000486e-03 9.977790092338605366e-01 5.668361131975730653e-06 6.580751006558003810e-30 2.818306394718197339e-34
3.750000000000000729e-03 9.945855715553626464e-01 3.720300786081065834e-05 2.678169273040486197e-27 3.644582215403065299e-31
5.000000000000000971e-03 9.894415089203527636e-01 1.686888765657732089e-04 1.763938082414373096e-25 7.937095074350653709e-29
6.250000000000000347e-03 9.817065987799618032e-01 5.658340753153101718e-04 4.802234704918716240e-24 5.652260134431267536e-27
7.500000000000001457e-03 9.705502546032610534e-01 1.635036199734866968e-03 6.531995821759848127e-23 1.870023605256869847e-25
8.750000000000000833e-03 9.549777492835630488e-01 3.362381743269662621e-03 5.629796268317525202e-22 3.522729669330059411e-24
1.000000000000000194e-02 9.338954006960459298e-01 6.223298605440926931e-03 3.587084160311557917e-21 4.320170153307523250e-23
1.125000000000000132e-02 9.061944804771985273e-01 1.107224745675576723e-02 1.721339170106958786e-20 3.734516121712041408e-22
1.250000000000000069e-02 8.708146634588508350e-01 1.902267293254480962e-02 6.597184802277659622e-20 2.407844374767716001e-21
1.375000000000000180e-02 8.267738246142816161e-01 3.178088565716400554e-02 2.183057512925851480e-19 1.202245565889952064e-20
1.500000000000000291e-02 7.732451225835896835e-01 5.046369292591477984e-02 6.116301172732455342e-19 4.780209493166592608e-20
1.625000000000000056e-02 7.098726266621228076e-01 7.698967516088971175e-02 1.500224077536158799e-18 1.546311125633312661e-19
1.750000000000000167e-02 6.374607128672277190e-01 1.109577681177896652e-01 3.303480677854660378e-18 4.137613233709836285e-19
1.875000000000000278e-02 5.587469325578140467e-01 1.501879366362048884e-01 6.400224613043354435e-18 9.290087336273948962e-19
2.000000000000000389e-02 4.784165240448840506e-01 1.922908284028146952e-01 1.122375663294536864e-17 1.770408736586722811e-18
2.125000000000000500e-02 4.018008369912504651e-01 4.823984109873526160e-02 1.770758569365752507e-17 2.891624471470800744e-18
2.250000000000000264e-02 3.330409174586656529e-01 4.005984698962689744e-02 2.497490692156528500e-17 4.076921592502075253e-18
2.375000000000000375e-02 2.741146070369208654e-01 3.997902161190185211e-02 3.076097917413070423e-17 4.980544489104050222e-18
2.500000000000000139e-02 2.250973866394500034e-01 3.945788771250470506e-02 3.192653826083060316e-17 5.263265555173787824e-18
2.625000000000000250e-02 1.849796093069326908e-01 3.815626954989579517e-02 2.860677552323972192e-17 4.790633719719419927e-18
2.750000000000000361e-02 1.523778169180131092e-01 3.562784060900025390e-02 2.047377215192601089e-17 3.670257889131238243e-18
2.875000000000000472e-02 1.259352352327277047e-01 3.075751627566453497e-02 1.201357310464235579e-17 2.271248995884923898e-18
3.000000000000000583e-02 1.044783684405348606e-01 2.309027586225547574e-02 5.458617516381225470e-18 1.016483241139599280e-18
3.125000000000000000e-02 8.704395459186216322e-02 1.473290691132565604e-02 1.482640724514743216e-18 2.648309049733459722e-19
3.250000000000000111e-02 7.285511372359254612e-02 8.392440328597892962e-03 4.366364063558263306e-19 1.747288359538136775e-19
3.375000000000000222e-02 6.128612921481742248e-02 4.830992978754835958e-03 1.258248509575956324e-18 6.381576178056587293e-19
3.500000000000000333e-02 5.183089970951854086e-02 2.813248654065133181e-03 2.945939638904584005e-18 1.430272947586129235e-18
3.625000000000000444e-02 4.407840774872931466e-02 1.613707933402488363e-03 4.074611317465130437e-18 2.201957898323911679e-18
3.750000000000000555e-02 3.769417074514384847e-02 8.811309739157022506e-04 4.535014878885842922e-18 2.386028864686212793e-18
3.875000000000000666e-02 3.240483544424486301e-02 4.308370734397751439e-04 3.870402853002991691e-18 2.367221771089775852e-18
4.000000000000000777e-02 2.799218259327782010e-02 1.676955792894503790e-04 2.293491278492217807e-18 1.672227404759452138e-18
4.125000000000000888e-02 2.427457862387386034e-02 3.294359809739242631e-05 8.493101355470288433e-19 6.496600717641507285e-19
4.250000000000000999e-02 2.111077932112709679e-02 1.856946493053887970e-06 2.581988464440824684e-19 1.606127301960283064e-19
4.375000000000000416e-02 1.838457426389368890e-02 5.691128494919849836e-05 1.772629410277369549e-18 1.148679948773066131e-18
4.500000000000000527e-02 1.600612180881892319e-02 1.869121148109160796e-04 5.027227867521975887e-18 6.262964379301357275e-18
4.625000000000000638e-02 1.391571341402979972e-02 3.723659948001355408e-04 1.052205171639985381e-17 1.702835909176074214e-17
4.750000000000000749e-02 1.205548862902304161e-02 6.088170761499312996e-04 1.603508526730721092e-17 4.168069208595204213e-17
4.875000000000000860e-02 1.042735761489049957e-02 8.446414998513381966e-04 1.490195470000374291e-17 8.519227986969094497e-17
5.000000000000000278e-02 8.988812272978154508e-03 1.082796015257300650e-03 7.732343415643510017e-18 1.454838525193535643e-16
