# time 1 2 D-1 D
0.000000000000000000e+00 9.999999537836666841e-01 1.922735618190055211e-08 1.203858030796608855e-35 7.542564093826017365e-37
5.000000000000000104e-04 9.963499733547486192e-01 1.432891092784661349e-04 8.007366730586465557e-32 3.503423446367515890e-35
1.000000000000000021e-03 9.847874941176733010e-01 7.291450197470500773e-04 2.057855815640402085e-27 2.181338277506045663e-30
1.500000000000000248e-03 9.643492705464059567e-01 2.067027084542492725e-03 9.279580425672140431e-25 2.054664727782716642e-27
2.000000000000000042e-03 9.340507906648494174e-01 4.625876560164109662e-03 7.472911330925496508e-23 2.807866994986346601e-25
2.500000000000000052e-03 8.929191889694692019e-01 9.082849125362774459e-03 2.321495358806313693e-21 1.298987440001068415e-23
3.000000000000000496e-03 8.400656586645985913e-01 1.624031310902331743e-02 3.895187883891650658e-20 2.952848567161600192e-22
3.500000000000000507e-03 7.748521794803111540e-01 2.711917426392576949e-02 4.232928908247917086e-19 4.028782030775733124e-21
4.000000000000000083e-03 6.972622042560012723e-01 4.226945388210616439e-02 3.148080006759398932e-18 3.757918243332775971e-20
4.500000000000000527e-03 6.086053883975078849e-01 6.172521514783568808e-02 1.766437461683701221e-17 2.676522538321527493e-19
5.000000000000000104e-03 5.124628520744771709e-01 8.330650643458614724e-02 7.430911221915023907e-17 1.638032165364075403e-18
5.500000000000000548e-03 4.151150120245234998e-01 1.026623086661749840e-01 2.278805176808827711e-16 9.693337017646716291e-18
6.000000000000000992e-03 3.242557784676713406e-01 1.140860404570613468e-01 3.520843222710602439e-16 5.913994942686042569e-17
6.500000000000000569e-03 2.461405315065245958e-01 1.143396790322665224e-01 2.013997996193286649e-17 3.630517848271089316e-16
7.000000000000001013e-03 1.834545950004933812e-01 3.445082923108772066e-02 2.188593204188964280e-14 2.095628521834678623e-15
7.499999999999999722e-03 1.355146008504567456e-01 1.160055333557994360e-02 5.491360228580863324e-13 1.082477553604718521e-14
8.000000000000000167e-03 9.986294077497512300e-02 7.473780639685427205e-03 6.793919312043949844e-12 4.918897161872818776e-14
8.500000000000000611e-03 7.368939438637250872e-02 5.178481543673645569e-03 4.504045549850509878e-11 1.970492199286569521e-13
9.000000000000001055e-03 5.454087738861496115e-02 3.550215879691580225e-03 1.786289990883477282e-10 7.020493713972945764e-13
9.500000000000001499e-03 4.051044983037880437e-02 2.338119815508333654e-03 5.366401959706189625e-10 2.246313855270013069e-12
1.000000000000000021e-02 3.019256723390311564e-02 1.463354758912464816e-03 1.399730652201050563e-09 6.510304525234274699e-12
1.050000000000000065e-02 2.257339085109603613e-02 8.822051522424564354e-04 3.238893229664097551e-09 1.721064803363356481e-11
1.100000000000000110e-02 1.692491651995565310e-02 5.306550547372018527e-04 7.097964795464464107e-09 4.167192386462921320e-11
1.150000000000000154e-02 1.272217241527271586e-02 3.314036848979867657e-04 1.451159314639109671e-08 9.167772747951463660e-11
1.200000000000000198e-02 9.583808064715310451e-03 2.158693033874892740e-04 2.819086844178484850e-08 1.902235401725263446e-10
1.250000000000000069e-02 7.230938695112201428e-03 1.510117938783027446e-04 5.360017267822990064e-08 3.536393812103318715e-10
1.300000000000000114e-02 5.458749431417488258e-03 1.172166253339846509e-04 9.803427337274881335e-08 5.994351256729607976e-10
1.350000000000000158e-02 4.117099190936824443e-03 9.900741387511708931e-05 1.746965412391805266e-07 8.943804259451096825e-10
1.400000000000000203e-02 3.096007934556280466e-03 9.081936390529294267e-05 3.101643396311635660e-07 1.150674678758724378e-09
1.450000000000000247e-02 2.310586967561871225e-03 9.319409245381257971e-05 5.412088698333747399e-07 1.179560600035475288e-09
1.499999999999999944e-02 1.706436991409468603e-03 9.900535967779543266e-05 9.286761431893531166e-07 8.680184842487002219e-10
1.550000000000000162e-02 1.238201990834078819e-03 1.095887765403766740e-04 1.597415431153042458e-06 1.951022311344243254e-10
1.600000000000000033e-02 8.740675714932523172e-04 1.239208374874435094e-04 2.825345686816949512e-06 1.897108736429464131e-10
1.650000000000000078e-02 5.942684413900129825e-04 1.374284712353422103e-04 5.170636376990086561e-06 3.379990431665500123e-09
1.700000000000000122e-02 3.901743357256946625e-04 1.402640066444958776e-04 1.049730753490729751e-05 1.534217859851854933e-08
1.750000000000000167e-02 2.483282051916765550e-04 1.315666694783830569e-04 2.160424539636729435e-05 4.774986198316403212e-08
1.800000000000000211e-02 1.567466119612444622e-04 1.119981177829864694e-04 2.789633533537247173e-05 1.276712869834850423e-07
1.850000000000000255e-02 9.998161099494783652e-05 8.793036328788601385e-05 3.296315865572523832e-05 3.340334270619430144e-07
1.900000000000000300e-02 6.539892868804092420e-05 6.468131961838381521e-05 3.969699589341031443e-05 9.175300613265269601e-07
1.950000000000000344e-02 4.423876272542687671e-05 4.513800626690398843e-05 4.539736855563301953e-05 4.293357929349814877e-06
2.000000000000000042e-02 3.047518736143686342e-05 3.068041888270825495e-05 3.091078138512121239e-05 2.999357209838942305e-05
