# time 1 2 D-1 D
0.000000000000000000e+00 9.999999683871088063e-01 3.286327497883387287e-09 8.581108761002697138e-37 9.403954806578301133e-35
2.500000000000000052e-04 9.999993422087274375e-01 1.979863540183535534e-08 5.423484116971327579e-21 5.477219564561682371e-23
5.000000000000000104e-04 9.999901896053821071e-01 2.005525023043226088e-07 2.463188627424548750e-20 1.660779929796474623e-23
7.500000000000001240e-04 9.999512892835218381e-01 1.188411966082172913e-06 4.237051741594448463e-21 6.043614895214953503e-21
1.000000000000000021e-03 9.998471798056358661e-01 4.995511079982708911e-06 8.149519686402672735e-20 5.511526293980815178e-20
1.250000000000000026e-03 9.996253322127399699e-01 1.697913408586630598e-05 5.264388065291010912e-19 2.517897547485708265e-19
1.500000000000000248e-03 9.992087560828366577e-01 4.956151507094295051e-05 1.314494752923088337e-18 9.392893315255393116e-19
1.750000000000000253e-03 9.984816210459376284e-01 1.297147297749488978e-04 1.668745931196641255e-18 3.740222000775940600e-18
2.000000000000000042e-03 9.972646758292771363e-01 3.126654325707199145e-04 2.437174159982762281e-18 2.178956441403329388e-17
2.250000000000000264e-03 9.952765474278602031e-01 7.101269889362274478e-04 4.804977706857201647e-18 1.452139542584203111e-16
2.500000000000000052e-03 9.920773321737971218e-01 1.508670728474149859e-03 2.738913451210280361e-17 9.341054866758923270e-16
2.750000000000000274e-03 9.869945743469334953e-01 3.040592432989839677e-03 3.186573397977945094e-16 5.420018854533916002e-15
3.000000000000000496e-03 9.790424701594840906e-01 5.834053980664591701e-03 3.386258836558915503e-15 2.667688871081925702e-14
3.250000000000000284e-03 9.668685387128543862e-01 1.065554764255841926e-02 3.240643454373794391e-14 1.105184094028061940e-13
3.500000000000000507e-03 9.487997823497358318e-01 1.843770302119297766e-02 2.470609362871990361e-14 3.905849971326333328e-13
3.749999999999999861e-03 9.230946003063850158e-01 3.010969093965163573e-02 2.884497961516789115e-16 1.187230929244397322e-12
4.000000000000000083e-03 8.884788113604971116e-01 4.616145787515205795e-02 1.119630523723409428e-14 3.145544459551661013e-12
4.250000000000000305e-03 8.448640035660437420e-01 6.602627880749832590e-02 6.004187130096660361e-14 7.380255682300629267e-12
4.500000000000000527e-03 7.938598918743344779e-01 8.813448527099136676e-02 1.784586119671447146e-13 1.553081446681568710e-11
4.750000000000000749e-03 7.385939493415356605e-01 1.091080891552734800e-01 3.925662314403737780e-13 2.968593191318866825e-11
5.000000000000000104e-03 6.828151171624821103e-01 1.259398925681406434e-01 7.124485950728949030e-13 5.217106541742472150e-11
5.250000000000000326e-03 6.298083795632197779e-01 1.349105293021562735e-01 1.120149212917250599e-12 8.517420223459380875e-11
5.500000000000000548e-03 5.817454809332616161e-01 1.297731200009128727e-01 1.602828170295726420e-12 1.303855370941901036e-10
5.750000000000000770e-03 5.396213787238175463e-01 9.654133862514965858e-02 2.122301791707513332e-12 1.887200296037258151e-10
6.000000000000000992e-03 5.035433204799892870e-01 3.715690429592407446e-02 2.647347546132577855e-12 2.601209055746250796e-10
6.250000000000000347e-03 4.730937336084424794e-01 9.314038268104955082e-03 3.142133947171182780e-12 3.435762517063129863e-10
6.500000000000000569e-03 4.476183040583638362e-01 2.118669108742223233e-03 3.567674591146632704e-12 4.372701338192894373e-10
6.750000000000000791e-03 4.264075478479639192e-01 3.450304080527764861e-04 3.904893519594935255e-12 5.388011555427873531e-10
7.000000000000001013e-03 4.087935500426193580e-01 2.249427693184142410e-06 4.110274502570559262e-12 6.455228439561889712e-10
7.250000000000001235e-03 3.941901215294335015e-01 1.066656200013958955e-04 4.184920539696815821e-12 7.546972926188427703e-10
7.499999999999999722e-03 3.821033063134252616e-01 3.587180070289443788e-04 4.106694738774537146e-12 8.638290678537814634e-10
7.750000000000000812e-03 3.721265210638780019e-01 5.981890971769520879e-04 3.867234961411880970e-12 9.708441191761701718e-10
8.000000000000000167e-03 3.639232430859413170e-01 7.174900819183028600e-04 3.473301617249601481e-12 1.074197811699437644e-09
8.250000000000000389e-03 3.571874500777219574e-01 6.440669555743129245e-04 2.971212075593176352e-12 1.172891177969546793e-09
8.500000000000000611e-03 3.516043683329934111e-01 3.741470782988589000e-04 2.382561251513203957e-12 1.266472937862436193e-09
8.750000000000000833e-03 3.467865789581022762e-01 2.922314424298484687e-05 1.762644143487556977e-12 1.354920231530176912e-09
9.000000000000001055e-03 3.418760227152064513e-01 2.496418593190043991e-04 1.119609638279509993e-12 1.438617558349380143e-09
9.250000000000001277e-03 3.351961928120625323e-01 2.536083404717142352e-03 5.983038140208462416e-13 1.518024865421878817e-09
9.500000000000001499e-03 3.240820198245314421e-01 9.413646189693510372e-03 2.462092158127852154e-13 1.593635184225956276e-09
9.750000000000001721e-03 3.036849408325959510e-01 2.562163599801422359e-02 5.372040512503233311e-14 1.665908750806454676e-09
1.000000000000000021e-02 2.726873368284229437e-01 5.239634552759474956e-02 1.313564178309946506e-13 1.735180153582710772e-09
