# time 1 2 D-1 D
0.000000000000000000e+00 9.999999378619536250e-01 2.200188911678193304e-08 5.328869458937636471e-35 4.100695971631722323e-36
2.500000000000000052e-04 9.941816204440017124e-01 8.701771106442745586e-05 1.464784926951825855e-28 7.116767912457795988e-31
5.000000000000000104e-04 9.774796543301242924e-01 4.108042439312457189e-04 1.252925239728572520e-23 1.478928355242369672e-25
7.500000000000001240e-04 9.510110874233247413e-01 1.039958713763374041e-03 1.515940343313283860e-20 3.121437618605878965e-22
1.000000000000000021e-03 9.157649074090996599e-01 2.184761947873959352e-03 3.057616879417590499e-18 9.963312673053445986e-20
1.250000000000000026e-03 8.724986645201935342e-01 4.041963279543489898e-03 2.216670442479858020e-16 1.098775107388613164e-17
1.500000000000000248e-03 8.216778756851830234e-01 7.006154608086455002e-03 7.925178331917104991e-15 5.885117212887759230e-16
1.750000000000000253e-03 7.634420304230159493e-01 1.168407979525242293e-02 1.645633582574942174e-13 1.787804693781646461e-14
2.000000000000000042e-03 6.975846004173875681e-01 1.889662710502500176e-02 2.131636547628526923e-12 3.325960134267697321e-13
2.250000000000000264e-03 6.235575710842783392e-01 3.012226681079306634e-02 1.849789095081057863e-11 3.985273045843306537e-12
2.500000000000000052e-03 5.406102994519847993e-01 4.699274499996786147e-02 1.142547464695413903e-10 3.231583984555252659e-11
2.750000000000000274e-03 4.484846471336446094e-01 7.122384976672413437e-02 5.369779495514215137e-10 1.872675339605098302e-10
3.000000000000000496e-03 3.495262736887758126e-01 1.023104974698693520e-01 2.040785820403676063e-09 8.197796610592928394e-10
3.250000000000000284e-03 2.518408412937603869e-01 1.342696753103534701e-01 6.655742147213398788e-09 2.852523196457650080e-09
3.500000000000000507e-03 1.680803036729176247e-01 1.540334238744469619e-01 1.987121873852175311e-08 8.239000598577607070e-09
3.749999999999999861e-03 1.065719202057895804e-01 1.989217680896814000e-02 5.851954712079012935e-08 2.046172237381022339e-08
4.000000000000000083e-03 6.629362830578326704e-02 4.538668367768181403e-03 1.320391343172931075e-07 4.493756276485017885e-08
4.250000000000000305e-03 4.139355264007213431e-02 2.139052214730339206e-03 2.075259474440015101e-07 8.922377594300423840e-08
4.500000000000000527e-03 2.624757195709700661e-02 1.297645686099429055e-03 3.229907823137541726e-07 1.629796560770311784e-07
4.750000000000000749e-03 1.697867555791597247e-02 8.642287440887870932e-04 4.927024353374978459e-07 2.777001443093200721e-07
5.000000000000000104e-03 1.123130177162165629e-02 6.080950705636985589e-04 7.361528933661124651e-07 4.462787714648286910e-07
5.250000000000000326e-03 7.586853789396946421e-03 4.530195566797365759e-04 1.055068782910837940e-06 6.824742109912126403e-07
5.500000000000000548e-03 5.226747895662233086e-03 3.540885890855829010e-04 1.474974466008193329e-06 1.000351350917649562e-06
5.750000000000000770e-03 3.669841148795493797e-03 2.847377939288323122e-04 1.994587788416938090e-06 1.413753356125934226e-06
6.000000000000000992e-03 2.626557456192322917e-03 2.296203175154476505e-04 2.636658370608951961e-06 1.935842809226677797e-06
6.250000000000000347e-03 1.908209079851394280e-03 1.913625023666149568e-04 3.406095371426534164e-06 2.578732531279887988e-06
6.500000000000000569e-03 1.407379737460927229e-03 1.612511476488656594e-04 4.287991856534982158e-06 3.353212568556689739e-06
6.750000000000000791e-03 1.051444475581472977e-03 1.380394688534973514e-04 5.321256722409662097e-06 4.268569801392982761e-06
7.000000000000001013e-03 7.954257196056352744e-04 1.189958003775380582e-04 6.445767501756922970e-06 5.332490381825506372e-06
7.250000000000001235e-03 6.099686156851625869e-04 1.017544222755049704e-04 7.746617550197436609e-06 6.551031815667300541e-06
7.499999999999999722e-03 4.710937650064087089e-04 8.912207525287317881e-05 9.213358457611952641e-06 7.928650993979908273e-06
7.750000000000000812e-03 3.677681042184830526e-04 7.763088927891844814e-05 1.077820002742538311e-05 9.468274571977314898e-06
8.000000000000000167e-03 2.886326709775443970e-04 6.856678100929406924e-05 1.243220282092021555e-05 1.117139954878351050e-05
8.250000000000000389e-03 2.281054689703747263e-04 6.039611212542391795e-05 1.423615403162982995e-05 1.303821366776253429e-05
8.500000000000000611e-03 1.811127594679210709e-04 5.308059089874823955e-05 1.626527902340091909e-05 1.506772710865881994e-05
8.750000000000000833e-03 1.437724068646678707e-04 4.677036860064660877e-05 1.839659711350857233e-05 1.725790873092339687e-05
9.000000000000001055e-03 1.098562949874280661e-04 4.493806001466842852e-05 2.060925054151861141e-05 1.960582175901517398e-05
9.250000000000001277e-03 8.344635504901484703e-05 4.151240486144041876e-05 2.280037516366230444e-05 2.210776042298837152e-05
9.500000000000001499e-03 6.050796339561812501e-05 3.922128176443212864e-05 2.526470109541505458e-05 2.475937049559065627e-05
9.750000000000001721e-03 4.507789289825925251e-05 3.339476738467622903e-05 2.788200553435933593e-05 2.755576099272598732e-05
1.000000000000000021e-02 2.959155691543752494e-05 3.146833085735868576e-05 3.044747902316805399e-05 3.049160393168066929e-05
