# time 1 2 D-1 D
0.000000000000000000e+00 9.999999667169447992e-01 1.823887050768680958e-08 3.149222834249835161e-35 1.147282486402552822e-34
1.250000000000000243e-03 9.993429442269297081e-01 3.709511122923731061e-06 1.730249239012154405e-16 2.628415902404639873e-21
2.500000000000000486e-03 9.972119522760032329e-01 7.551066663879638433e-05 5.155610996730520845e-14 1.313740933256946352e-17
3.750000000000000729e-03 9.932561661330888692e-01 4.915424904998853687e-04 1.471763463831607064e-12 1.982687448958187240e-15
5.000000000000000971e-03 9.868423331558148215e-01 1.970642203521895397e-03 1.544158449615995688e-11 6.824527889688844295e-14
6.250000000000000347e-03 9.768931393906091776e-01 5.891935506727163756e-03 9.021671197950238843e-11 9.999745544204956334e-13
7.500000000000001457e-03 9.620343364000837338e-01 1.405860464887468200e-02 3.516304438185391427e-10 8.192235775816277239e-12
8.750000000000000833e-03 9.414843325186296186e-01 2.726112869394403670e-02 1.006764405333089734e-09 4.346427064407202884e-11
1.000000000000000194e-02 9.163225845222406907e-01 4.246413551954466431e-02 2.261687167665993560e-09 1.644879824991635401e-10
1.125000000000000132e-02 8.895844894736234520e-01 5.069064869532204781e-02 4.183210575467466078e-09 4.794378700329796643e-10
1.250000000000000069e-02 8.646498814117361542e-01 4.852105393514639931e-02 6.643153571711974499e-09 1.150544965491537738e-09
1.375000000000000180e-02 8.436422703622783459e-01 4.442573020251175397e-02 9.362629497721484893e-09 2.402833700351076136e-09
1.500000000000000291e-02 8.271441591448440711e-01 4.232276541833190908e-02 1.199049031334467416e-08 4.533284817095215744e-09
1.625000000000000056e-02 8.147664089069522886e-01 4.169787468971674488e-02 1.421853897570622993e-08 7.841987254765002124e-09
1.750000000000000167e-02 8.057562627033674207e-01 4.157777684731572138e-02 1.597829238028003052e-08 1.242991981763094319e-08
1.875000000000000278e-02 7.993466354473768298e-01 4.189623249450206977e-02 1.760488837118020886e-08 1.804818931716553925e-08
2.000000000000000389e-02 7.948902783026419172e-01 4.229540999724338418e-02 1.975522992918543940e-08 2.422948520370194485e-08
2.125000000000000500e-02 7.918831885697314998e-01 4.268708096905745458e-02 2.329021473276264814e-08 3.053590606064272109e-08
2.250000000000000264e-02 7.899460786353232900e-01 4.303016959679075576e-02 2.842979294263001246e-08 3.666712329919335462e-08
2.375000000000000375e-02 7.887974977957468159e-01 4.331174418840285506e-02 2.989864044365566098e-08 4.244394134846028577e-08
2.500000000000000139e-02 7.882286568421793538e-01 4.352107105882706967e-02 2.349758576605736489e-08 4.776674184868045314e-08
2.625000000000000250e-02 7.880843307326218516e-01 4.368343642622821849e-02 1.824329918972879185e-08 5.258497023403775872e-08
2.750000000000000361e-02 7.882489202304646669e-01 4.380985463468902580e-02 1.543274330702833448e-08 5.688043395513888170e-08
2.875000000000000472e-02 7.886352712296409440e-01 4.387718413948521468e-02 1.363404379818366416e-08 6.065390607027634983e-08
3.000000000000000583e-02 7.891792495936322815e-01 4.389466338031334375e-02 1.213632758907565443e-08 6.392186380268982046e-08
3.125000000000000000e-02 7.898262077399325065e-01 4.393440992142701174e-02 1.099920238035917018e-08 6.670830922901260243e-08
3.250000000000000111e-02 7.905511291386358996e-01 4.391546635578181396e-02 9.862121757551744573e-09 6.904584917359587198e-08
3.375000000000000222e-02 7.913157693489686340e-01 4.390993058404075305e-02 8.764344707261137621e-09 7.096766086703440087e-08
3.500000000000000333e-02 7.921024692572403714e-01 4.388155674716776034e-02 7.763533417031328920e-09 7.251224173149175889e-08
3.625000000000000444e-02 7.928977387516015218e-01 4.386782638515503152e-02 6.907463801122609844e-09 7.371498550641533060e-08
3.750000000000000555e-02 7.936851506203406181e-01 4.383357037043336679e-02 6.144330540693176469e-09 7.461491383040150712e-08
3.875000000000000666e-02 7.944593561770115775e-01 4.383289731691657892e-02 5.366906426838521952e-09 7.524479991961592370e-08
4.000000000000000777e-02 7.952211499523494931e-01 4.381214255745081304e-02 4.772357067078567469e-09 7.563977871072961941e-08
4.125000000000000888e-02 7.959550226086825608e-01 4.379643695085914251e-02 4.194715990351540480e-09 7.582926406187931868e-08
4.250000000000000999e-02 7.966639460879977319e-01 4.377637083606558677e-02 3.677043232643449691e-09 7.584292491436662885e-08
4.375000000000000416e-02 7.973451060866220130e-01 4.378969326721478261e-02 3.209700443039593537e-09 7.570511207015670616e-08
4.500000000000000527e-02 7.980018407609519304e-01 4.379194713407506823e-02 2.846649452602076651e-09 7.543959149445802856e-08
4.625000000000000638e-02 7.986252049252673402e-01 4.380239141004411974e-02 2.505305019026791456e-09 7.506658292052402604e-08
4.750000000000000749e-02 7.992224068871803810e-01 4.380023353617454318e-02 2.194542505058151257e-09 7.460423540820445027e-08
4.875000000000000860e-02 7.998005819702492802e-01 4.381727569617165086e-02 1.941820658669006283e-09 7.406890139455834739e-08
5.000000000000000278e-02 8.003423601009936883e-01 4.384933217366154129e-02 1.727345147758458145e-09 7.346715578935704298e-08
