# time 1 2 D-1 D
0.000000000000000000e+00 9.999999667169447992e-01 1.823887050768680958e-08 3.149222834249835161e-35 1.147282486402552822e-34
2.500000000000000486e-03 9.993459236502253429e-01 9.190400210950622160e-07 1.728964166387788939e-16 4.266201550892865964e-21
5.000000000000000971e-03 9.972742188768303206e-01 1.794130950578001711e-05 5.120104028368880291e-14 2.187048256667353546e-17
7.500000000000001457e-03 9.936690398790528622e-01 1.148995115991416300e-04 1.431263630330674151e-12 3.334184476129644535e-15
1.000000000000000194e-02 9.885201193482174853e-01 4.612681288394341055e-04 1.427215823201434844e-11 1.121916361659679111e-13
1.250000000000000069e-02 9.819664872230748909e-01 1.401976702250260420e-03 7.533925177728036925e-11 1.513907105319648502e-12
1.500000000000000291e-02 9.743298396788112603e-01 3.435124164469816142e-03 2.464570394540214967e-10 1.041041120365754968e-11
1.750000000000000167e-02 9.661674928037369270e-01 6.875900825627188906e-03 5.412242873408262968e-10 4.098802705464179075e-11
2.000000000000000389e-02 9.582943157395557021e-01 1.108739373943367842e-02 8.528927063990431325e-10 1.002018502741051745e-10
2.250000000000000264e-02 9.515622629325821702e-01 1.373785904720617977e-02 1.040419678418276640e-09 1.659652248289358953e-10
2.500000000000000139e-02 9.464556210519707857e-01 1.358498847145866995e-02 1.075068814791398579e-09 2.079941342422762051e-10
2.750000000000000361e-02 9.429436897189319433e-01 1.266445777978451523e-02 1.024219844209881874e-09 2.247533913355132699e-10
3.000000000000000583e-02 9.406891875187847196e-01 1.210023624432388090e-02 9.548283890365107383e-10 2.375895335544527142e-10
3.250000000000000111e-02 9.393087855257225005e-01 1.183643576190518236e-02 8.933742283166950133e-10 2.653499929771752007e-10
3.500000000000000333e-02 9.385001532167075444e-01 1.165512772568381462e-02 8.425833498987125951e-10 3.135946284492937050e-10
3.750000000000000555e-02 9.380594041037708664e-01 1.156875961443570335e-02 8.025575974192422192e-10 3.764869923103331749e-10
4.000000000000000777e-02 9.378577046163067976e-01 1.149689601310415789e-02 7.745219570864718489e-10 4.438423071241063626e-10
4.250000000000000999e-02 9.378147589316557786e-01 1.142629418344574474e-02 7.624550825885240787e-10 5.075390932551981430e-10
4.500000000000000527e-02 9.378794478758847308e-01 1.135192713931126168e-02 7.408920341859908738e-10 5.634706419934829180e-10
4.750000000000000749e-02 9.380182718010176002e-01 1.127333942311755342e-02 5.845654853868675404e-10 6.104467097231784472e-10
5.000000000000000278e-02 9.382082242411727835e-01 1.118864724053283619e-02 3.418868494042881740e-10 6.487565187064558353e-10
5.250000000000000500e-02 9.384330248448536915e-01 1.110461813616692335e-02 2.127629360424234948e-10 6.793274806414318431e-10
5.500000000000000722e-02 9.386809047455053623e-01 1.102355019543668942e-02 1.558266228861840727e-10 7.031416264295190741e-10
5.750000000000000944e-02 9.389429344021295032e-01 1.093807485549598904e-02 1.237007395788231137e-10 7.211791972151047054e-10
6.000000000000001166e-02 9.392131123751537025e-01 1.084933663148108726e-02 1.006636650143106710e-10 7.341893323093692994e-10
6.250000000000000000e-02 9.394835341300803444e-01 1.077696113899957210e-02 8.521941233601148002e-11 7.429877677186631966e-10
6.500000000000000222e-02 9.397567882076227619e-01 1.069514879351938542e-02 7.205704521538094029e-11 7.480282001605788102e-10
6.750000000000000444e-02 9.400245936779453304e-01 1.062460227875965113e-02 6.084532303238807270e-11 7.499450692120853827e-10
7.000000000000000666e-02 9.402865204598209736e-01 1.055433222811390064e-02 5.199290091460997785e-11 7.490921302454050716e-10
7.250000000000000888e-02 9.405421299425739123e-01 1.049281428212215858e-02 4.501318880706737348e-11 7.458994628106294947e-10
7.500000000000001110e-02 9.407877410519399630e-01 1.043137310748284280e-02 3.959087231405579408e-11 7.407260863322309538e-10
7.750000000000001332e-02 9.410241046308490676e-01 1.038322456536892174e-02 3.473170453503415977e-11 7.337881341592977465e-10
8.000000000000001554e-02 9.412547325340553384e-01 1.033139788380843700e-02 3.152870138503593431e-11 7.254595689518241721e-10
8.250000000000001776e-02 9.414727997605524257e-01 1.028574088144083333e-02 2.885815359650628781e-11 7.158754114505537843e-10
8.500000000000001998e-02 9.416817212201408216e-01 1.024161412755187489e-02 2.686137669371066924e-11 7.053454833342841673e-10
8.750000000000000833e-02 9.418808040167750972e-01 1.020888671473740676e-02 2.541253254297744907e-11 6.939975501770177129e-10
9.000000000000001055e-02 9.420716969456781609e-01 1.017522578959334512e-02 2.483564016110385633e-11 6.820122365330693892e-10
9.250000000000001277e-02 9.422520727262063689e-01 1.014586920991653388e-02 2.449032640516805832e-11 6.695497196670793689e-10
9.500000000000001499e-02 9.424238192195556474e-01 1.011516477393784898e-02 2.442849727949993928e-11 6.564277340288974245e-10
9.750000000000001721e-02 9.425918244782649502e-01 1.008860167790034089e-02 2.479842071024786676e-11 6.431211688033530549e-10
1.000000000000000056e-01 9.427461404463813865e-01 1.007101837974218664e-02 2.540819688879386975e-11 6.298491853296787683e-10
