# time 1 2 D-1 D
0.000000000000000000e+00 9.999999616124252144e-01 1.843063889386294194e-11 2.193043127689849026e-34 3.711329539133667769e-35
2.500000000000000486e-03 9.989283671203019743e-01 8.398610096326204809e-06 1.231105499892145502e-26 2.097964449235793910e-24
5.000000000000000971e-03 9.953853747574092914e-01 1.837862088902719065e-04 2.922285326041455354e-22 1.084690383236710946e-20
7.500000000000001457e-03 9.884609511302646645e-01 1.265544009152210631e-03 1.289394563302692990e-19 1.657184258679009850e-18
1.000000000000000194e-02 9.761591475504866056e-01 5.354742986718832518e-03 9.189521214189424560e-18 5.640411738211117198e-17
1.250000000000000069e-02 9.548418670192245772e-01 1.669607459556401996e-02 2.527500285494852740e-16 7.998185517073800862e-16
1.500000000000000291e-02 9.203266943649044407e-01 4.064054270823218989e-02 3.545009430585603888e-15 6.274787232337745168e-15
1.750000000000000167e-02 8.721405782718101296e-01 7.741530867586000897e-02 3.021793911985773512e-14 3.229344289148343468e-14
2.000000000000000389e-02 8.167880188835948685e-01 1.020009067809243553e-01 1.734315661552669935e-13 1.244432977151823102e-13
2.250000000000000264e-02 7.637860841095632791e-01 7.185211756087925283e-02 7.257443093457730787e-13 4.025717090020543293e-13
2.500000000000000139e-02 7.193338411592807846e-01 4.473018139563917500e-02 2.347991769719800188e-12 1.188074327527218806e-12
2.750000000000000361e-02 6.849519258901353158e-01 3.561944973896284672e-02 6.230182152749215590e-12 3.284468161399538167e-12
3.000000000000000583e-02 6.594960031430441294e-01 3.261212167936540507e-02 1.449956556268927820e-11 8.285141787807561137e-12
3.250000000000000111e-02 6.410399295116180340e-01 3.204332068900901664e-02 3.221737834912092031e-11 1.839342637594508479e-11
3.500000000000000333e-02 6.277717627231497177e-01 3.261170249145339123e-02 7.363444644801512348e-11 3.560667039040496744e-11
3.750000000000000555e-02 6.182582158761528168e-01 3.360764914881511634e-02 1.742709983589549272e-10 6.103714571686553437e-11
4.000000000000000777e-02 6.114447932670429298e-01 3.488502813621295606e-02 3.606459934224434107e-10 9.476609614457676769e-11
4.250000000000000999e-02 6.065812913204926549e-01 3.629109661043597446e-02 3.755794390108154410e-10 1.360207286482837987e-10
4.500000000000000527e-02 6.031380132454273735e-01 3.761662186426956156e-02 2.373598883526329710e-10 1.834531558999623373e-10
4.750000000000000749e-02 6.007405193365119578e-01 3.894727844587887733e-02 1.959881676605313731e-10 2.354124436856460413e-10
5.000000000000000278e-02 5.991199583622980329e-01 4.013096881126066579e-02 1.823021081633919349e-10 2.901691728045088375e-10
5.250000000000000500e-02 5.980839046627144384e-01 4.128134157673694904e-02 1.772985560935682841e-10 3.460882835284037133e-10
5.500000000000000722e-02 5.974867853989337396e-01 4.228863697039469266e-02 1.740974694469260512e-10 4.017267679711378723e-10
5.750000000000000944e-02 5.972192706347657642e-01 4.322033802111120704e-02 1.685038408226433006e-10 4.558832638502382819e-10
6.000000000000001166e-02 5.972041439682503894e-01 4.404780244207925910e-02 1.619372834597825538e-10 5.076205624517773597e-10
6.250000000000000000e-02 5.973738116944052878e-01 4.479385976283602883e-02 1.536175457153401132e-10 5.562494333164261503e-10
6.500000000000000222e-02 5.976805622316772038e-01 4.550373674533525481e-02 1.448180060560333404e-10 6.013039859335663278e-10
6.750000000000000444e-02 5.980848091212719320e-01 4.612353434353564513e-02 1.345987521819318965e-10 6.425117083019462206e-10
7.000000000000000666e-02 5.985640432844607783e-01 4.666116500477656553e-02 1.241069850834205020e-10 6.797513264732312771e-10
7.250000000000000888e-02 5.990779332416502623e-01 4.721876185877169063e-02 1.134784231306137117e-10 7.130582424380335167e-10
7.500000000000001110e-02 5.996233393056151773e-01 4.767631677954057429e-02 1.030015093429436456e-10 7.425272772562745824e-10
7.750000000000001332e-02 6.001762645328420076e-01 4.814379187296933399e-02 9.292809987402293667e-11 7.683359168672770562e-10
8.000000000000001554e-02 6.007491812465474146e-01 4.856771217066022106e-02 8.351550948469269516e-11 7.907307580989114699e-10
8.250000000000001776e-02 6.013043729969080875e-01 4.895074767637743601e-02 7.476150058559559556e-11 8.099638413456562901e-10
8.500000000000001998e-02 6.018484346789636508e-01 4.933526105826577940e-02 6.656009844443130158e-11 8.262581998908861334e-10
8.750000000000000833e-02 6.023766315549056172e-01 4.968829999682981141e-02 5.918993023852122892e-11 8.399506739667274287e-10
9.000000000000001055e-02 6.028870477643132331e-01 5.003821765003824140e-02 5.256388766079264303e-11 8.513052697171987892e-10
9.250000000000001277e-02 6.033615397852853945e-01 5.037495774773154827e-02 4.655893584199550564e-11 8.605246958238939857e-10
9.500000000000001499e-02 6.038293337251611215e-01 5.068490592165419278e-02 4.140384906316331705e-11 8.678561296787079193e-10
9.750000000000001721e-02 6.042512317076816908e-01 5.098487812813429221e-02 3.694457861056824417e-11 8.736646833947400553e-10
1.000000000000000056e-01 6.046809312518895974e-01 5.128727459072984773e-02 3.293563522147548163e-11 8.777796178633158656e-10
