# time 1 2 D-1 D
0.000000000000000000e+00 9.999999828538376212e-01 4.184530279693067427e-09 1.458788489370458584e-34 8.035679382221157404e-35
1.250000000000000243e-03 9.993273981429773301e-01 4.311230697397019357e-07 1.183457422316152917e-17 8.629493335857845971e-23
2.500000000000000486e-03 9.971451086319621515e-01 9.139208638767568432e-06 3.651712273274376152e-15 5.279851380490589355e-19
3.750000000000000729e-03 9.931392104155246647e-01 6.442466834618464826e-05 1.121929189181970152e-13 1.025870180875724953e-16
5.000000000000000971e-03 9.868625887598050372e-01 2.889615898734742444e-04 1.350272695742600548e-12 4.770239599412804342e-15
6.250000000000000347e-03 9.776178740376099130e-01 1.013383691147091243e-03 9.752646487310848716e-12 9.871930311311159758e-14
7.500000000000001457e-03 9.642153737238973177e-01 3.035113768259059975e-03 5.190969724524589218e-11 1.177569736051864686e-12
8.750000000000000833e-03 9.445577953142635375e-01 8.065223701862318101e-03 2.300365992225748860e-10 9.113229532267900134e-12
1.000000000000000194e-02 9.151952107085283838e-01 1.923871227274685791e-02 9.961191752918233384e-10 4.875729663290200543e-11
1.125000000000000132e-02 8.716439372151569831e-01 4.089635538929847769e-02 4.882177850820291776e-09 1.900505204589924102e-10
1.250000000000000069e-02 8.109587994687539325e-01 7.613894359940959200e-02 1.637671933042181020e-08 5.703119277273362424e-10
1.375000000000000180e-02 7.359899427724210241e-01 1.226112462904617589e-01 3.985572675726742135e-08 1.388508725154386026e-09
1.500000000000000291e-02 6.557666049180052026e-01 1.710324705951470070e-01 8.836122515007148930e-08 2.864407813739705885e-09
1.625000000000000056e-02 5.796636569135296124e-01 1.955059151535171458e-01 1.774506880533180755e-07 5.176907218714123425e-09
1.750000000000000167e-02 5.125562898767844766e-01 1.344941195616921326e-01 2.921844012138472746e-07 8.405972559479949384e-09
1.875000000000000278e-02 4.551100766191619740e-01 8.622112096897169287e-02 4.130496435415362061e-07 1.249965891510929585e-08
2.000000000000000389e-02 4.060512745349745822e-01 7.126135344540338035e-02 5.406990042471510365e-07 1.727547624912599893e-08
2.125000000000000500e-02 3.637216048494941734e-01 6.696135657053811641e-02 6.763917294257171271e-07 2.245181563019289200e-08
2.250000000000000264e-02 3.266816397886240231e-01 6.669761505994194206e-02 8.207761972824738316e-07 2.769691001450041746e-08
2.375000000000000375e-02 2.938309111419828423e-01 6.843783708517822695e-02 9.696047398391423444e-07 3.268090897555262478e-08
2.500000000000000139e-02 2.643673735100883215e-01 7.134714725793758761e-02 1.121749568459914979e-06 3.711957327872684909e-08
2.625000000000000250e-02 2.376996657627446496e-01 7.477640241232308416e-02 1.274278042322914573e-06 4.080263336323592170e-08
2.750000000000000361e-02 2.134084149529036356e-01 7.869698957103887782e-02 1.424989716729016779e-06 4.360612161006226757e-08
2.875000000000000472e-02 1.911663499951544720e-01 8.291104889136438616e-02 1.571875170564265470e-06 4.548939093119334330e-08
3.000000000000000583e-02 1.706807772222362907e-01 8.726044551007519634e-02 1.714140837819454654e-06 4.648285423816245061e-08
3.125000000000000000e-02 1.519902878598569096e-01 9.148386767519310625e-02 1.851838901301229667e-06 4.666907139490040386e-08
3.250000000000000111e-02 1.347743173659211036e-01 9.568716301523941259e-02 1.984239258315147390e-06 4.616360251054726385e-08
3.375000000000000222e-02 1.189613537144573741e-01 9.973389778845694054e-02 2.109973192663875915e-06 4.509727812943637459e-08
3.500000000000000333e-02 1.044824923054639837e-01 1.035152372900863676e-01 2.231583303394861818e-06 4.360216548098389237e-08
3.625000000000000444e-02 9.118434354556290145e-02 1.070863061626097235e-01 2.347856188760281842e-06 4.180161430709087064e-08
3.750000000000000555e-02 7.907070077067657188e-02 1.102714944289209659e-01 2.460863563189829065e-06 3.980411540321230363e-08
3.875000000000000666e-02 6.834649940475223673e-02 1.128282674756664189e-01 2.569521942567403972e-06 3.770052212318932962e-08
4.000000000000000777e-02 5.852139158407439201e-02 1.151421207246697137e-01 2.676077097612186627e-06 3.556365127659608564e-08
4.125000000000000888e-02 4.990461730094535031e-02 1.168256721669894971e-01 2.779924753839759221e-06 3.344927768092666574e-08
4.250000000000000999e-02 4.221182679520853881e-02 1.181093698361250083e-01 2.880737553564412321e-06 3.139825050463857386e-08
4.375000000000000416e-02 3.539242778942931766e-02 1.189884030743441207e-01 2.981257906974675019e-06 2.943882227625265811e-08
4.500000000000000527e-02 2.947471198688527902e-02 1.193854707147223027e-01 3.079800574551820684e-06 2.758905848400349844e-08
4.625000000000000638e-02 2.442545120292557298e-02 1.192955115912233133e-01 3.177678068028660355e-06 2.585909485455527844e-08
4.750000000000000749e-02 2.009306998945027678e-02 1.188345317963520331e-01 3.274137664557057952e-06 2.425307351751498116e-08
4.875000000000000860e-02 1.631954970900286947e-02 1.181281016620893964e-01 3.370585056612700826e-06 2.277074796050256742e-08
5.000000000000000278e-02 1.316679392037111047e-02 1.170838958156142223e-01 3.467663837668050080e-06 2.140877651091268269e-08
