# time 1 2 D-1 D
0.000000000000000000e+00 9.999999641393991778e-01 5.707551842843569148e-09 8.188971192408074998e-36 2.778060492977697346e-35
1.250000000000000243e-03 9.999991911411102441e-01 4.765507312963699664e-07 7.615729833224391855e-28 2.048336818939385878e-30
2.500000000000000486e-03 9.999849535373697140e-01 9.363484560769513455e-06 6.113243754012830589e-26 1.232248021427520401e-27
3.750000000000000729e-03 9.999044086228354722e-01 6.520519674408706951e-05 2.049999578541324672e-24 3.313463271646080628e-26
5.000000000000000971e-03 9.996134061553375583e-01 2.841335835675167366e-04 2.344625818248679103e-23 1.724168154756503688e-27
6.250000000000000347e-03 9.987811504613423041e-01 9.367790534760268807e-04 1.123669838834794352e-22 1.638597049619125809e-25
7.500000000000001457e-03 9.967316750752929222e-01 2.506424836088401355e-03 3.952350608070264987e-22 2.272472432143433433e-24
8.750000000000000833e-03 9.922209738459168982e-01 5.668092874868841009e-03 1.296607574420372017e-21 1.595305028873813102e-23
1.000000000000000194e-02 9.832020545625403951e-01 1.137428498479873401e-02 3.928234509363044510e-21 8.212045477334350779e-23
1.125000000000000132e-02 9.667389192724175073e-01 2.119312443509678914e-02 1.110116726381343451e-20 3.576403373942691147e-22
1.250000000000000069e-02 9.393821834627068545e-01 3.772125591458205807e-02 2.515913922786846832e-20 1.203972413306195219e-21
1.375000000000000180e-02 8.983744027990500092e-01 6.304265354581377323e-02 3.686699485763959594e-20 2.495917072041697837e-21
1.500000000000000291e-02 8.436001197036361310e-01 9.768045699001876025e-02 1.137498896723323120e-20 5.779053321747228223e-22
1.625000000000000056e-02 7.789659774542947446e-01 1.393899955234568500e-01 8.412278354145082832e-20 3.279286365820537567e-20
1.750000000000000167e-02 7.113233458241027263e-01 1.805621774947449298e-01 1.734900955238638445e-18 8.335625639905397933e-19
1.875000000000000278e-02 6.473053323616763111e-01 1.961705091694193048e-01 1.109912172637706052e-17 8.411787609955578465e-18
2.000000000000000389e-02 5.909120509527943099e-01 1.104689977150853375e-01 4.296035945051927168e-17 5.491689079611623730e-17
2.125000000000000500e-02 5.433331074679128569e-01 4.412975045929889983e-02 1.196020787935225224e-16 2.660096005397117416e-16
2.250000000000000264e-02 5.040173108815106939e-01 2.346357973801744753e-02 2.505499288771712921e-16 1.021631832838867294e-15
2.375000000000000375e-02 4.717210505144215360e-01 1.475909218215749191e-02 3.741948375153826782e-16 3.249082320206505157e-15
2.500000000000000139e-02 4.451139039345975434e-01 9.778877511285963275e-03 4.139522803235624283e-16 8.840967208069434389e-15
2.625000000000000250e-02 4.230274923308385282e-01 6.641409739438326569e-03 1.936984107875378990e-16 2.113763295176147961e-14
2.750000000000000361e-02 4.045167911913555292e-01 4.393961947956447761e-03 1.555812593551401687e-17 4.534279606746954468e-14
2.875000000000000472e-02 3.888446881503326846e-01 2.786195515411041528e-03 9.849758426325501703e-16 8.875470506052461994e-14
3.000000000000000583e-02 3.754444295295966683e-01 1.675033517757123450e-03 5.419203808986480469e-15 1.608033061839946289e-13
3.125000000000000000e-02 3.638815688344360644e-01 9.560369424105901641e-04 2.321314780054160442e-14 2.721922922768407415e-13
3.250000000000000111e-02 3.538221283666399541e-01 4.446633596500360248e-04 8.980508149939038407e-14 4.334751270255695814e-13
3.375000000000000222e-02 3.450079416109668728e-01 1.749639548802436266e-04 2.789538054045227257e-13 6.523300627254302883e-13
3.500000000000000333e-02 3.372382255673763152e-01 2.444305673590202750e-05 8.017436201180482299e-13 9.293249296999915083e-13
3.625000000000000444e-02 3.303557837837516886e-01 4.575517728187034618e-06 1.799029131023293909e-12 1.251905545989245688e-12
3.750000000000000555e-02 3.242364999768650446e-01 6.678450866978240502e-05 3.653363282721690192e-12 1.590233059178074094e-12
3.875000000000000666e-02 3.187812376651517066e-01 1.994622621436260292e-04 6.880620038289056229e-12 1.894286202860053937e-12
4.000000000000000777e-02 3.139094405011677580e-01 3.843038043141934370e-04 1.178715399480300738e-11 2.096150877420063708e-12
4.125000000000000888e-02 3.095540263930954272e-01 5.928829595399932309e-04 1.897100174409044565e-11 2.123777537265633495e-12
4.250000000000000999e-02 3.056574589068976611e-01 8.094679228795657574e-04 2.957720970433121257e-11 1.924777429192094730e-12
4.375000000000000416e-02 3.021688924672342180e-01 1.041514657557172235e-03 4.272738043240344085e-11 1.498438269894318383e-12
4.500000000000000527e-02 2.990423062022307121e-01 1.279676047941805030e-03 6.049497632845727112e-11 9.387719579577280726e-13
4.625000000000000638e-02 2.962355353387224888e-01 1.499526101747037168e-03 8.183969379097042816e-11 4.649882573452320887e-13
4.750000000000000749e-02 2.937099407707055021e-01 1.701754647568639754e-03 1.073027806399789344e-10 4.430027327170365647e-13
4.875000000000000860e-02 2.914304113611152491e-01 1.928777973116527905e-03 1.369311641609583214e-10 1.395362236117216855e-12
5.000000000000000278e-02 2.893656517930197625e-01 2.084840284985291139e-03 1.703627349389657570e-10 3.936615815642504230e-12
