# time 1 2 D-1 D
0.000000000000000000e+00 9.999999767244699411e-01 6.825650426521072888e-10 6.023820800788811479e-34 3.209834261714109254e-34
2.500000000000000052e-04 9.978492464126942352e-01 1.001233902084017402e-04 7.650664372938003021e-18 9.300950635513112717e-20
5.000000000000000104e-04 9.911663732083639822e-01 5.056415818264748362e-04 3.057822765711489381e-15 1.311124677020850116e-16
7.500000000000001240e-04 9.795360398487632514e-01 1.432598889975612291e-03 1.198367076264258526e-13 1.053612190434827957e-14
1.000000000000000021e-03 9.624355936261405065e-01 3.188577942690500478e-03 1.774953147710016537e-12 2.633946098254658672e-13
1.250000000000000026e-03 9.391981866527591150e-01 6.228776684571103034e-03 1.548768225955050233e-11 3.480181771173691935e-12
1.500000000000000248e-03 9.089782132613473120e-01 1.117034548851353337e-02 9.376561198668289933e-11 3.068779629246694739e-11
1.750000000000000253e-03 8.707403057672965518e-01 1.881629976204756555e-02 4.402044910802405296e-10 2.037380682324127640e-10
2.000000000000000042e-03 8.233240024164596438e-01 3.009824269178686465e-02 1.690563733863863493e-09 1.089347925250172016e-09
2.250000000000000264e-03 7.656831228910101483e-01 4.579311660511418969e-02 5.426166931748379258e-09 4.874862766118888823e-09
2.500000000000000052e-03 6.974214966102401103e-01 6.615279800796643184e-02 1.494768305229933211e-08 1.866362781076677612e-08
2.750000000000000274e-03 6.196191215723654278e-01 8.970318186843669050e-02 3.593284223579576542e-08 6.194070473246804548e-08
3.000000000000000496e-03 5.355352471219431143e-01 1.123243789339099935e-01 7.688762565674392144e-08 1.799717259495483392e-07
3.250000000000000284e-03 4.503770373436338792e-01 1.280342871578459552e-01 1.534761487117675807e-07 4.626011663675029468e-07
3.500000000000000507e-03 3.697819734885100518e-01 1.272038588439481643e-01 3.116214338332215364e-07 1.065077242742069266e-06
3.749999999999999861e-03 2.979596449359115939e-01 1.015114611346398521e-01 7.287463915231628541e-07 2.227162636531853707e-06
4.000000000000000083e-03 2.368364938020953991e-01 4.781806531996167509e-02 2.675502203760697519e-06 4.288662039573776050e-06
4.250000000000000305e-03 1.864276700861516312e-01 5.605053810328668347e-03 1.734723714589253140e-05 7.700539758133725983e-06
4.500000000000000527e-03 1.456937590733309584e-01 7.383769536545404339e-04 4.241148289835788160e-05 1.303019217524295560e-05
4.750000000000000749e-03 1.132364779992075798e-01 6.899551137935818444e-03 6.726075570476732130e-05 2.095884070497196886e-05
5.000000000000000104e-03 8.766482207955507422e-02 1.265228963748048219e-02 9.800573893285397290e-05 3.226948492039319978e-05
5.250000000000000326e-03 6.772570330815620709e-02 1.562820429979600370e-02 1.361510461406847971e-04 4.782521993331942389e-05
5.500000000000000548e-03 5.232692463615237072e-02 1.686119686423105321e-02 1.823623337236526755e-04 6.854015436407193075e-05
5.750000000000000770e-03 4.053070926940617602e-02 1.667608432832313331e-02 2.367920522737310715e-04 9.534121407277645367e-05
6.000000000000000992e-03 3.154617252977099523e-02 1.567455693630041488e-02 2.993574953379405735e-04 1.291295133034963500e-04
6.250000000000000347e-03 2.472269939945015427e-02 1.436432681558992563e-02 3.698992243806086878e-04 1.707689604500060821e-04
6.500000000000000569e-03 1.954030820016263229e-02 1.285795234560886333e-02 4.478925569483165948e-04 2.208807430596205741e-04
6.750000000000000791e-03 1.559144863901181302e-02 1.135120386235419394e-02 5.326664186400969798e-04 2.804230359589048212e-04
7.000000000000001013e-03 1.256838003508391373e-02 9.929301935381225352e-03 6.239970852435407916e-04 3.494155854093052883e-04
7.250000000000001235e-03 1.023779111652325935e-02 8.644449050987192129e-03 7.209331299334725005e-04 4.287838263576579378e-04
7.499999999999999722e-03 8.426924337935286224e-03 7.498199889401674367e-03 8.224993803792845755e-04 5.185427407278969713e-04
7.750000000000000812e-03 7.007338650860409947e-03 6.494569130207583814e-03 9.270462522482843812e-04 6.189679810375786455e-04
8.000000000000000167e-03 5.884414856168391529e-03 5.636403905099446679e-03 1.035912635135681622e-03 7.291565529314721029e-04
8.250000000000000389e-03 4.987934811333433020e-03 4.897197374700174369e-03 1.146375377075151960e-03 8.501183748720646726e-04
8.500000000000000611e-03 4.265866737062272429e-03 4.249276247181249175e-03 1.260373962891946044e-03 9.805981471407434428e-04
8.750000000000000833e-03 3.678587537627944423e-03 3.711786279126138340e-03 1.374307260786821784e-03 1.120835410452870841e-03
9.000000000000001055e-03 3.197185952785958594e-03 3.244304391976016687e-03 1.490546754492717797e-03 1.270513138451435020e-03
9.250000000000001277e-03 2.799204460988747190e-03 2.844253152118655925e-03 1.606218831320640984e-03 1.429175325682157001e-03
9.500000000000001499e-03 2.467526246563360275e-03 2.497848154974919178e-03 1.721644610974198356e-03 1.595396290911789460e-03
9.750000000000001721e-03 2.189091804700621022e-03 2.207135034561166255e-03 1.838367195678116545e-03 1.770516954947532915e-03
1.000000000000000021e-02 1.953623120131396402e-03 1.955547767772256116e-03 1.953459012539277614e-03 1.951936980400323027e-03
