# time 1 2 D-1 D
0.000000000000000000e+00 9.999999634930100134e-01 8.586317768247489631e-09 8.343663493911402493e-35 3.882070093590603827e-36
1.250000000000000243e-03 9.999954666393835456e-01 5.902014204722527711e-08 1.471175555587534381e-24 3.120707774826190749e-26
2.500000000000000486e-03 9.999346294172994920e-01 1.381117038054772086e-06 9.536863493372308538e-22 3.837691076495369369e-23
3.750000000000000729e-03 9.996913507927008835e-01 9.654628683632599605e-06 3.689484638402204089e-20 1.680751304628072194e-21
5.000000000000000971e-03 9.990760644325822337e-01 4.221376681079525071e-05 1.028033709030660029e-19 2.221724113910877252e-21
6.250000000000000347e-03 9.978228559630332173e-01 1.425566520821869754e-04 4.637953553037428104e-19 8.462523666597463477e-21
7.500000000000001457e-03 9.955344739562633771e-01 4.103426738650010268e-04 2.592897024386101661e-18 5.223197797560948557e-20
8.750000000000000833e-03 9.915660784530601068e-01 1.060794927256838473e-03 2.515402070138825771e-17 6.139849824122236980e-19
1.000000000000000194e-02 9.848128738680924643e-01 2.542092123189457903e-03 3.015128549665030148e-16 8.452951776718091461e-18
1.125000000000000132e-02 9.733314745359971099e-01 5.782431596853179930e-03 3.280170293161906520e-15 1.079820672082860327e-16
1.250000000000000069e-02 9.536533706446241876e-01 1.273017467432740850e-02 2.566360914159625834e-14 1.023129044947536112e-15
1.375000000000000180e-02 9.195527807568050216e-01 2.730746083856125730e-02 1.460203661932438002e-13 6.907481132042008827e-15
1.500000000000000291e-02 8.602023065774090371e-01 5.735610988372625424e-02 6.363625306210579607e-13 3.391865852477683430e-14
1.625000000000000056e-02 7.607859926507321013e-01 1.138063394655539767e-01 2.237978330986827892e-12 1.260368010881221752e-13
1.750000000000000167e-02 6.140769974360810179e-01 1.990316716247791384e-01 6.579965541936222668e-12 3.706576243782605272e-13
1.875000000000000278e-02 4.528620743942650684e-01 2.744490751465216705e-01 1.667020799314351562e-11 8.960567887946275097e-13
2.000000000000000389e-02 3.194794342335054993e-01 2.943916882500471899e-01 3.729698867916191143e-11 1.839198342490693987e-12
2.125000000000000500e-02 2.289371005366165057e-01 2.546089237579810538e-01 7.422583335333962429e-11 3.290840206619685574e-12
2.250000000000000264e-02 1.704004407912696195e-01 1.962980667402921542e-01 1.344901576166618017e-10 5.242384932720096588e-12
2.375000000000000375e-02 1.314971117933554923e-01 1.472615073575018196e-01 2.241367957177413919e-10 7.565744666842951759e-12
2.500000000000000139e-02 1.049379635648961667e-01 1.137649557073848738e-01 3.458503973175037556e-10 1.002984334675744868e-11
2.625000000000000250e-02 8.602311720207950207e-02 9.147239063731740782e-02 4.987282529847242351e-10 1.233387398774699592e-11
2.750000000000000361e-02 7.216615068727966209e-02 7.633720078206883419e-02 6.771171498421774091e-10 1.419077147014514468e-11
2.875000000000000472e-02 6.170266062280187896e-02 6.581128060463073415e-02 8.817361235862571391e-10 1.538005540365697111e-11
3.000000000000000583e-02 5.363799811854218919e-02 5.801423169400028723e-02 1.086677317492615456e-09 1.577571466860815721e-11
3.125000000000000000e-02 4.729883580786758274e-02 5.201722856177067728e-02 1.284411476013258167e-09 1.536085998210637531e-11
3.250000000000000111e-02 4.223397206876602222e-02 4.746860094603144731e-02 1.482078747996328187e-09 1.421118041353804328e-11
3.375000000000000222e-02 3.813035921302095760e-02 4.369929777197140847e-02 1.646028719905219616e-09 1.248290769374398623e-11
3.500000000000000333e-02 3.476480270794874566e-02 4.063797858521973894e-02 1.782914013024442058e-09 1.037607636151400745e-11
3.625000000000000444e-02 3.197470809036975781e-02 3.806894009043965132e-02 1.911176332044979898e-09 8.098757102138953009e-12
3.750000000000000555e-02 2.963939514849396606e-02 3.561885717138577045e-02 1.991842151756792947e-09 5.853609038916754387e-12
3.875000000000000666e-02 2.766755694619426470e-02 3.347456096431575961e-02 2.053261504033897696e-09 3.816884249413897117e-12
4.000000000000000777e-02 2.598909877620730891e-02 3.137516414536819370e-02 2.107148500022263199e-09 2.128487394987205985e-12
4.125000000000000888e-02 2.454945011476074301e-02 2.927414303506755550e-02 2.137258112274921817e-09 8.924424577997973826e-13
4.250000000000000999e-02 2.330561370944324306e-02 2.697640132855281744e-02 2.230241717620476161e-09 1.753613996192136325e-13
4.375000000000000416e-02 2.222336171559312692e-02 2.430371749378485227e-02 2.210795060358075913e-09 1.269693437840446119e-14
4.500000000000000527e-02 2.127521216642653742e-02 2.128449207883142957e-02 2.262218514057738477e-09 4.147299471012665733e-13
4.625000000000000638e-02 2.043894310712393234e-02 1.749355897079742789e-02 2.284102270681629893e-09 1.372724847109886076e-12
4.750000000000000749e-02 1.969648307343010996e-02 1.311978720518463572e-02 2.376014949129391861e-09 2.864538355798423494e-12
4.875000000000000860e-02 1.903306759339826529e-02 8.454595445292607120e-03 2.427936028800250714e-09 4.859128813842058374e-12
5.000000000000000278e-02 1.843670938306928714e-02 4.299100627957996509e-03 2.472866790493174524e-09 7.325183408901087450e-12
