# time 1 2 D-1 D
0.000000000000000000e+00 9.999999763313681678e-01 5.445987395374208036e-09 8.599533257419393122e-36 2.565345664043973721e-35
1.250000000000000243e-03 9.999984125333595264e-01 9.025412813347913294e-07 1.511665683136956804e-33 7.293230721757070624e-35
2.500000000000000486e-03 9.999677228506275162e-01 2.007723625537778065e-05 3.252519838161245039e-33 3.282251709408475066e-31
3.750000000000000729e-03 9.997918348797718568e-01 1.383909884170962798e-04 1.629808209092905501e-29 5.479653311611295007e-30
5.000000000000000971e-03 9.991633555276090428e-01 5.820309273621206711e-04 3.955315696602605430e-28 3.935795649940055234e-29
6.250000000000000347e-03 9.974323932160938933e-01 1.827522540284095718e-03 2.960955407234496870e-27 1.349226533884909023e-28
7.500000000000001457e-03 9.934668220965104934e-01 4.437290937712811897e-03 1.200528852271666425e-26 2.540796587822679025e-28
8.750000000000000833e-03 9.856857831728709218e-01 3.370210834938872600e-03 5.607589118469747176e-26 9.114030185740264861e-29
1.000000000000000194e-02 9.724538627870841223e-01 3.855598461789661968e-04 3.273973881419276842e-25 9.831900895471294280e-28
1.125000000000000132e-02 9.527728037240059678e-01 1.473808349822708678e-04 2.404284836852769037e-24 2.592284841008192899e-26
1.250000000000000069e-02 9.267879380527845878e-01 6.518654573686994259e-05 1.857065427555850539e-23 2.839642076167812596e-25
1.375000000000000180e-02 8.956346052539057023e-01 2.986660559322596543e-05 1.363526663321377546e-22 2.229351398697944278e-24
1.500000000000000291e-02 8.607835275050277346e-01 1.312104537436838975e-05 8.940455763573215564e-22 1.474872755895497242e-23
1.625000000000000056e-02 8.234679970774707591e-01 5.017297314095188304e-06 4.835038365335559037e-21 8.559657870922368727e-23
1.750000000000000167e-02 7.845159274865410870e-01 1.839510478238524504e-06 1.795945814795278987e-20 4.386324632554344390e-22
1.875000000000000278e-02 7.444883253206167062e-01 1.598355341790050408e-06 4.600932302817533124e-20 1.972944700538389494e-21
2.000000000000000389e-02 7.038960292568953170e-01 4.187022487660347563e-06 9.706103399857049638e-20 7.784344912687835858e-21
2.125000000000000500e-02 6.633409512082225623e-01 1.731506048609421426e-05 1.828866427469445489e-19 2.718155795090409882e-20
2.250000000000000264e-02 6.235258514626614845e-01 6.199706654431074793e-05 3.159341315727826492e-19 8.474823137711815646e-20
2.375000000000000375e-02 5.852053869867704927e-01 1.593932824180761994e-04 5.044688498067641920e-19 2.393975845466592749e-19
2.500000000000000139e-02 5.489759722494004235e-01 4.018255596367742823e-04 7.537877732860146058e-19 6.163011569018680738e-19
2.625000000000000250e-02 5.153300940625301640e-01 8.200378954928522028e-04 1.060637456369749379e-18 1.407031007319011216e-18
2.750000000000000361e-02 4.842591656497354791e-01 1.727619809659156026e-03 1.457027966126048525e-18 2.960692715437728105e-18
2.875000000000000472e-02 4.554323514026276110e-01 3.555329357255369253e-03 2.026451166165627183e-18 5.579679238097335571e-18
3.000000000000000583e-02 4.287125886798791585e-01 6.376416817946778219e-03 4.720825544843158902e-18 1.022348670236352747e-17
3.125000000000000000e-02 4.022773733227641979e-01 1.183840669835145229e-02 2.580114500255251215e-17 1.614400663882757899e-17
3.250000000000000111e-02 3.754487892292500684e-01 2.038045152440509308e-02 4.076821064677724144e-17 2.349803145016137511e-17
3.375000000000000222e-02 3.454343118451775330e-01 3.452883173273825490e-02 6.041518394159029850e-17 3.457967237459836543e-17
3.500000000000000333e-02 3.118181952501687948e-01 5.443025902142668154e-02 7.903009710640769388e-17 4.227927459084979841e-17
3.625000000000000444e-02 2.726398244889517430e-01 8.178835406539732011e-02 9.094983873847535422e-17 5.432355712565686836e-17
3.750000000000000555e-02 2.353161763546192387e-01 1.089489867223274733e-01 1.124269579416728820e-16 6.762809744516905066e-17
3.875000000000000666e-02 2.030529675528972566e-01 1.324925114097066647e-01 1.049957077057141194e-16 7.196322962729310046e-17
4.000000000000000777e-02 1.755410600982846847e-01 1.525377969586310667e-01 1.015933959107035118e-16 9.084231362591406842e-17
4.125000000000000888e-02 1.530113278373613495e-01 1.686862700332341647e-01 9.255370624635211579e-17 9.580132851659581030e-17
4.250000000000000999e-02 1.386116342014592773e-01 1.776432064531131005e-01 5.848020758287806226e-17 1.040304707810826755e-16
4.375000000000000416e-02 1.264654587782224338e-01 1.851568947679304300e-01 4.254331857880452216e-17 1.177413129467484983e-16
4.500000000000000527e-02 1.183162527038016526e-01 1.893721650732309858e-01 1.777205437425308442e-17 1.130188381526131122e-16
4.625000000000000638e-02 1.126643036373623646e-01 1.916915781058451396e-01 2.723234107117819796e-18 1.182804214353515661e-16
4.750000000000000749e-02 1.095242646859133639e-01 1.920160267646214558e-01 1.660981211701837822e-18 1.143675128514291535e-16
4.875000000000000860e-02 1.072986678314565290e-01 1.918696969844361777e-01 2.755903501907186730e-17 1.014835197139986702e-16
5.000000000000000278e-02 1.057365168452269466e-01 1.914452817337782276e-01 6.060426382166953932e-17 9.373841214037318883e-17
