# time 1 2 D-1 D
0.000000000000000000e+00 9.999999763313681678e-01 5.445987395374208036e-09 8.599533257419393122e-36 2.565345664043973721e-35
2.500000000000000052e-04 9.962530610568235412e-01 7.955317785492642662e-04 4.688434653694401638e-32 8.991505292532193489e-34
5.000000000000000104e-04 9.836753375694449186e-01 3.814782420082686587e-03 3.562278398192044248e-28 5.368093482272322332e-29
7.500000000000001240e-04 9.599936289736008543e-01 1.018835997941775276e-02 2.992347691569323739e-26 3.314168289896514444e-26
1.000000000000000021e-03 9.227092727579813136e-01 2.102425780885968168e-02 5.204041133516794444e-26 2.891784753095505154e-24
1.250000000000000026e-03 8.694979193963017217e-01 3.691228056656684076e-02 1.158511232999080667e-23 7.995695806322614407e-23
1.500000000000000248e-03 7.990101164619134444e-01 5.424116258096613880e-02 5.759505633996553471e-22 9.302479796739088353e-22
1.750000000000000253e-03 7.120442134011156776e-01 2.536743718518819080e-02 7.551075134778858814e-21 4.165646484219199697e-21
2.000000000000000042e-03 6.125882302110989830e-01 1.562626118980163081e-03 3.379716854358696376e-20 4.579284641131582583e-22
2.250000000000000264e-03 5.077393406864466607e-01 2.855972313171414498e-04 8.176317023084107243e-20 2.898313909410597907e-19
2.500000000000000052e-03 4.059076756161535404e-01 3.830671226441707898e-05 2.728357400500312642e-20 9.699316968054997388e-18
2.750000000000000274e-03 3.141923178032861030e-01 5.813475046720139170e-07 3.577060108944607155e-18 1.412639354913935209e-16
3.000000000000000496e-03 2.366687269949692973e-01 6.755684531579594436e-06 4.337776803503868137e-16 1.352747363556615702e-15
3.250000000000000284e-03 1.743391659378663860e-01 1.916292110404878513e-05 1.743974337716955903e-14 9.631687022956423351e-15
3.500000000000000507e-03 1.261106946087684755e-01 2.845693020028018208e-05 2.760106251790510888e-13 5.382846925973979950e-14
3.749999999999999861e-03 8.988412943291948509e-02 2.976405667194108773e-05 2.104384753693493793e-12 2.433644684990794159e-13
4.000000000000000083e-03 6.331184274562393077e-02 2.584158566548700925e-05 1.083021035212202680e-11 9.064661944241597700e-13
4.250000000000000305e-03 4.420101372786921362e-02 1.803014152491459889e-05 4.424579072224644645e-11 2.805443531204592740e-12
4.500000000000000527e-03 3.068053872276784930e-02 1.073048728109938400e-05 1.534895588193866533e-10 7.196034977847324930e-12
4.750000000000000749e-03 2.123831730713760316e-02 4.893547969522565621e-06 4.801545736394571044e-10 1.500733982683482236e-11
5.000000000000000104e-03 1.470865362446669225e-02 9.238332228093254452e-07 1.306034029210707206e-09 2.414109117760623684e-11
5.250000000000000326e-03 1.021880790223412064e-02 2.308208912649350457e-08 3.342863203178485303e-09 2.581227258513394489e-11
5.500000000000000548e-03 7.137695843806931770e-03 2.220013430745550922e-06 7.288845366251334887e-09 9.550592731106653560e-12
5.750000000000000770e-03 5.018231265112942617e-03 8.941472641936955691e-06 1.438181762422353170e-08 9.669220694507044004e-12
6.000000000000000992e-03 3.553952052750873961e-03 1.809463311036949566e-05 1.280617047266403697e-08 2.737369004195855791e-10
6.250000000000000347e-03 2.529926047633243753e-03 3.393958897284622369e-05 4.837577012461464216e-08 1.712545302606226490e-09
6.500000000000000569e-03 1.807036326792205421e-03 5.296928728739575042e-05 1.957309538343416234e-07 6.885724409416688857e-09
6.750000000000000791e-03 1.286023819524752601e-03 7.825088549797167817e-05 3.917981462755780921e-07 2.181948824114433604e-08
7.000000000000001013e-03 9.079775192884041854e-04 1.038153876207186118e-04 6.890763046188247085e-07 5.882981568793767563e-08
7.250000000000001235e-03 6.292184927276601785e-04 1.294486852931903836e-04 1.132567341055178028e-06 1.402039305965045700e-07
7.499999999999999722e-03 4.348520158144969592e-04 1.401956423543640310e-04 1.778124505243586373e-06 3.022884675168038517e-07
7.750000000000000812e-03 3.031730391900152254e-04 1.373241749389347323e-04 2.731665933783167953e-06 5.995506171477677101e-07
8.000000000000000167e-03 2.137323750843168294e-04 1.271816077676498475e-04 3.978744935669666544e-06 1.108443881244788168e-06
8.250000000000000389e-03 1.532079686485213503e-04 1.132772569976466269e-04 5.875190172607525505e-06 1.930942764812272117e-06
8.500000000000000611e-03 1.144318349614283829e-04 9.589077554997808448e-05 8.292453960370396154e-06 3.197183825675159531e-06
8.750000000000000833e-03 8.674870440496858931e-05 8.079865955456537658e-05 1.132181477853059816e-05 5.066137410845744235e-06
9.000000000000001055e-03 6.767503971735240468e-05 6.699802478104231480e-05 1.451492434655797676e-05 7.723221215834913178e-06
9.250000000000001277e-03 5.396513072582839884e-05 5.522107710471480316e-05 1.919899890335677393e-05 1.137455751316302742e-05
9.500000000000001499e-03 4.405505053525754212e-05 4.520389416845919283e-05 2.301344653792902352e-05 1.623893197932857650e-05
9.750000000000001721e-03 3.643039179905336710e-05 3.712034430155195360e-05 2.477185213715553670e-05 2.253964804884572848e-05
1.000000000000000021e-02 3.045985259711199834e-05 3.061046145485347503e-05 3.238969280835047454e-05 3.049852551821432805e-05
