# time 1 2 D-1 D
0.000000000000000000e+00 9.999999803842175572e-01 6.028539080192869965e-09 3.348278108882203738e-34 4.077789903002515365e-35
2.500000000000000052e-04 9.995456839541292382e-01 3.570715618185213469e-07 3.009722201646546807e-18 1.666057404841403840e-23
5.000000000000000104e-04 9.980922832024521352e-01 6.846734296629072654e-06 9.594624192041428579e-16 9.033547068664853329e-20
7.500000000000001240e-04 9.954975978563729289e-01 4.058169329499118969e-05 2.936772949376611242e-14 1.491430668762063002e-17
1.000000000000000021e-03 9.916078021295737788e-01 1.455147268144036006e-04 3.262087838692632532e-13 5.769806257801994549e-16
1.250000000000000026e-03 9.862504076735892911e-01 3.920202385050963463e-04 2.038200937992149922e-12 9.834724945053517595e-15
1.500000000000000248e-03 9.792275411341058167e-01 8.475703153532347005e-04 8.702106516427313367e-12 9.744355496972203837e-14
1.750000000000000253e-03 9.703217720654129241e-01 8.773297987138770895e-04 2.774987262836693637e-11 6.484675694793177069e-13
2.000000000000000042e-03 9.593292711682633866e-01 6.067415132887121493e-04 7.063159403758682393e-11 3.153231028879473509e-12
2.250000000000000264e-03 9.461207642337505774e-01 8.477624803421360267e-04 1.496948439181859246e-10 1.183052187715830913e-11
2.500000000000000052e-03 9.306956823930443434e-01 1.420568582298374540e-03 2.750573401452483343e-10 3.560975801369783587e-11
2.750000000000000274e-03 9.131742024158731041e-01 2.344898613474772926e-03 4.504863087130724183e-10 8.873652754545954336e-11
3.000000000000000496e-03 8.937031334798071214e-01 3.913043517779138739e-03 6.737237219145039989e-10 1.881795139945825426e-10
3.250000000000000284e-03 8.723137681720154468e-01 6.429791544766996075e-03 9.342957293228444871e-10 3.482813404879600306e-10
3.500000000000000507e-03 8.488038146573835263e-01 1.024129179862676153e-02 1.217198411637877216e-09 5.757601057910008053e-10
3.749999999999999861e-03 8.226956597682701933e-01 1.582093830823232475e-02 1.501240038414872397e-09 8.679633534622372478e-10
4.000000000000000083e-03 7.932935433412928727e-01 2.354907678058478296e-02 1.764301876362800714e-09 1.214786560482519969e-09
4.250000000000000305e-03 7.598448861276710931e-01 3.217417495643389025e-02 1.988333387337486661e-09 1.601458569418430620e-09
4.500000000000000527e-03 7.217921250557777224e-01 3.867902614686592050e-02 2.153649791874692773e-09 2.018242439323611894e-09
4.750000000000000749e-03 6.790524615921676999e-01 3.654674565591244789e-02 2.258068246949088757e-09 2.445253563158053307e-09
5.000000000000000104e-03 6.322048175211241183e-01 3.297151060526874733e-02 2.287597081964834844e-09 2.882434321009261009e-09
5.250000000000000326e-03 5.824681982934210023e-01 3.337270821166693491e-02 2.248869320937371183e-09 3.315941195521381118e-09
5.500000000000000548e-03 5.314663324741544237e-01 3.735356839705915311e-02 2.149052699061379723e-09 3.736713663967001241e-09
5.750000000000000770e-03 4.809028864038575324e-01 4.386693621322820813e-02 1.968617325757357621e-09 4.165983919357973230e-09
6.000000000000000992e-03 4.322934217190884665e-01 5.125748374997379786e-02 1.742271015637772067e-09 4.572923102141014037e-09
6.250000000000000347e-03 3.868129078060562609e-01 5.862480979715188611e-02 1.482815325548600671e-09 4.949587364922540547e-09
6.500000000000000569e-03 3.452404355681560899e-01 6.526101215743393413e-02 1.191006360473362298e-09 5.300503060176679193e-09
6.750000000000000791e-03 3.079738342025118425e-01 7.079036095303355147e-02 8.891485681008596065e-10 5.608757128286798741e-09
7.000000000000001013e-03 2.750655987395486113e-01 7.494651138775382249e-02 6.372473872760883514e-10 5.819921574179363611e-09
7.250000000000001235e-03 2.463279726849687823e-01 7.666073132768636000e-02 4.059687469372610666e-10 5.968943504442915021e-09
7.499999999999999722e-03 2.214041418870569544e-01 7.619471806299994709e-02 2.498584130824020124e-10 6.007225444460981425e-09
7.750000000000000812e-03 1.998619380552943969e-01 7.439072476822269908e-02 1.482435374550442976e-10 5.961641146948458400e-09
8.000000000000000167e-03 1.812525094469460418e-01 7.032607439392318804e-02 8.597894614776949202e-11 5.853705976792523551e-09
8.250000000000000389e-03 1.651470571709013069e-01 6.522809742064321348e-02 4.767863415802298505e-11 5.705057381625558855e-09
8.500000000000000611e-03 1.511645189689024005e-01 5.903992399917058070e-02 3.687544909452229309e-11 5.518077029324517942e-09
8.750000000000000833e-03 1.389704267676593052e-01 5.195431669145895298e-02 2.750395181259582692e-11 5.324141882934458254e-09
9.000000000000001055e-03 1.282817770769556498e-01 4.447087792210048518e-02 2.825550013903516502e-11 5.119095231847934189e-09
9.250000000000001277e-03 1.188631996537877766e-01 3.725953726534605298e-02 3.180510954956019893e-11 4.913943145955096174e-09
9.500000000000001499e-03 1.105167016305021177e-01 3.022236334990284143e-02 4.435762472808433080e-11 4.705303542459231046e-09
9.750000000000001721e-03 1.030798871011932016e-01 2.372307829844012839e-02 5.357755795338730278e-11 4.507546674603643573e-09
1.000000000000000021e-02 9.641883348700168443e-02 1.810808104453113035e-02 6.720680191221798619e-11 4.313714963862814094e-09
