# time 1 2 D-1 D
0.000000000000000000e+00 9.999999672108856874e-01 8.765541376352128797e-09 1.457436670867012953e-34 2.181276704744607257e-36
1.250000000000000243e-03 9.976452022297637168e-01 4.287569745940442200e-04 2.077045460578741671e-26 8.702742773182109127e-30
2.500000000000000486e-03 9.901423002912014271e-01 2.037150352364484971e-03 1.091768825171366346e-22 1.704486893375147855e-25
3.750000000000000729e-03 9.767455226748322783e-01 2.129488602615228245e-03 2.076756008436467850e-20 7.499410387194543373e-23
5.000000000000000971e-03 9.565624503282748048e-01 9.196730046747617461e-04 8.941619545446784010e-19 6.867758135544893958e-21
6.250000000000000347e-03 9.285767036189549462e-01 3.764620812333936434e-04 1.857904881038072638e-17 2.662724653746509901e-19
7.500000000000001457e-03 8.917470165954856087e-01 1.341743545656677399e-04 2.594061982533414106e-16 6.002129112906322877e-18
8.750000000000000833e-03 8.452283916699782074e-01 6.280227753727846401e-05 2.500018321437059482e-15 9.293542854880888729e-17
1.000000000000000194e-02 7.887369701324516980e-01 9.483277477665324733e-06 2.065687818108342240e-14 1.086945409414121170e-15
1.125000000000000132e-02 7.229901521132627851e-01 4.052447828044650716e-07 1.479622870408345011e-13 1.015104232623176425e-14
1.250000000000000069e-02 6.500151027645242330e-01 1.190282250998936498e-05 8.576969344679143527e-13 7.815844409266073245e-14
1.375000000000000180e-02 5.730508714300124318e-01 4.431344732737068216e-05 3.990997461964371481e-12 5.052038344991351522e-13
1.500000000000000291e-02 4.959404159500748754e-01 9.388943437471152854e-05 1.512733932978118962e-11 2.772863786815966189e-12
1.625000000000000056e-02 4.222628457787855338e-01 1.582354245216957697e-04 5.144265817505716532e-11 1.305234303561336282e-11
1.750000000000000167e-02 3.546469417550071057e-01 2.300459329432689277e-04 2.417439418600730915e-10 5.330253293149204337e-11
1.875000000000000278e-02 2.945559467008236343e-01 3.099182860771359485e-04 6.533377778517982755e-10 1.914380352619816935e-10
2.000000000000000389e-02 2.423985868704410518e-01 4.075524377894725243e-04 1.809084770322295698e-09 6.136743684774361903e-10
2.125000000000000500e-02 1.979144694025460616e-01 5.215186748247325555e-04 4.639555957819390861e-09 1.781448462786939247e-09
2.250000000000000264e-02 1.604501425603504228e-01 6.572895398373427168e-04 1.089160774891471494e-08 4.745462118796092595e-09
2.375000000000000375e-02 1.292063128028636543e-01 8.083357796221281181e-04 2.401997952776256473e-08 1.173384987585251129e-08
2.500000000000000139e-02 1.033439140943004930e-01 9.812335740446078303e-04 4.916610161899678936e-08 2.719290667839253271e-08
2.625000000000000250e-02 8.204554503181041292e-02 1.202049141206867986e-03 9.533798188839072091e-08 5.953716879199672969e-08
2.750000000000000361e-02 6.458492923423136967e-02 1.477518019849505867e-03 1.754421534950512542e-07 1.239543589611589118e-07
2.875000000000000472e-02 5.035609021266396895e-02 1.776464998058939265e-03 3.048279122271376619e-07 2.466918367372418969e-07
3.000000000000000583e-02 3.881382068146985165e-02 2.090316545653673769e-03 5.083839742657225666e-07 4.711566080243543900e-07
3.125000000000000000e-02 2.948255269420254482e-02 2.420397830465588571e-03 8.040636712375353457e-07 8.664637899292940586e-07
3.250000000000000111e-02 2.202205361572446077e-02 2.705840296583638446e-03 1.227168520750432467e-06 1.537730822497484165e-06
3.375000000000000222e-02 1.619385452117252239e-02 2.849281029932793172e-03 1.805847916938327109e-06 2.638227099385233276e-06
3.500000000000000333e-02 1.158193604795249021e-02 2.987539701525005181e-03 2.556393274723258301e-06 4.380168758581165790e-06
3.625000000000000444e-02 8.204466531229115053e-03 2.871130611858820937e-03 3.521057223927406623e-06 7.042138272615195594e-06
3.750000000000000555e-02 5.773427590076031686e-03 2.596443721009589634e-03 4.758262288991995258e-06 1.099010368595983884e-05
3.875000000000000666e-02 4.013581779279674216e-03 2.279737885789235360e-03 6.310014179790935245e-06 1.663935683760281250e-05
4.000000000000000777e-02 2.840650129102826205e-03 1.873416232597367942e-03 8.292883530979411506e-06 2.449422804243003515e-05
4.125000000000000888e-02 2.014929681479815660e-03 1.508298136467330639e-03 1.123210087062888679e-05 3.511168369993023772e-05
4.250000000000000999e-02 1.427989274833907970e-03 1.203861389457802676e-03 1.524945520494291368e-05 4.910294041220886484e-05
4.375000000000000416e-02 1.048151976705320558e-03 9.202468380244534316e-04 2.162133857370848974e-05 6.711782586707688901e-05
4.500000000000000527e-02 7.606205326735860587e-04 7.157887979787042445e-04 3.270813131878178237e-05 8.983588825118694161e-05
4.625000000000000638e-02 5.723372635726711949e-04 5.398258273280066291e-04 5.182476160050291584e-05 1.179488857623784998e-04
4.750000000000000749e-02 4.233953199425061578e-04 4.190061542561971503e-04 8.754393660905538050e-05 1.521429265758268289e-04
4.875000000000000860e-02 3.233262123434263989e-04 3.188717578353318996e-04 1.502890498297055851e-04 1.930779704482976438e-04
5.000000000000000278e-02 2.446831161057607903e-04 2.484045735126348730e-04 2.410826374035549523e-04 2.413652279226759353e-04
