# lambda 1 2 D-1 D
0.000000000000000000e+00 -1.499999994011623627e+01 -1.299999999589416433e+01 1.300000003863007336e+01 1.499999994110941515e+01
2.500000000000000139e-02 -1.463672682716977747e+01 -1.277408639499537912e+01 1.277410195809512317e+01 1.463654372415754779e+01
5.000000000000000278e-02 -1.429858484419408882e+01 -1.256977815624133754e+01 1.256994056137850180e+01 1.429703563463950999e+01
7.500000000000001110e-02 -1.398843432393473307e+01 -1.238817075108498855e+01 1.238882101723683249e+01 1.398288299435179738e+01
1.000000000000000056e-01 -1.370966230770424765e+01 -1.223041757199795576e+01 1.223211497517653434e+01 1.369564827062107604e+01
1.250000000000000000e-01 -1.346623128368760902e+01 -1.209790095758368622e+01 1.210121709416387148e+01 1.343704017961869468e+01
1.500000000000000222e-01 -1.326262012158690240e+01 -1.199256559705237279e+01 1.199748795442238603e+01 1.320889473850695239e+01
1.750000000000000167e-01 -1.310356186164041148e+01 -1.191734197724056088e+01 1.192217038863262246e+01 1.301315094327760846e+01
2.000000000000000111e-01 -1.299352099650383074e+01 -1.187629476576835863e+01 1.187627778052634575e+01 1.285182990373248479e+01
2.250000000000000056e-01 -1.293600923004430037e+01 -1.187393164596533701e+01 1.186045471881005930e+01 1.272702929953643824e+01
2.500000000000000000e-01 -1.293303574834574832e+01 -1.191377311563649144e+01 1.187481669773890403e+01 1.264094217827662803e+01
2.750000000000000222e-01 -1.298498035835279474e+01 -1.199737840283105506e+01 1.191879391340829208e+01 1.259588997033850966e+01
3.000000000000000444e-01 -1.309088353848286879e+01 -1.212466184491262844e+01 1.199105367893481677e+01 1.259430555666974705e+01
3.250000000000000111e-01 -1.324887936609471950e+01 -1.229496845512131031e+01 1.208966703845124613e+01 1.263850223046044619e+01
3.500000000000000333e-01 -1.345652462625231749e+01 -1.250777530277489902e+01 1.221272399961934241e+01 1.273002097626759976e+01
3.750000000000000000e-01 -1.371097004853596246e+01 -1.276200114265571983e+01 1.235928392794022557e+01 1.286865912591699868e+01
4.000000000000000222e-01 -1.400904637948691089e+01 -1.305465626554451219e+01 1.252991262851531928e+01 1.305192971326654572e+01
4.250000000000000444e-01 -1.434734734125277100e+01 -1.338132902035377469e+01 1.272615438510188213e+01 1.327561359441853739e+01
4.500000000000000111e-01 -1.472234522999581685e+01 -1.373787531472602552e+01 1.294944226159574896e+01 1.353492395404534676e+01
4.750000000000000333e-01 -1.513052990078694471e+01 -1.412119295537430297e+01 1.320037877687935612e+01 1.382537336996566957e+01
5.000000000000000000e-01 -1.556854147874879502e+01 -1.452913489751817622e+01 1.347861630769217101e+01 1.414309942439793488e+01
5.250000000000000222e-01 -1.603327074714795231e+01 -1.496021637115694602e+01 1.378307270996255340e+01 1.448487324211412641e+01
5.500000000000000444e-01 -1.652191648294941118e+01 -1.544571735115428268e+01 1.411221842063865139e+01 1.484800812741941556e+01
5.750000000000000666e-01 -1.703200333522585197e+01 -1.598198686272040447e+01 1.446433842700737316e+01 1.523026309160560743e+01
6.000000000000000888e-01 -1.756137116740051596e+01 -1.653518194791403317e+01 1.483813847648719531e+01 1.562976431141037637e+01
6.250000000000000000e-01 -1.810814764135041344e+01 -1.710318990436903874e+01 1.527298254172797698e+01 1.604494476691572658e+01
6.500000000000000222e-01 -1.867071331620117292e+01 -1.768420124715305519e+01 1.574790276462695715e+01 1.647449776125564824e+01
6.750000000000000444e-01 -1.924766530057294744e+01 -1.827664250735173113e+01 1.623643500485282232e+01 1.691734060708225940e+01
7.000000000000000666e-01 -1.983778283669553133e+01 -1.887914250546548089e+01 1.673724245544420342e+01 1.737258598402682708e+01
7.250000000000000888e-01 -2.043999642398019034e+01 -1.949050555708646471e+01 1.724934465952807017e+01 1.783951937542124710e+01
7.500000000000000000e-01 -2.105336106896655224e+01 -2.010968937591022865e+01 1.777191619361607167e+01 1.831758156904628976e+01
7.750000000000000222e-01 -2.167703372303402887e+01 -2.073578677638361256e+01 1.830423403287262829e+01 1.880635561739643435e+01
8.000000000000000444e-01 -2.231025473055694519e+01 -2.136801008353312525e+01 1.884563632107532172e+01 1.930555804491604377e+01
8.250000000000000666e-01 -2.295233295209356683e+01 -2.200567758194152290e+01 1.939547921117973672e+01 1.981503450872471106e+01
8.500000000000000888e-01 -2.360263422008864254e+01 -2.264820134882474534e+01 1.995308828053029160e+01 2.033476030974029314e+01
8.750000000000000000e-01 -2.426057263700423050e+01 -2.329507601772186831e+01 2.051770510342283416e+01 2.086484503424870240e+01
9.000000000000000222e-01 -2.492560424736223368e+01 -2.394586834339262182e+01 2.108843819572374301e+01 2.140553492845522854e+01
9.250000000000000444e-01 -2.559722256341710533e+01 -2.460020744331640685e+01 2.166423552314135037e+01 2.195719974437822941e+01
9.500000000000000666e-01 -2.627495544480001755e+01 -2.525777579406623019e+01 2.224393949763375744e+01 2.252025224815867332e+01
9.750000000000000888e-01 -2.695836288735162967e+01 -2.591830101460499591e+01 2.282643600582400367e+01 2.309498806349214917e+01
1.000000000000000000e+00 -2.764703541213038207e+01 -2.658154858864908832e+01 2.341089174865559741e+01 2.368135248173060248e+01
