# time 1 2 D-1 D
0.000000000000000000e+00 9.999999605610720987e-01 5.834257998172004317e-09 6.707536069685055836e-35 1.298595241647266293e-35
2.500000000000000486e-03 9.999976117025959343e-01 1.748555198545227677e-06 2.361389231535654382e-26 1.009324109036330924e-27
5.000000000000000971e-03 9.999485565834566048e-01 4.008672748512702520e-05 6.101990733962693881e-24 1.524588839332913286e-26
7.500000000000001457e-03 9.996452077050393958e-01 2.917787752657625814e-04 1.661032122042028677e-22 1.189710320689154166e-24
1.000000000000000194e-02 9.984530126833588426e-01 1.333529543867751797e-03 1.387510786845013003e-21 5.395842853801014106e-23
1.250000000000000069e-02 9.947674210723131960e-01 4.685932540316433380e-03 6.527327949352239369e-21 4.540472921304315618e-22
1.500000000000000291e-02 9.851494394688098399e-01 1.370277885069639406e-02 2.459504314446002940e-20 2.381751036773849174e-21
1.750000000000000167e-02 9.637577255647516994e-01 3.425993799429102871e-02 9.440031577813978688e-20 9.338348733249139740e-21
2.000000000000000389e-02 9.241910103671224785e-01 7.277498366298139343e-02 3.614915120142024441e-19 2.505296334920136512e-20
2.250000000000000264e-02 8.652987530800947402e-01 1.297313780450912168e-01 1.471314814505698316e-18 4.137646326229716011e-20
2.500000000000000139e-02 7.953042089622270883e-01 1.914422008496361460e-01 6.010939001796078692e-18 2.357983392469172459e-20
2.750000000000000361e-02 7.265809379091257014e-01 2.168953620409764804e-01 2.362268598336692691e-17 4.467136785365172384e-20
3.000000000000000583e-02 6.674951702449504198e-01 1.790331778918083927e-01 8.590986831727285129e-17 6.342984634372340344e-19
3.250000000000000111e-02 6.205197340733210609e-01 1.416258897912729686e-01 2.802206282725153928e-16 2.753220698820861891e-18
3.500000000000000333e-02 5.846522265688700593e-01 1.184466256309839594e-01 8.205592900641553906e-16 7.186185114943404042e-18
3.750000000000000555e-02 5.577502066408702719e-01 8.948765202754110915e-02 2.222425856790085988e-15 1.738836093459886229e-17
4.000000000000000777e-02 5.376788470324310731e-01 4.766020190130013795e-02 5.830167322652366828e-15 6.982738381756558687e-17
4.250000000000000999e-02 5.226815413817746947e-01 2.674831804926297921e-02 1.499434804527803239e-14 4.115369683904359482e-16
4.500000000000000527e-02 5.114200102866045539e-01 1.796366599602918293e-02 3.565625023969663829e-14 1.955085409068512276e-15
4.750000000000000749e-02 5.029080421711540350e-01 1.351497173712876837e-02 6.590219351154032966e-14 6.486966659734204742e-15
5.000000000000000278e-02 4.964288377103526217e-01 1.089549217192296512e-02 7.907035130954733193e-14 1.600851092794054382e-14
5.250000000000000500e-02 4.914632532379297203e-01 9.051644780682027019e-03 8.462348999219238450e-14 3.139699259083866420e-14
5.500000000000000722e-02 4.876344164692277827e-01 7.838394590281435106e-03 1.074840647203013198e-13 5.141119695170146513e-14
5.750000000000000944e-02 4.846676318112328463e-01 6.907907605257766238e-03 1.506894270072140464e-13 7.269435354736888161e-14
6.000000000000001166e-02 4.823614243026848603e-01 6.264689189726662701e-03 2.187523688554454656e-13 9.080172122202682152e-14
6.250000000000000000e-02 4.805671706538774957e-01 5.661554999349183333e-03 3.008963177347508639e-13 1.017915202950579018e-13
6.500000000000000222e-02 4.791745139741092618e-01 5.192475066633063865e-03 3.963319461460462285e-13 1.036927571313844305e-13
6.750000000000000444e-02 4.781009651533126847e-01 4.788263851538401492e-03 4.840319877257107953e-13 9.706129809669033883e-14
7.000000000000000666e-02 4.772845036495195759e-01 4.493110365504955975e-03 5.582835177984957486e-13 8.477941770387533303e-14
7.250000000000000888e-02 4.766781111026273110e-01 4.233502951587251803e-03 6.033459108495936434e-13 7.113780438495444524e-14
7.500000000000001110e-02 4.762457393765496261e-01 3.985224365566537863e-03 6.161925128368707778e-13 6.085067876236289558e-14
7.750000000000001332e-02 4.759593720005741990e-01 3.792116995896164036e-03 6.042840063607586120e-13 5.805263042833171451e-14
8.000000000000001554e-02 4.757968262033103746e-01 3.664991301249031184e-03 5.778121299488114307e-13 6.571814980997864396e-14
8.250000000000001776e-02 4.757401267632410113e-01 3.499706645622769220e-03 5.529890129140535606e-13 8.546925624091355994e-14
8.500000000000001998e-02 4.757743737627817548e-01 3.396094602672181800e-03 5.458003509048572916e-13 1.177147156284094757e-13
8.750000000000000833e-02 4.758868842918534403e-01 3.261523295839065598e-03 5.702814721674224940e-13 1.620458650504850100e-13
9.000000000000001055e-02 4.760666523681146289e-01 3.185462584337262187e-03 6.421723098906945037e-13 2.175208527136493557e-13
9.250000000000001277e-02 4.763038372508724416e-01 3.118269238930370616e-03 7.649061650124486509e-13 2.829967653453681777e-13
9.500000000000001499e-02 4.765896173513753942e-01 3.020772736199982180e-03 9.504447116447988778e-13 3.573701929870658167e-13
9.750000000000001721e-02 4.769162020937652291e-01 2.953418456609967040e-03 1.197829221867096559e-12 4.401992477858436427e-13
1.000000000000000056e-01 4.772764324678589465e-01 2.914474152842556551e-03 1.522448945829141125e-12 5.311588324262523077e-13
