# time 1 2 D-1 D
0.000000000000000000e+00 9.999999767741055701e-01 6.996158200639570474e-09 1.356520480848919998e-34 1.160448023131762442e-34
2.500000000000000052e-04 9.999992980811270860e-01 1.549378051558807883e-09 6.993129921939740460e-20 1.398983505248243467e-21
5.000000000000000104e-04 9.999895354615995213e-01 4.320900365079957131e-08 1.992764518130075004e-18 8.735266025121933309e-21
7.500000000000001240e-04 9.999483477611660343e-01 3.713251219904119218e-07 9.834464031679557125e-19 1.212947159813675246e-19
1.000000000000000021e-03 9.998375016381022551e-01 1.789622489375837131e-06 7.299273742011422517e-19 1.220050863724347960e-18
1.250000000000000026e-03 9.995966200812290703e-01 6.611394342390041670e-06 1.785024195203842666e-17 4.491620588742057092e-18
1.500000000000000248e-03 9.991296720041433765e-01 2.086150334064434719e-05 5.579032939976405487e-16 9.782643886923566143e-18
1.750000000000000253e-03 9.982803183693677029e-01 5.936997962569602648e-05 9.387398619164234712e-15 1.054720032644295814e-17
2.000000000000000042e-03 9.967887544011377887e-01 1.571276723402374818e-04 1.066197611059391253e-13 1.765501741124433344e-19
2.250000000000000264e-03 9.942164059832685474e-01 3.946461698125856669e-04 9.115091218238678976e-13 6.320156333193655504e-17
2.500000000000000052e-03 9.898139408097750280e-01 9.524297895281149491e-04 6.082353206916997027e-12 8.253321713520985652e-17
2.750000000000000274e-03 9.822780319919978131e-01 2.230648246931046796e-03 3.187593792658646537e-11 3.334933525506462993e-15
3.000000000000000496e-03 9.694787288241609735e-01 4.944031969786891190e-03 1.350006995013616094e-10 1.255677629536249694e-13
3.250000000000000284e-03 9.473879362232853207e-01 1.093914809806570930e-02 5.088682534545702968e-10 1.405492285271861600e-12
3.500000000000000507e-03 9.105415521635421561e-01 2.249254523602607983e-02 2.595308535274611135e-09 8.989215883394710283e-12
3.749999999999999861e-03 8.507054608650356231e-01 4.371763266524136132e-02 4.101698157831842655e-09 4.005961156944096631e-11
4.000000000000000083e-03 7.622360729403105939e-01 7.639637132711703249e-02 7.301133252892677689e-09 1.373132360322044895e-10
4.250000000000000305e-03 6.505212581511863323e-01 1.145524633903426820e-01 1.242922124773652799e-08 3.847904598824913464e-10
4.500000000000000527e-03 5.374907532168625712e-01 1.420120806951528925e-01 1.979000576371751151e-08 9.189749330244626824e-10
4.750000000000000749e-03 4.405066963160066407e-01 1.520442092069270723e-01 2.954851958559583199e-08 1.928182398623995178e-09
5.000000000000000104e-03 3.658164812032912994e-01 1.479062507003890692e-01 4.183530266720970615e-08 3.637690044918097717e-09
5.250000000000000326e-03 3.115745021141961280e-01 1.358712842848408542e-01 5.668929834442369482e-08 6.283780641475667822e-09
5.500000000000000548e-03 2.712770494461621551e-01 1.225221706326102555e-01 7.352078427230400399e-08 1.008372560436665308e-08
5.750000000000000770e-03 2.593670136281762129e-01 9.150327815671424614e-02 9.239367075171742229e-08 1.520911401286735097e-08
6.000000000000000992e-03 1.353078400180318386e-01 1.810644887152110527e-01 1.128045447707273193e-07 2.176780283690186396e-08
6.250000000000000347e-03 1.082860451643169047e-01 1.800205281097523591e-01 1.340154117198729810e-07 2.979606308228254189e-08
6.500000000000000569e-03 9.754039601547520588e-02 1.675673449704292717e-01 1.559456886395101849e-07 3.926042902849347029e-08
6.750000000000000791e-03 9.043186021450319578e-02 1.551671215789837133e-01 1.782892022092154513e-07 5.006723567783068438e-08
7.000000000000001013e-03 8.456335789300578609e-02 1.443392642689881600e-01 2.004253525963133681e-07 6.207647279663815068e-08
7.250000000000001235e-03 8.032124752479372076e-02 1.340352838606738428e-01 2.219711598281849196e-07 7.511729585812759157e-08
7.499999999999999722e-03 7.727890781720732349e-02 1.241847354071100862e-01 2.431588605353987350e-07 8.900299405355017504e-08
7.750000000000000812e-03 7.469894057820573863e-02 1.150538436567753314e-01 2.630446852750817378e-07 1.035439041199565675e-07
8.000000000000000167e-03 7.232091586631629598e-02 1.065907167756787594e-01 2.818473073385147828e-07 1.185574219239003660e-07
8.250000000000000389e-03 7.029093689331186723e-02 9.839569402159424605e-02 2.997867005288921434e-07 1.338749732677756299e-07
8.500000000000000611e-03 6.867599028057921884e-02 8.978186926186072780e-02 3.166916855673841032e-07 1.493464181805501552e-07
8.750000000000000833e-03 6.732163984409884894e-02 8.078252561529987441e-02 3.314747356869178462e-07 1.648400903897106422e-07
9.000000000000001055e-03 6.613973544525869608e-02 7.043488197419216224e-02 3.466222106903054742e-07 1.802438060725555918e-07
9.250000000000001277e-03 6.511789689409964998e-02 5.903353626763318401e-02 3.595039785871629087e-07 1.954631397517736725e-07
9.500000000000001499e-03 6.422830529943429623e-02 4.537573286056478111e-02 3.714687051200746407e-07 2.104194798420073852e-07
9.750000000000001721e-03 6.344879291050095627e-02 3.032146321017225102e-02 3.813558508761840118e-07 2.250478068838607509e-07
1.000000000000000021e-02 6.276150896731101658e-02 1.686908166009008780e-02 3.915294258971824772e-07 2.392950423472457557e-07
