# time 1 2 D-1 D
0.000000000000000000e+00 9.999999636566448968e-01 1.438985497080603199e-08 1.746054513127463207e-35 4.427572940769072826e-35
5.000000000000000104e-04 9.975308520253872713e-01 1.392797768064547111e-05 1.466279539802224570e-24 8.383559286656728225e-27
1.000000000000000021e-03 9.902434943194394767e-01 6.958661945964107439e-05 1.292992750159582718e-20 1.207710323880581664e-22
1.500000000000000248e-03 9.782685704775576641e-01 1.970913048333142853e-04 3.616161345153075029e-18 5.154809937270136910e-20
2.000000000000000042e-03 9.616772902427118686e-01 4.434197474100430537e-04 2.458097879299877006e-16 5.165957094992435700e-18
2.500000000000000052e-03 9.404736080813994592e-01 8.833976081455989417e-04 7.689014137144226418e-15 2.328372437560545135e-16
3.000000000000000496e-03 9.145828097243570154e-01 1.638710047501403672e-03 1.460934463606916260e-13 6.243653166249060092e-15
3.500000000000000507e-03 8.838271841216024383e-01 2.910060979631618784e-03 1.954801777141140381e-12 1.136327056038949878e-13
4.000000000000000083e-03 8.478734391636475465e-01 5.031940586620447034e-03 2.030729904976616191e-11 1.487163142894153917e-12
4.500000000000000527e-03 8.061259374015370405e-01 8.602144904171882267e-03 1.768427468351980885e-10 1.431847735538350820e-11
5.000000000000000104e-03 7.575238624976250446e-01 1.462626893094369669e-02 1.367969374572093048e-09 1.030478674372455250e-10
5.500000000000000548e-03 7.001977632353431069e-01 2.491629859352507623e-02 9.251416903651749424e-09 5.679518568924576992e-10
6.000000000000000992e-03 6.310496392210953598e-01 4.243778535097171567e-02 4.657077565422185643e-08 2.476989047194019161e-09
6.500000000000000569e-03 5.461671338141266263e-01 7.075708124726094728e-02 1.150327885338236887e-07 8.851271777605562192e-09
7.000000000000001013e-03 4.429039523259092337e-01 1.121996440544192897e-01 2.728293530482518910e-07 2.675814918539843415e-08
7.499999999999999722e-03 3.307870594666510455e-01 1.565518849574328575e-01 5.903220647191510669e-07 7.032927088197735173e-08
8.000000000000000167e-03 2.298792074534233842e-01 1.840659933058119702e-01 1.166661085270556681e-06 1.643788484531880347e-07
8.500000000000000611e-03 1.540431203384937386e-01 1.824154696603062231e-01 2.123534375921252885e-06 3.480085407438307725e-07
9.000000000000001055e-03 1.033459769644419629e-01 1.563630617583090243e-01 3.585954373318959183e-06 6.774759297192346327e-07
9.500000000000001499e-03 7.067830822348177000e-02 1.204783465449757313e-01 5.683880160015797949e-06 1.227703644618436753e-06
1.000000000000000021e-02 4.946108105016206596e-02 8.695694306994711242e-02 8.560801992328683380e-06 2.092062498307411513e-06
1.050000000000000065e-02 3.539044136394040030e-02 6.094743084373350356e-02 1.230464363689367333e-05 3.380379261030363495e-06
1.100000000000000110e-02 2.583353905402174105e-02 4.177949871058208881e-04 1.701609100789291048e-05 5.215390720921683101e-06
1.150000000000000154e-02 1.919322995985113869e-02 4.562862076334145435e-07 2.273688356557072862e-05 7.728169409336366381e-06
1.200000000000000198e-02 1.448306008514695445e-02 1.150303766180101021e-05 2.950021101899240583e-05 1.105293406045385971e-05
1.250000000000000069e-02 1.107895829449144325e-02 2.174219587482327116e-05 3.729763428451169895e-05 1.532199461680485236e-05
1.300000000000000114e-02 8.576651507065638849e-03 2.863888282277193340e-05 4.612876867969077735e-05 2.066041303062495239e-05
1.350000000000000158e-02 6.708521423474288897e-03 3.377277088140534186e-05 5.600721143060100109e-05 2.718285404030637559e-05
1.400000000000000203e-02 5.293868241384652902e-03 3.838626261023884051e-05 6.674968657816211532e-05 3.498982394221336655e-05
1.450000000000000247e-02 4.208730671907023879e-03 4.276120818584777173e-05 7.841154898618071204e-05 4.416935926762146795e-05
1.499999999999999944e-02 3.366262950025677558e-03 4.778140382352610702e-05 9.080404341089626306e-05 5.478266866435724003e-05
1.550000000000000162e-02 2.705314307095960102e-03 5.234031496131859925e-05 1.039744615009765985e-04 6.688800284861595637e-05
1.600000000000000033e-02 2.179972206852132718e-03 5.870136883143753170e-05 1.178300517622515506e-04 8.051187867970296128e-05
1.650000000000000078e-02 1.759854430236245217e-03 6.653629471116909850e-05 1.321716254152748178e-04 9.566460100526913608e-05
1.700000000000000122e-02 1.420022000004117100e-03 7.591432275309381475e-05 1.471934388738354107e-04 1.123781933884080981e-04
1.750000000000000167e-02 1.140009209439335437e-03 9.005690924086230881e-05 1.625638055843654187e-04 1.306119241757007705e-04
1.800000000000000211e-02 9.045591588733844840e-04 1.106326700572850415e-04 1.781678049701080301e-04 1.503520680619489531e-04
1.850000000000000255e-02 7.045222106247893802e-04 1.364143882599093698e-04 1.941877890065403761e-04 1.715809018910405899e-04
1.900000000000000300e-02 5.261473388853995896e-04 1.730621753203647568e-04 2.104157052896068385e-04 1.942148580000447721e-04
1.950000000000000344e-02 3.732492135288661690e-04 2.103874703921645409e-04 2.270413368742812748e-04 2.182405297377044376e-04
2.000000000000000042e-02 2.449468774884674223e-04 2.442076962435398469e-04 2.435046897845894647e-04 2.436698284117551155e-04
