# time 1 2 D-1 D
0.000000000000000000e+00 9.999999395483656350e-01 2.819320783371510733e-08 3.222528223170546627e-35 4.827990053314187992e-36
5.000000000000000104e-04 9.990632520195366073e-01 4.310688333502711623e-08 1.182124233092308990e-31 2.600459826957758142e-36
1.000000000000000021e-03 9.960884886075778155e-01 7.205731322424459018e-07 3.232240457277821341e-27 2.025296872455003521e-33
1.500000000000000248e-03 9.908622301176914782e-01 3.542579104978878477e-06 1.470521062154836008e-24 1.122376757356484510e-30
2.000000000000000042e-03 9.832306564512479641e-01 1.268972139150459194e-05 1.218215280379100372e-22 4.833617812782974004e-30
2.500000000000000052e-03 9.731090370797261802e-01 3.717752943053183806e-05 3.525129573051827609e-21 3.250091464380983412e-26
3.000000000000000496e-03 9.604740851472431951e-01 8.958928850603355609e-05 5.369502289598008973e-20 3.561686638066012155e-24
3.500000000000000507e-03 9.453345961385319907e-01 2.058369399079745159e-04 4.201586715833872078e-19 1.236273368418779549e-22
4.000000000000000083e-03 9.276834139074416896e-01 4.385487203742719289e-04 1.713865787955637960e-18 2.052965409914364137e-21
4.500000000000000527e-03 9.074421288559284537e-01 8.406241616959802751e-04 7.806071175065651931e-19 1.913087876840200435e-20
5.000000000000000104e-03 8.844158194326163791e-01 1.515331762020640134e-03 1.731879996123605059e-17 1.070146567164796565e-19
5.500000000000000548e-03 8.582729516309270945e-01 2.549405738199362129e-03 1.357228718469069032e-16 3.595168152623310052e-19
6.000000000000000992e-03 8.285595689544617004e-01 3.864524950673377084e-03 5.611945602699373758e-16 6.442668371279313698e-19
6.500000000000000569e-03 7.947493584475578965e-01 4.752035879070092700e-03 1.732826640048395641e-15 3.024434257679154542e-19
7.000000000000001013e-03 7.563289643259009098e-01 4.494618416258287091e-03 4.365037623315763094e-15 6.500981474210344638e-19
7.499999999999999722e-03 7.129120504532417968e-01 1.188220309783928575e-03 9.317585571881246316e-15 1.670285783784263634e-17
8.000000000000000167e-03 6.643652085062502488e-01 1.739786361028636567e-03 1.743525540139744350e-14 1.016028570441040374e-16
8.500000000000000611e-03 6.109139974330363154e-01 1.071569086793940605e-02 2.950984681467372265e-14 3.712717743826201914e-16
9.000000000000001055e-03 5.531903603260852620e-01 2.270463045402822122e-02 4.488526362139107349e-14 9.980773604197747008e-16
9.500000000000001499e-03 4.921983712275974643e-01 3.457977083200490520e-02 6.551615963451832398e-14 2.147648426377327858e-15
1.000000000000000021e-02 4.292161810707108560e-01 4.698674117126210026e-02 9.515694452657739246e-14 3.873279217394986286e-15
1.050000000000000065e-02 3.656985598605398402e-01 6.043752198128549830e-02 1.704639034519552228e-13 6.025354095633091674e-15
1.100000000000000110e-02 3.032564724296520353e-01 7.476408305915144270e-02 3.613236648813931191e-13 8.238749111956309744e-15
1.150000000000000154e-02 2.437259021674127168e-01 8.865346329036784268e-02 3.051003072250233522e-13 1.000937760570215305e-14
1.200000000000000198e-02 1.891891801641386039e-01 1.006990621134863650e-01 2.479712448919613206e-13 1.083208049309403455e-14
1.250000000000000069e-02 1.417080772477528894e-01 1.099310825608970782e-01 1.860720650056229595e-13 1.035469733096317520e-14
1.300000000000000114e-02 1.027257114752853362e-01 3.951019412215429211e-02 1.227193978267591537e-13 8.516011299724078416e-15
1.350000000000000158e-02 7.253822299723967915e-02 1.299878874169673468e-03 6.613574647554242325e-14 5.648647722843311486e-15
1.400000000000000203e-02 5.030029921502758572e-02 1.225541245015512350e-03 2.471413422372469191e-14 2.576425686587003870e-15
1.450000000000000247e-02 3.451290837412366447e-02 9.517596303225449653e-04 5.687611217372277421e-15 7.093011359790589191e-16
1.499999999999999944e-02 2.356996059556910883e-02 6.756550563871537842e-04 1.438833837171902585e-14 2.117414542369493807e-15
1.550000000000000162e-02 1.609340376883144560e-02 4.428360077567349787e-04 5.406636430449331230e-14 9.632182578901022675e-15
1.600000000000000033e-02 1.100741936832515776e-02 2.892979699806553584e-04 1.258146848866656583e-13 2.687223157843303405e-14
1.650000000000000078e-02 7.565429743340734703e-03 1.998203712203572096e-04 2.286765265349068878e-13 5.832664925638965796e-14
1.700000000000000122e-02 5.228531345938055783e-03 1.378105188062176420e-04 3.596683482271848127e-13 1.096438227399490238e-13
1.750000000000000167e-02 3.645021834159659774e-03 9.284197745452899280e-05 5.157448101075814540e-13 1.856964140144923298e-13
1.800000000000000211e-02 2.571627734374621818e-03 6.046343123139631551e-05 6.916629688614143224e-13 2.935384613958701906e-13
1.850000000000000255e-02 1.846787076175766557e-03 3.243210359221058124e-04 8.839339412862238709e-13 4.385992512323923228e-13
1.900000000000000300e-02 1.362141270484171392e-03 1.491442015684239873e-04 1.085998571224832707e-12 6.278990749524728107e-13
1.950000000000000344e-02 1.033673322854390068e-03 2.220701549549277681e-05 1.294298067004445691e-12 8.658283914855835199e-13
2.000000000000000042e-02 7.212327759755692101e-04 2.146971015565205795e-05 1.511313759954837250e-12 1.153007030567752754e-12
