# time 1 2 D-1 D
0.000000000000000000e+00 9.999999606283048736e-01 1.228527944022297272e-08 7.276034525101485701e-35 5.884083909834814912e-36
1.250000000000000243e-03 9.990414677171934876e-01 3.530155967896735896e-08 4.514802807498830073e-27 5.598756042390286617e-25
2.500000000000000486e-03 9.959735392892421491e-01 5.501355565438579924e-07 1.057013436950348316e-22 3.008393511415088486e-21
3.750000000000000729e-03 9.904909998982127650e-01 2.522385811006456583e-06 3.851557929991393422e-20 4.992268104949071286e-19
5.000000000000000971e-03 9.822587572123753219e-01 6.606647349820152470e-06 2.530344135314326831e-18 1.954324330534415479e-17
6.250000000000000347e-03 9.708958965489329351e-01 1.232741841659051136e-05 6.472668755828480159e-17 3.400080627339014302e-16
7.500000000000001457e-03 9.559640009148727691e-01 1.730947303810844972e-05 8.859999842684576325e-16 3.476402401565774323e-15
8.750000000000000833e-03 9.369913101079471174e-01 1.857363712339523364e-05 7.780578724112435378e-15 2.420742070184685817e-14
1.000000000000000194e-02 9.135733821423506207e-01 1.449806126238560034e-05 4.832645091690313011e-14 1.252870890888327830e-13
1.125000000000000132e-02 8.855548149270897618e-01 6.157144541645672454e-06 2.278945346078973802e-13 5.100586735358029651e-13
1.250000000000000069e-02 8.532061732336437831e-01 1.497386528238104768e-07 8.522505591703565548e-13 1.699611295420065746e-12
1.375000000000000180e-02 8.172463527732780619e-01 8.342117032243219672e-06 2.626382933225654087e-12 4.776977327948243135e-12
1.500000000000000291e-02 7.786398516538678427e-01 5.612508610512686921e-05 6.782876988648879706e-12 1.160709667013793514e-11
1.625000000000000056e-02 7.382742874510126452e-01 1.913676727247196117e-04 1.514889711939696586e-11 2.492317415435223168e-11
1.750000000000000167e-02 6.967038027229724984e-01 5.047938074483722870e-04 2.928869837217394275e-11 4.831210978081761909e-11
1.875000000000000278e-02 6.540572766809178429e-01 1.154012388116998876e-03 4.918562513689246041e-11 8.642078182741636126e-11
2.000000000000000389e-02 6.100866418107477873e-01 2.392689507012622351e-03 6.926009590917844349e-11 1.459309790671807498e-10
2.125000000000000500e-02 5.643143355614596013e-01 4.596789183077392218e-03 7.500142806356059370e-11 2.377475282220057130e-10
2.250000000000000264e-02 5.164243549999970595e-01 7.979449742469720691e-03 3.643427560336746844e-11 3.804438690110789058e-10
2.375000000000000375e-02 4.663397140830174981e-01 1.279652037932848402e-02 8.763458173271471267e-12 6.046886344098313725e-10
2.500000000000000139e-02 4.145722801076989206e-01 1.891708339274033451e-02 3.658700833758976262e-10 9.583596213441148839e-10
2.625000000000000250e-02 3.628024026039525229e-01 2.529231723655111716e-02 1.317408438623810911e-09 1.512086075648274978e-09
2.750000000000000361e-02 3.134147294284249652e-01 3.054009316539377933e-02 2.721792933297662208e-09 2.364804948716382644e-09
2.875000000000000472e-02 2.687950411758029401e-01 3.325023557480594888e-02 4.577556455370406192e-09 3.649045200450225772e-09
3.000000000000000583e-02 2.299247250611642923e-01 3.334378436343425622e-02 7.078614547186494478e-09 5.533251303185181884e-09
3.125000000000000000e-02 1.966821033005550778e-01 3.159137840548196380e-02 1.040178852793462036e-08 8.233993046915130571e-09
3.250000000000000111e-02 1.692869874702861988e-01 2.809638715200207804e-02 1.481933370854872374e-08 1.198680295249428798e-08
3.375000000000000222e-02 1.467585287650311210e-01 2.389079330516138272e-02 2.056593767084270263e-08 1.708402472556362863e-08
3.500000000000000333e-02 1.278803402547829815e-01 1.983691727201481944e-02 2.774163483084978424e-08 2.398831889392277704e-08
3.625000000000000444e-02 1.121424951403578035e-01 1.618578019742295676e-02 3.663879860140477772e-08 3.305216777533888818e-08
3.750000000000000555e-02 9.897937207714363472e-02 1.300661733237275068e-02 4.721830496909876998e-08 4.502821124354921208e-08
3.875000000000000666e-02 8.782402719429818760e-02 1.043081845615277149e-02 6.047589085725944373e-08 5.972809065253509730e-08
4.000000000000000777e-02 7.844795203959450958e-02 8.246719337617898493e-03 7.562929081347710335e-08 7.890945880132983119e-08
4.125000000000000888e-02 7.038948078010706655e-02 6.553096490393392134e-03 9.217947796761680009e-08 1.042276619658666800e-07
4.250000000000000999e-02 6.343209575413648327e-02 5.245317435937089587e-03 1.141042730867435836e-07 1.330644480383592007e-07
4.375000000000000416e-02 5.749853681672133232e-02 4.145505550692527019e-03 1.368699778416267892e-07 1.714310370423772934e-07
4.500000000000000527e-02 5.233899305043439310e-02 3.283694307990563371e-03 1.731191824895892010e-07 2.080391138969356160e-07
4.625000000000000638e-02 4.780335984178765707e-02 2.634408995776855045e-03 2.092054108881836917e-07 2.573337993618266989e-07
4.750000000000000749e-02 4.381855596971145905e-02 2.128972577870003394e-03 2.644606354187650433e-07 2.997002671249458096e-07
4.875000000000000860e-02 4.032029011012502190e-02 1.716159237194884698e-03 3.389564068664616049e-07 3.333666719841560084e-07
5.000000000000000278e-02 3.723767152690635185e-02 1.373667895954138645e-03 3.665626216681194186e-07 4.215201701296701694e-07
