# time 1 2 D-1 D
0.000000000000000000e+00 9.999999708707303370e-01 4.130732701500333470e-09 1.772645481040009348e-34 1.235679661584388201e-34
2.500000000000000052e-04 9.999973298942241851e-01 1.552939605321132720e-07 1.010452594014829638e-19 1.305331178879577456e-21
5.000000000000000104e-04 9.999602442966457616e-01 3.575476932593526230e-06 4.553326521901907053e-19 2.661812810814930492e-21
7.500000000000001240e-04 9.998066417159942043e-01 2.515942891029824633e-05 2.140965217309783080e-19 1.556804633425525748e-19
1.000000000000000021e-03 9.993995941380102721e-01 1.108721509361420079e-04 3.518733947039602000e-19 1.467246950489599259e-18
1.250000000000000026e-03 9.985153977343677045e-01 3.798467553026872376e-04 3.802389981349897576e-19 5.995653535454206274e-18
1.500000000000000248e-03 9.967572026107089922e-01 1.108545914308758755e-03 6.896041470497199083e-18 3.478344092658069643e-17
1.750000000000000253e-03 9.933762780647160673e-01 2.898177884061656391e-03 2.860430197096173013e-16 2.787896698364721423e-16
2.000000000000000042e-03 9.869434806603141208e-01 6.970454623337995863e-03 2.918756186656361005e-15 2.755361335772394642e-15
2.250000000000000264e-03 9.748115199679007192e-01 1.563693338213647394e-02 1.741381955386052465e-14 2.447057627437065310e-14
2.500000000000000052e-03 9.524255875133843530e-01 3.278650058129157358e-02 7.252638473863478992e-14 1.780603459666842471e-13
2.750000000000000274e-03 9.130484606155352401e-01 6.375921228731956658e-02 2.344718128997364909e-13 1.026800469039241892e-12
3.000000000000000496e-03 8.495653134605988255e-01 1.127777716903397426e-01 6.409264277069605024e-13 4.752562638482669973e-12
3.250000000000000284e-03 7.600592520328585122e-01 1.754239403653995721e-01 1.578263198997061492e-12 1.799177788388277623e-11
3.500000000000000507e-03 6.534909067523260173e-01 2.350475370918828355e-01 3.559402080654274206e-12 5.707414012833770715e-11
3.749999999999999861e-03 5.463851064196634244e-01 2.730175930097839543e-01 7.733860172962201813e-12 1.551994084068381976e-10
4.000000000000000083e-03 4.522561680181323984e-01 2.844729960575234640e-01 1.625425396766335024e-11 3.695869772548837309e-10
4.250000000000000305e-03 3.762979077923842008e-01 2.801231727277062045e-01 3.326359327768832801e-11 7.852392871217089541e-10
4.500000000000000527e-03 3.176382738395538419e-01 2.684193309840460784e-01 6.485687544599426197e-11 1.512755476530594182e-09
4.750000000000000749e-03 2.730820696549371429e-01 2.548720928613920633e-01 1.230905362910831878e-10 2.678910330359798573e-09
5.000000000000000104e-03 2.392565112432944729e-01 2.415914583483170230e-01 2.211387698801500329e-10 4.412051346579197778e-09
5.250000000000000326e-03 2.133820130980710050e-01 2.295904589017886133e-01 3.857047063509576758e-10 6.823681856960982857e-09
5.500000000000000548e-03 1.933614794584568308e-01 2.182682777759540615e-01 6.306520903715950632e-10 9.992624225821299643e-09
5.750000000000000770e-03 1.776686491019776049e-01 2.077860452668071067e-01 9.980642015373437677e-10 1.395345048147514024e-08
6.000000000000000992e-03 1.652054285223843733e-01 1.981689025670310134e-01 1.510512393675424111e-09 1.869124011884317487e-08
6.250000000000000347e-03 1.551806261964903955e-01 1.891889876237709267e-01 2.159178456913077085e-09 2.414298965737120566e-08
6.500000000000000569e-03 1.470198513280965846e-01 1.805588918494577255e-01 3.019390594398764306e-09 3.020629657215730361e-08
6.750000000000000791e-03 1.403017492787114462e-01 1.717424763843956037e-01 4.011598022307224641e-09 3.675076508372117048e-08
7.000000000000001013e-03 1.347136530468386051e-01 1.631515839467832518e-01 5.225016925810647410e-09 4.363102047984606563e-08
7.250000000000001235e-03 1.300208264001804226e-01 1.537362554839200590e-01 6.444624268025904330e-09 5.069983923890010629e-08
7.499999999999999722e-03 1.260450198227992535e-01 1.446169226396077367e-01 7.651505845360001594e-09 5.781891419955956825e-08
7.750000000000000812e-03 1.226493718271650935e-01 1.345994016068387256e-01 8.732683865677898739e-09 6.486706123981362638e-08
8.000000000000000167e-03 1.197276569355995302e-01 1.247508651364290094e-01 9.907630590730863683e-09 7.174448535594014158e-08
8.250000000000000389e-03 1.171965435414113049e-01 1.146380445034641954e-01 1.028116289327669106e-08 7.837443503548052991e-08
8.500000000000000611e-03 1.149899625802321274e-01 1.044870128301660511e-01 1.018704218032030853e-08 8.470230678516024570e-08
8.750000000000000833e-03 1.130549797868139472e-01 9.495067814046341537e-02 9.248804580570162241e-09 9.069295881844024838e-08
9.000000000000001055e-03 1.113487513279629998e-01 8.660102238581182665e-02 6.369001753564689736e-09 9.632746746792073283e-08
9.250000000000001277e-03 1.098362670452566192e-01 7.835524475980666648e-02 2.825323759409541645e-09 1.015994082326161119e-07
9.500000000000001499e-03 1.084886687192442578e-01 7.196562879499719678e-02 5.929763647585553552e-12 1.065115673281975916e-07
9.750000000000001721e-03 1.072819877787487414e-01 6.665570639762621874e-02 2.485905268422838851e-08 1.110730645732391410e-07
1.000000000000000021e-02 1.061961922870110625e-01 6.154377654199182784e-02 4.637280616923887570e-07 1.152971181837250408e-07
