# time 1 2 D-1 D
0.000000000000000000e+00 9.999999791524935011e-01 1.080215144042824730e-08 2.939911371406541592e-35 5.693624437642832629e-34
1.250000000000000243e-03 9.984316137268292035e-01 8.406385678935974874e-04 4.337097680850971779e-17 6.425665290309690566e-20
2.500000000000000486e-03 9.929354997605567279e-01 4.088822364474369725e-03 1.319148297632020033e-14 7.507448069643195842e-17
3.750000000000000729e-03 9.819193742999166030e-01 1.123547759597292445e-02 4.061530652600444641e-13 5.011476204888239539e-15
5.000000000000000971e-03 9.630549171542316378e-01 2.441751810199560557e-02 4.936363474107341022e-12 1.048417370262688860e-13
6.250000000000000347e-03 9.330241788525707181e-01 4.674167732672684927e-02 3.615057814131261173e-11 1.174219863213400203e-12
7.500000000000001457e-03 8.874159759448828622e-01 8.209526334418243421e-02 1.931521194907478673e-10 8.954893890237775822e-12
8.750000000000000833e-03 8.212689182692944900e-01 1.338110347600014183e-01 8.321835394654309786e-10 5.297619583090978986e-11
1.000000000000000194e-02 7.311466756267150924e-01 2.020863471178080406e-01 3.061925150193712979e-09 2.633168929793825343e-10
1.125000000000000132e-02 6.190918187590850330e-01 2.765029306561490596e-01 9.965868803587693317e-09 1.159771506939481905e-09
1.250000000000000069e-02 4.957519876406765724e-01 3.352110985543409472e-01 2.920519292203202120e-08 4.697299750880430597e-09
1.375000000000000180e-02 3.773503586138036159e-01 3.507198604234542105e-01 7.750914845004483443e-08 1.792133435385055752e-08
1.500000000000000291e-02 2.771222142028694768e-01 3.184831098118624526e-01 1.849049333771769113e-07 6.496305825233276544e-08
1.625000000000000056e-02 1.999423357854119010e-01 2.572681983288916951e-01 3.893301701172833458e-07 2.204379076153556042e-07
1.750000000000000167e-02 1.439054668768342815e-01 1.887922372419102990e-01 7.124522087046236465e-07 6.737649102946552234e-07
1.875000000000000278e-02 1.043943723294171733e-01 1.279342804104559306e-01 1.151722784148421328e-06 1.782431400616482282e-06
2.000000000000000389e-02 7.678814272438196087e-02 8.430910995271469199e-02 1.734235330394905921e-06 4.057547545043972553e-06
2.125000000000000500e-02 5.743699545466929984e-02 5.653824088570923168e-02 2.584735804472689563e-06 8.129159740321222096e-06
2.250000000000000264e-02 4.373274065485511369e-02 3.947397335760123582e-02 3.984093526600146688e-06 1.473483801683149898e-05
2.375000000000000375e-02 3.389197862980354581e-02 2.886694410863539090e-02 6.537912113111177216e-06 2.469930716794589636e-05
2.500000000000000139e-02 2.671528195594053898e-02 2.191314664079848165e-02 1.172020286759035269e-05 3.889010632431018453e-05
2.625000000000000250e-02 2.139753083794945776e-02 1.716914604434337591e-02 2.391803244343860510e-05 5.817176722824179004e-05
2.750000000000000361e-02 1.739502295375078278e-02 1.382619226750657869e-02 6.036108847556040830e-05 8.336635637133940830e-05
2.875000000000000472e-02 1.433678536341591835e-02 1.137129973252261513e-02 1.746533953918145141e-04 1.152234563332982611e-04
3.000000000000000583e-02 1.196650579723781971e-02 9.531494791404374056e-03 2.345938497651317502e-04 1.543996016251507363e-04
3.125000000000000000e-02 1.010468344663994697e-02 8.116187921714626899e-03 2.826860283965290893e-04 2.014461077570159928e-04
3.250000000000000111e-02 8.623866872726744168e-03 7.003444574547339554e-03 3.502718939213146101e-04 2.568038173753965886e-04
3.375000000000000222e-02 7.432312296326568264e-03 6.106984847211719379e-03 4.296518716646394718e-04 3.208032050206454104e-04
3.500000000000000333e-02 6.463099630194855429e-03 5.385601058110704026e-03 5.263176856338601210e-04 3.936684529801460272e-04
3.625000000000000444e-02 5.666791968325588132e-03 4.793878982289579219e-03 6.314760901679275507e-04 4.755242851148042257e-04
3.750000000000000555e-02 5.006424718719691171e-03 4.303513329578448864e-03 6.391843109503842543e-04 5.664045183288633984e-04
3.875000000000000666e-02 4.454030355880209298e-03 3.886998621214960131e-03 7.251667212807896140e-04 6.662615946804967097e-04
4.000000000000000777e-02 3.988224810672738423e-03 3.539163543782855668e-03 8.156718957845711035e-04 7.749765201044696121e-04
4.125000000000000888e-02 3.592494409434507461e-03 3.238060323796725180e-03 9.410521368457552696e-04 8.923687421086123461e-04
4.250000000000000999e-02 3.253930492836084806e-03 2.977743711274565431e-03 1.053372996920065282e-03 1.018205559118964994e-03
4.375000000000000416e-02 2.962403124176277939e-03 2.752478723858022610e-03 1.181948612132384434e-03 1.152211054391575435e-03
4.500000000000000527e-02 2.709846675693793581e-03 2.556111457364618200e-03 1.306974818749719524e-03 1.294074428258496683e-03
4.625000000000000638e-02 2.489812706988305674e-03 2.382897667931020962e-03 1.455641732378538597e-03 1.443457298666804599e-03
4.750000000000000749e-02 2.297090069838430941e-03 2.228826718182286802e-03 1.599697006705017152e-03 1.600000299952447505e-03
4.875000000000000860e-02 2.127461236815020480e-03 2.092649442641120617e-03 1.793760173350848579e-03 1.763329181226307944e-03
5.000000000000000278e-02 1.977457678542282864e-03 1.971277618229908685e-03 1.927156285937727670e-03 1.933057606619537116e-03
