# time 1 2 D-1 D
0.000000000000000000e+00 9.999999663717670240e-01 1.694563600821952643e-08 1.006746626631978229e-34 1.440715263726565793e-36
2.500000000000000486e-03 9.999941920217011448e-01 4.887535032849088935e-06 6.705117757280734496e-28 1.528772204154107931e-28
5.000000000000000971e-03 9.998797787435864670e-01 1.030958694210616351e-04 7.526750839348355763e-25 9.216053169473691635e-26
7.500000000000001457e-03 9.992175277724231197e-01 6.863555628395775002e-04 6.389177368191467235e-23 2.200137071625508566e-24
1.000000000000000194e-02 9.968373616689409911e-01 2.811072315446633621e-03 4.834758654240761902e-22 4.053058769790669330e-23
1.250000000000000069e-02 9.902794568783163109e-01 8.678526365886684441e-03 2.065995952598933551e-21 3.014050966260984016e-22
1.500000000000000291e-02 9.754132174715648418e-01 2.198640889396379430e-02 6.501182986634855882e-21 1.365117839308676003e-21
1.750000000000000167e-02 9.472147310983995983e-01 4.683358579572918790e-02 1.487930178566241516e-20 3.407490466081833949e-21
2.000000000000000389e-02 9.026876172408911936e-01 8.498716797356464792e-02 1.786898113598352935e-20 1.837263921372864920e-21
2.250000000000000264e-02 8.443874080362873125e-01 1.315251603368514655e-01 3.044891473171563657e-21 1.818104383815418069e-20
2.500000000000000139e-02 7.801994954329006804e-01 1.668009438399458422e-01 4.788934578094269249e-20 5.798390836642183447e-19
2.750000000000000361e-02 7.187392154338616557e-01 1.298992241816288307e-01 4.355673731941293089e-19 5.701214604219283818e-18
3.000000000000000583e-02 6.654135493101859256e-01 8.917058272324047963e-02 7.842120394850183534e-19 3.430865177710803089e-17
3.250000000000000111e-02 6.219676966516679562e-01 7.326280407090744740e-02 8.572979862156164013e-19 1.512205664255321434e-16
3.500000000000000333e-02 5.878900489539290453e-01 6.484801725993809274e-02 9.149790087603530211e-17 5.298259468791779188e-16
3.750000000000000555e-02 5.617626730883380493e-01 5.953914877194105976e-02 9.072550257235463609e-16 1.552111974380197835e-15
4.000000000000000777e-02 5.420201600405406550e-01 5.556931825362733390e-02 3.992111567362575118e-15 3.938613591288711241e-15
4.250000000000000999e-02 5.272625955305618728e-01 5.213157534016060746e-02 1.070498920148535150e-14 8.881759214692199420e-15
4.500000000000000527e-02 5.163411102861247270e-01 4.938148240253296267e-02 2.012219488760805817e-14 1.814433884704644987e-14
4.750000000000000749e-02 5.083501713484739337e-01 4.676506520083387186e-02 2.823692304971511862e-14 3.406939513660619286e-14
5.000000000000000278e-02 5.025897351811597913e-01 4.443316711660477702e-02 2.815058647522015333e-14 5.959128423997915898e-14
5.250000000000000500e-02 4.985238274704514860e-01 4.226915675496654978e-02 1.566402432431572636e-14 9.804340400877368305e-14
5.500000000000000722e-02 4.957438424830657997e-01 4.033511612815998681e-02 2.220187232041783435e-15 1.526923231792942460e-13
5.750000000000000944e-02 4.939386019720701793e-01 3.852383742820431056e-02 1.042033567216398827e-14 2.258666016274633221e-13
6.000000000000001166e-02 4.928710619813170823e-01 3.689670729706982788e-02 6.806245561206365421e-14 3.177950742203614248e-13
6.250000000000000000e-02 4.923606010675125044e-01 3.548379018456340045e-02 1.870983275909303121e-13 4.246597063564992131e-13
6.500000000000000222e-02 4.922693128724963119e-01 3.404346130631517170e-02 3.605766004414830856e-13 5.384363206438356380e-13
6.750000000000000444e-02 4.924917613610834688e-01 3.287394244881525901e-02 5.491885671960314475e-13 6.467557671342110629e-13
7.000000000000000666e-02 4.929472142772663990e-01 3.174720787436868114e-02 7.074095779398333890e-13 7.346942195561134417e-13
7.250000000000000888e-02 4.935737488576162901e-01 3.066779066799549605e-02 7.843869645857245210e-13 7.874892784513408232e-13
7.500000000000001110e-02 4.943238253170444407e-01 2.972242171016903356e-02 7.544926440075164714e-13 7.946306157659010789e-13
7.750000000000001332e-02 4.951608719956664406e-01 2.887728119430012230e-02 6.334631438573191176e-13 7.528230352498697679e-13
8.000000000000001554e-02 4.960567467385249008e-01 2.814578430712216459e-02 4.699384774402103155e-13 6.680087300724150703e-13
8.250000000000001776e-02 4.969897855105470663e-01 2.740332635795645830e-02 3.544276548515722585e-13 5.561508120915441029e-13
8.500000000000001998e-02 4.979432394835862641e-01 2.674427571658311020e-02 4.003439065812764162e-13 4.428541501610626259e-13
8.750000000000000833e-02 4.989042595223973642e-01 2.614872949680810410e-02 7.292101871967848770e-13 3.606101007584149359e-13
9.000000000000001055e-02 4.998629125912810167e-01 2.565371120708050817e-02 1.463440872496784024e-12 3.460564021790010169e-13
9.250000000000001277e-02 5.008115720232249046e-01 2.515166704485592708e-02 2.686016441590609939e-12 4.368717590775384920e-13
9.500000000000001499e-02 5.017444231496739349e-01 2.469294668824102701e-02 4.462663469861572086e-12 6.690134705488042841e-13
9.750000000000001721e-02 5.026569507116729341e-01 2.427223008956053835e-02 6.865429184232132209e-12 1.075445117303507118e-12
1.000000000000000056e-01 5.035461018736323568e-01 2.388275360059345306e-02 9.892755952632150536e-12 1.681107280820851528e-12
