# time 1 2 D-1 D
0.000000000000000000e+00 9.999999791524935011e-01 1.080215144042824730e-08 2.939911371406541592e-35 5.693624437642832629e-34
2.500000000000000486e-03 9.999990459703163026e-01 6.848063626909001986e-07 1.121585887113144976e-20 3.434993890131250130e-22
5.000000000000000971e-03 9.999803608576663949e-01 1.519613678501187371e-05 2.697664387058275945e-19 1.352965497753569473e-21
7.500000000000001457e-03 9.998687285981843198e-01 1.068113045806943156e-04 1.015912846598407787e-18 7.807370422703392603e-21
1.000000000000000194e-02 9.994439509704108326e-01 4.703614391436525179e-04 6.187862415585296302e-18 1.208605623339810912e-20
1.250000000000000069e-02 9.981636650716233516e-01 1.603107214723337951e-03 3.860826858649481310e-17 1.540984156867532447e-19
1.500000000000000291e-02 9.948510024738556057e-01 4.603780592031243499e-03 2.968643295950254997e-16 1.635665300453335137e-18
1.750000000000000167e-02 9.872963054062289245e-01 1.151415362331939182e-02 2.252408942789461509e-15 1.236203998279384038e-17
2.000000000000000389e-02 9.721606931133364160e-01 2.529094296958152993e-02 1.490199623829239565e-14 8.132129503464835766e-17
2.250000000000000264e-02 9.460621922606764489e-01 4.811162250154445152e-02 8.221579277376943049e-14 3.886213723355688877e-16
2.500000000000000139e-02 9.082057297660451889e-01 7.815156460670706629e-02 3.737592883128125978e-13 1.080336011050269931e-15
2.750000000000000361e-02 8.623265562369398785e-01 1.070849098989981873e-01 1.406476388204113480e-12 6.909721006903605583e-16
3.000000000000000583e-02 8.149631529216866399e-01 1.258867272669256798e-01 4.391130621144348443e-12 7.280262381762480982e-15
3.250000000000000111e-02 7.716821119612189417e-01 1.307715404253736724e-01 1.134324938533431373e-11 1.859423151058483282e-13
3.500000000000000333e-02 7.351947443150793626e-01 1.222336423420065793e-01 2.405274909199428830e-11 1.417966382192053499e-12
3.750000000000000555e-02 7.058607731414775488e-01 1.040614203315669978e-01 4.200308053070278094e-11 5.726218736358675222e-12
4.000000000000000777e-02 6.828610464266489100e-01 8.478324988627138070e-02 6.142582605685593216e-11 1.480656048844177315e-11
4.250000000000000999e-02 6.650292099184470507e-01 6.911219756273741244e-02 7.612721261292876814e-11 2.782301582536927388e-11
4.500000000000000527e-02 6.512475754527229377e-01 5.769333148665271860e-02 7.840420443720719706e-11 4.145968724291650693e-11
4.750000000000000749e-02 6.405809492886042067e-01 4.968446662716368561e-02 6.203850934233386497e-11 5.176319619234695166e-11
5.000000000000000278e-02 6.322927457653342298e-01 4.378438416400986383e-02 2.962623184844848678e-11 5.590225244534564394e-11
5.250000000000000500e-02 6.258187942896176192e-01 3.932343858652068147e-02 6.731974283352435722e-12 5.313063427735622418e-11
5.500000000000000722e-02 6.207324404780637517e-01 3.590286593389930420e-02 5.920192131664894266e-11 4.483876568204078964e-11
5.750000000000000944e-02 6.167123814194240827e-01 3.314021355294630850e-02 1.935448461989194927e-10 3.398477010236611061e-11
6.000000000000001166e-02 6.135166490704074826e-01 3.091314784169013619e-02 2.552279993893250619e-10 2.424713731361776989e-11
6.250000000000000000e-02 6.109626982670858242e-01 2.908348596142257964e-02 3.865850706009784229e-10 1.925315664706202855e-11
6.500000000000000222e-02 6.089125987589956157e-01 2.754973557760623942e-02 5.760910974691771838e-10 2.206321455469153120e-11
6.750000000000000444e-02 6.072620286333483275e-01 2.623720497682105121e-02 7.910795768512421957e-10 3.493881544350127869e-11
7.000000000000000666e-02 6.059321769184157214e-01 2.514730976857521005e-02 1.012157974504223430e-09 5.933766187879078830e-11
7.250000000000000888e-02 6.048637323031669233e-01 2.422924988043190578e-02 1.211922242825189824e-09 9.605593339163062592e-11
7.500000000000001110e-02 6.040123769671325027e-01 2.345884908107332203e-02 4.167896222333843740e-10 1.454370582430565656e-10
7.750000000000001332e-02 6.033449257931136067e-01 2.278653040235157842e-02 4.894204438045095359e-10 2.075029959253098865e-10
8.000000000000001554e-02 6.028367818166293635e-01 2.224517266838456006e-02 5.507498500312472019e-10 2.821242084647395396e-10
8.250000000000001776e-02 6.024696056462414129e-01 2.177026094594597394e-02 6.440393663923140728e-10 3.691688275013372683e-10
8.500000000000001998e-02 6.022283968121791009e-01 2.136578607501134555e-02 7.136071157807707657e-10 4.683774609995048197e-10
8.750000000000000833e-02 6.021020191748293060e-01 2.103170171470183578e-02 7.871119865482161022e-10 5.794213700344541955e-10
9.000000000000001055e-02 6.020798547467662853e-01 2.075427265126150722e-02 8.451046204567240652e-10 7.019352284076233547e-10
9.250000000000001277e-02 6.021522582024266823e-01 2.051744205570719265e-02 9.076253117746947993e-10 8.352114597765425794e-10
9.500000000000001499e-02 6.023094491205727152e-01 2.031295068829725575e-02 9.513782767123829249e-10 9.783370783674907922e-10
9.750000000000001721e-02 6.025423295118412792e-01 2.014637316002951609e-02 1.013488969925159329e-09 1.130295314537791771e-09
1.000000000000000056e-01 6.028458754249341744e-01 2.000862186637935441e-02 1.014089804700755233e-09 1.289424002505675776e-09
