# time 1 2 D-1 D
0.000000000000000000e+00 9.999999740060736553e-01 8.594634365643386902e-09 4.939074613850003712e-34 5.395636619709381035e-34
5.000000000000000104e-04 9.993270278371207960e-01 9.666407619345548896e-07 5.852086550670510994e-17 2.286094824600202530e-21
1.000000000000000021e-03 9.971928111982905074e-01 2.078076919748110467e-05 1.732698685401464422e-14 1.153697575883423471e-17
1.500000000000000248e-03 9.934681047337474702e-01 1.376249386906927845e-04 4.743551922965385118e-13 1.684318257827687536e-15
2.000000000000000042e-03 9.881207530975989473e-01 5.667813309494933215e-04 4.518783805232131470e-12 5.262580180451606204e-14
2.500000000000000052e-03 9.812615194419127551e-01 1.746659727500701623e-03 2.208116180325723512e-11 6.326831776634934019e-13
3.000000000000000496e-03 9.732179008250095853e-01 4.289854317137566271e-03 6.462466677363691185e-11 3.671979900359604870e-12
3.500000000000000507e-03 9.646964805730130488e-01 8.524024177634165894e-03 1.238540795952436148e-10 1.147707348570718587e-11
4.000000000000000083e-03 9.568360007933105482e-01 1.383028634007157052e-02 1.699550769874021123e-10 2.095920541249852587e-11
4.500000000000000527e-03 9.507220845799309039e-01 1.854999803072273842e-02 1.870061873406226995e-10 2.476571907371965072e-11
5.000000000000000104e-03 9.467399163423285691e-01 2.012297587902503460e-02 1.854655163399870807e-10 2.204053737175607856e-11
5.500000000000000548e-03 9.445641844609985460e-01 1.659349969634429933e-02 1.811757287794597915e-10 1.832794552861817717e-11
6.000000000000000992e-03 9.436090573020862182e-01 1.267117076254240665e-02 1.799782053031647184e-10 1.776493143159632385e-11
6.500000000000000569e-03 9.433663257015932890e-01 1.046500093817420013e-02 1.807380462545514797e-10 2.153709375488830947e-11
7.000000000000001013e-03 9.434984343818348940e-01 9.007777114225389362e-03 1.805590260361456614e-10 2.946530190027667410e-11
7.499999999999999722e-03 9.438096460824467737e-01 7.675320386000382931e-03 1.814504000537544121e-10 4.044620212896408605e-11
8.000000000000000167e-03 9.441949079481698481e-01 6.413662718987657267e-03 1.859279114370698673e-10 5.286267389266966232e-11
8.500000000000000611e-03 9.446007121110014948e-01 5.441470832689720462e-03 1.947381779605050332e-10 6.529806878734405260e-11
9.000000000000001055e-03 9.450010995320740070e-01 4.751640909570910461e-03 1.540169438970924974e-10 7.688748952113222271e-11
9.500000000000001499e-03 9.453843446469778478e-01 4.365201582560916151e-03 9.656000717333523018e-11 8.726680273878346691e-11
1.000000000000000021e-02 9.457458872070970690e-01 3.973798579734616823e-03 7.334936418086578609e-11 9.638083554630646425e-11
1.050000000000000065e-02 9.460847079300481743e-01 3.759649036552548639e-03 6.107104018142538951e-11 1.043374658069868482e-10
1.100000000000000110e-02 9.464014117619173883e-01 3.612634613890271500e-03 5.300379093273857311e-11 1.112702640926015040e-10
1.150000000000000154e-02 9.466973242905200037e-01 3.594078885820502136e-03 4.650721801883271774e-11 1.173199388625234211e-10
1.200000000000000198e-02 9.469740081029880407e-01 3.430095052137551847e-03 4.079722880951018632e-11 1.225778649774275143e-10
1.250000000000000069e-02 9.472330372686577071e-01 3.432205959292114732e-03 3.578320628243461698e-11 1.271405635143620838e-10
1.300000000000000114e-02 9.474759127610529186e-01 3.338271634740777160e-03 3.120675816194839690e-11 1.310500206861348291e-10
1.350000000000000158e-02 9.477039975832370899e-01 3.326912899193078081e-03 2.693610071859822944e-11 1.343366022694594237e-10
1.400000000000000203e-02 9.479185395083900012e-01 3.231894706195460095e-03 2.301532435135926031e-11 1.370373236159716867e-10
1.450000000000000247e-02 9.481206466719944714e-01 3.246220303163732581e-03 1.938772717517946690e-11 1.391389600682263653e-10
1.499999999999999944e-02 9.483113267284933867e-01 3.179311378026074622e-03 1.609243098007417920e-11 1.405912839775920074e-10
1.550000000000000162e-02 9.484914748767576675e-01 3.175437941748968877e-03 1.313711177945761994e-11 1.413555349526178324e-10
1.600000000000000033e-02 9.486618749055055755e-01 3.179345901848125780e-03 1.059304260672078689e-11 1.418014876138919136e-10
1.650000000000000078e-02 9.488232614782925456e-01 3.157958097985192215e-03 8.339645309447663587e-12 1.417866903814587576e-10
1.700000000000000122e-02 9.489762897087880011e-01 3.159213534102326294e-03 6.436752690417668725e-12 1.413277086619859103e-10
1.750000000000000167e-02 9.491215503543261045e-01 3.099429138127077817e-03 4.843202236652521435e-12 1.404649764147194874e-10
1.800000000000000211e-02 9.492595790438240755e-01 3.110891150971175842e-03 3.543819703522809927e-12 1.392415738503872928e-10
1.850000000000000255e-02 9.493908650279069272e-01 3.134427757245498904e-03 2.496180837337647681e-12 1.377017910737899455e-10
1.900000000000000300e-02 9.495158527188964914e-01 3.118112274935190206e-03 1.698898089381601500e-12 1.358890348196124335e-10
1.950000000000000344e-02 9.496349540624855479e-01 3.112198945168323429e-03 1.105396677311027535e-12 1.338598258373553084e-10
2.000000000000000042e-02 9.497488708931950407e-01 3.105849794882791903e-03 6.931392067315720512e-13 1.316412247868384513e-10
