# time 1 2 D-1 D
0.000000000000000000e+00 9.999999603422871086e-01 1.961494246081850296e-08 3.935426516858396320e-35 9.336363881406017196e-36
2.500000000000000052e-04 9.990231974082121047e-01 5.154690828726756110e-06 4.208850738344760420e-27 8.330165283886806327e-25
5.000000000000000104e-04 9.958244029951053289e-01 1.090961060983771817e-04 9.840631492843385112e-23 4.322415342334416142e-21
7.500000000000001240e-04 9.897351723688280201e-01 7.452538269000836451e-04 3.895415678390778403e-20 6.662323073368020352e-19
1.000000000000000021e-03 9.793662686373365567e-01 3.172200928683935762e-03 2.658731810163791442e-18 2.303514635454537474e-17
1.250000000000000026e-03 9.619634095170567223e-01 1.023074853645327201e-02 6.783306794313808957e-17 3.337146747077707174e-16
1.500000000000000248e-03 9.331572246476335097e-01 2.670465789385243274e-02 8.742074250871113756e-16 2.672046029207814467e-15
1.750000000000000253e-03 8.889403104454881577e-01 5.721445012112238299e-02 6.788176438990351564e-15 1.381939965564300343e-14
2.000000000000000042e-03 8.306031903359476498e-01 1.017977820367733377e-01 3.602709429421079738e-14 5.160060393301769513e-14
2.250000000000000264e-03 7.669834714149685873e-01 1.520471769853132260e-01 1.371402413524046238e-13 1.532342350033686209e-13
2.500000000000000052e-03 7.087287396448657129e-01 1.138236645740604708e-01 3.969010164433573719e-13 3.952410947649937431e-13
2.750000000000000274e-03 6.617416210459030612e-01 5.160921589022633704e-02 8.864872016106252532e-13 9.479477449224135338e-13
3.000000000000000496e-03 6.266924351378183600e-01 4.202027384766692658e-02 1.535027881685786618e-12 2.174112156681961294e-12
3.250000000000000284e-03 6.016632402617115849e-01 3.980114435735088163e-02 1.993640733910276861e-12 4.645879189724906959e-12
3.500000000000000507e-03 5.842014899117102811e-01 3.941800485338693705e-02 1.891800104197623473e-12 8.749831437977758710e-12
3.749999999999999861e-03 5.721790104794429732e-01 3.962356759396368222e-02 1.330419246738723579e-12 1.411947928579560639e-11
4.000000000000000083e-03 5.639819165036535908e-01 3.997690067602710506e-02 6.763478055746162051e-13 1.981441497410292649e-11
4.250000000000000305e-03 5.584549914612478849e-01 4.029576095707144284e-02 2.255523486351712266e-13 2.490187475853798775e-11
4.500000000000000527e-03 5.547913787831968424e-01 4.056652551229330411e-02 1.125778262587143919e-13 2.871183989622532860e-11
4.750000000000000749e-03 5.524320695989971552e-01 4.087644340862178066e-02 8.811156360961810910e-13 3.090690313950151142e-11
5.000000000000000104e-03 5.509895749750068905e-01 4.113106153992775182e-02 4.503084579656190832e-12 3.145918747606213618e-11
5.250000000000000326e-03 5.501937769760012475e-01 4.120814723708644822e-02 5.839408656441112131e-12 3.055952886264759165e-11
5.500000000000000548e-03 5.498551100696357219e-01 4.123748480875874534e-02 4.853123465141407621e-12 2.852372402095233289e-11
5.750000000000000770e-03 5.498394364083801777e-01 4.119696347033670325e-02 3.449223180785002658e-12 2.570427089695710545e-11
6.000000000000000992e-03 5.500509820329372301e-01 2.358415534376877287e-02 3.233238527506612540e-12 2.243462189065631590e-11
6.250000000000000347e-03 5.504208980348378466e-01 6.540597064131025134e-04 2.815221040645456856e-12 1.899910817535644252e-11
6.500000000000000569e-03 5.508993952984012621e-01 1.006517960062225641e-03 1.741722974801997028e-11 1.561935705096368693e-11
6.750000000000000791e-03 5.514502536697154511e-01 7.696321860895368122e-04 1.116098911446844777e-09 1.245445963109634334e-11
7.000000000000001013e-03 5.520470439933864437e-01 8.285202327161951801e-04 1.134585770103430543e-09 9.608265985122483313e-12
7.250000000000001235e-03 5.526704501316167528e-01 8.576672419806949214e-04 1.148527660513338447e-09 7.139099786756983421e-12
7.499999999999999722e-03 5.533063443237565826e-01 8.115079049400313787e-04 1.158327707359523064e-09 5.070231352665459739e-12
7.750000000000000812e-03 5.539444580117165451e-01 7.674492064029435822e-04 1.164160322922740143e-09 3.399630768129582193e-12
8.000000000000000167e-03 5.545773649975092034e-01 7.047490926612389904e-04 1.167324946771995058e-09 2.108810294939817467e-12
8.250000000000000389e-03 5.551997218954684010e-01 7.362389378525459023e-04 1.168343527372563280e-09 1.166584080619100498e-12
8.500000000000000611e-03 5.558077702719865787e-01 7.091833187783121812e-04 1.167395985969592083e-09 5.357296412845815973e-13
8.750000000000000833e-03 5.563989869798457999e-01 6.657468950876805616e-04 1.165086105131190096e-09 1.779216568668567496e-13
9.000000000000001055e-03 5.569716457535289766e-01 6.782956134464800113e-04 1.161592765447711227e-09 5.432999588154409232e-14
9.250000000000001277e-03 5.575247328213945863e-01 6.506499094042603355e-04 1.157209035714546242e-09 1.281676608387793068e-13
9.500000000000001499e-03 5.580577439305567378e-01 6.432640959161294763e-04 1.152210290647636040e-09 3.655365228157176009e-13
9.750000000000001721e-03 5.585705140725426565e-01 5.591027369539527383e-04 1.146621215548302099e-09 7.352037370138367868e-13
1.000000000000000021e-02 5.590766792528530926e-01 6.034472290412098375e-04 1.140333327155949647e-09 1.210106950713105658e-12
