# time 1 2 D-1 D
0.000000000000000000e+00 9.999999507397544507e-01 1.932481974412809690e-08 2.197701626725426732e-36 4.718602497953001378e-36
1.250000000000000243e-03 9.946883686407762548e-01 2.270171368818624160e-03 4.989185541483765047e-31 9.954981745391523971e-33
2.500000000000000486e-03 9.759530944453161938e-01 1.044976074529075163e-02 9.497374347930698840e-28 3.763722899127546972e-28
3.750000000000000729e-03 9.386614836812415819e-01 2.807235226231347136e-02 6.298027696253650565e-24 1.281130521948442391e-25
5.000000000000000971e-03 8.767810899811139258e-01 5.720295872937169318e-02 1.184307989825242968e-21 6.302052429924762891e-24
6.250000000000000347e-03 7.849077132455091199e-01 9.831847430421991607e-02 5.898754536780528410e-20 1.221890007845100541e-22
7.500000000000001457e-03 6.619005788775371713e-01 1.504187604290240232e-01 1.383627558012078660e-18 1.948204942046448561e-21
8.750000000000000833e-03 5.160808588295356936e-01 2.007142792369129847e-01 2.010027526205997705e-17 4.018662718660566161e-20
1.000000000000000194e-02 3.672308527097213893e-01 2.349749849624136744e-01 2.111009627930446616e-16 9.301223225704813667e-19
1.125000000000000132e-02 2.388791916263909298e-01 2.401843110838814965e-01 1.732152786403462481e-15 1.845140861520445156e-17
1.250000000000000069e-02 1.448350607634699416e-01 2.152477478514536191e-01 1.177515242200799496e-14 2.861041574008387007e-16
1.375000000000000180e-02 8.431490428133002479e-02 1.644318206346174205e-01 6.894383851654364460e-14 3.466571183771502205e-15
1.500000000000000291e-02 4.849174379558851555e-02 9.951847637473017205e-02 3.537048402076790150e-13 3.322828743053339765e-14
1.625000000000000056e-02 2.813735397095140645e-02 5.205057725004277186e-02 1.631585887540659448e-12 2.519972667266490992e-13
1.750000000000000167e-02 1.668479670326209613e-02 2.734291718698498436e-02 6.978799365374225786e-12 1.503339444580405341e-12
1.875000000000000278e-02 1.017781732817909027e-02 1.486491049199267431e-02 2.375512610856545983e-11 7.107085977633313991e-12
2.000000000000000389e-02 6.403457876862752966e-03 8.449277780048343456e-03 6.047499652028596909e-11 2.735068130485018673e-11
2.125000000000000500e-02 4.156248865510725997e-03 5.045559862960350556e-03 1.641300293874262638e-10 8.877495403859748591e-11
2.250000000000000264e-02 2.780036683871247010e-03 3.163341407534986296e-03 4.274277750552754196e-10 2.511716476282765535e-10
2.375000000000000375e-02 1.912985923746468283e-03 2.048719787689163522e-03 1.027330876151976056e-09 6.361544465213942896e-10
2.500000000000000139e-02 1.351498490254053522e-03 1.396165268413501704e-03 2.268821624105907227e-09 1.470846552321217566e-09
2.625000000000000250e-02 9.782838541502699749e-04 9.761155889117822428e-04 4.662593112057963454e-09 3.158118519047737966e-09
2.750000000000000361e-02 7.240798758376222393e-04 7.075104819565889575e-04 8.931808264362028699e-09 6.386895404711753243e-09
2.875000000000000472e-02 5.469623469854527527e-04 5.245730113342977246e-04 1.606423945825687569e-08 1.230295373853245639e-08
3.000000000000000583e-02 4.209359019884690981e-04 3.983566793730966170e-04 2.751395759002582685e-08 2.255312146682271955e-08
3.125000000000000000e-02 3.295074142206716938e-04 3.075270626350812427e-04 4.453281768340407909e-08 4.022050444926899567e-08
3.250000000000000111e-02 2.619827589035847904e-04 2.429977421424139069e-04 6.945708969348080594e-08 6.907101650865585999e-08
3.375000000000000222e-02 2.112836984833195940e-04 1.963876269319156040e-04 1.034925958210747613e-07 1.163936105952963878e-07
3.500000000000000333e-02 1.726347371171506166e-04 1.604594625831668971e-04 1.481551726575768835e-07 1.928060712544526204e-07
3.625000000000000444e-02 1.427560277611915525e-04 1.324216347475821033e-04 2.050979814038944378e-07 3.144882058284126808e-07
3.750000000000000555e-02 1.193562047875375547e-04 1.121407164009119618e-04 2.758310297098639316e-07 5.070411661146895453e-07
3.875000000000000666e-02 1.008093997556949533e-04 9.512646669536813885e-05 3.634780419416714195e-07 8.102963059123865550e-07
4.000000000000000777e-02 8.594532688351104086e-05 8.082173717842853415e-05 4.658324957908839612e-07 1.296716494827328335e-06
4.125000000000000888e-02 7.390948066619986269e-05 7.059662562693174359e-05 5.776895580526451273e-07 2.089712062661129973e-06
4.250000000000000999e-02 6.407005452327654729e-05 6.135113084798448193e-05 7.526061365536249958e-07 3.338008279443243998e-06
4.375000000000000416e-02 5.595461812570428755e-05 5.386845568827284154e-05 9.730595738905929324e-07 5.407010948344158353e-06
4.500000000000000527e-02 4.920544703529379288e-05 4.773051583223654292e-05 1.348303562215687914e-06 8.774706214872559046e-06
4.625000000000000638e-02 4.354893720969239151e-05 4.226445567858672905e-05 2.436951547844577208e-06 1.381168484813482343e-05
4.750000000000000749e-02 3.877408672024339111e-05 3.807226800044309699e-05 6.165214317704301984e-06 1.984455637745180924e-05
4.875000000000000860e-02 3.471619514012162918e-05 3.443815270332595447e-05 1.561918815852301397e-05 2.493843858612791633e-05
5.000000000000000278e-02 3.124572941473866851e-05 3.125411857831453526e-05 2.834652126505784043e-05 3.171004356773888698e-05
