# time 1 2 D-1 D
0.000000000000000000e+00 9.999999603422871086e-01 1.961494246081850296e-08 3.935426516858396320e-35 9.336363881406017196e-36
5.000000000000000104e-04 9.990094396469357818e-01 1.733662488862379469e-05 2.992033727301658741e-28 8.350194305830570901e-25
1.000000000000000021e-03 9.955589239661777334e-01 3.461377347088874751e-04 8.237560255162691610e-24 4.406765685185616081e-21
1.500000000000000248e-03 9.881210482663657091e-01 2.200311923354995262e-03 4.016005968608882759e-21 7.125488849190781706e-19
2.000000000000000042e-03 9.733332398830739640e-01 8.645505656379214379e-03 3.388633608519639291e-19 2.715199975904107299e-17
2.500000000000000052e-03 9.450292433358624677e-01 2.563383364283309054e-02 1.068496192608750475e-17 4.629607522072932554e-16
3.000000000000000496e-03 8.946196830413243317e-01 6.154494482043277453e-02 1.753641136558549016e-16 4.710537546646140376e-15
3.500000000000000507e-03 8.157088139670175542e-01 1.218806772758438683e-01 1.799606646332466811e-15 3.342898133897612765e-14
4.000000000000000083e-03 7.124801092123067559e-01 2.020670800880269014e-01 1.273600755083432187e-14 1.820150523057983561e-13
4.500000000000000527e-03 6.013365556860132966e-01 2.832319905075106892e-01 6.499430205709784490e-14 8.098070098204379210e-13
5.000000000000000104e-03 4.998154758427250655e-01 1.992535581513514842e-01 2.398135982402538476e-13 3.073785517630950253e-12
5.500000000000000548e-03 4.166955408534274707e-01 8.301479761381676259e-02 6.007821018538558341e-13 1.023130868115222365e-11
6.000000000000000992e-03 3.524862450695609994e-01 6.165456823920362206e-02 8.042454490385597849e-13 3.016096498820596554e-11
6.500000000000000569e-03 3.040193310285426165e-01 5.352603965924340734e-02 1.536417074034022538e-13 7.785609238485225128e-11
7.000000000000001013e-03 2.675457461057145214e-01 4.898325811188069395e-02 1.602991958736287763e-12 1.725320587745946826e-10
7.499999999999999722e-03 2.398951386419954090e-01 4.590360786352185724e-02 1.851991226931757908e-11 3.282379820511482289e-10
8.000000000000000167e-03 2.186750572258640557e-01 4.354226238438838742e-02 7.320861629250035830e-11 5.476205287198020348e-10
8.500000000000000611e-03 2.021564786565701322e-01 4.157721828761670041e-02 1.841261543447096111e-10 8.189507832229877754e-10
9.000000000000001055e-03 1.891064907602559575e-01 3.992193686927605206e-02 2.987462888474643270e-10 1.115900180052762562e-09
9.500000000000001499e-03 1.786453572791676381e-01 3.860612096959274014e-02 1.591775000276764207e-10 1.403172792391776658e-09
1.000000000000000021e-02 1.701409353266848945e-01 3.746923781986038343e-02 2.077290989291470624e-11 1.645297684279921514e-09
1.050000000000000065e-02 1.631342633673197040e-01 3.635163573868668840e-02 2.457404981642037649e-10 1.814359614507844875e-09
1.100000000000000110e-02 1.572883087213787501e-01 3.535659280038599972e-02 3.753149778358419607e-10 1.894274574833087489e-09
1.150000000000000154e-02 1.523526167374224527e-01 3.443807598042404605e-02 3.739465596939260771e-10 1.881608216926336234e-09
1.200000000000000198e-02 1.481389615310302610e-01 1.956059348903278414e-02 4.529209368849842480e-10 1.783848680503047109e-09
1.250000000000000069e-02 1.445042826720019935e-01 5.619303273645745575e-04 4.589041313106681776e-10 1.616396228574029421e-09
1.300000000000000114e-02 1.413386881892877422e-01 8.086020744341043415e-04 3.272922306455487708e-09 1.399255050159305121e-09
1.350000000000000158e-02 1.385569089505702955e-01 5.860395838776262653e-04 2.266844775526626639e-07 1.154023763972398522e-09
1.400000000000000203e-02 1.360921439307122283e-01 5.991430289006775389e-04 2.464764531800612234e-07 9.015215454028460174e-10
1.450000000000000247e-02 1.338915764472653203e-01 5.893459246576306446e-04 2.655292009319361740e-07 6.601959798033147887e-10
1.499999999999999944e-02 1.319130778363765411e-01 5.294709507919618564e-04 2.837339049275264227e-07 4.451994661648658978e-10
1.550000000000000162e-02 1.301227709182306291e-01 4.743177233784600841e-04 3.009299248779386096e-07 2.680395419993247038e-10
1.600000000000000033e-02 1.284932024185801436e-01 4.121378263032535508e-04 3.173010423488970899e-07 1.366629657191146568e-10
1.650000000000000078e-02 1.270019358192761849e-01 4.123919862673679215e-04 3.328428947631136582e-07 5.578651968127487286e-11
1.700000000000000122e-02 1.256304815592522717e-01 3.776503089850087938e-04 3.475445620446728673e-07 2.737723742999527658e-11
1.750000000000000167e-02 1.243635379192450513e-01 3.362270422271199447e-04 3.614922814056198376e-07 5.118887781540776223e-11
1.800000000000000211e-02 1.231883360829973822e-01 3.287186633859707011e-04 3.747385996324602112e-07 1.252955654658738226e-10
1.850000000000000255e-02 1.220941376848001664e-01 2.996643574918195089e-04 3.872663555163456853e-07 2.465344874447388128e-10
1.900000000000000300e-02 1.210718643188160720e-01 2.838035794981659315e-04 3.992106712350187523e-07 4.109677008908954083e-10
1.950000000000000344e-02 1.201137970986166925e-01 2.281505376439008786e-04 4.105363741673864665e-07 6.142269337759750970e-10
2.000000000000000042e-02 1.192138987808258749e-01 2.420211159715777516e-04 4.213445408847839262e-07 8.516019582307372668e-10
