# time 1 2 D-1 D
0.000000000000000000e+00 9.999999496338614069e-01 1.550180991789538690e-08 4.709553831722183472e-37 2.096719171657137183e-36
5.000000000000000104e-04 9.969244037167779293e-01 4.045423431481625037e-05 4.000367106176779548e-28 7.779739763304024906e-31
1.000000000000000021e-03 9.879145452179648457e-01 2.070612498854738600e-04 1.890962763904799456e-23 1.205238213380680177e-25
1.500000000000000248e-03 9.731422480940102870e-01 6.035673214072151361e-04 1.561390084668374547e-20 1.998983252564241530e-22
2.000000000000000042e-03 9.525457738626468274e-01 1.410054576119597553e-03 2.491051628467200934e-18 5.356374117760950809e-20
2.500000000000000052e-03 9.257630396869623857e-01 2.944861020008989697e-03 1.599116627015005067e-16 5.365639070549136153e-18
3.000000000000000496e-03 8.920094029546848935e-01 5.793940697906196403e-03 5.696166826179153983e-15 2.848442206016719426e-16
3.500000000000000507e-03 8.498336457679778189e-01 1.106203893409545697e-02 1.311999044895837925e-13 9.276928703935256382e-15
4.000000000000000083e-03 7.966168368355430740e-01 2.093870060681380166e-02 2.074375715496290356e-12 1.936594446040350400e-13
4.500000000000000527e-03 7.275915866091272610e-01 3.968690446864814314e-02 2.191314540032866369e-11 2.612033078852021670e-12
5.000000000000000104e-03 6.344688024228952727e-01 7.531439393211679378e-02 1.481818968113863304e-10 2.328629293972447669e-11
5.500000000000000548e-03 5.070380189398265847e-01 1.379234839237032939e-01 7.107187180771860832e-10 1.442457416907656919e-10
6.000000000000000992e-03 3.503002314874830159e-01 2.228903621374538069e-01 2.686129816535895531e-09 6.605336491649525051e-10
6.500000000000000569e-03 2.060884711282895132e-01 2.889839681336285881e-01 8.338337591104152312e-09 2.371022400325824672e-09
7.000000000000001013e-03 1.109098245563632651e-01 3.000594435315240283e-01 2.163548111957781100e-08 7.005850806208545126e-09
7.499999999999999722e-03 5.909572286306657984e-02 2.617420910526681022e-01 4.904588420417100271e-08 1.771099818617537508e-08
8.000000000000000167e-03 3.237338541757322358e-02 1.884888324494999323e-01 9.916020434911047378e-08 3.947117904586658001e-08
8.500000000000000611e-03 1.844865090865313584e-02 4.339349759861069883e-02 1.828112414407548471e-07 7.936468656069847094e-08
9.000000000000001055e-03 1.095483546354503700e-02 6.742721028139131781e-03 3.121648799522993705e-07 1.465925298002725793e-07
9.500000000000001499e-03 6.764845148617581148e-03 2.562862525029610018e-03 4.996523411872037832e-07 2.522812074060808471e-07
1.000000000000000021e-02 4.330425170361501541e-03 1.334742033322192968e-03 7.605287709242555975e-07 4.091024372052051960e-07
1.050000000000000065e-02 2.863609250841881153e-03 8.133368906833615989e-04 1.104863801688047489e-06 6.307757521996225676e-07
1.100000000000000110e-02 1.949623646595921925e-03 5.553941608149699175e-04 1.545087852687761124e-06 9.315229444114494352e-07
1.150000000000000154e-02 1.362415377952794996e-03 4.013302045029554579e-04 2.094735029678150614e-06 1.325532985610591284e-06
1.200000000000000198e-02 9.745439852838339283e-04 3.022995969185404892e-04 2.759742718104559627e-06 1.826482948693360611e-06
1.250000000000000069e-02 7.118325507593943873e-04 2.373490910151226105e-04 3.541814307826635159e-06 2.447134009564532908e-06
1.300000000000000114e-02 5.298527586941408594e-04 1.907942181811060655e-04 4.453709439450578606e-06 3.199025746367317320e-06
1.350000000000000158e-02 4.012512004420731339e-04 1.570140831760067973e-04 5.501394195525355008e-06 4.092257524414911733e-06
1.400000000000000203e-02 3.084047602726181056e-04 1.311563969625341084e-04 6.671317236666312781e-06 5.135358107560465359e-06
1.450000000000000247e-02 2.405810726191962663e-04 1.111102629321388555e-04 7.990259214490380444e-06 6.335226114761648211e-06
1.499999999999999944e-02 1.899192879731026484e-04 9.555541061188614258e-05 9.428230879098396951e-06 7.697132596218070794e-06
1.550000000000000162e-02 1.519001011338496731e-04 8.264666599385288846e-05 1.100353855877576792e-05 9.224771526766898985e-06
1.600000000000000033e-02 1.227246659230396650e-04 7.228823670930955268e-05 1.269847534824899083e-05 1.092034483009931511e-05
1.650000000000000078e-02 1.002027369999488221e-04 6.366176545963034522e-05 1.452583610889862913e-05 1.278467442093186979e-05
1.700000000000000122e-02 8.260437491563487103e-05 5.645984844655491163e-05 1.648634378494195869e-05 1.481733065457090023e-05
1.750000000000000167e-02 6.865385362561113672e-05 5.038688531487277110e-05 1.853463533534001462e-05 1.701674756274849465e-05
1.800000000000000211e-02 5.759029562396403843e-05 4.517355645630432984e-05 2.072128039386536322e-05 1.938037011739895241e-05
1.850000000000000255e-02 4.861000630663405185e-05 4.075568078351406046e-05 2.299362470971906588e-05 2.190478900958922338e-05
1.900000000000000300e-02 4.141385227106726224e-05 3.686915231330305850e-05 2.535583529616765969e-05 2.458586729144423107e-05
1.950000000000000344e-02 3.548030751796635177e-05 3.350448136577401282e-05 2.785913719175733271e-05 2.741888664188911725e-05
2.000000000000000042e-02 3.059628428087301502e-05 3.060364617011825843e-05 3.042790666309361049e-05 3.039858230990475220e-05
