# time 1 2 D-1 D
0.000000000000000000e+00 9.999999515290119989e-01 5.424284645150701679e-09 2.438661825685686115e-35 2.809319573954324592e-36
1.250000000000000243e-03 9.999986514420219352e-01 1.799091900493339393e-08 4.345000546725425351e-34 2.126499127173769182e-35
2.500000000000000486e-03 9.999787656437680861e-01 7.204925890562104130e-07 4.140892423458770657e-30 9.281539809388884449e-31
3.750000000000000729e-03 9.998908713810363835e-01 4.959450977790317375e-06 1.129074595412130536e-27 1.931377909818217510e-28
5.000000000000000971e-03 9.996431119877061677e-01 2.134459849921029235e-05 7.318586062095028797e-26 8.485668279590743210e-27
6.250000000000000347e-03 9.990802090133396041e-01 6.961135768162822056e-05 5.259166759043826292e-25 5.106884217551186401e-26
7.500000000000001457e-03 9.979475160681130497e-01 1.869780860178265941e-04 2.865757906368125808e-24 2.247720532894849009e-25
8.750000000000000833e-03 9.958391909633157457e-01 4.439968557748626989e-04 1.543622810685531323e-23 6.752465287588565472e-25
1.000000000000000194e-02 9.921308342283469139e-01 9.891048823332045277e-04 6.563548742334862884e-23 1.777530330882225905e-24
1.125000000000000132e-02 9.858946788417078944e-01 2.056454962227258036e-03 1.894793927271143613e-22 4.135220997004059943e-24
1.250000000000000069e-02 9.757856066316850097e-01 4.153548622585992271e-03 4.834295066905889473e-22 8.353257616706331957e-24
1.375000000000000180e-02 9.598652976165960027e-01 8.074561308618244740e-03 1.169812905707019458e-21 1.298955462609673556e-23
1.500000000000000291e-02 9.353066342745682826e-01 1.553068346490903140e-02 2.800720076229243770e-21 8.596046734491639595e-24
1.625000000000000056e-02 8.979250224835904071e-01 2.935520737050123161e-02 6.769895699797993201e-21 8.535940299919685688e-24
1.750000000000000167e-02 8.419353871417326607e-01 5.437007066373129166e-02 1.628225215565488435e-20 5.257036766449549836e-22
1.875000000000000278e-02 7.613538575860824276e-01 9.552625103548563479e-02 3.704692141955544303e-20 5.633869958413172034e-21
2.000000000000000389e-02 6.542755546074566775e-01 1.550793713340172797e-01 7.342808447996811486e-20 3.581673814797287783e-20
2.125000000000000500e-02 5.337137779190105347e-01 2.208882582389972149e-01 1.219139681058169463e-19 1.658754468559541772e-19
2.250000000000000264e-02 4.219298199724421106e-01 2.728193424792975663e-01 1.528520407465911362e-19 6.023727736290312849e-19
2.375000000000000375e-02 3.325571216067471081e-01 2.997397647910359231e-01 1.278932100910530321e-19 1.795107626050185447e-18
2.500000000000000139e-02 2.669443086957580813e-01 3.027999015417725537e-01 3.637472703075816529e-20 4.514984705575560417e-18
2.625000000000000250e-02 2.198828810543636270e-01 2.891492886198574475e-01 1.212080223202372286e-20 9.752423422014729210e-18
2.750000000000000361e-02 1.855912515684392805e-01 2.666664251433651933e-01 2.593397008777789940e-19 1.846992934490228630e-17
2.875000000000000472e-02 1.599402527548516306e-01 2.405656470984960382e-01 1.164261957218134183e-18 3.140700214819845563e-17
3.000000000000000583e-02 1.401534390898203086e-01 2.153360096594347795e-01 2.632179734091434638e-18 4.848508556252103039e-17
3.125000000000000000e-02 1.244024357208075721e-01 1.965162397970521280e-01 4.471373066383718338e-18 6.942821662098955120e-17
3.250000000000000111e-02 1.114684691621345564e-01 2.311324230513621056e-02 5.715850608190199354e-18 9.372892300108453899e-17
3.375000000000000222e-02 1.005180061804038377e-01 2.354337828494002666e-02 8.644765500496837072e-18 1.194650155148514571e-16
3.500000000000000333e-02 9.096196667804257174e-02 2.533446416364696155e-02 1.102070930344734542e-17 1.469545245374253515e-16
3.625000000000000444e-02 8.236823702533165037e-02 2.779465617817044459e-02 1.047612002779407062e-17 1.735926724316410005e-16
3.750000000000000555e-02 7.440749603011724556e-02 3.063023116488260492e-02 1.249365574879997736e-17 1.989456936418643471e-16
3.875000000000000666e-02 6.682091874472577409e-02 3.400311600976676368e-02 9.216483744176465547e-18 2.271765582693618455e-16
4.000000000000000777e-02 5.940415222996241196e-02 3.779082836731265105e-02 4.819697888785393558e-18 2.571396886168567271e-16
4.125000000000000888e-02 5.200565580743705951e-02 4.206622587540222863e-02 1.767186407516628527e-18 2.874925036633137577e-16
4.250000000000000999e-02 4.453915326345797565e-02 4.682980769558989925e-02 8.532513561374547088e-20 3.185453385514323411e-16
4.375000000000000416e-02 3.700809114819103574e-02 5.180386927991179752e-02 2.135604809655658086e-18 3.552871716721170715e-16
4.500000000000000527e-02 2.952996314380473483e-02 5.687280967310016921e-02 4.671648223945633553e-18 3.794023679686379371e-16
4.625000000000000638e-02 2.236318527253651489e-02 6.164161532565234219e-02 1.294038568701425742e-17 4.096079674802069720e-16
4.750000000000000749e-02 1.584004241977426258e-02 6.575812887754270419e-02 2.240868266484036868e-17 4.311782190519763120e-16
4.875000000000000860e-02 1.031192578771772048e-02 6.881804087076093257e-02 3.310569738827180716e-17 4.500079195239453891e-16
5.000000000000000278e-02 6.013413372408966950e-03 7.065552594204908832e-02 4.788162460719662039e-17 4.653098892413654657e-16
