# time 1 2 D-1 D
0.000000000000000000e+00 9.999999515290119989e-01 5.424284645150701679e-09 2.438661825685686115e-35 2.809319573954324592e-36
1.250000000000000243e-03 9.999981301979280479e-01 3.083289108017791256e-08 4.479606932892190967e-34 3.562148515343519851e-35
2.500000000000000486e-03 9.999705786283582531e-01 1.081075316302527709e-06 3.567786150950795241e-30 8.201380533994485432e-31
3.750000000000000729e-03 9.998501801939233546e-01 7.181748764977728080e-06 6.868340533073186300e-28 1.231967945098802357e-28
5.000000000000000971e-03 9.995163424761088766e-01 3.006135865082902885e-05 6.040969890646524824e-26 6.973457359131378841e-27
6.250000000000000347e-03 9.987732478532803659e-01 9.541989455716514833e-05 4.053399268203714988e-25 3.734974427106894356e-26
7.500000000000001457e-03 9.973120036480721540e-01 2.492121632290920387e-04 2.167082032993204833e-24 1.637908140733658023e-25
8.750000000000000833e-03 9.946571873276340847e-01 5.747302029138408623e-04 1.156830171594613132e-23 4.948761152568153710e-25
1.000000000000000194e-02 9.901002816469482992e-01 1.242634239475651605e-03 4.847030028325470187e-23 1.306728779619879584e-24
1.125000000000000132e-02 9.826199399520129107e-01 2.506349743945918054e-03 1.381363315392002273e-22 3.084009055285024862e-24
1.250000000000000069e-02 9.707781767989498434e-01 4.913052018109393543e-03 3.495670064427907328e-22 6.265572385174779803e-24
1.375000000000000180e-02 9.525600515975375382e-01 9.275807905499403386e-03 8.478823419829086141e-22 9.337536126005354999e-24
1.500000000000000291e-02 9.251016859876296516e-01 1.735414634050391411e-02 2.050707817061009826e-21 4.395645890232670411e-24
1.625000000000000056e-02 8.842622566021439701e-01 3.196497832546761619e-02 5.075302065617909175e-21 1.723704364380073845e-23
1.750000000000000167e-02 8.244644459650359858e-01 5.784231283701593562e-02 1.254543514931147295e-20 5.928307623572889011e-22
1.875000000000000278e-02 7.402145056021837144e-01 9.957454728676386202e-02 2.913506946779393216e-20 5.617094089394994039e-21
2.000000000000000389e-02 6.303909516842076677e-01 1.588717394879941569e-01 5.855896799239037433e-20 3.318757516797778959e-20
2.125000000000000500e-02 5.086837796315147875e-01 2.231247747612140342e-01 9.738012863891349454e-20 1.451927557022834186e-19
2.250000000000000264e-02 3.972486823176081261e-01 2.725134596117164687e-01 1.206537392552113537e-19 5.014253042145134595e-19
2.375000000000000375e-02 3.090414887112841735e-01 2.967218884710844939e-01 9.878879751600776717e-20 1.425677266734741923e-18
2.500000000000000139e-02 2.447891275556346447e-01 2.975553950598106012e-01 3.156377003029287530e-20 3.411382899058145911e-18
2.625000000000000250e-02 1.989890050688422618e-01 2.824547143841330543e-01 4.576305295223987766e-21 7.039865794681739530e-18
2.750000000000000361e-02 1.657920653702146807e-01 2.592210751104558897e-01 1.840977784645571774e-19 1.289360242130172620e-17
2.875000000000000472e-02 1.410768839098242022e-01 2.329297862385187601e-01 7.780500435059801121e-19 2.114900230808261565e-17
3.000000000000000583e-02 1.220993937530173851e-01 2.078755116217066989e-01 1.670888963568495455e-18 3.198638296175562747e-17
3.125000000000000000e-02 1.070666183224164986e-01 1.893195820981829758e-01 2.973682439478373999e-18 4.488019630235320706e-17
3.250000000000000111e-02 9.479214595766345675e-02 2.240260737675858760e-02 3.704788818860773346e-18 6.017220507500927988e-17
3.375000000000000222e-02 8.447096524308209120e-02 2.249894277354554800e-02 4.010154817720011495e-18 7.771929266417860714e-17
3.500000000000000333e-02 7.553951221105510705e-02 2.386547116591745607e-02 3.930812542937805358e-18 9.869168359557995998e-17
3.625000000000000444e-02 6.758945469597232858e-02 2.581560263496656890e-02 2.838556682713393014e-18 1.238085160812900211e-16
3.750000000000000555e-02 6.031476093972811675e-02 2.805048080946829364e-02 2.280828460008181975e-18 1.498234322704921216e-16
3.875000000000000666e-02 5.348033879351155040e-02 3.071087369586402577e-02 1.973755101681323637e-18 1.799190501685871153e-16
4.000000000000000777e-02 4.690621869428376195e-02 3.366365040089584065e-02 3.566796770202142214e-19 2.180505372123646148e-16
4.125000000000000888e-02 4.046466108495482689e-02 3.696121957776498518e-02 2.548921622923173055e-20 2.566398800133329198e-16
4.250000000000000999e-02 3.408890419162741853e-02 4.058830552128924601e-02 5.110361783672318939e-19 2.963034254296388702e-16
4.375000000000000416e-02 2.779061022200010264e-02 4.428213233448819591e-02 2.381580891393984072e-18 3.382972083131771528e-16
4.500000000000000527e-02 2.167504357115920821e-02 4.794297496668420422e-02 5.521574354876616625e-18 3.768842426112543826e-16
4.625000000000000638e-02 1.595513163281240751e-02 5.123781617226840640e-02 9.264477037374285990e-18 4.128548596494204081e-16
4.750000000000000749e-02 1.088976485620942597e-02 5.389137135932698525e-02 1.677824714490390524e-17 4.467465325545778792e-16
4.875000000000000860e-02 6.734157351614039264e-03 5.561075971026609166e-02 2.553016113228939355e-17 4.765776936422316080e-16
5.000000000000000278e-02 3.634053545562355644e-03 5.630604907415571320e-02 3.660152627516285905e-17 4.995520372370249638e-16
