# time 1 2 D-1 D
0.000000000000000000e+00 9.999999716882279621e-01 1.868666232054879470e-08 8.278125092078254203e-35 2.005400709342514700e-34
1.250000000000000243e-03 9.999990798886095877e-01 4.539359216478278185e-07 8.611101826681159761e-21 2.495178381294532363e-22
2.500000000000000486e-03 9.999812047701910345e-01 1.029281763425824443e-05 1.106520373783205277e-19 2.673453049252703834e-21
3.750000000000000729e-03 9.998723448870758812e-01 7.889120077569764964e-05 1.369974330667622409e-18 3.651329540427008150e-22
5.000000000000000971e-03 9.994451108396833483e-01 3.834018732671136344e-04 1.060270520197201181e-17 1.081752663792578852e-19
6.250000000000000347e-03 9.981187973743836928e-01 1.420294584642214746e-03 9.011399548438647486e-17 4.517966771973985341e-18
7.500000000000001457e-03 9.946625956259614876e-01 4.308851470523758671e-03 7.820141549923084109e-16 1.150977596437659663e-16
8.750000000000000833e-03 9.871124493352214646e-01 1.089772529826254013e-02 5.829463991914513291e-15 1.865562756138276374e-15
1.000000000000000194e-02 9.736598889202819906e-01 2.283636062493746635e-02 3.279138187225844925e-14 1.865951258987117949e-14
1.125000000000000132e-02 9.545655796661700609e-01 3.930400688436410522e-02 1.352807744714837399e-13 1.178986960376758857e-13
1.250000000000000069e-02 9.328508383315068375e-01 5.515016463611047137e-02 3.877893151999175835e-13 4.712140647592948972e-13
1.375000000000000180e-02 9.122658936041855293e-01 6.157737695576191717e-02 7.589970245486959288e-13 1.208977984813539931e-12
1.500000000000000291e-02 8.950663025867764411e-01 5.574592280107387721e-02 1.009112945267391154e-12 2.026025296489733170e-12
1.625000000000000056e-02 8.817316268380409605e-01 4.666033853725057995e-02 8.663843539646483798e-13 2.223142568281296589e-12
1.750000000000000167e-02 8.717728609179911103e-01 3.947247726817344066e-02 3.437804922301814459e-13 1.567933681644680938e-12
1.875000000000000278e-02 8.644370971580551677e-01 3.451334681518453823e-02 6.636283638767045870e-14 6.670753695382018197e-13
2.000000000000000389e-02 8.590349664258440932e-01 3.112863137549209611e-02 1.470443600163426535e-12 1.303617295831223686e-13
2.125000000000000500e-02 8.550298425551072778e-01 2.864212649119127901e-02 6.219668856510816185e-12 5.210918896277275062e-14
2.250000000000000264e-02 8.520305816137451194e-01 2.672117246840196789e-02 1.537587822585833953e-11 4.171091679074817621e-13
2.375000000000000375e-02 8.497593423776158561e-01 2.520027161467298243e-02 2.948368734432893579e-11 1.328252827041805611e-12
2.500000000000000139e-02 8.480199882266776790e-01 2.394443457050548368e-02 4.934697151955146973e-11 2.966148868944983385e-12
2.625000000000000250e-02 8.466735464162351565e-01 2.289201108509526447e-02 7.625591710283922194e-11 5.488452349498664175e-12
2.750000000000000361e-02 8.456207244344786655e-01 2.198909607544188155e-02 1.114928885005801293e-10 8.984175507689487959e-12
2.875000000000000472e-02 8.447898676980566401e-01 2.123265977074505553e-02 1.488331846147117186e-10 1.345358175115547187e-11
3.000000000000000583e-02 8.441286872516244877e-01 2.056515026196340315e-02 9.154186150707866263e-12 1.880946325704449261e-11
3.125000000000000000e-02 8.435986959098636939e-01 1.998209352763644434e-02 5.987014708368690300e-12 2.489951175368452437e-11
3.250000000000000111e-02 8.431712734186930236e-01 1.947929267316571983e-02 9.076489373268715293e-12 3.151201750853680223e-11
3.375000000000000222e-02 8.428250585754109014e-01 1.903821867482861224e-02 1.044508924606998155e-11 3.842591941842785210e-11
3.500000000000000333e-02 8.425439637173177676e-01 1.865746068959939566e-02 1.012609916674834445e-11 4.539224227012961281e-11
3.625000000000000444e-02 8.423158979951923531e-01 1.831433809404913599e-02 9.172347864218235246e-12 5.221009545479868965e-11
3.750000000000000555e-02 8.421316769232892741e-01 1.800438617693818702e-02 7.994239078521089707e-12 5.865136456031076757e-11
3.875000000000000666e-02 8.419843650923420908e-01 1.773786222079603431e-02 6.600086658694758038e-12 6.458828275613674219e-11
4.000000000000000777e-02 8.418686313904909513e-01 1.749459538957477689e-02 5.328130957122350191e-12 6.986405947532197034e-11
4.125000000000000888e-02 8.417803603118975131e-01 1.728287186894740535e-02 3.990034626901007619e-12 7.443862104271454933e-11
4.250000000000000999e-02 8.417162556004692542e-01 1.709183754339150749e-02 2.757864569394285785e-12 7.822117224870957773e-11
4.375000000000000416e-02 8.416736192746616663e-01 1.691428697056901465e-02 1.761473704537698857e-12 8.126794280144095747e-11
4.500000000000000527e-02 8.416501075908195961e-01 1.676698548379473505e-02 1.213065583357303875e-12 8.354933716006258619e-11
4.625000000000000638e-02 8.416436231537333112e-01 1.662899439585815292e-02 7.584580962373390606e-13 8.515905225176066727e-11
4.750000000000000749e-02 8.416522073338186249e-01 1.650267322338777251e-02 5.338800370159629907e-13 8.611512547016238306e-11
4.875000000000000860e-02 8.416740139281055910e-01 1.638900757542575623e-02 5.731132551879012346e-13 8.653901608719025833e-11
5.000000000000000278e-02 8.417074056603846000e-01 1.628783788184976974e-02 7.806852756740644297e-13 8.645322263119170311e-11
