# time 1 2 D-1 D
0.000000000000000000e+00 9.999999581155636363e-01 2.570372805567719523e-08 2.849019771957498699e-35 1.404440242744159598e-35
5.000000000000000104e-04 9.999976241212052974e-01 1.394341064159862247e-06 3.002199409550285447e-29 1.347977373421994964e-28
1.000000000000000021e-03 9.999501933412329180e-01 3.207834707747497582e-05 8.897564050942973489e-26 5.852991662924961095e-26
1.500000000000000248e-03 9.996485718644436691e-01 2.475530384584245618e-04 1.175761537009498170e-24 9.676988074640933191e-25
2.000000000000000042e-03 9.984172043529594420e-01 1.194821248547014774e-03 1.056942904273392985e-23 1.965307612698195848e-23
2.500000000000000052e-03 9.945080400266591569e-01 4.366919403740201350e-03 8.294802437369337524e-23 1.757769554027821024e-22
3.000000000000000496e-03 9.844177233415605244e-01 1.277751977917391743e-02 7.265143688844707675e-22 9.480218522177761162e-22
3.500000000000000507e-03 9.636037099915426563e-01 2.995741966345583443e-02 7.329491370580829426e-21 1.855398892783613814e-21
4.000000000000000083e-03 9.304488949868844339e-01 5.523445760073948663e-02 6.197647046827855336e-20 2.710643399199530078e-21
4.500000000000000527e-03 8.899437378411347854e-01 7.909264961915474235e-02 3.479328046721264571e-19 3.443199839398138491e-19
5.000000000000000104e-03 8.503570135975853095e-01 9.030606882693199833e-02 1.026683584062789203e-18 4.818074637580850075e-18
5.500000000000000548e-03 8.171461468078614621e-01 8.966212730908984518e-02 9.102655017711872244e-19 2.986608908645723168e-17
6.000000000000000992e-03 7.916280621302469456e-01 8.455973503836682059e-02 4.827654763226139265e-19 1.026646321729162470e-16
6.500000000000000569e-03 7.728661039055088056e-01 7.957261956694156035e-02 2.048187876164301031e-17 2.174512084320134405e-16
7.000000000000001013e-03 7.593319813003694962e-01 7.493377047887074538e-02 1.271044487214454265e-16 3.036370628435627056e-16
7.499999999999999722e-03 7.496285418032808678e-01 7.011387040876291936e-03 4.786905273865059879e-16 2.753205953468092827e-16
8.000000000000000167e-03 7.426721226789229080e-01 3.135672042384142575e-03 1.344902099740956064e-15 1.309996138949208522e-16
8.500000000000000611e-03 7.376747605064369884e-01 2.874670981805159051e-03 8.082807037125220299e-15 6.935669880151511192e-18
9.000000000000001055e-03 7.340775944557589305e-01 2.670713308356546800e-03 1.407280430457237215e-14 7.574550752722513652e-17
9.500000000000001499e-03 7.314866591656221662e-01 2.485346586815534789e-03 1.784128069738121465e-14 3.520225371774884042e-16
1.000000000000000021e-02 7.296233174779007680e-01 2.345370902534744690e-03 1.620528577994049569e-14 6.168455028118506946e-16
1.050000000000000065e-02 7.282889890444067538e-01 2.281650914479080652e-03 9.796870797720561203e-15 6.028594546673893204e-16
1.100000000000000110e-02 7.273410033391778384e-01 2.186164885076392807e-03 4.077199671254389150e-15 3.784638561945330071e-16
1.150000000000000154e-02 7.266759802548039548e-01 2.082644811530196590e-03 8.618189508657205516e-15 7.356610076681222559e-16
1.200000000000000198e-02 7.262184815389298720e-01 2.032043618116085963e-03 3.519494134372933962e-14 3.390874766288661230e-15
1.250000000000000069e-02 7.259133068811827183e-01 1.982325040786212574e-03 9.566615303531697705e-14 1.090175899460303815e-14
1.300000000000000114e-02 7.257199538306060571e-01 1.916919507652285878e-03 1.998237066990175266e-13 2.632371952521095738e-14
1.350000000000000158e-02 7.256087186205664175e-01 1.875750932157834675e-03 3.545332279003734101e-13 5.257730345853839654e-14
1.400000000000000203e-02 7.255578575690876386e-01 1.842549793240420581e-03 5.635521098861718326e-13 9.222360356310046172e-14
1.450000000000000247e-02 7.255515252950921479e-01 1.805003805242336255e-03 8.272393648885192109e-13 1.466982336618433486e-13
1.499999999999999944e-02 7.255782206363440290e-01 1.774297167441089406e-03 1.143333751854923726e-12 2.164834421282264258e-13
1.550000000000000162e-02 7.256296431179563022e-01 1.749734200936065931e-03 1.512300544041229613e-12 2.963320642709169406e-13
1.600000000000000033e-02 7.256998035121466906e-01 1.741949687669413832e-03 1.928440602779351651e-12 3.849357555094338889e-13
1.650000000000000078e-02 7.257843810785297167e-01 1.715122216318165551e-03 2.395181483753142788e-12 4.704536103171911740e-13
1.700000000000000122e-02 7.258802288270214120e-01 1.695615937212982278e-03 2.912193827780631970e-12 5.444031630295599686e-13
1.750000000000000167e-02 7.259850168238249912e-01 1.680672959751572729e-03 3.494380923796424773e-12 5.832164989213005536e-13
1.800000000000000211e-02 7.260970061944986842e-01 1.670637269563920654e-03 4.141431155334385496e-12 5.784647349272278243e-13
1.850000000000000255e-02 7.262148411802414882e-01 1.649214354367618991e-03 4.903381286852704100e-12 4.727207978083162910e-13
1.900000000000000300e-02 7.263374296618977377e-01 1.646073857007586275e-03 5.798575359677082041e-12 2.412243172844264172e-13
1.950000000000000344e-02 7.264638638203284593e-01 1.639302395753600497e-03 6.680808834417418773e-12 2.403440141796607910e-14
2.000000000000000042e-02 7.266009940042291726e-01 1.626997128322427589e-03 7.229713567301991397e-12 1.346826762316387287e-13
