# time 1 2 D-1 D
0.000000000000000000e+00 9.999999716882279621e-01 1.868666232054879470e-08 8.278125092078254203e-35 2.005400709342514700e-34
2.500000000000000052e-04 9.970555863188188539e-01 1.263546554480570990e-03 9.091733320279485497e-17 2.990307345772294346e-19
5.000000000000000104e-04 9.865448340722501319e-01 6.309116465739119176e-03 2.204847158918436873e-14 3.109217603158793422e-16
7.500000000000001240e-04 9.651478142348804967e-01 1.768238916734242785e-02 5.487389385578557944e-13 1.845810986760556310e-14
1.000000000000000021e-03 9.283317314466785763e-01 3.924772925455923683e-02 5.376927269252183884e-12 3.429082861752777422e-13
1.250000000000000026e-03 8.705725502140311267e-01 7.516078150392371815e-02 3.132125284132579563e-11 3.405350470341179139e-12
1.500000000000000248e-03 7.868275305447407497e-01 1.289910792934820249e-01 1.337449136030165349e-10 2.298346938742760479e-11
1.750000000000000253e-03 6.762363786012585143e-01 1.996916777890807293e-01 4.602062386064697671e-10 1.199568068279163863e-10
2.000000000000000042e-03 5.469771874335211947e-01 2.757630020015196526e-01 1.369029843121626073e-09 5.232225164310111004e-10
2.250000000000000264e-03 4.164820809044116334e-01 3.336008250421773069e-01 3.624514717892021057e-09 2.004873578672098992e-09
2.500000000000000052e-03 3.027219069639302540e-01 3.446423818999476141e-01 8.705118612819941875e-09 6.977606336825950919e-09
2.750000000000000274e-03 2.146386134914120558e-01 2.887979322412149719e-01 1.897392187691568365e-08 2.254992063028730871e-08
3.000000000000000496e-03 1.514711757868116571e-01 1.958689146320651553e-01 3.653238735269023890e-08 6.851961039823801497e-08
3.250000000000000284e-03 1.078845139668733882e-01 1.228958909086241141e-01 5.707346111265650924e-08 1.963068261929042260e-07
3.500000000000000507e-03 7.815905257885118196e-02 7.891223655783416446e-02 6.064991207175387045e-08 5.198589475006121845e-07
3.749999999999999861e-03 5.779636432215037173e-02 5.346137932034832757e-02 2.567588088431527371e-08 1.232497130877102428e-06
4.000000000000000083e-03 4.366276163650509995e-02 3.828468853439772474e-02 2.945380716840740731e-09 2.572683619590836746e-06
4.250000000000000305e-03 3.368156798922652961e-02 2.860204394741221873e-02 1.594598411949937926e-07 4.829292172627275813e-06
4.500000000000000527e-03 2.649880060893786138e-02 2.211302664236025964e-02 7.786972692486998824e-07 8.401707536405701444e-06
4.750000000000000749e-03 2.123102499403450166e-02 1.760259081389846728e-02 2.261798672283969427e-06 1.381907660656300630e-05
5.000000000000000104e-03 1.729634648202363345e-02 1.433327624269935263e-02 5.143173510007288709e-06 2.174403946794945767e-05
5.250000000000000326e-03 1.430615169511988659e-02 1.190098363827097293e-02 9.682277713759166379e-06 3.294368101448707121e-05
5.500000000000000548e-03 1.199677532026206112e-02 1.003824219858077439e-02 1.482926152865448440e-05 4.829222551727815546e-05
5.750000000000000770e-03 1.018635919546836445e-02 8.606530973759468281e-03 9.372217817092075412e-06 6.875788152703060402e-05
6.000000000000000992e-03 8.747400700954453129e-03 7.460565238549436880e-03 3.862089801778834921e-04 9.538280144628162962e-05
6.250000000000000347e-03 7.589076336722695888e-03 6.537192713487256952e-03 6.549113143232082948e-04 1.292552567497139051e-04
6.500000000000000569e-03 6.645701285783383455e-03 5.789186759109735993e-03 7.799681251185048821e-04 1.714730004807525664e-04
6.750000000000000791e-03 5.869083926045589802e-03 5.171072435567588589e-03 8.938811370451846781e-04 2.230995080137401375e-04
7.000000000000001013e-03 5.223385141225896956e-03 4.659683179068975327e-03 1.001717165027677780e-03 2.851161625048204444e-04
7.250000000000001235e-03 4.681611131279199770e-03 4.223680162349119013e-03 1.104128193690844841e-03 3.583746514048642478e-04
7.499999999999999722e-03 4.223186589864607113e-03 3.849212846360178415e-03 1.205455595512282523e-03 4.435548505057991184e-04
7.750000000000000812e-03 3.832252485170120192e-03 3.532498401255050255e-03 1.302521504928478647e-03 5.411833718633856640e-04
8.000000000000000167e-03 3.496456527560138153e-03 3.255327418963040176e-03 1.397206617755448153e-03 6.513578774698220407e-04
8.250000000000000389e-03 3.206083070987865522e-03 3.016384069240888189e-03 1.484794251732482950e-03 7.743105352884651965e-04
8.500000000000000611e-03 2.953419834131565131e-03 2.806063339341364603e-03 1.565098904363838601e-03 9.096317438845634776e-04
8.750000000000000833e-03 2.732291856832100470e-03 2.618220048771731975e-03 1.642650004092255237e-03 1.057098409612273809e-03
9.000000000000001055e-03 2.537714919658812154e-03 2.456074285689065217e-03 1.715064298725149953e-03 1.216099898576181561e-03
9.250000000000001277e-03 2.365635289636173165e-03 2.309564384568808283e-03 1.778837068845947949e-03 1.386617664279903147e-03
9.500000000000001499e-03 2.212732353948107175e-03 2.177867990239613829e-03 1.844615616241064441e-03 1.565967542784444918e-03
9.750000000000001721e-03 2.076267550880840206e-03 2.059486597078515231e-03 1.902122321665895323e-03 1.755254699898002764e-03
1.000000000000000021e-02 1.953969345349222154e-03 1.953288514744599882e-03 1.955447739598875113e-03 1.952867703018156985e-03
