# time 1 2 D-1 D
0.000000000000000000e+00 9.999999675561668244e-01 1.738195006883506586e-08 1.880790961315660013e-35 4.664949331238247975e-34
2.500000000000000486e-03 9.996537578858745166e-01 9.238485047660302108e-08 2.112119426446421253e-19 4.816236648206127353e-24
5.000000000000000971e-03 9.985655256540415525e-01 1.761770352327300346e-06 5.873193574198657231e-17 2.357129742781627956e-20
7.500000000000001457e-03 9.966980935530961316e-01 7.447283615495799093e-06 1.428204414947294831e-15 3.496347442558092812e-18
1.000000000000000194e-02 9.940792572598032839e-01 5.888129540998722582e-06 1.314614919357296895e-14 1.168746301272022122e-16
1.250000000000000069e-02 9.908105139343005296e-01 5.604630857316756552e-06 6.315203911360724786e-14 1.644323303408589541e-15
1.500000000000000291e-02 9.870530893892679458e-01 4.032856947087681040e-05 2.003142401015869585e-13 1.282671978709616784e-14
1.750000000000000167e-02 9.829875283617547366e-01 1.185435150793480360e-04 4.500464546326093255e-13 6.423674167423094573e-14
2.000000000000000389e-02 9.787595350551936413e-01 2.828587761702958765e-04 7.374011667334439672e-13 2.259809607833830210e-13
2.250000000000000264e-02 9.744360458897537436e-01 6.057282163638691343e-04 9.347355436955358979e-13 5.945665482920288355e-13
2.500000000000000139e-02 9.699873676219431529e-01 1.214527996531393180e-03 9.616119073843752860e-13 1.228017995252472311e-12
2.750000000000000361e-02 9.652907358044632291e-01 2.300899642943626637e-03 8.155332182457952481e-13 2.072321756412729411e-12
3.000000000000000583e-02 9.601406531157954394e-01 4.112027984597564807e-03 5.943920448698841300e-13 2.956545874407140107e-12
3.250000000000000111e-02 9.542597852421288440e-01 6.917722520211109713e-03 4.066411031109954876e-13 3.672780963388552908e-12
3.500000000000000333e-02 9.473164380889346203e-01 1.094236838068627163e-02 2.785772933319115591e-13 4.075417801622786956e-12
3.750000000000000555e-02 9.389556208453019304e-01 1.629155544604997397e-02 1.847425116956881392e-13 4.129321331498821603e-12
4.000000000000000777e-02 9.288402564519011584e-01 2.302672226500067712e-02 1.345178572613004608e-13 3.893261537701592146e-12
4.250000000000000999e-02 9.166886780434306825e-01 3.116139116817887023e-02 1.029132397822913008e-13 3.470881008929426043e-12
4.500000000000000527e-02 9.022945056277706932e-01 4.097465770250446893e-02 8.282034302998771008e-14 2.965471858120143027e-12
4.750000000000000749e-02 8.855251239771376737e-01 5.245816216759849326e-02 7.073928604599454068e-14 2.455197997033490344e-12
5.000000000000000278e-02 8.663062113230105554e-01 6.581045048441881706e-02 6.075981459179938059e-14 1.987492174836402506e-12
5.250000000000000500e-02 8.446039887716568773e-01 8.125275431774567347e-02 5.233588431253161750e-14 1.584238455963247461e-12
5.500000000000000722e-02 8.204134428610904139e-01 9.865796881334958079e-02 4.470043898441333090e-14 1.250186656040014704e-12
5.750000000000000944e-02 7.937583903652962736e-01 1.180450292195584505e-01 3.797298262771595967e-14 9.808629431872621285e-13
6.000000000000001166e-02 7.646883199826340904e-01 1.397249221350724269e-01 3.259525437754291332e-14 7.676454067468444793e-13
6.250000000000000000e-02 7.333113328248769269e-01 1.631495102257046192e-01 2.854327510496798519e-14 6.009416533319256190e-13
6.500000000000000222e-02 6.997491790677760060e-01 1.886680406284645117e-01 2.660172646517172783e-14 4.717677495573723744e-13
6.750000000000000444e-02 6.645643635220248591e-01 2.154106455965740796e-01 2.557997143472779205e-14 3.724962565806945686e-13
7.000000000000000666e-02 6.273847031914737693e-01 2.439172821017955572e-01 2.610322095634856285e-14 2.967455717403051596e-13
7.250000000000000888e-02 5.881922058530875130e-01 2.741689835142939180e-01 2.733146088667006274e-14 2.392501512530130315e-13
7.500000000000001110e-02 5.486340129860749482e-01 3.046632371412454909e-01 2.804514349926979696e-14 1.957579521682906692e-13
7.750000000000001332e-02 5.087830815883090940e-01 3.353129568722794662e-01 2.674802611218212496e-14 1.628430825685780520e-13
8.000000000000001554e-02 4.691890428630577370e-01 3.656224323120253472e-01 2.368652772188486792e-14 1.378055531954545464e-13
8.250000000000001776e-02 4.297139670604108730e-01 3.957209539035098644e-01 1.918263706747066599e-14 1.185603862438275610e-13
8.500000000000001998e-02 3.910585973601321541e-01 4.249927335487332924e-01 1.468529043963536400e-14 1.034731171799544326e-13
8.750000000000000833e-02 3.540665988113008700e-01 4.526049813318337445e-01 1.075695713037156935e-14 9.116431216648653785e-14
9.000000000000001055e-02 3.193344496443591418e-01 4.779748087717439753e-01 7.906586287473641825e-15 8.093687462039356393e-14
9.250000000000001277e-02 2.861801356445154432e-01 5.018755675606714206e-01 5.973637622832070020e-15 7.218573304089156851e-14
9.500000000000001499e-02 2.551147208112484743e-01 5.237420131787742239e-01 4.938540183138994238e-15 6.438702344219910137e-14
9.750000000000001721e-02 2.275630216401893502e-01 5.422077525739401604e-01 4.765379547573936602e-15 5.727889393379083504e-14
1.000000000000000056e-01 2.012179585245699176e-01 5.595867052536109831e-01 5.122984394374543220e-15 5.090058552054590266e-14
