# lambda 1 2 D-1 D
0.000000000000000000e+00 -1.499999993498438400e+01 -1.300000006085308613e+01 1.300000002926296716e+01 1.499999993983483293e+01
2.500000000000000139e-02 -1.463145350998479621e+01 -1.274818823938485401e+01 1.274823081523003232e+01 1.463155029531344375e+01
5.000000000000000278e-02 -1.427629146837438689e+01 -1.250775902488935110e+01 1.250811466792746707e+01 1.427710304868069535e+01
7.500000000000001110e-02 -1.393528039715185685e+01 -1.227927661813229321e+01 1.228050532883975876e+01 1.393814408465220112e+01
1.000000000000000056e-01 -1.360926809713942021e+01 -1.206338863810857731e+01 1.206637034780548134e+01 1.361634254794103782e+01
1.250000000000000000e-01 -1.329920272887639499e+01 -1.186082036611330182e+01 1.186678844650545273e+01 1.331354769113784897e+01
1.500000000000000222e-01 -1.300615220071960820e+01 -1.167237998759420847e+01 1.168294887876812638e+01 1.303176715346760872e+01
1.750000000000000167e-01 -1.273132136948087201e+01 -1.149895550408930767e+01 1.151613592524008745e+01 1.277312031457234731e+01
2.000000000000000111e-01 -1.247606354063155720e+01 -1.134150436418369168e+01 1.136769129738634376e+01 1.253976285145840563e+01
2.250000000000000056e-01 -1.224188186408839840e+01 -1.120103040083557744e+01 1.123895243952476619e+01 1.233378417834654073e+01
2.500000000000000000e-01 -1.203041580004224542e+01 -1.107854698719342323e+01 1.113117905789514239e+01 1.215708694202232110e+01
2.750000000000000222e-01 -1.184340818115316729e+01 -1.097502319838707940e+01 1.104549123357034723e+01 1.201126407153920361e+01
3.000000000000000444e-01 -1.168264945176856706e+01 -1.089131947682594692e+01 1.098285925117408546e+01 1.189749075655311294e+01
3.250000000000000111e-01 -1.154989673553391860e+01 -1.082812545491928979e+01 1.094424524420073119e+01 1.181644604343434501e+01
3.500000000000000333e-01 -1.144676579350837820e+01 -1.078592127858429528e+01 1.093203735544561006e+01 1.176827500674903426e+01
3.750000000000000000e-01 -1.137459520690691939e+01 -1.076499078928311270e+01 1.096488997874548055e+01 1.175259984778788258e+01
4.000000000000000222e-01 -1.133429022358286886e+01 -1.076550262800849111e+01 1.104064762580926384e+01 1.176858353416839265e+01
4.250000000000000444e-01 -1.132617536672092662e+01 -1.078764657667286109e+01 1.114490377320222514e+01 1.181503880542231322e+01
4.500000000000000111e-01 -1.134991278347512100e+01 -1.083177450504555317e+01 1.127497405918346907e+01 1.189056198911063511e+01
4.750000000000000333e-01 -1.140454580565234011e+01 -1.089849538461823997e+01 1.142905993353618399e+01 1.199366411037948765e+01
5.000000000000000000e-01 -1.148867808328982143e+01 -1.098874615579485869e+01 1.160558289652057162e+01 1.212287576777352704e+01
5.250000000000000222e-01 -1.160072698482067466e+01 -1.110396386912818301e+01 1.180319089938814514e+01 1.227681329822215517e+01
5.500000000000000444e-01 -1.173915898703100602e+01 -1.124627397052901578e+01 1.202079529254511847e+01 1.245420526678926443e+01
5.750000000000000666e-01 -1.190264147724075983e+01 -1.141719012384634624e+01 1.225757131141505951e+01 1.265388690830597795e+01
6.000000000000000888e-01 -1.209009046126199927e+01 -1.161427319020267213e+01 1.251290376727525278e+01 1.287477533726877432e+01
6.250000000000000000e-01 -1.230062449549865811e+01 -1.183229504540979882e+01 1.278627496625773396e+01 1.311584311283043469e+01
6.500000000000000222e-01 -1.253345399726746301e+01 -1.206719525126194092e+01 1.307713123110782938e+01 1.337609955803887196e+01
6.750000000000000444e-01 -1.278775255224439711e+01 -1.231679628254011227e+01 1.338477460830760712e+01 1.365459008780498884e+01
7.000000000000000666e-01 -1.306256446390332115e+01 -1.258023280742677841e+01 1.370831798914548472e+01 1.395041554028575703e+01
7.250000000000000888e-01 -1.335678264761683565e+01 -1.285749557365955198e+01 1.404673167673366407e+01 1.426275005811316277e+01
7.500000000000000000e-01 -1.366918980693706942e+01 -1.314906015772583814e+01 1.439892536743129270e+01 1.459086196640889810e+01
7.750000000000000222e-01 -1.399852675867636265e+01 -1.345549037343675636e+01 1.476384010749939080e+01 1.493412276869374011e+01
8.000000000000000444e-01 -1.434355367209635546e+01 -1.377705498176899468e+01 1.514052159176235079e+01 1.529200514349972195e+01
8.250000000000000666e-01 -1.470308938457564452e+01 -1.411350866660052006e+01 1.552817113539087046e+01 1.566407052602819761e+01
8.500000000000000888e-01 -1.507603009956171292e+01 -1.446413509582056989e+01 1.592618069284814197e+01 1.604994769033102386e+01
8.750000000000000000e-01 -1.546135468241498145e+01 -1.482796103531154586e+01 1.633415846728684073e+01 1.644930352641175375e+01
9.000000000000000222e-01 -1.585812307661338494e+01 -1.520396539328848817e+01 1.675194407727164148e+01 1.686180696604933260e+01
9.250000000000000444e-01 -1.626547184765206921e+01 -1.559119286696016715e+01 1.717959647941644974e+01 1.728708890699259015e+01
9.500000000000000666e-01 -1.668260882193469996e+01 -1.598878446990815405e+01 1.761731882796689774e+01 1.772470477008256751e+01
9.750000000000000888e-01 -1.710880763520268744e+01 -1.639596852713643216e+01 1.806528795058393655e+01 1.817410878879139347e+01
1.000000000000000000e+00 -1.754340248051114770e+01 -1.681204339560978411e+01 1.852342155325433026e+01 1.863464856003181325e+01
