# time 1 2 D-1 D
0.000000000000000000e+00 9.999999811177019415e-01 3.986977839022384302e-09 1.425433837165876389e-34 1.179726130485247529e-34
2.500000000000000486e-03 9.982011293862393941e-01 5.323431636827762991e-05 2.317299733320991827e-20 1.317402727893724461e-22
5.000000000000000971e-03 9.923388720529555673e-01 2.573599296928329454e-04 1.808234161810525513e-17 2.302701625677801635e-19
7.500000000000001457e-03 9.816470318432444220e-01 7.220168555500207147e-04 1.130047636804353190e-15 2.251162417146346632e-17
1.000000000000000194e-02 9.652923254709820933e-01 1.584564038912357605e-03 2.387866580837246982e-14 6.759648910707026151e-16
1.250000000000000069e-02 9.424235793410163931e-01 2.999840278806299373e-03 2.761099891901853195e-13 1.064833964700804292e-14
1.500000000000000291e-02 9.122523969043005998e-01 5.277739922999268203e-03 2.172189712262969631e-12 1.117769151332937621e-13
1.750000000000000167e-02 8.741619881397656444e-01 8.750346178468412783e-03 1.309478491085241866e-11 8.883551980454474576e-13
2.000000000000000389e-02 8.278269641541148305e-01 1.379705268989498378e-02 6.439120650329659124e-11 5.765209545304501550e-12
2.250000000000000264e-02 7.733142784041603379e-01 2.094763572256522557e-02 2.702237076840428230e-10 3.203082216184912585e-11
2.500000000000000139e-02 7.111404216677528201e-01 3.078575718644210521e-02 9.946368818931520844e-10 1.569465853951508715e-10
2.750000000000000361e-02 6.422955092290213441e-01 4.376179488878761265e-02 3.271737446580295274e-09 6.901342705043155488e-10
3.000000000000000583e-02 5.682960116948909679e-01 6.016307696966664842e-02 9.729593262309352765e-09 2.745601806310969795e-09
3.250000000000000111e-02 4.913284506314610778e-01 7.944964477035958150e-02 2.650259413426855138e-08 9.895792289332643786e-09
3.500000000000000333e-02 4.143810619471488543e-01 1.002115846879235578e-01 6.710684779634065332e-08 3.225214870251829774e-08
3.750000000000000555e-02 3.411053001368719029e-01 1.200259227065743062e-01 1.618533403377076447e-07 9.492508503624144479e-08
4.000000000000000777e-02 2.749751889573975316e-01 1.361607294017782299e-01 3.828220632175228274e-07 2.528262449342795662e-07
4.250000000000000999e-02 2.183749266054512694e-01 1.468656506082436364e-01 9.310374157085368640e-07 6.129578033202565154e-07
4.500000000000000527e-02 1.720017775318310738e-01 1.517354009460730735e-01 2.440571228696315508e-06 1.363827027488719660e-06
4.750000000000000749e-02 1.351551072884137061e-01 1.513787680015698522e-01 6.037631522674270634e-06 2.809403034306246818e-06
5.000000000000000278e-02 1.063922229718686774e-01 1.436661530372435325e-01 1.077486481705785629e-05 5.402504170900950018e-06
5.250000000000000500e-02 8.410869018822957066e-02 2.213633234240084801e-03 1.683946625601404537e-05 9.770970321425062670e-06
5.500000000000000722e-02 6.685763107968577257e-02 9.111650527548190558e-06 2.549921315492219761e-05 1.673054238183847162e-05
5.750000000000000944e-02 5.345834297745438723e-02 3.875158973530783515e-04 3.770903192496101425e-05 2.728090788716138127e-05
6.000000000000001166e-02 4.299415644458427777e-02 8.628050099276275307e-04 5.475225013871667907e-05 4.258475598783180817e-05
6.250000000000000000e-02 3.476964317212726668e-02 1.226964384253054164e-03 7.810880111353146076e-05 6.393259421652681073e-05
6.500000000000000222e-02 2.826158018463267863e-02 1.522361989125667727e-03 1.085203618182216487e-04 9.269786134921330584e-05
6.750000000000000444e-02 2.307695935060803324e-02 1.739211602287072701e-03 1.484871066536695011e-04 1.302873452712847698e-04
7.000000000000000666e-02 1.891953519362013503e-02 1.895815101784904420e-03 1.997784634493572165e-04 1.780915675158812803e-04
7.250000000000000888e-02 1.556220962527024750e-02 2.015974683564663011e-03 2.636552508958698443e-04 2.374388387806851527e-04
7.500000000000001110e-02 1.283941112038307179e-02 2.096558675594151471e-03 3.411751542811443231e-04 3.095555584560559081e-04
7.750000000000001332e-02 1.061111789370778116e-02 2.159609481459843182e-03 4.315674462220093718e-04 3.955344199273015476e-04
8.000000000000001554e-02 8.788983058555308384e-03 2.202208178878643438e-03 5.353708571593663451e-04 4.963108092349529429e-04
8.250000000000001776e-02 7.288071700913600730e-03 2.226489824290761848e-03 6.504702100812463422e-04 6.126477666574596482e-04
8.500000000000001998e-02 6.043387085789614886e-03 2.240916717598912065e-03 7.714717173829412728e-04 7.451280839737676760e-04
8.750000000000000833e-02 5.019553725644288963e-03 2.234011096929812423e-03 9.124855761821117767e-04 8.941534925380713794e-04
9.000000000000001055e-02 4.169339069845232233e-03 2.216109946610850430e-03 1.058194334892834316e-03 1.059948847030950598e-03
9.250000000000001277e-02 3.469514404844584871e-03 2.181002247762877950e-03 1.216096683612328264e-03 1.242570697174661233e-03
9.500000000000001499e-02 2.888381765091944421e-03 2.136821572786312424e-03 1.412837535344755625e-03 1.441919498940103699e-03
9.750000000000001721e-02 2.409019792726864711e-03 2.081515147277408946e-03 1.643715234385737401e-03 1.657752608769025825e-03
1.000000000000000056e-01 2.013255972840560099e-03 2.017993039360900000e-03 1.912520157578727646e-03 1.889689350406553768e-03
