# time 1 2 D-1 D
0.000000000000000000e+00 9.999999710779141626e-01 7.444048853830822515e-09 6.695615822283748790e-34 4.984096047486496468e-34
5.000000000000000104e-04 9.999989929121209098e-01 8.801680912247970746e-07 2.014377090400515369e-23 1.278812774485364651e-24
1.000000000000000021e-03 9.999806791159787656e-01 1.685092478096514702e-05 3.148245395753871191e-22 9.162587706247336239e-23
1.500000000000000248e-03 9.998827045346285747e-01 1.007068608038419515e-04 5.535320624039991710e-21 5.709403353259645222e-22
2.000000000000000042e-03 9.995636742652963536e-01 3.647240163796460388e-04 2.974511466553308889e-20 1.612568663606857949e-21
2.500000000000000052e-03 9.987767692731855940e-01 9.926833786773978791e-04 1.351764436361622851e-19 4.150512903097425579e-22
3.000000000000000496e-03 9.971710837894457446e-01 2.205237246645549987e-03 6.293070295528095581e-19 2.205989869627079240e-20
3.500000000000000507e-03 9.943415635692187671e-01 4.232790145087953967e-03 3.231762109588859015e-18 6.569560731325077564e-19
4.000000000000000083e-03 9.899311636444463325e-01 7.201961669515427253e-03 1.684343345324318096e-17 8.207141012582759812e-18
4.500000000000000527e-03 9.837577881123089618e-01 1.109029104353423736e-02 7.964743317920325275e-17 6.786622207105220743e-17
5.000000000000000104e-03 9.759107214874357394e-01 1.576211837829272211e-02 3.204306099608919750e-16 4.130915757833492678e-16
5.500000000000000548e-03 9.667628495919506904e-01 2.096614555847794645e-02 1.072780144796469571e-15 1.935946160431751199e-15
6.000000000000000992e-03 9.568865145083693680e-01 2.636771406189526365e-02 3.004734754298681897e-15 7.194673460689022655e-15
6.500000000000000569e-03 9.469141542963462888e-01 3.181264022043880924e-02 7.174822404462954206e-15 2.173564490913140795e-14
7.000000000000001013e-03 9.374065861351998930e-01 3.687499433344203215e-02 1.477120496260123786e-14 5.449813292435402921e-14
7.499999999999999722e-03 9.287723590179495226e-01 4.140243352091119849e-02 2.670927610776837553e-14 1.155723429584119041e-13
8.000000000000000167e-03 9.212460934598782902e-01 4.522500242279486882e-02 4.333744735163739940e-14 2.109229003876217190e-13
8.500000000000000611e-03 9.149093624728183993e-01 4.820494807588633634e-02 6.417329287562423887e-14 3.363919589190612307e-13
9.000000000000001055e-03 9.097313240816915503e-01 5.047470289849985414e-02 8.840653297250332378e-14 4.748583265879852322e-13
9.500000000000001499e-03 9.056113798390531544e-01 5.181299253584033954e-02 1.136314726468995834e-13 5.996148946637744718e-13
1.000000000000000021e-02 9.024144026885257963e-01 5.232655376439608597e-02 1.390352038027444713e-13 6.808263795410825876e-13
1.050000000000000065e-02 8.999956019198803725e-01 5.214632693948251935e-02 1.613059653277061835e-13 6.974244328691588984e-13
1.100000000000000110e-02 8.982158650496728791e-01 5.120414146828285162e-02 1.786467220673136884e-13 6.408046843906001436e-13
1.150000000000000154e-02 8.969498805759557047e-01 4.967173815684965826e-02 1.845825719654609922e-13 5.237006680701231317e-13
1.200000000000000198e-02 8.960893542301183734e-01 4.764842860883490572e-02 1.749252525268107176e-13 3.710001362705274505e-13
1.250000000000000069e-02 8.955433993655590452e-01 4.228745436344558475e-03 1.441152095435765281e-13 2.190613722648838995e-13
1.300000000000000114e-02 8.952373097516826972e-01 4.036997808808209277e-03 9.839813946657170952e-14 9.592786920984454851e-14
1.350000000000000158e-02 8.951106407265527753e-01 4.084464579123243608e-03 4.886315960613455342e-14 2.160045712972509980e-14
1.400000000000000203e-02 8.951150028742879128e-01 4.023132763460891305e-03 1.221922846222656527e-14 1.103214887870314522e-15
1.450000000000000247e-02 8.952120630420670189e-01 4.052899217037162112e-03 7.552381843721610404e-17 3.220204121264616875e-14
1.499999999999999944e-02 8.953716528692076126e-01 3.985929091144432314e-03 1.443316715101905123e-14 1.087005110937663134e-13
1.550000000000000162e-02 8.955701454249996862e-01 4.019007607062956983e-03 4.941147488615466806e-14 2.218471067504477587e-13
1.600000000000000033e-02 8.957891297869146063e-01 3.929517909427212782e-03 1.135098646075568643e-13 3.592119849530323132e-13
1.650000000000000078e-02 8.960143566994186459e-01 3.965563381015454504e-03 7.370623600079368705e-14 5.033908289548288751e-13
1.700000000000000122e-02 8.962349902287068959e-01 3.919282313846477947e-03 8.107511058562345494e-14 6.301624881923419280e-13
1.750000000000000167e-02 8.964431355069760743e-01 3.916238246101919930e-03 1.043883684711609217e-13 7.080674512719841361e-13
1.800000000000000211e-02 8.966335575765418398e-01 3.930101963604001360e-03 1.491851365059360912e-13 6.952142192162939242e-13
1.850000000000000255e-02 8.968034960821116286e-01 3.903832786119284561e-03 2.124022265047951975e-13 5.517261370388612524e-13
1.900000000000000300e-02 8.969524764495500069e-01 3.881728931652413291e-03 2.573882057176280435e-13 2.877140885988383879e-13
1.950000000000000344e-02 8.970819338536861753e-01 3.891086604977167952e-03 1.546990488417216863e-13 7.784489598343768384e-14
2.000000000000000042e-02 8.971957809829070873e-01 3.865148196976306467e-03 1.724513711397753346e-14 6.810861843119399839e-15
