# time 1 2 D-1 D
0.000000000000000000e+00 9.999999529609554516e-01 2.809068012662954670e-08 1.367603647702746740e-34 2.755964872602084126e-35
1.250000000000000243e-03 9.999952497911249738e-01 3.865505053502632842e-06 2.834066308983051178e-27 2.720431093672659625e-27
2.500000000000000486e-03 9.998989898119435837e-01 8.685345028048455996e-05 1.577027882301484887e-24 3.624103187913372032e-26
3.750000000000000729e-03 9.993216612528488252e-01 6.048814442164011148e-04 3.509916929090793075e-23 9.642235872817275553e-24
5.000000000000000971e-03 9.971574982252059405e-01 2.614304413091648148e-03 2.308762768706879989e-22 1.761874513635085964e-22
6.250000000000000347e-03 9.908943928007825086e-01 8.597764873501700586e-03 8.753954001984016334e-22 1.100273324071668949e-21
7.500000000000001457e-03 9.758958820268077705e-01 2.326246336797611544e-02 2.599526613336109280e-21 4.476267298467073548e-21
8.750000000000000833e-03 9.458180161892255633e-01 5.225782932217987869e-02 6.324561960811178919e-21 1.429592726854642252e-20
1.000000000000000194e-02 8.959687638887298133e-01 8.993548865557518535e-02 1.022956470196338160e-20 3.547923296672803140e-20
1.125000000000000132e-02 8.284227208721187674e-01 1.029384705699121494e-01 2.290489510483531402e-21 7.744009802808950759e-20
1.250000000000000069e-02 7.525543663242625358e-01 1.002988807350853051e-01 9.962607520318081791e-20 1.861917324326604676e-19
1.375000000000000180e-02 6.791067238223364999e-01 1.019400295291632147e-01 2.288871360806522353e-18 7.675701011559666497e-19
1.500000000000000291e-02 6.149190991303560283e-01 1.056990917669674568e-01 2.237943388786066909e-17 5.184376166482453533e-18
1.625000000000000056e-02 5.623185862967050586e-01 1.084544630290818212e-01 1.456923033593448988e-16 3.750512446622409185e-17
1.750000000000000167e-02 5.208410397029825667e-01 1.087155479543886055e-01 6.925135186938214119e-16 2.238042511280066366e-16
1.875000000000000278e-02 4.888567077561288277e-01 1.071382138971365833e-01 2.473991999779908822e-15 9.991297977349359549e-16
2.000000000000000389e-02 4.645025824005263315e-01 1.036502493317606188e-01 6.346993973493147374e-15 3.227685020983293330e-15
2.125000000000000500e-02 4.460898743740132621e-01 9.919069968901546297e-02 1.097008439902318841e-14 7.392374834745895056e-15
2.250000000000000264e-02 4.322297749724257621e-01 9.384243585322686598e-02 1.331094571611555647e-14 1.144767301598856376e-14
2.375000000000000375e-02 4.218336490929905924e-01 8.815329805510258021e-02 2.410785658958577570e-14 1.009892059428127545e-14
2.500000000000000139e-02 4.140691144189801998e-01 8.213463113548460925e-02 8.216564604949012273e-14 1.917631412808591051e-15
2.625000000000000250e-02 4.083071377368927557e-01 7.598549209018432005e-02 2.703395379574431701e-13 1.046873525547702878e-14
2.750000000000000361e-02 4.040746602996196368e-01 6.980761565389800860e-02 7.076077561720265831e-13 1.207397916559723425e-13
2.875000000000000472e-02 4.010160651034977430e-01 6.376304537390785343e-02 1.496274666453225304e-12 5.243387906738593676e-13
3.000000000000000583e-02 3.988632716016110025e-01 5.770019722592561323e-02 3.336169026902637944e-12 1.561886939028714359e-12
3.125000000000000000e-02 3.974132779385374792e-01 5.211000277175317774e-02 1.179748155480163080e-10 3.751765372259334579e-12
3.250000000000000111e-02 3.965114560151473677e-01 4.683058255824204541e-02 1.698348612910646738e-10 7.796442476841512921e-12
3.375000000000000222e-02 3.960392895832176019e-01 4.202502857951756488e-02 2.299901069828820554e-10 1.456928784022592279e-11
3.500000000000000333e-02 3.959052405565866573e-01 3.764683055178457555e-02 2.941478594449834634e-10 2.508342086379346073e-11
3.625000000000000444e-02 3.960380339134638716e-01 3.378060027748226030e-02 3.586160957293399572e-10 4.045641484777871476e-11
3.750000000000000555e-02 3.963817251178475831e-01 3.030381612550373666e-02 4.187882842014756325e-10 6.187318854364788216e-11
3.875000000000000666e-02 3.968920235455097312e-01 2.738454887439062055e-02 4.706537753291965704e-10 9.054164711341290405e-11
4.000000000000000777e-02 3.975335562565244230e-01 2.471722903657463249e-02 5.080793870197524590e-10 1.276904878604077378e-10
4.125000000000000888e-02 3.982778682934454695e-01 2.243541358267222771e-02 5.294627983004892025e-10 1.741463908449699179e-10
4.250000000000000999e-02 3.991018735308314302e-01 2.048076556136784257e-02 5.315337126746596706e-10 2.302172824541875317e-10
4.375000000000000416e-02 3.999867407578487910e-01 1.869242358541932381e-02 5.109407004254905519e-10 2.979624606056146723e-10
4.500000000000000527e-02 4.009169450606350216e-01 1.716709477129477190e-02 4.702017542238653759e-10 3.736690047237072786e-10
4.625000000000000638e-02 4.018796815567703407e-01 1.584155562329858311e-02 4.122471793681870392e-10 4.541913002945758295e-10
4.750000000000000749e-02 4.028644187666354237e-01 1.459818482098010003e-02 3.418425617191459689e-10 5.344681787363047785e-10
4.875000000000000860e-02 4.038623494932177538e-01 1.356765149919330130e-02 2.650563654765857473e-10 6.094553272266216693e-10
5.000000000000000278e-02 4.048661729035141765e-01 1.258244515503794368e-02 1.945018588841682905e-10 6.673724574753865996e-10
