# time 1 2 D-1 D
0.000000000000000000e+00 9.999999541551084503e-01 1.594731186497586157e-08 5.451220168553377605e-36 3.904414817749544896e-37
5.000000000000000104e-04 9.999966370665878124e-01 2.866264808396907584e-06 6.540982058688836425e-31 4.725287700203991979e-33
1.000000000000000021e-03 9.999325871309892033e-01 5.947197768201294447e-05 6.035014522431007852e-28 1.854888588438628964e-29
1.500000000000000248e-03 9.995487771293253276e-01 4.094364045416866091e-04 3.899665259174932517e-26 1.142764748044506426e-27
2.000000000000000042e-03 9.980942335104080465e-01 1.773449481645051175e-03 1.472077530165084493e-25 2.360293596489797695e-27
2.500000000000000052e-03 9.938004555131356721e-01 5.891897710618644764e-03 6.960877861559890971e-25 5.890616329569899364e-27
3.000000000000000496e-03 9.831972418171056605e-01 1.622468348609570205e-02 1.987148591629507711e-24 1.163704826571132921e-27
3.500000000000000507e-03 9.609617428641158421e-01 3.784231419157934456e-02 4.760445091689476533e-24 6.387210311343717421e-26
4.000000000000000083e-03 9.218501244937328254e-01 7.213411511557790701e-02 6.871931843346559566e-24 5.214659555003149405e-25
4.500000000000000527e-03 8.650822308059693544e-01 9.559660159036070803e-02 3.970207650648773456e-24 3.995062444978473644e-24
5.000000000000000104e-03 7.969395932872763710e-01 9.012936609660320009e-02 1.222796478646111917e-24 3.417731999968580045e-23
5.500000000000000548e-03 7.273232495236162665e-01 8.310063454139363093e-02 5.522352564175394604e-24 3.201754345685379631e-22
6.000000000000000992e-03 6.641362605075000758e-01 8.049542099595534406e-02 2.514963332078306559e-22 2.113403440864888716e-21
6.500000000000000569e-03 6.110952366541247960e-01 7.814935582843304807e-02 9.673695594401314711e-21 8.553119250562893040e-21
7.000000000000001013e-03 5.686791503837648198e-01 7.684701033866131459e-02 1.147897828566034779e-19 1.491935003709230586e-20
7.499999999999999722e-03 5.357345029713551643e-01 7.553423385721748373e-02 7.890379219154384141e-19 3.185686899370586373e-21
8.000000000000000167e-03 5.105819047060166094e-01 7.384542640177041428e-02 4.541867536721059287e-18 3.522261846618184090e-20
8.500000000000000611e-03 4.915691832264348360e-01 7.266951284279039858e-02 1.561782518239274130e-17 4.223268978015944859e-19
9.000000000000001055e-03 4.772821962082889891e-01 7.104304499937937056e-02 3.113250774418349150e-17 1.714485832374039429e-18
9.500000000000001499e-03 4.665879994837869305e-01 6.965635067066659747e-02 5.377717673944410058e-17 4.312936390985946678e-18
1.000000000000000021e-02 4.586097523491248773e-01 6.738314238110561238e-02 7.688828932305102240e-17 7.842062647361894775e-18
1.050000000000000065e-02 4.526813359772969281e-01 6.564284543376629200e-02 9.183906199201691566e-17 1.092660941973419259e-17
1.100000000000000110e-02 4.483010700649245339e-01 6.366782262844018769e-02 9.177849778807236365e-17 1.176052346600316571e-17
1.150000000000000154e-02 4.450924283878253118e-01 6.163710418940954866e-02 7.607443828801552867e-17 9.465260861857583140e-18
1.200000000000000198e-02 4.427729822157774331e-01 5.874862574779191743e-02 4.998414235716406870e-17 4.985710565155426297e-18
1.250000000000000069e-02 4.411307205074908033e-01 5.632331245556802118e-02 2.334456304837879874e-17 9.980778319258423649e-19
1.300000000000000114e-02 4.400060965783530453e-01 5.239036752212930526e-02 5.042257459850347678e-18 6.872467493358179158e-19
1.350000000000000158e-02 4.392789613362526602e-01 4.842680486632260778e-02 5.036739382924809578e-19 6.110974693470170980e-18
1.400000000000000203e-02 4.388587298364544087e-01 4.383901480165510595e-02 9.622821753915354634e-18 1.704394371919720080e-17
1.450000000000000247e-02 4.386774108431619190e-01 4.124478748321573629e-02 2.748895855310660774e-17 3.113587908072212146e-17
1.499999999999999944e-02 4.386841430207806813e-01 3.288066928599474303e-02 4.537540521004617715e-17 4.418421449765443233e-17
1.550000000000000162e-02 4.388410684226311531e-01 3.306296062206599828e-02 5.618983243002506718e-17 5.280733580382775445e-17
1.600000000000000033e-02 4.391203958499387827e-01 2.831514188714137625e-02 5.364192366423784030e-17 5.403957496877551262e-17
1.650000000000000078e-02 4.395016216217043081e-01 2.688436628452343241e-02 3.876700469978161153e-17 4.737537692926134069e-17
1.700000000000000122e-02 4.399695693724904322e-01 2.639314647550123835e-02 2.024905088593823696e-17 3.539599749173401260e-17
1.750000000000000167e-02 4.405128154097002757e-01 2.512271294835444202e-02 1.604680558521887753e-17 2.232120909117139864e-17
1.800000000000000211e-02 4.411220850163388163e-01 2.364783135495352254e-02 5.024250915429455016e-17 1.290203489232196964e-17
1.850000000000000255e-02 4.417895900417832533e-01 2.262867486258065761e-02 1.491642017514551869e-16 1.322130508555236862e-17
1.900000000000000300e-02 4.425079147071446783e-01 2.215737962373679273e-02 3.459149609847670943e-16 2.873186824798755970e-17
1.950000000000000344e-02 4.432699579059181660e-01 2.139139303264115874e-02 6.488001929848456233e-16 6.373040724911201166e-17
2.000000000000000042e-02 4.440728366985512987e-01 2.059250485919300946e-02 1.071685403333403646e-15 1.207451696034572951e-16
