# time 1 2 D-1 D
0.000000000000000000e+00 9.999999457310043693e-01 2.400676867248976472e-08 1.447764786000394195e-35 1.292320581372271911e-36
1.250000000000000243e-03 9.999996329193771016e-01 6.607178309494760694e-08 2.017071393783013581e-35 2.970189534489830760e-37
2.500000000000000486e-03 9.999943968983241449e-01 1.106589068825602662e-06 2.261304861028711405e-32 6.332376703237014109e-34
3.750000000000000729e-03 9.999695394576066931e-01 6.220219132384711899e-06 4.050436694980560664e-30 1.990042736059068219e-31
5.000000000000000971e-03 9.998953973222592939e-01 2.102413067122673547e-05 1.692712906260120544e-29 1.532236537846790833e-32
6.250000000000000347e-03 9.997215158033898597e-01 5.477847021917075295e-05 7.054263223410372678e-29 2.653126419659663785e-31
7.500000000000001457e-03 9.993695532512754109e-01 1.191991435398865012e-04 2.069649071583728711e-28 4.080895641616153616e-30
8.750000000000000833e-03 9.987258502748611599e-01 2.333849621533778853e-04 4.919123116616707753e-28 1.377008973449772381e-29
1.000000000000000194e-02 9.976356621957015447e-01 4.197980777986877747e-04 9.988255578979132572e-28 3.637215829944213737e-29
1.125000000000000132e-02 9.959020651878520702e-01 7.012422194921403163e-04 1.670864255244656186e-27 8.554803966415000382e-29
1.250000000000000069e-02 9.932928128339635343e-01 1.107469412231344144e-03 1.924211752225227712e-27 2.143260712470203359e-28
1.375000000000000180e-02 9.895572531161667129e-01 1.664786888034441685e-03 1.495159320610500160e-27 6.551278455380221866e-28
1.500000000000000291e-02 9.844524414146305080e-01 2.382131596346602747e-03 7.935493927608498533e-28 3.209969290622052154e-27
1.625000000000000056e-02 9.777740565478497681e-01 3.277824035748999609e-03 1.762939846802986611e-27 2.547656643565240740e-26
1.750000000000000167e-02 9.693848598078186329e-01 4.319621759187156768e-03 1.375331111661364917e-26 2.447171012913610674e-25
1.875000000000000278e-02 9.592331537267041464e-01 5.467298924254276188e-03 6.430580993080788408e-25 2.199472662823394808e-24
2.000000000000000389e-02 9.473561035115934947e-01 6.654054256488389947e-03 1.063910502776482535e-23 1.667264543340665068e-23
2.125000000000000500e-02 9.338669639570837955e-01 7.813971287650793227e-03 1.044962157023456798e-22 1.036470779689962990e-22
2.250000000000000264e-02 9.189288129558501605e-01 8.889320571956316544e-03 7.820870303435513904e-22 5.266172267043739211e-22
2.375000000000000375e-02 9.027192100750087711e-01 9.839313289527520587e-03 4.598715745783024993e-21 2.193745725133505527e-21
2.500000000000000139e-02 8.853903765535748871e-01 1.061444361710047780e-02 2.256341047168106400e-20 7.518398720385869924e-21
2.625000000000000250e-02 8.670280974018531595e-01 1.127783508926964370e-02 9.121403940449070412e-20 2.122349576940681669e-20
2.750000000000000361e-02 8.476228901094925439e-01 1.195583313030512337e-02 3.130965088671560190e-19 4.902155875269913227e-20
2.875000000000000472e-02 8.269732666046747394e-01 1.274904270269431976e-02 9.206311839726029022e-19 9.065709060655420411e-20
3.000000000000000583e-02 8.048824189960730457e-01 1.374605461253606761e-02 2.376488632589110378e-18 1.270676236606893893e-19
3.125000000000000000e-02 7.803923224179653007e-01 1.571985265897741027e-02 5.327270599800516355e-18 1.158727997326563200e-19
3.250000000000000111e-02 7.526014573183981149e-01 1.908869003357548111e-02 1.049351078785791498e-17 3.531463130973568258e-20
3.375000000000000222e-02 7.198608585049153241e-01 2.499129646136458160e-02 1.818133250061184253e-17 3.287022346106284638e-20
3.500000000000000333e-02 6.779813514394045226e-01 3.705581477932808759e-02 2.754533396881975163e-17 7.261375463425451508e-19
3.625000000000000444e-02 6.229750997245895316e-01 5.863021123625197090e-02 3.655699970172297158e-17 3.494152115719680778e-18
3.750000000000000555e-02 5.489213561021720755e-01 9.506940298975986858e-02 4.130336828368360935e-17 1.096599966262932196e-17
3.875000000000000666e-02 4.485119564274580584e-01 1.532816583470332505e-01 3.803301322264369764e-17 2.609065483255022568e-17
4.000000000000000777e-02 3.391384104497318086e-01 2.157498620386809063e-01 2.582309317551543281e-17 4.968370408185340130e-17
4.125000000000000888e-02 2.552694159710974797e-01 2.482444984631106688e-01 1.034410574455419291e-17 7.562412393692022783e-17
4.250000000000000999e-02 1.963923342226961966e-01 2.519358951973763028e-01 1.406938935555441462e-18 9.484811642922998353e-17
4.375000000000000416e-02 1.591125997118480184e-01 2.313485111542152306e-01 2.259318203180481886e-19 1.059204051200746799e-16
4.500000000000000527e-02 1.344017149106701836e-01 1.972241488573831247e-01 2.055631427413175366e-18 1.142049139146533306e-16
4.625000000000000638e-02 1.175492746176108189e-01 1.560801283582395338e-01 2.878725440569682100e-18 1.237713867164522793e-16
4.750000000000000749e-02 1.048860112299009606e-01 1.149892458903263442e-01 1.630614090626688805e-18 1.374642587593535155e-16
4.875000000000000860e-02 9.546358070445014332e-02 7.729910598003379707e-02 6.307311425630144621e-20 1.558592216824886275e-16
5.000000000000000278e-02 8.820673829285460843e-02 4.697839260330605865e-02 1.018404372305357508e-17 1.792524246718684856e-16
