# time 1 2 D-1 D
0.000000000000000000e+00 9.999999525689066138e-01 2.654051465650903546e-08 3.914763530222849366e-35 3.756071792861840553e-35
2.500000000000000486e-03 9.988530578931312798e-01 2.357667613162823487e-06 5.294030409364568741e-30 3.266089463234579097e-31
5.000000000000000971e-03 9.950963024602653695e-01 4.730539920939569933e-05 1.618435447087090514e-25 5.135767939030592510e-28
7.500000000000001457e-03 9.880585524542911946e-01 2.992914181559453942e-04 7.992524889533133225e-23 3.439026847789087912e-26
1.000000000000000194e-02 9.767041803127098909e-01 1.160850565802127102e-03 6.994562909990983562e-21 3.296616364838368352e-23
1.250000000000000069e-02 9.594653530756117599e-01 3.439186179861656711e-03 2.266177159514921333e-19 2.656675006504577582e-21
1.500000000000000291e-02 9.340781735681280562e-01 8.477881486012188439e-03 3.753431871195222200e-18 8.309461970899421061e-20
1.750000000000000167e-02 8.976198716738664762e-01 1.805824705299330368e-02 3.766829264660302910e-17 1.457283936175442049e-18
2.000000000000000389e-02 8.471544555760279760e-01 3.386324699165017826e-02 2.520272333151292638e-16 1.674436847803209658e-17
2.250000000000000264e-02 7.813507691034183855e-01 5.610513350816578176e-02 1.204302927043463052e-15 1.346040501071415288e-16
2.500000000000000139e-02 7.024888805965933125e-01 8.223725855219835013e-02 4.365353831942281972e-15 7.701241740222452825e-16
2.750000000000000361e-02 6.168338394073106246e-01 1.076464365091470837e-01 1.285610572260774592e-14 3.160146750096975538e-15
3.000000000000000583e-02 5.321429096087560984e-01 1.276754645639389119e-01 3.324934534405442147e-14 9.575679859835592171e-15
3.250000000000000111e-02 4.543513998723079372e-01 1.402962464172461676e-01 7.687287226523734408e-14 2.254996384115480342e-14
3.500000000000000333e-02 3.862115097566191091e-01 1.457314814880118214e-01 1.370141419232769411e-13 4.352230962338320774e-14
3.750000000000000555e-02 3.279697271520751189e-01 1.445334585641230019e-01 1.809498698593352581e-13 7.187940636398231351e-14
4.000000000000000777e-02 2.786069145364254984e-01 1.369739711310033747e-01 2.147133007177523143e-13 1.049222083132070140e-13
4.250000000000000999e-02 2.367323984455377006e-01 1.214275125092503238e-01 2.433875403556131945e-13 1.386034570201393917e-13
4.500000000000000527e-02 2.010225372955654899e-01 9.580277170237833095e-02 2.466405187825805297e-13 1.686162763385773652e-13
4.750000000000000749e-02 1.703723781982933172e-01 6.611758911776959013e-02 2.391145395171896039e-13 1.915620225732346707e-13
5.000000000000000278e-02 1.439132471579225026e-01 4.316739233922768648e-02 2.084803059665199295e-13 2.053712371013457916e-13
5.250000000000000500e-02 1.209809037723244690e-01 2.954363990184057792e-02 1.816725437348024764e-13 2.096074207405904559e-13
5.500000000000000722e-02 1.010716912612160540e-01 2.157543078452795957e-02 1.601793316435508641e-13 2.052038171635568789e-13
5.750000000000000944e-02 8.380081588662381675e-02 1.678130220066653341e-02 1.232493120847665778e-13 1.937568067054167449e-13
6.000000000000001166e-02 6.886714396054550991e-02 1.389643900319316450e-02 1.015801993723933676e-13 1.773281062072318543e-13
6.250000000000000000e-02 5.602535290796926276e-02 1.182990288829746488e-02 7.654248252336361062e-14 1.579576141143061505e-13
6.500000000000000222e-02 4.506514428168170716e-02 1.045521653493096219e-02 5.993795098273804889e-14 1.374279999594963800e-13
6.750000000000000444e-02 3.579687486442448274e-02 9.303798003462501395e-03 4.409907292252395651e-14 1.172137980859784652e-13
7.000000000000000666e-02 2.804269922663514547e-02 8.420651193917850011e-03 3.250869492697629458e-14 9.824708254263229249e-14
7.250000000000000888e-02 2.163215882997952810e-02 7.590255544275639060e-03 2.330089656368703357e-14 8.117419157964478764e-14
7.500000000000001110e-02 1.640102734681313582e-02 6.874956619508564883e-03 1.614540977267919314e-14 6.630623736182654048e-14
7.750000000000001332e-02 1.219223951738309351e-02 6.196471381257306378e-03 1.111456966990562259e-14 5.360777324409571691e-14
8.000000000000001554e-02 8.857894989708419223e-03 5.519678329859772394e-03 8.188601788464480918e-15 4.294577207897509309e-14
8.250000000000001776e-02 6.261527224690997817e-03 4.849384361526906488e-03 6.305403676153912200e-15 3.432113931185642078e-14
8.500000000000001998e-02 4.280026278131576940e-03 4.234891440557139557e-03 4.571876579868400918e-15 2.736733383409379980e-14
8.750000000000000833e-02 2.804780466775171673e-03 3.635843024443892370e-03 3.126157598281490911e-15 2.176710192500881817e-14
9.000000000000001055e-02 1.741588554121235952e-03 3.062938411860150444e-03 2.215236688371009217e-15 1.726643896784906738e-14
9.250000000000001277e-02 1.008976561883858855e-03 2.531770142313386363e-03 1.993756690778104080e-15 1.383408631127486609e-14
9.500000000000001499e-02 5.347778584443136328e-04 2.044628196535882344e-03 1.416016470268239851e-15 1.131980220580403332e-14
9.750000000000001721e-02 2.530815563481451230e-04 1.591249542395522252e-03 1.248835452269081111e-15 9.244884204146181614e-15
1.000000000000000056e-01 1.034467075196393641e-04 1.196613780301684395e-03 8.876786370340362407e-16 7.548181222942354239e-15
