# time 1 2 D-1 D
0.000000000000000000e+00 9.999999712993175027e-01 3.318443031862941872e-09 3.165870772993355274e-34 5.669644352886057964e-34
2.500000000000000486e-03 9.990649131334100597e-01 7.193838273647968217e-06 7.977418633633024861e-17 7.494592713620458669e-23
5.000000000000000971e-03 9.959259604239888430e-01 1.515486502350441597e-04 2.436689136600021723e-14 3.299841585693302736e-19
7.500000000000001457e-03 9.896412675009175208e-01 1.008176537370433258e-03 7.356164913927040278e-13 4.053524832509789086e-17
1.000000000000000194e-02 9.782034455355155256e-01 4.165987050016301332e-03 8.531432356497720072e-12 1.115416968553737562e-15
1.250000000000000069e-02 9.576983508547756152e-01 1.314567549381346484e-02 5.873904044867280401e-11 1.274340530520163067e-14
1.500000000000000291e-02 9.216340315977286091e-01 3.421221502612960264e-02 2.868947667279745175e-10 7.562072212298656416e-14
1.750000000000000167e-02 8.623368668360568146e-01 7.505385420049605349e-02 1.112760100856582977e-09 2.297369129561426231e-13
2.000000000000000389e-02 7.770173878096161557e-01 1.391121829102943686e-01 3.599571430149975879e-09 1.857308668666280657e-13
2.250000000000000264e-02 6.746669459422440784e-01 2.187322447679751203e-01 1.016633188218101894e-08 8.511189193464905159e-13
2.500000000000000139e-02 5.722064937458521960e-01 2.945719101041475718e-01 2.563699733878114939e-08 3.793239854986115824e-11
2.750000000000000361e-02 4.825717923465637216e-01 1.514245845882952191e-01 5.875708035477382107e-08 4.776367090732825135e-10
3.000000000000000583e-02 4.100047509104702281e-01 7.348463827725834618e-02 1.227761432292183946e-07 3.675354051392135230e-09
3.250000000000000111e-02 3.532459207354304853e-01 5.647006890952897817e-02 2.314479379475132683e-07 2.046886152204987570e-08
3.500000000000000333e-02 3.092777885599872767e-01 4.821584323203963879e-02 3.917482999614093094e-07 7.993604209961519270e-08
3.750000000000000555e-02 2.751254095136060340e-01 4.257303660923733579e-02 6.134270792374308523e-07 2.208205918622071863e-07
4.000000000000000777e-02 2.483755617406964988e-01 3.814621980325311190e-02 9.381644061296389479e-07 4.640167979256716681e-07
4.250000000000000999e-02 2.271995531149297587e-01 3.461524080764581679e-02 1.435212088793936742e-06 8.163977789948555668e-07
4.500000000000000527e-02 2.102438104323228196e-01 3.169969736082546563e-02 2.193877676116602333e-06 1.279290895945675314e-06
4.750000000000000749e-02 1.965112235881690816e-01 2.927547349547894584e-02 3.349981534530708325e-06 1.845836057409673421e-06
5.000000000000000278e-02 1.852647512341726588e-01 2.728959360664733394e-02 5.059356530451974949e-06 2.504438238358473779e-06
5.250000000000000500e-02 1.759554677230317221e-01 2.562928305923086250e-02 7.563859220813168992e-06 3.239957396025346547e-06
5.500000000000000722e-02 1.681708175676915329e-01 2.425299398356670424e-02 1.112601409714947979e-05 4.035407118525588314e-06
5.750000000000000944e-02 1.615978653561596645e-01 2.305759389688235433e-02 1.615533663950765878e-05 4.873989707935219539e-06
6.000000000000001166e-02 1.559966887976281247e-01 2.202176250040541183e-02 2.314217987362578990e-05 5.740369116211190208e-06
6.250000000000000000e-02 1.511820058338690931e-01 2.114511099946736819e-02 3.256622439285541135e-05 6.621390108004676411e-06
6.500000000000000222e-02 1.470065846922891939e-01 2.035030219780128991e-02 4.660800088801657370e-05 7.506346744996562823e-06
6.750000000000000444e-02 1.433639262266219461e-01 1.967452580544175669e-02 2.354840848806479803e-06 8.386944439687968696e-06
7.000000000000000666e-02 1.401559644148932804e-01 1.905547751982179447e-02 2.194333567235019249e-06 9.257061972809179439e-06
7.250000000000000888e-02 1.373152772544880551e-01 1.852418187637526123e-02 2.014222942678672150e-06 1.011242352819473431e-05
7.500000000000001110e-02 1.347818863013654223e-01 1.804745898159548431e-02 2.020942882805065339e-06 1.095025053812838726e-05
7.750000000000001332e-02 1.325097495591580632e-01 1.760371225985497140e-02 1.869131706845609353e-06 1.176892787370545296e-05
8.000000000000001554e-02 1.304608596108254859e-01 1.722813055693765347e-02 1.837161534199927913e-06 1.256770787962875114e-05
8.250000000000001776e-02 1.286039213222179289e-01 1.688884176387537087e-02 1.788901535596651590e-06 1.334646314597948991e-05
8.500000000000001998e-02 1.269130552026735415e-01 1.657578453846607000e-02 1.637034434878924088e-06 1.410548787498122133e-05
8.750000000000000833e-02 1.253679680070048930e-01 1.631007208154434604e-02 1.635603294422984477e-06 1.484534302642623798e-05
9.000000000000001055e-02 1.239487767233450749e-01 1.605946630527396030e-02 1.560474901197060561e-06 1.556674138815487084e-05
9.250000000000001277e-02 1.226438645800023708e-01 1.583486645996288675e-02 1.436424884371124921e-06 1.627046228044532321e-05
9.500000000000001499e-02 1.214389729832629217e-01 1.563797317014451946e-02 1.374327316108031962e-06 1.695729637924858716e-05
9.750000000000001721e-02 1.203225594055010866e-01 1.546613731634337990e-02 1.326041640698591430e-06 1.762800283219515611e-05
1.000000000000000056e-01 1.192846387645436351e-01 1.530323101588131236e-02 1.248003404459192461e-06 1.828328138563963657e-05
