# time 1 2 D-1 D
0.000000000000000000e+00 9.999999585852710204e-01 1.623653807387533511e-08 6.341681820090850447e-35 2.149758762463184406e-35
2.500000000000000052e-04 9.989079481024041307e-01 2.187078461157204547e-06 2.985869976087007758e-26 4.930320421882311406e-25
5.000000000000000104e-04 9.954118407485140763e-01 4.562221521771117020e-05 5.076080687652514004e-22 2.588873177001828306e-21
7.500000000000001240e-04 9.891410337111039563e-01 3.136626443717983577e-04 1.691637646554850389e-19 4.032213786922918875e-19
1.000000000000000021e-03 9.795781231244082843e-01 1.354655335890800815e-03 1.029636902502952873e-17 1.386985835649875790e-17
1.250000000000000026e-03 9.658426126997664563e-01 4.423533413852152527e-03 2.349094944520773285e-16 1.932263157332050023e-16
1.500000000000000248e-03 9.465670909133693245e-01 1.157642128256334418e-02 2.734411382382604423e-15 1.414691001196018776e-15
1.750000000000000253e-03 9.206480132578733766e-01 2.429604471511132707e-02 1.911076674879984843e-14 6.356845635652231715e-15
2.000000000000000042e-03 8.892405890003897140e-01 3.984528004743685681e-02 8.820227986074274919e-14 2.010647944212879656e-14
2.250000000000000264e-03 8.566376366086551064e-01 5.005503127601396846e-02 2.873498985259748772e-13 5.123228060471354430e-14
2.500000000000000052e-03 8.277584757630895851e-01 5.289840569542381826e-02 7.097135244873716047e-13 1.163116270776398946e-13
2.750000000000000274e-03 8.052326804523399773e-01 5.287740903274489729e-02 1.422111010727892628e-12 2.445075256205085674e-13
3.000000000000000496e-03 7.891498669984269299e-01 5.252601774640310722e-02 2.460588393162472555e-12 4.744606382862154260e-13
3.250000000000000284e-03 7.783308545528413447e-01 2.769061917570589393e-02 3.872834032065651250e-12 8.421843349191856157e-13
3.500000000000000507e-03 7.713741547367124474e-01 1.119575597193472535e-02 5.343780066096595956e-12 1.367918275379263831e-12
3.749999999999999861e-03 7.671027565359702649e-01 9.759185250801358930e-03 5.510272375875965148e-12 2.051425860481775745e-12
4.000000000000000083e-03 7.646511705739418296e-01 9.199821490887763117e-03 5.663930118380245770e-12 2.877087004936157994e-12
4.250000000000000305e-03 7.634192036351759025e-01 8.800503097777332556e-03 6.100183455683867713e-12 3.822879527504834658e-12
4.500000000000000527e-03 7.630005260453377458e-01 8.521735678304147993e-03 6.594938602780891723e-12 4.866960488499472855e-12
4.750000000000000749e-03 7.631218427945427596e-01 8.282395683817394758e-03 7.006706670804211806e-12 5.989841874315228671e-12
5.000000000000000104e-03 7.635989093755853885e-01 8.049026418436439068e-03 7.366483432175579655e-12 7.173289781622917191e-12
5.250000000000000326e-03 7.643067734045352335e-01 7.920690890754682884e-03 7.725583431290976183e-12 8.400646704552470763e-12
5.500000000000000548e-03 7.651603250570213621e-01 7.749103503588135843e-03 8.138074602018973904e-12 9.658594781614151803e-12
5.750000000000000770e-03 7.661008396416082444e-01 7.645414611382791298e-03 8.708077759450095931e-12 1.092968374948136066e-11
6.000000000000000992e-03 7.670880769496041252e-01 7.501070740223356875e-03 9.331809010262693167e-12 1.220389883160129535e-11
6.250000000000000347e-03 7.680940976793598773e-01 7.420696317442360655e-03 9.953360336372559391e-12 1.347139393592789182e-11
6.500000000000000569e-03 7.690998950582376148e-01 7.324709733095516144e-03 1.015287412079414453e-11 1.472707652386233777e-11
6.750000000000000791e-03 7.700922660133032727e-01 7.218511445697723891e-03 9.876547859411206957e-12 1.595863129878599024e-11
7.000000000000001013e-03 7.710625677286966351e-01 7.153216550451235375e-03 9.214788448384150809e-12 1.717375859415814892e-11
7.250000000000001235e-03 7.720050411109564692e-01 7.078921868349749916e-03 8.345685438990476012e-12 1.835420155167439811e-11
7.499999999999999722e-03 7.729161563691433479e-01 7.007955530343617720e-03 7.378661715564775825e-12 1.949210816914354994e-11
7.750000000000000812e-03 7.737938559410042494e-01 6.953731769559637690e-03 6.389505518609209601e-12 2.058925296215969740e-11
8.000000000000000167e-03 7.746372696240919620e-01 6.899139505671759119e-03 5.391964398875957770e-12 2.161821368434171490e-11
8.250000000000000389e-03 7.754462116288581841e-01 6.858654570834541581e-03 4.421831079570293009e-12 2.259430860856009683e-11
8.500000000000000611e-03 7.762211030453787242e-01 6.819335363692201508e-03 3.519315572162853159e-12 2.344404943727010249e-11
8.750000000000000833e-03 7.769626732995130736e-01 6.763805624515071072e-03 2.695487748982978379e-12 2.420400309418519982e-11
9.000000000000001055e-03 7.776719542932450935e-01 6.739138987204283150e-03 1.969149542074626736e-12 2.482863178622166710e-11
9.250000000000001277e-03 7.783500963870720879e-01 6.704614644810158626e-03 1.350168508566083539e-12 2.533325752988174575e-11
9.500000000000001499e-03 7.789983710783835447e-01 6.677860518365701797e-03 8.461261093470684434e-13 2.569558334371636182e-11
9.750000000000001721e-03 7.796180731680827369e-01 6.646382746121177153e-03 4.731791880230898996e-13 2.592381203110528635e-11
1.000000000000000021e-02 7.802189306255254975e-01 6.610785588659360071e-03 2.194814776544929981e-13 2.600858387268064054e-11
