# time 1 2 D-1 D
0.000000000000000000e+00 9.999999556821672630e-01 1.145451632912769157e-08 5.521443902606136142e-35 1.286890807661930580e-35
2.500000000000000486e-03 9.999915383593280804e-01 6.511065177838470719e-06 2.828907394188047629e-28 1.089346270900624801e-27
5.000000000000000971e-03 9.998200134530361716e-01 1.385049374036572344e-04 2.687530400250257554e-24 1.163750250015815014e-24
7.500000000000001457e-03 9.987911489456564595e-01 9.248003509135854436e-04 1.957804134050023118e-22 7.281411693227210614e-24
1.000000000000000194e-02 9.949846163819681122e-01 3.824277188023789738e-03 1.461207674993694857e-21 1.650792833356437003e-22
1.250000000000000069e-02 9.843449843684541900e-01 1.175091974582264179e-02 6.528867367415248707e-21 1.241772624997079381e-21
1.500000000000000291e-02 9.604869096219242897e-01 2.885648704181527011e-02 2.521088327454308660e-20 4.925542212689770151e-21
1.750000000000000167e-02 9.173160753115969790e-01 5.732145701407496963e-02 1.024904634452308059e-19 8.622454697598049343e-21
2.000000000000000389e-02 8.547726428168598289e-01 9.504844281625589308e-02 4.803184940773277333e-19 4.890714014621369331e-22
2.250000000000000264e-02 7.815908082184613859e-01 1.336205182324274043e-01 2.494150731909888285e-18 2.359701939665462923e-19
2.500000000000000139e-02 7.098437015018889129e-01 1.666574637237261403e-01 1.295771724526716242e-17 3.618598348649069792e-18
2.750000000000000361e-02 6.477457898357912303e-01 1.915476405792464476e-01 6.184685431485581088e-17 2.644925984579785000e-17
3.000000000000000583e-02 5.979403309138520139e-01 2.094723270705786400e-01 2.612587880252846787e-16 1.304440585826419406e-16
3.250000000000000111e-02 5.596026778437951377e-01 2.220393163221354438e-01 9.893498242803969656e-16 4.781231604220361370e-16
3.500000000000000333e-02 5.306544900774998741e-01 1.872357769155710006e-01 3.490430910924366337e-15 1.308420861468025882e-15
3.750000000000000555e-02 5.089413992018682054e-01 1.241835970806243056e-01 1.161552243209459000e-14 2.574861779227464048e-15
4.000000000000000777e-02 4.926515520129912118e-01 9.463261104995686346e-02 3.426157266794278311e-14 4.540224199343086611e-15
4.250000000000000999e-02 4.803831576506152334e-01 7.934459534512719459e-02 8.857582525451659346e-14 9.653828970854967758e-15
4.500000000000000527e-02 4.710908307573646869e-01 6.835908977934022912e-02 2.045518170046085043e-13 2.293888714132624519e-14
4.750000000000000749e-02 4.640067984664356660e-01 5.855821839545642671e-02 4.244536049718209543e-13 5.222933135692047869e-14
5.000000000000000278e-02 4.585701896176182513e-01 4.899511270332208152e-02 7.911002807549737951e-13 1.073384011325100946e-13
5.250000000000000500e-02 4.543711212927458165e-01 3.941462145495900488e-02 1.335995985168172671e-12 1.969617659759891677e-13
5.500000000000000722e-02 4.511091381119242683e-01 3.123738673423933840e-02 2.028924111848889055e-12 3.254222686822018736e-13
5.750000000000000944e-02 4.485631488124262600e-01 2.518323607307764583e-02 2.263936494109550471e-12 4.900430903932340968e-13
6.000000000000001166e-02 4.465698792061398859e-01 2.023020313949897703e-02 2.006628132156369257e-12 6.807532028298177242e-13
6.250000000000000000e-02 4.450082385594441026e-01 1.682970901010947401e-02 2.103476547014727653e-12 8.812807905315101217e-13
6.500000000000000222e-02 4.437880697745210101e-01 1.428693606326433309e-02 2.102184007461325152e-12 1.072825493615771576e-12
6.750000000000000444e-02 4.428419747412518093e-01 1.243873957304865614e-02 1.962081563708070374e-12 1.236968266837147196e-12
7.000000000000000666e-02 4.421192493264953782e-01 1.112026978449580025e-02 1.761378745963564799e-12 1.359645410667750459e-12
7.250000000000000888e-02 4.415814515311621280e-01 1.017681911270238229e-02 1.512261969049950701e-12 1.432614207204534616e-12
7.500000000000001110e-02 4.411990803333459277e-01 9.048592704606570405e-03 1.252586110023881683e-12 1.453878445020564336e-12
7.750000000000001332e-02 4.409490840499011299e-01 8.387524266942551765e-03 1.006661297818857018e-12 1.429501356204639456e-12
8.000000000000001554e-02 4.408127928133006024e-01 8.062903579531013193e-03 7.958378759907769395e-13 1.374957034708265368e-12
8.250000000000001776e-02 4.407750139307442527e-01 7.502522589628795625e-03 6.397237548104106591e-13 1.300339245269730571e-12
8.500000000000001998e-02 4.408228359484901437e-01 7.089820717820695395e-03 5.378175213185761479e-13 1.228466850193648428e-12
8.750000000000000833e-02 4.409448119720389969e-01 6.964070174356327275e-03 4.881674655669079094e-13 1.177071857998380130e-12
9.000000000000001055e-02 4.411307607938856346e-01 6.711429460974769300e-03 4.875351854863186752e-13 1.164018797977319074e-12
9.250000000000001277e-02 4.413716404987475528e-01 6.479632260589659153e-03 5.258989432808241127e-13 1.205032219160438936e-12
9.500000000000001499e-02 4.416592693530336233e-01 6.368831890449969113e-03 5.959284027209798799e-13 1.313828661864602810e-12
9.750000000000001721e-02 4.419854147979108139e-01 6.255705253979294486e-03 6.856849213711445952e-13 1.498708185195632077e-12
1.000000000000000056e-01 4.423432403385984535e-01 5.997119957955945879e-03 7.879489718177659094e-13 1.765369276714968931e-12
