# time 1 2 D-1 D
0.000000000000000000e+00 9.999999579971641239e-01 2.602093387749629565e-09 1.069678407050350843e-35 4.294712806561752107e-36
5.000000000000000104e-04 9.999819025368077430e-01 1.636367516870185684e-05 1.080853773052948891e-30 1.149024980640034740e-32
1.000000000000000021e-03 9.996268354438363479e-01 3.455254359065448649e-04 5.126320023707964701e-27 2.592930596138654695e-28
1.500000000000000248e-03 9.975956939070023122e-01 2.276350282005100163e-03 1.744997765296408099e-25 2.286207376054626740e-27
2.000000000000000042e-03 9.904466158791752628e-01 9.051913113826673754e-03 1.463621638144342161e-24 1.095457996850050474e-26
2.500000000000000052e-03 9.714185043747218806e-01 2.538793927063251812e-02 6.475047712619469117e-24 4.517558883390467888e-28
3.000000000000000496e-03 9.306621201977693936e-01 5.299549195245890909e-02 1.851282575012355974e-23 1.153894903966580829e-25
3.500000000000000507e-03 8.598555802820864180e-01 9.138817539796627309e-02 4.175263210163239298e-23 1.404044737158862971e-24
4.000000000000000083e-03 7.607523102205365761e-01 1.366983101922527033e-01 9.392713729436548735e-23 7.984984900543296960e-24
4.500000000000000527e-03 6.483037386306327310e-01 1.816985414701965118e-01 2.882773160121207678e-22 4.156636768768420756e-23
5.000000000000000104e-03 5.415401141275439922e-01 2.231751730240727483e-01 1.740698784308848306e-21 2.005881520581018866e-22
5.500000000000000548e-03 4.523558870684234456e-01 1.034392549083244656e-01 1.656270088319706897e-20 6.582966014686855308e-22
6.000000000000000992e-03 3.833697004810635578e-01 7.429368144676083696e-02 1.637240114378669497e-19 1.202364184365877647e-22
6.500000000000000569e-03 3.319936078826556947e-01 6.799357738132216777e-02 1.354926592702390096e-18 2.816574469447466303e-20
7.000000000000001013e-03 2.942567378046084259e-01 6.504829151967565781e-02 9.219219463821837345e-18 6.676888862758409019e-19
7.499999999999999722e-03 2.665656259326510402e-01 6.278151063485229444e-02 5.801436747175697508e-17 6.261366271813337127e-18
8.000000000000000167e-03 2.461470471908309698e-01 6.114742139448219038e-02 3.356975156870841574e-16 3.123992570705172586e-17
8.500000000000000611e-03 2.309878823372826240e-01 5.927036642731136479e-02 1.052327433223358779e-15 1.137523008507053613e-16
9.000000000000001055e-03 2.196567990471989529e-01 5.741975032160849535e-02 2.786016910370575715e-15 3.309419485721792678e-16
9.500000000000001499e-03 2.111387089195574662e-01 5.560010305341117620e-02 9.531122516644079695e-15 8.094727184286241027e-16
1.000000000000000021e-02 2.047093953711196512e-01 5.329702931364200397e-02 2.683357158439978178e-14 1.680993195390124597e-15
1.050000000000000065e-02 1.998472790193526194e-01 5.101073968490298788e-02 5.387853518318889934e-14 3.208848598831788037e-15
1.100000000000000110e-02 1.961725687308580601e-01 4.836183512818551661e-02 7.922501253505029446e-14 5.579516960069262132e-15
1.150000000000000154e-02 1.934057265524555536e-01 4.550283385441987460e-02 1.136846401122583894e-13 8.991103116885111652e-15
1.200000000000000198e-02 1.913390480416992390e-01 4.256266512018327952e-02 1.533020434413251714e-13 1.383908925028160831e-14
1.250000000000000069e-02 1.898168257703402861e-01 3.939485825601878738e-02 2.063379511095672553e-13 1.976418741079820838e-14
1.300000000000000114e-02 1.887213256472258238e-01 3.624742603275209890e-02 2.485962831278058063e-13 2.702371316393481147e-14
1.350000000000000158e-02 1.879629507583878423e-01 3.290269944148842968e-02 2.992622071788432913e-13 3.566180467028138484e-14
1.400000000000000203e-02 1.874730099674414563e-01 2.978249530597100111e-02 3.566681610196425412e-13 4.448943141953111977e-14
1.450000000000000247e-02 1.871984279109951688e-01 2.658362590758038546e-02 3.960911364956319707e-13 5.449907765919812614e-14
1.499999999999999944e-02 1.870979521249723221e-01 2.352490968322888676e-02 4.395363335523427462e-13 6.435725327303454012e-14
1.550000000000000162e-02 1.871391766276644664e-01 2.073259539416778471e-02 4.622859902517623651e-13 7.386070970876107220e-14
1.600000000000000033e-02 1.872964215180692726e-01 1.800285653128234908e-02 4.932004323710421850e-13 8.362282545421835054e-14
1.650000000000000078e-02 1.875491343320616344e-01 1.547486159630474638e-02 5.102899642006273171e-13 9.180772832713027479e-14
1.700000000000000122e-02 1.878806107915578227e-01 1.324586528701537230e-02 5.307082387215955756e-13 9.930360886951274175e-14
1.750000000000000167e-02 1.882771258445962714e-01 1.116250108471112702e-02 5.375651437899669238e-13 1.069518612488626698e-13
1.800000000000000211e-02 1.887272664736052985e-01 9.301099832845877505e-03 5.334445435152106543e-13 1.133386972551735320e-13
1.850000000000000255e-02 1.892214347432940869e-01 7.683062137491396791e-03 5.437187345307929919e-13 1.180080003091715278e-13
1.900000000000000300e-02 1.897514375086088168e-01 6.272640153556394496e-03 5.281064494155571426e-13 1.209722668165168509e-13
1.950000000000000344e-02 1.903103834611915290e-01 5.018468368799300881e-03 5.304238194448212726e-13 1.244587860237419978e-13
2.000000000000000042e-02 1.908937956315269469e-01 3.973774068800962553e-03 5.124204380833947762e-13 1.274852649461715731e-13
