# time 1 2 D-1 D
0.000000000000000000e+00 9.999999579971641239e-01 2.602093387749629565e-09 1.069678407050350843e-35 4.294712806561752107e-36
5.000000000000000104e-04 9.999895446918664055e-01 9.186527524648075441e-06 5.945899752112284949e-31 5.603833757099479086e-33
1.000000000000000021e-03 9.997739975053357986e-01 2.052278541531231144e-04 4.329989821891121506e-27 2.408948815851257008e-28
1.500000000000000248e-03 9.984735707863442444e-01 1.426122320567213119e-03 1.211506452030364827e-25 1.297434059796267776e-27
2.000000000000000042e-03 9.936411605597760266e-01 5.974201609440179910e-03 9.204154672009924807e-25 4.806971870517509577e-27
2.500000000000000052e-03 9.800899762596024800e-01 1.762572714293041826e-02 4.179072956578174470e-24 1.860729436861504376e-27
3.000000000000000496e-03 9.496311528044243389e-01 3.866496490266577157e-02 1.220415304152434408e-23 1.076241601174889859e-25
3.500000000000000507e-03 8.943507286949602397e-01 7.002977067137790279e-02 2.798015783113291401e-23 9.630882445569042266e-25
4.000000000000000083e-03 8.138409276177289708e-01 1.098962840972188409e-01 5.666112859400066383e-23 5.996758262936063103e-24
4.500000000000000527e-03 7.191066852278192867e-01 1.529520559953332359e-01 1.719593024716042800e-22 3.520643377300752334e-23
5.000000000000000104e-03 6.261585135975346050e-01 1.963518254245720795e-01 1.295106794810900270e-21 1.917686175695834206e-22
5.500000000000000548e-03 5.462432013113225349e-01 9.556382349969848311e-02 1.536713106001260447e-20 5.759722536304202544e-22
6.000000000000000992e-03 4.828865512519506242e-01 7.196047573585374890e-02 1.647613165772942928e-19 3.249593705185087864e-23
6.500000000000000569e-03 4.347164582102165942e-01 6.868834443647776899e-02 1.317922655231639214e-18 5.801844664742497265e-20
7.000000000000001013e-03 3.987085258253904585e-01 6.816903293167020372e-02 8.008275481934876886e-18 1.047545209863677421e-18
7.499999999999999722e-03 3.718753156890788336e-01 6.790285151826322418e-02 4.124417449515511425e-17 7.723552996532980293e-18
8.000000000000000167e-03 3.518009164923783239e-01 6.793440083963595000e-02 1.989101194883976113e-16 3.522794153528769051e-17
8.500000000000000611e-03 3.366768574138241932e-01 6.736963117309166527e-02 5.611644065322367089e-16 1.179622466723503480e-16
9.000000000000001055e-03 3.251896690708024340e-01 6.654969633640164806e-02 1.087855654137308897e-15 3.145339604455638564e-16
9.500000000000001499e-03 3.163951039904287499e-01 6.553355983442918364e-02 2.348917269563380491e-15 7.004414354771743061e-16
1.000000000000000021e-02 3.096140235435582144e-01 6.375276327626636097e-02 4.245103163431280390e-15 1.366246808291219843e-15
1.050000000000000065e-02 3.043549699789240837e-01 6.183301536586386510e-02 4.405316815455012745e-15 2.349521742730206619e-15
1.100000000000000110e-02 3.002599702606219001e-01 5.934202325744800804e-02 4.726288218471575739e-15 3.677072754065065631e-15
1.150000000000000154e-02 2.970659897973569885e-01 5.648197471542561882e-02 4.736556300121472423e-15 5.283177270219635926e-15
1.200000000000000198e-02 2.945777960170523624e-01 5.342833641491100821e-02 4.254366536974610726e-15 7.045583779556166053e-15
1.250000000000000069e-02 2.926492669964984028e-01 5.000456026061188969e-02 3.625074623677543629e-15 8.921826801861881191e-15
1.300000000000000114e-02 2.911699366918045206e-01 4.653158698075116062e-02 2.342382296648142627e-15 1.059320881878752575e-14
1.350000000000000158e-02 2.900553972023959259e-01 4.273015486308046756e-02 1.275526151991869589e-15 1.206945963098311353e-14
1.400000000000000203e-02 2.892404938241125989e-01 3.915071248258664843e-02 4.391195243969030790e-16 1.317305817825858546e-14
1.450000000000000247e-02 2.886742361721915118e-01 3.539667032841680577e-02 4.606339274797437880e-17 1.377176923279614694e-14
1.499999999999999944e-02 2.883162054297205845e-01 3.175679575513420255e-02 3.732554144006316805e-16 1.400641640882524882e-14
1.550000000000000162e-02 2.881339009055147726e-01 2.840449634546196936e-02 1.699980360541886502e-15 1.363469163848330801e-14
1.600000000000000033e-02 2.881006467876242594e-01 2.506646017194278861e-02 3.878395635814283593e-15 1.291217354285305617e-14
1.650000000000000078e-02 2.881943689900863248e-01 2.193374441481668949e-02 7.080191907606484025e-15 1.198951214443875214e-14
1.700000000000000122e-02 2.883963850586029887e-01 1.914681985530347977e-02 1.149196006224625684e-14 1.091904953513247251e-14
1.750000000000000167e-02 2.886907436943014771e-01 1.649664198201393484e-02 1.686651217868797760e-14 9.449898555632008779e-15
1.800000000000000211e-02 2.890636551335637461e-01 1.409493885462272285e-02 2.297142403240542594e-14 7.846024897932411686e-15
1.850000000000000255e-02 2.895030654760196165e-01 1.197928694211214395e-02 2.967484235819251810e-14 6.542837001976155912e-15
1.900000000000000300e-02 2.899984724857610496e-01 1.010533110285339112e-02 3.720155331197565619e-14 5.233759954515926627e-15
1.950000000000000344e-02 2.905405983548546289e-01 8.402595757125248463e-03 4.569955033531022742e-14 3.918682781091653626e-15
2.000000000000000042e-02 2.911279281253766893e-01 6.957829958688517905e-03 5.373127791837950189e-14 2.799152910003994797e-15
