# time 1 2 D-1 D
0.000000000000000000e+00 9.999999497835088125e-01 2.502724235592235514e-08 1.812759225761820123e-34 1.735898425607351172e-34
1.250000000000000243e-03 9.992485830061067498e-01 1.317937079911310605e-08 2.832471836983371433e-26 2.348181543213877424e-25
2.500000000000000486e-03 9.967885898858975802e-01 1.950765689342743911e-07 7.318386285455216387e-22 1.281585861057942257e-21
3.750000000000000729e-03 9.922279896196937177e-01 1.262825842708304135e-06 3.236140656073212536e-19 2.216297442577503702e-19
5.000000000000000971e-03 9.850758585882860574e-01 5.038693424954579453e-06 2.666050123765614238e-17 9.457635275435721120e-18
6.250000000000000347e-03 9.747464967919388101e-01 1.594310082917098738e-05 8.563918459413779527e-16 1.911451988922535728e-16
7.500000000000001457e-03 9.605501266884186595e-01 4.344899530473968945e-05 1.494386616885044378e-14 2.446776265462575979e-15
8.750000000000000833e-03 9.416741199276758012e-01 1.097115447342189077e-04 1.687116582445185189e-13 2.269284460416011293e-14
1.000000000000000194e-02 9.171632630238664152e-01 2.583019749840023932e-04 1.358783485800244397e-12 1.593912010708402596e-13
1.125000000000000132e-02 8.859094891809792260e-01 5.831224184660084185e-04 8.042810964387405516e-12 8.499644509405755325e-13
1.250000000000000069e-02 8.466539976823044267e-01 1.280753651540439582e-03 3.427797690764446914e-11 3.454799047396502779e-12
1.375000000000000180e-02 7.979749048357259733e-01 2.759560410007170887e-03 1.053623396597456321e-10 1.094584495715880933e-11
1.500000000000000291e-02 7.381169648987964127e-01 5.927114995374425932e-03 2.596915938243795131e-10 2.798845930243527553e-11
1.625000000000000056e-02 6.650929856988997413e-01 1.215626567633171576e-02 5.397980284055484163e-10 5.993504711471589439e-11
1.750000000000000167e-02 5.751586807483027863e-01 2.481529606917098896e-02 9.604332228471406076e-10 1.111443709124785267e-10
1.875000000000000278e-02 4.647924822265576683e-01 4.730698728863241137e-02 1.436558802178347346e-09 1.835691585099821132e-10
2.000000000000000389e-02 3.403854719577716903e-01 7.425884352444893366e-02 1.848881987398539207e-09 2.762653892890898662e-10
2.125000000000000500e-02 2.241000067612383406e-01 8.833897471756711750e-02 2.167986655571604722e-09 3.858425880555809571e-10
2.250000000000000264e-02 1.397558997419386384e-01 7.703822932193316042e-02 2.493977301079828116e-09 5.074829509555663834e-10
2.375000000000000375e-02 8.689956488012842706e-02 5.365446636850133844e-02 2.792505743699817945e-09 6.359648880653280602e-10
2.500000000000000139e-02 5.494524032239230665e-02 3.310546517188322352e-02 3.122713100704015508e-09 7.665055908771522203e-10
2.625000000000000250e-02 3.534826029653466428e-02 1.955092523802021490e-02 3.479645975448798869e-09 8.952392369708156151e-10
2.750000000000000361e-02 2.317452173399462204e-02 1.140534889097952198e-02 3.784823721017609369e-09 1.019383599450385177e-09
2.875000000000000472e-02 1.526097106593007728e-02 6.846337135815486544e-03 4.149784171622711103e-09 1.137202624090913795e-09
3.000000000000000583e-02 1.022370950641477566e-02 4.121533898578115702e-03 4.483923939873307089e-09 1.247850076415211120e-09
3.125000000000000000e-02 6.884982765478320915e-03 2.547522341089885917e-03 4.767092966530601978e-09 1.351129557063572075e-09
3.250000000000000111e-02 4.662575712248662359e-03 1.609358700932327557e-03 5.100097258672490500e-09 1.447299986857723570e-09
3.375000000000000222e-02 3.179330035189350742e-03 1.028361746825957835e-03 5.413480750559779213e-09 1.536918094182444043e-09
3.500000000000000333e-02 2.182578593475611659e-03 6.593296184221655301e-04 5.686032071027416613e-09 1.620702914866540256e-09
3.625000000000000444e-02 1.496301149173834971e-03 4.315656817628060055e-04 5.997428587490980219e-09 1.699431871775965305e-09
3.750000000000000555e-02 1.026459728095926831e-03 2.838062900170346386e-04 6.283101405789038383e-09 1.773876884045375215e-09
3.875000000000000666e-02 7.007528886810362187e-04 1.891316611425566247e-04 6.522185413445222781e-09 1.844763625182644027e-09
4.000000000000000777e-02 4.754732512220881824e-04 1.267540101045058277e-04 6.791784381886252998e-09 1.912743846645210353e-09
4.125000000000000888e-02 3.188624140901242751e-04 8.615198444730010920e-05 7.074407619052284203e-09 1.978395426855964478e-09
4.250000000000000999e-02 2.117653913673993337e-04 5.804970217669578876e-05 7.341954356968387862e-09 2.042218161068164462e-09
4.375000000000000416e-02 1.381589432609822493e-04 3.939023040001640149e-05 7.602208207209722141e-09 2.104644985534431116e-09
4.500000000000000527e-02 8.764118358504955698e-05 2.742580546397844257e-05 7.924213765999112170e-09 2.166008073426953375e-09
4.625000000000000638e-02 5.432103617771900721e-05 1.892923852445304865e-05 8.178550087705815231e-09 2.226593181527211531e-09
4.750000000000000749e-02 3.270837105667152617e-05 1.294075703060919798e-05 8.461103941894066427e-09 2.286636070656822293e-09
4.875000000000000860e-02 1.876504054234241626e-05 9.102284505891893599e-06 8.744320146363276343e-09 2.346337916066527290e-09
5.000000000000000278e-02 1.018295088435380046e-05 6.383613343705773238e-06 9.001107234177781167e-09 2.405820771959669648e-09
