# time 1 2 D-1 D
0.000000000000000000e+00 9.999999757845049464e-01 4.612018938167716977e-09 1.266830261881179034e-34 4.124809677035406331e-35
2.500000000000000486e-03 9.992402960575114124e-01 1.446396900738827604e-08 7.129021244469967413e-17 6.503044476740269203e-22
5.000000000000000971e-03 9.967985052539550805e-01 2.579667568610559596e-07 2.236502482246648704e-14 3.729442527418448134e-18
7.500000000000001457e-03 9.924017439750917324e-01 1.663571480488198803e-06 6.972083113813814535e-13 6.861167985461791275e-16
1.000000000000000194e-02 9.857312098627639685e-01 6.982718293239136297e-06 8.529130192750533114e-12 3.055603996995299910e-14
1.250000000000000069e-02 9.764040248561227653e-01 2.236368521576281512e-05 6.229139489835524142e-11 6.190742286754557031e-13
1.500000000000000291e-02 9.639438900845792579e-01 6.126164375572962673e-05 3.295736546161164142e-10 7.497206898820648804e-12
1.750000000000000167e-02 9.477398269881126547e-01 1.501065328602023896e-04 1.383710180691660870e-09 6.201617253831713220e-11
2.000000000000000389e-02 9.269939822294752663e-01 3.344183189126240740e-04 4.837235626686121639e-09 3.745336871251587472e-10
2.250000000000000264e-02 9.006645084527573619e-01 6.950355575190727804e-04 1.438352668847268358e-08 1.711380606685288107e-09
2.500000000000000139e-02 8.674202207985669544e-01 1.356438571485002074e-03 3.626141837041543271e-08 6.083160924658714582e-09
2.750000000000000361e-02 8.256469059141459121e-01 2.487212969694167341e-03 7.773324953914617402e-08 1.735164191761299346e-08
3.000000000000000583e-02 7.735359450970417106e-01 4.325809596910396883e-03 1.453563223950123837e-07 4.110814417747189108e-08
3.250000000000000111e-02 7.092152624486149914e-01 7.324518264506503853e-03 2.479386893947067036e-07 8.362918108420062906e-08
3.500000000000000333e-02 6.322036688378122049e-01 1.130413429852290125e-02 4.036816450532950059e-07 1.503916318427938641e-07
3.750000000000000555e-02 5.433240961900513977e-01 1.655178472022350231e-02 6.867517230723479777e-07 2.448195502363256334e-07
4.000000000000000777e-02 4.465842869183526131e-01 2.307843777878489100e-02 1.859823305391291434e-06 3.676615467743116693e-07
4.250000000000000999e-02 3.516168476432410261e-01 2.821682245914709786e-02 2.846199720645605335e-06 5.170349592502656854e-07
4.500000000000000527e-02 2.666723468737872138e-01 3.138505631105913130e-02 3.439352394126777485e-06 6.889459578493940880e-07
4.750000000000000749e-02 1.976196335438790697e-01 3.184220406250571483e-02 4.234518991330774659e-06 8.780426399954234684e-07
5.000000000000000278e-02 1.454639057180492356e-01 2.983111290073839697e-02 5.157900222920839535e-06 1.078391169997796092e-06
5.250000000000000500e-02 1.108346967166464470e-01 2.318427508594272934e-02 6.186190847427664920e-06 1.284142318086234625e-06
5.500000000000000722e-02 9.565722720797117939e-02 7.388333981602663268e-03 7.312721122868343931e-06 1.490026413245273763e-06
5.750000000000000944e-02 5.535874571303612407e-02 2.449017192669064244e-02 8.510970463095167139e-06 1.691659378296275888e-06
6.000000000000001166e-02 3.115625722560142960e-02 3.122253765467310205e-02 9.804129909548794174e-06 1.885684763975015709e-06
6.250000000000000000e-02 2.191548984911262030e-02 2.718366137203243049e-02 1.116705162065415553e-05 2.069782486133182657e-06
6.500000000000000222e-02 1.796344280508569563e-02 2.093406441148150041e-02 1.260072110892485604e-05 2.242583475855825375e-06
6.750000000000000444e-02 1.401020442652439572e-02 1.696642427154055818e-02 1.410682081821302212e-05 2.403527551689619537e-06
7.000000000000000666e-02 1.152750805755608891e-02 1.323673806133519003e-02 1.567640303298570531e-05 2.552697054484707234e-06
7.250000000000000888e-02 1.024676000788824273e-02 9.599401757887661077e-03 1.729869467625572076e-05 2.690647393325081070e-06
7.500000000000001110e-02 7.897812193866156349e-03 8.021145109864147651e-03 1.899646746847687731e-05 2.818251991933694790e-06
7.750000000000001332e-02 7.333928496830578389e-03 5.423219726937181413e-03 2.073207220405105116e-05 2.936569766894483510e-06
8.000000000000001554e-02 5.707213787349615236e-03 4.483300426632362209e-03 2.253319402889729126e-05 3.046741694616427626e-06
8.250000000000001776e-02 3.216789255042650907e-03 4.871780441377866581e-03 2.437471217347564602e-05 3.149907264458294583e-06
8.500000000000001998e-02 2.398351177686049857e-03 3.951878114085967050e-03 2.625840581787330225e-05 3.247151296590099848e-06
8.750000000000000833e-02 1.757089828198158147e-03 3.140501520196232847e-03 2.816667850523181459e-05 3.339466955028855498e-06
9.000000000000001055e-02 1.290907130180352167e-03 2.382458372112224339e-03 3.012816462256166628e-05 3.427737860507678018e-06
9.250000000000001277e-02 8.966697313835559355e-04 1.744655597161645991e-03 3.211896179706047190e-05 3.512730620418457101e-06
9.500000000000001499e-02 6.179856965942763340e-04 1.169234375141158487e-03 3.411670969594829314e-05 3.595088624766909479e-06
9.750000000000001721e-02 4.127129674783948442e-04 7.012181482664760082e-04 3.615659963634992321e-05 3.675332893061975689e-06
1.000000000000000056e-01 2.630856986414268619e-04 3.625852300293551682e-04 3.820939825492489418e-05 3.753880752502631703e-06
