# time 1 2 D-1 D
0.000000000000000000e+00 9.999999582618097627e-01 8.272189677478303063e-10 2.904961651428064540e-34 3.796993689949841971e-35
5.000000000000000104e-04 9.992573434487387329e-01 1.218577403143339097e-06 1.191856178315281181e-28 1.704675722180595178e-25
1.000000000000000021e-03 9.968604590920358000e-01 2.504815359410470445e-05 2.581723586735332979e-24 9.282163729920102874e-22
1.500000000000000248e-03 9.924852468524466564e-01 1.711574028875779421e-04 1.104126366794479031e-21 1.565467403997994991e-19
2.000000000000000042e-03 9.856291015439956338e-01 7.440815662603881414e-04 8.859176381588939855e-20 6.206673291444336683e-18
2.500000000000000052e-03 9.754069267664567944e-01 2.518781867532109836e-03 2.581944513272619348e-18 1.081027584107311690e-16
3.000000000000000496e-03 9.602032975121140845e-01 7.182704496104104670e-03 3.934146867048889361e-17 1.083674821082638855e-15
3.500000000000000507e-03 9.373763842240091515e-01 1.773542450307604573e-02 3.622532039809943829e-16 7.190035072008440337e-15
4.000000000000000083e-03 9.038505667481736561e-01 3.777966984098065500e-02 2.239586676215485934e-15 3.437495623190482954e-14
4.500000000000000527e-03 8.586531247261552924e-01 6.804264174418959976e-02 9.610125595929446795e-15 1.265373205942233097e-13
5.000000000000000104e-03 8.058169945829828373e-01 1.015005377238929057e-01 2.939914060071142296e-14 3.825944724798147285e-13
5.500000000000000548e-03 7.531105229690394642e-01 1.227689970052610463e-01 6.471708445988810682e-14 1.017462711489489768e-12
6.000000000000000992e-03 7.071263422371675267e-01 1.195019278352425912e-01 9.797159834833228710e-14 2.535771249715926188e-12
6.500000000000000569e-03 6.705783442041590714e-01 9.298292330965973740e-02 7.611958105046432950e-14 6.175174654648547125e-12
7.000000000000001013e-03 6.431494303117057942e-01 6.687251707329477934e-02 1.335413102976711380e-15 1.478551306010679102e-11
7.499999999999999722e-03 6.232404809926840317e-01 5.197355287570788046e-02 2.802676359118859512e-13 3.392690602852389221e-11
8.000000000000000167e-03 6.090774809208825413e-01 4.347828778923944898e-02 2.042506357684451205e-12 7.170427525130669937e-11
8.500000000000000611e-03 5.991474317748851641e-01 3.845224451204764388e-02 4.596069142378535286e-12 1.368077728016601749e-10
9.000000000000001055e-03 5.922861827927310419e-01 3.538570182271261882e-02 1.084791668022225499e-13 2.375593831914956892e-10
9.500000000000001499e-03 5.876375482225828506e-01 3.305135073471895946e-02 1.374732765820911545e-10 2.192758633754012005e-10
1.000000000000000021e-02 5.845839808474465604e-01 3.131107502600078557e-02 2.830076623017381632e-10 2.096105079209222537e-10
1.050000000000000065e-02 5.826824996140325119e-01 2.977573529050907275e-02 4.055490146070014420e-10 2.357550391001954127e-10
1.100000000000000110e-02 5.816148231960840409e-01 2.871566624096632062e-02 5.284026041542350983e-10 2.716445136920783592e-10
1.150000000000000154e-02 5.811510829952184487e-01 2.792258931219131213e-02 6.568559863402114148e-10 3.095680000392606084e-10
1.200000000000000198e-02 5.811242672286582867e-01 2.703798010535700402e-02 7.931457597345938571e-10 3.449970697354133300e-10
1.250000000000000069e-02 5.814121045902588270e-01 2.650080562485134308e-02 9.349361839153841787e-10 3.782654338783846658e-10
1.300000000000000114e-02 5.819245639137021753e-01 2.588359971431423642e-02 1.081561741459061228e-09 4.085471428515341720e-10
1.350000000000000158e-02 5.825949462041444260e-01 2.550918969376058526e-02 1.231546794171574733e-09 4.364742459727709475e-10
1.400000000000000203e-02 5.833736654815038225e-01 2.511152155980158132e-02 1.384913305462316690e-09 4.618192924607459533e-10
1.450000000000000247e-02 5.842238482282872125e-01 2.474881374368042772e-02 1.542958537014531384e-09 4.837805070216638836e-10
1.499999999999999944e-02 5.851178214950247813e-01 2.442880510666507743e-02 1.707010902581241668e-09 5.034885588358769618e-10
1.550000000000000162e-02 5.860350147359901785e-01 2.414868555827425281e-02 1.872713131252103628e-09 5.198698467581514198e-10
1.600000000000000033e-02 5.869601396590800046e-01 2.387695286434764544e-02 2.049677931197874139e-09 5.344982899471093455e-10
1.650000000000000078e-02 5.878818288881280107e-01 2.365311190911797631e-02 2.230586469838426851e-09 5.467512576967005167e-10
1.700000000000000122e-02 5.887918107393876888e-01 2.351108381879504425e-02 2.415287827469052207e-09 5.574184956455615703e-10
1.750000000000000167e-02 5.896840718687508254e-01 2.328045405113318700e-02 2.597475283994041664e-09 5.665887560033679540e-10
1.800000000000000211e-02 5.905543239502368813e-01 2.314188497107027079e-02 2.778334906412738141e-09 5.735729285321738333e-10
1.850000000000000255e-02 5.913996881641370162e-01 2.299713155246760343e-02 2.951323795595577226e-09 5.794811465808330181e-10
1.900000000000000300e-02 5.922182238808172405e-01 2.292204223936890328e-02 3.096081882390777815e-09 5.840506602723240992e-10
1.950000000000000344e-02 5.930087878036761628e-01 2.295257376403005492e-02 3.215946952258254465e-09 5.876195747476795685e-10
2.000000000000000042e-02 5.937709013375699341e-01 2.288906026139090819e-02 3.302405368195400262e-09 5.901441543487900604e-10
