# time 1 2 D-1 D
0.000000000000000000e+00 9.999999502201470936e-01 4.863521287949840638e-09 6.431946678151856271e-36 8.201196792834108915e-36
5.000000000000000104e-04 9.990097117832421603e-01 6.402281806024280814e-09 8.951371214008083358e-30 2.152782101791076369e-34
1.000000000000000021e-03 9.958148599650843424e-01 2.310415662059050067e-08 2.137989326037384718e-25 6.966686796891428021e-29
1.500000000000000248e-03 9.900212950475980600e-01 7.640942004759455073e-08 9.232842491726606316e-23 1.750395510753377978e-25
2.000000000000000042e-03 9.811437681199400851e-01 1.632044841978568832e-07 8.000975476409797816e-21 5.405785508866133250e-23
2.500000000000000052e-03 9.685774342560393713e-01 2.169464241778727553e-07 2.970831738773624951e-19 5.221111004122184546e-21
3.000000000000000496e-03 9.515548953445659430e-01 5.402687776317810341e-08 6.703971698240686129e-18 2.352031339091489529e-19
3.500000000000000507e-03 9.290860844415103070e-01 4.864684792709026591e-07 1.150336416501718589e-16 5.939557445327202549e-18
4.000000000000000083e-03 8.998758635988336474e-01 1.017888380793355767e-05 1.653518591960865195e-15 9.178941773158260733e-17
4.500000000000000527e-03 8.622057942820948728e-01 8.050638512185845374e-05 1.105050395728342186e-14 9.230821761624674081e-16
5.000000000000000104e-03 8.137268927535923346e-01 4.577516683655380469e-04 5.182503503747589381e-14 6.427100132237054740e-15
5.500000000000000548e-03 7.509067864751359789e-01 2.217134516155250430e-03 1.972310010406451420e-13 3.289169191431609060e-14
6.000000000000000992e-03 6.670986238264637880e-01 9.681003116867053018e-03 6.067893796419107340e-13 1.302486094199723976e-13
6.500000000000000569e-03 5.462830331341856915e-01 3.798543628187655424e-02 1.552052241886228509e-12 4.162537112094630308e-13
7.000000000000001013e-03 3.686538799043131975e-01 1.097887093382697299e-01 3.398424656774545635e-12 1.111310812461718564e-12
7.499999999999999722e-03 2.015713879544267229e-01 1.662023993264667154e-01 6.529362182745938978e-12 2.550920171884352228e-12
8.000000000000000167e-03 1.101422314370688327e-01 1.545166430779912614e-01 1.126119745475818993e-11 5.157914394109958966e-12
8.500000000000000611e-03 6.512975217117511484e-02 1.144768031991191953e-01 1.778053057286067738e-11 9.377425905576875535e-12
9.000000000000001055e-03 4.122570461658638802e-02 7.525596824533174745e-02 2.601114423896010726e-11 1.559749451446437522e-11
9.500000000000001499e-03 2.719707689693888833e-02 4.603569321199750541e-02 3.557404768255121320e-11 2.408301426931614962e-11
1.000000000000000021e-02 1.851401341015495791e-02 2.672478361823574927e-02 4.624689859636350236e-11 3.494236574983958658e-11
1.050000000000000065e-02 1.293478099260266662e-02 1.491732262587928612e-02 5.749705872604947514e-11 4.812806019079367781e-11
1.100000000000000110e-02 9.244085073753467718e-03 1.070485359557829183e-03 6.830329773119321340e-11 6.346386779963646362e-11
1.150000000000000154e-02 6.742925981317103405e-03 7.637373647822132345e-04 7.900718027598227896e-11 8.068565765459714712e-11
1.200000000000000198e-02 5.011587333189602284e-03 5.700427587399800123e-04 8.872309726379016174e-11 9.948646246967793082e-11
1.250000000000000069e-02 3.790003908827149076e-03 4.272883288721952160e-04 9.828738032996648587e-11 1.195508149946570874e-10
1.300000000000000114e-02 2.912864949351264086e-03 3.256692614618562909e-04 1.069448345442727131e-10 1.405841943738987410e-10
1.350000000000000158e-02 2.272488763730508114e-03 2.483504296916802870e-04 1.142382860836680819e-10 1.623300891357058195e-10
1.400000000000000203e-02 1.799517515302463937e-03 1.881049612143158517e-04 1.229264347936262430e-10 1.845783031473816198e-10
1.450000000000000247e-02 1.443941739085760709e-03 1.416454536800519713e-04 1.323211936526720236e-10 2.071660645285178207e-10
1.499999999999999944e-02 1.172613548497422695e-03 1.060482874189173458e-04 1.418991397381896495e-10 2.299741730653484383e-10
1.550000000000000162e-02 9.648895658390832953e-04 7.662822915782488973e-05 1.514033335329575806e-10 2.529227859857403722e-10
1.600000000000000033e-02 8.030568225290171365e-04 5.322208818385755469e-05 1.652381936618069422e-10 2.759630469282779647e-10
1.650000000000000078e-02 6.750663445387221958e-04 3.503836020472263587e-05 1.789284175537151222e-10 2.990704323070107451e-10
1.700000000000000122e-02 5.727990359610931823e-04 2.086017530286114893e-05 1.958538751565669064e-10 3.222374774573886160e-10
1.750000000000000167e-02 4.894525622410080120e-04 1.061979239825792503e-05 2.157099108610788978e-10 3.454723417281320135e-10
1.800000000000000211e-02 4.203866018444534208e-04 3.845234596890790429e-06 2.386753917527754372e-10 3.687903696681323666e-10
1.850000000000000255e-02 3.619210881907970788e-04 3.724797839644867886e-07 2.667200572861609727e-10 3.922089522360230610e-10
1.900000000000000300e-02 3.109947052679436393e-04 3.439823307903459244e-07 2.943318777937980563e-10 4.157485529414090626e-10
1.950000000000000344e-02 2.660945638758126100e-04 3.035885446291023534e-06 3.278095061367835579e-10 4.394350216715020401e-10
2.000000000000000042e-02 2.265178546645978282e-04 7.422231281310141251e-06 3.664419879776627766e-10 4.632920923400737532e-10
