# time 1 2 D-1 D
0.000000000000000000e+00 9.999999502201470936e-01 4.863521287949840638e-09 6.431946678151856271e-36 8.201196792834108915e-36
1.250000000000000243e-03 9.990073906562888517e-01 8.126924121015123538e-09 8.939255389509723816e-30 1.142702305826042994e-34
2.500000000000000486e-03 9.957811720053142412e-01 3.760423424110290471e-08 2.116069897940790211e-25 4.700120523279977022e-29
3.750000000000000729e-03 9.898671888254670925e-01 1.384927952442500424e-07 8.920333384075863278e-23 1.210099915590969795e-25
5.000000000000000971e-03 9.807045627496772111e-01 3.176339051753174998e-07 7.397310136824682102e-21 3.784969869504090800e-23
6.250000000000000347e-03 9.676107204139479112e-01 4.813277567931517476e-07 2.572708785325511865e-19 3.639171137863319535e-21
7.500000000000001457e-03 9.497466625307079413e-01 2.331005060230487710e-07 5.329800613860898663e-18 1.598360426056396992e-19
8.750000000000000833e-03 9.260632341503099996e-01 2.586711038779052372e-07 8.269911799090026891e-17 3.859945662061958017e-18
1.000000000000000194e-02 8.952279864471578419e-01 1.041716279072959849e-05 1.064788014609530275e-15 5.618276309108372980e-17
1.125000000000000132e-02 8.555232022163350436e-01 8.948274976331037811e-05 6.420055483354901248e-15 5.272182721311932596e-16
1.250000000000000069e-02 8.046629241035638813e-01 5.092245142347737565e-04 2.762127907370380135e-14 3.410977722133913790e-15
1.375000000000000180e-02 7.392682382739107494e-01 2.409764492511646053e-03 9.723407399207021043e-14 1.620348750828057806e-14
1.500000000000000291e-02 6.529791634526520561e-01 1.020886292420358776e-02 2.778128988455477435e-13 5.958677643087513364e-14
1.625000000000000056e-02 5.304002281116223516e-01 3.893694825414443367e-02 6.615930090501833104e-13 1.770277933535483395e-13
1.750000000000000167e-02 3.533331723455860884e-01 1.101173183403589273e-01 1.351328117006413717e-12 4.398981435412189494e-13
1.875000000000000278e-02 1.894244946331395396e-01 1.646949205274913230e-01 2.425856945958474066e-12 9.409789788701802869e-13
2.000000000000000389e-02 1.009884006314725746e-01 1.523420374171032543e-01 3.916112594377339395e-12 1.775210470584528608e-12
2.125000000000000500e-02 5.809536303746500041e-02 1.127828822049231905e-01 5.799040897813614634e-12 3.014912573766068666e-12
2.250000000000000264e-02 3.571001682128707722e-02 7.434019422149561185e-02 7.972882781826085294e-12 4.690017307608149486e-12
2.375000000000000375e-02 2.283699920064018174e-02 4.571612145348422779e-02 1.027226263129823275e-11 6.781622128680096607e-12
2.500000000000000139e-02 1.504855418566280155e-02 2.673728071451012683e-02 1.261659435798420672e-11 9.228133780829632448e-12
2.625000000000000250e-02 1.016623635409871600e-02 1.505827197304912025e-02 1.486857377862662565e-11 1.193958208448389864e-11
2.750000000000000361e-02 7.020007610647311345e-03 9.033880237207425785e-04 1.679474245144856146e-11 1.481465392242337675e-11
2.875000000000000472e-02 4.945203051461705135e-03 6.226429001435059224e-04 1.854374526239942780e-11 1.775674446401994062e-11
3.000000000000000583e-02 3.548707530204669135e-03 4.500410546873590619e-04 1.994919590076609275e-11 2.068240155983677862e-11
3.125000000000000000e-02 2.591086717427581575e-03 3.262573701011325109e-04 2.125461117865658857e-11 2.352745401673039893e-11
3.250000000000000111e-02 1.922977048392430013e-03 2.409838354158120016e-04 2.231976808049072759e-11 2.624749228657026048e-11
3.375000000000000222e-02 1.449065917323136320e-03 1.780903938225436383e-04 2.308515438551780802e-11 2.881651899663086823e-11
3.500000000000000333e-02 1.108867799301706128e-03 1.309349323466259599e-04 2.412915866180250598e-11 3.122401592915626647e-11
3.625000000000000444e-02 8.602479361198162857e-04 9.584487239393709162e-05 2.529219325216369622e-11 3.347132391566613541e-11
3.750000000000000555e-02 6.758226139966826748e-04 6.986177383865351659e-05 2.647367638311271307e-11 3.556776700712801234e-11
3.875000000000000666e-02 5.383762959082770720e-04 4.934273266224489536e-05 2.762393451825635472e-11 3.752755958743022022e-11
4.000000000000000777e-02 4.341464259191159486e-04 3.364847854594698982e-05 2.951435233041651545e-11 3.936743142712902236e-11
4.125000000000000888e-02 3.538903755839758005e-04 2.190141575321980752e-05 3.133756013138188390e-11 4.110549607764962696e-11
4.250000000000000999e-02 2.914458039844868812e-04 1.306683176076278705e-05 3.365823854926823853e-11 4.275943826709580055e-11
4.375000000000000416e-02 2.419392545015490556e-04 6.838275504839940213e-06 3.639814646270405263e-11 4.434529701428540268e-11
4.500000000000000527e-02 2.020762528104722716e-04 2.740282735606018185e-06 3.956459606941557587e-11 4.587776500338259664e-11
4.625000000000000638e-02 1.693790649728979037e-04 4.779522986880433671e-07 4.344178782198536730e-11 4.736971868342158425e-11
4.750000000000000749e-02 1.418108155358882778e-04 2.883149267336529889e-08 4.716460094642903881e-11 4.883393503875152890e-11
4.875000000000000860e-02 1.183488990827246919e-04 8.716951734876110500e-07 5.168521994627718938e-11 5.027959625571584812e-11
5.000000000000000278e-02 9.833443802873837326e-05 2.497863336850162978e-06 5.686202012745102032e-11 5.171443726742289469e-11
