# time 1 2 D-1 D
0.000000000000000000e+00 9.999999665570232787e-01 2.921605424000619818e-09 2.965184499949219811e-34 7.452634184213303656e-34
5.000000000000000104e-04 9.992270669584937259e-01 3.194946906659990607e-07 2.427976895525335342e-16 4.399408485575719986e-22
1.000000000000000021e-03 9.966475212845383735e-01 5.794659930095621437e-06 7.482112735793487802e-14 2.937114751245665754e-18
1.500000000000000248e-03 9.917095143069896146e-01 3.582303952115602051e-05 2.268752836920117737e-12 6.099073205396977821e-16
2.000000000000000042e-03 9.836668428393030572e-01 1.390750921516330371e-04 2.615440147497988286e-11 3.001373894412855902e-14
2.500000000000000052e-03 9.715974772453143116e-01 4.195537598185476789e-04 1.743444327558412624e-10 6.502684018483203367e-13
3.000000000000000496e-03 9.544016269459767443e-01 1.075045080394720779e-03 8.061388752225515199e-10 8.001044383542156160e-12
3.500000000000000507e-03 9.307599530705547020e-01 2.463995617144682654e-03 2.835076728121021816e-09 6.264607198394634262e-11
4.000000000000000083e-03 8.990270560974656933e-01 5.212308496919616264e-03 8.002459418725883769e-09 3.297905839277552671e-10
4.500000000000000527e-03 8.570331029066822204e-01 1.037543892271491561e-02 1.865833757705636145e-08 1.218353597912151203e-09
5.000000000000000104e-03 8.017965419162618179e-01 1.966865934835895779e-02 3.630970206513624786e-08 3.330220733265746125e-09
5.500000000000000548e-03 7.293465231765243750e-01 3.553502569610857836e-02 6.016958789411878038e-08 7.154740028015830673e-09
6.000000000000000992e-03 6.355919990850713575e-01 6.022580566947466352e-02 8.976533953593461589e-08 1.278256924295089111e-08
6.500000000000000569e-03 5.202748863207158347e-01 9.215086211199675914e-02 1.272400524821781075e-07 1.987928933373038069e-08
7.000000000000001013e-03 3.938077530251395397e-01 1.203807970358691248e-01 1.749712919645816475e-07 2.786109407263807867e-08
7.499999999999999722e-03 2.784628872246631692e-01 1.273782998344141770e-01 2.330909089303149634e-07 3.610560637339415856e-08
8.000000000000000167e-03 1.892710139976430117e-01 1.101483280906018075e-01 2.959936438415214350e-07 4.409662899590806184e-08
8.500000000000000611e-03 1.277898769302195092e-01 8.185336309339279193e-02 3.557083803007173427e-07 5.148348628616952660e-08
9.000000000000001055e-03 8.691276014842699849e-02 5.633733555480775756e-02 4.074090101617719394e-07 5.807775831838144846e-08
9.500000000000001499e-03 6.019983975393579378e-02 3.760324127755215046e-02 4.549599663125038339e-07 6.382025577731442996e-08
1.000000000000000021e-02 4.224703358625605393e-02 2.529958806477050279e-02 5.024008037650210998e-07 6.874024442111037443e-08
1.050000000000000065e-02 2.998153482664787928e-02 1.740576796214676064e-02 5.512238409122850718e-07 7.291829449379090549e-08
1.100000000000000110e-02 2.156774410166089825e-02 1.220308340675986015e-02 6.031238976388202497e-07 7.645756563236728881e-08
1.150000000000000154e-02 1.569435175931109192e-02 8.716959026115321529e-03 6.570462095830651181e-07 7.946632874269237520e-08
1.200000000000000198e-02 1.148767443994015008e-02 6.380339003948999610e-03 7.141671945914626533e-07 8.204772054892398756e-08
1.250000000000000069e-02 8.450190686573081159e-03 4.768781147842886085e-03 7.736978929277943386e-07 8.429388926333590730e-08
1.300000000000000114e-02 6.273016227681448530e-03 3.593144777055305890e-03 8.361720650451101448e-07 8.628352502551241171e-08
1.350000000000000158e-02 4.656671651180884636e-03 2.764707341284365714e-03 8.991719890836609541e-07 8.808240104572815194e-08
1.400000000000000203e-02 3.467973326687876032e-03 2.150879997661270075e-03 9.680350290017586505e-07 8.974392424599804987e-08
1.450000000000000247e-02 2.577984925621566985e-03 1.699180947032033527e-03 1.036311155083931066e-06 9.131090079104454333e-08
1.499999999999999944e-02 1.920694997175995990e-03 1.351232159702210611e-03 1.108989273881156347e-06 9.281707705552509217e-08
1.550000000000000162e-02 1.423407591498589489e-03 1.090424761531503649e-03 1.181968181217129228e-06 9.428856591338572491e-08
1.600000000000000033e-02 1.057585168405194296e-03 8.819543018053769201e-04 1.259967055669839620e-06 9.574542557940339274e-08
1.650000000000000078e-02 7.769629540608528548e-04 7.255453602317185526e-04 1.337404352930236791e-06 9.720335115537084621e-08
1.700000000000000122e-02 5.704780503028977203e-04 5.984366723820293277e-04 1.418340705353878504e-06 9.867279220448247467e-08
1.750000000000000167e-02 4.168751420926754985e-04 4.966733792393060757e-04 1.501523610914757500e-06 1.001615397173157036e-07
1.800000000000000211e-02 3.016182409929028503e-04 4.160012073070537292e-04 1.584443160973178064e-06 1.016766868859279891e-07
1.850000000000000255e-02 2.166337208923810114e-04 3.502998546094614738e-04 1.671231855321015133e-06 1.032216668177206331e-07
1.900000000000000300e-02 1.540608750970768595e-04 2.966787304631673646e-04 1.761034291747652625e-06 1.047983131009214812e-07
1.950000000000000344e-02 1.090623076129045027e-04 2.518669890494829424e-04 1.851531917513069484e-06 1.064081785097926352e-07
2.000000000000000042e-02 7.552033442107790198e-05 2.157769035959386755e-04 1.941574716339331929e-06 1.080517976217346093e-07
