# time 1 2 D-1 D
0.000000000000000000e+00 9.999999560915500130e-01 1.225193390100460910e-08 1.463857808758379745e-36 4.679492056026716203e-36
2.500000000000000486e-03 9.991413019528314621e-01 9.378036946968213681e-08 1.356333956674674687e-29 7.425166474298372054e-35
5.000000000000000971e-03 9.963560969741773743e-01 1.599285868329112179e-06 2.977893690378025104e-25 4.306150229747737084e-29
7.500000000000001457e-03 9.912676166941363221e-01 1.042158341167711343e-05 1.166829579703545848e-22 1.071591087175307642e-25
1.000000000000000194e-02 9.834165002478310047e-01 4.399348700842062825e-05 8.795743200258360153e-21 3.207406944176717571e-23
1.250000000000000069e-02 9.722435958504289655e-01 1.475349789347357374e-04 2.714528615012074797e-19 2.863715649793933306e-21
1.500000000000000291e-02 9.570394709528338151e-01 4.214345855846892905e-04 4.697822028941516076e-18 1.165734383774598562e-19
1.750000000000000167e-02 9.368413580480594582e-01 1.101330410949943753e-03 5.376193277784465708e-17 2.647647839808338783e-18
2.000000000000000389e-02 9.102434329054946982e-01 2.703058345515505032e-03 4.390238969844389406e-16 3.702353971225574253e-17
2.250000000000000264e-02 8.750576207262031891e-01 6.245472487090450615e-03 2.623382768357815175e-15 3.356144581353934697e-16
2.500000000000000139e-02 8.277160145662364465e-01 1.406111815506429566e-02 1.175931071476336583e-14 2.056785373458074019e-15
2.750000000000000361e-02 7.623128805156336174e-01 3.063764190374219931e-02 3.910869732165357664e-14 8.947388901867829184e-15
3.000000000000000583e-02 6.698278765382120747e-01 6.412780660436333269e-02 1.005939056971253696e-13 2.916051274464113820e-14
3.250000000000000111e-02 5.417575149198616824e-01 1.229279601943261829e-01 2.100353206522402344e-13 7.501966366186488537e-14
3.500000000000000333e-02 3.871826181620603435e-01 1.996775909825588280e-01 3.687996751320335232e-13 1.594615885629376305e-13
3.750000000000000555e-02 2.463390397210242222e-01 2.578120476521287285e-01 5.744355190596651012e-13 2.907746247049554455e-13
4.000000000000000777e-02 1.480389388966700526e-01 2.740285122053404132e-01 8.038043540991395242e-13 4.688178986345242479e-13
4.250000000000000999e-02 8.895157621626828548e-02 2.563507690183293719e-01 1.066151875571442386e-12 6.846249497793630969e-13
4.500000000000000527e-02 5.470469587111706500e-02 2.234202167036531406e-01 1.353116465952181106e-12 9.229524245383756696e-13
4.750000000000000749e-02 3.458035141704203508e-02 3.121559021415304391e-02 1.735685679962759726e-12 1.166567197500506511e-12
5.000000000000000278e-02 2.242138240445644762e-02 1.514697870778105096e-02 3.400198657662199479e-12 1.399480914688095408e-12
5.250000000000000500e-02 1.485982597425855936e-02 1.014896071864903639e-02 2.777112035363865474e-12 1.609403282161310156e-12
5.500000000000000722e-02 1.003292201092031988e-02 7.316230350404312292e-03 2.925968263516549748e-12 1.788730437409975287e-12
5.750000000000000944e-02 6.881176850982806924e-03 5.454591973445463080e-03 2.989120079357512476e-12 1.934002522585025080e-12
6.000000000000001166e-02 4.783090938857239606e-03 4.219542967226949312e-03 3.027906783207182161e-12 2.045161611207805209e-12
6.250000000000000000e-02 3.363246100625996975e-03 3.324134263976292070e-03 3.001956993115724071e-12 2.124595236616723508e-12
6.500000000000000222e-02 2.388786001479334398e-03 2.646683396828409477e-03 3.002741756805356250e-12 2.176188381330014290e-12
6.750000000000000444e-02 1.711859541727150805e-03 2.152632362107717318e-03 2.996180442176874854e-12 2.204478027734928084e-12
7.000000000000000666e-02 1.236648612695793537e-03 1.759180992659780491e-03 2.913763374107339465e-12 2.214032735682596521e-12
7.250000000000000888e-02 8.999419870059907406e-04 1.446550081204244940e-03 2.870532996047652276e-12 2.209330065464057810e-12
7.500000000000001110e-02 6.593916114536514401e-04 1.198858002684152074e-03 2.783560322845772573e-12 2.194186118270182279e-12
7.750000000000001332e-02 4.862447237125794362e-04 1.000801935842726394e-03 2.742136712294196804e-12 2.171836874000279908e-12
8.000000000000001554e-02 3.607528455983789609e-04 8.425902263926474079e-04 2.662297151402032815e-12 2.145055826479678454e-12
8.250000000000001776e-02 2.692131845870761732e-04 7.104727760965913680e-04 2.591144589959810198e-12 2.116019122465858285e-12
8.500000000000001998e-02 2.020329491246053454e-04 6.016876108398117300e-04 2.524727672173634674e-12 2.086035262536099443e-12
8.750000000000000833e-02 1.524433337387987128e-04 5.116550082834647002e-04 2.476963995770763122e-12 2.056403413482551176e-12
9.000000000000001055e-02 1.156335852949017873e-04 4.371460784479416837e-04 2.420032952183467047e-12 2.028332104643127248e-12
9.250000000000001277e-02 8.816228292914506516e-05 3.748695808978693626e-04 2.361804230469974854e-12 2.003249626492040517e-12
9.500000000000001499e-02 6.755242368897719236e-05 3.221022347272515791e-04 2.319239937186645652e-12 1.981853167272250412e-12
9.750000000000001721e-02 5.201099114215349678e-05 2.782914475257904151e-04 2.294364931228494262e-12 1.961659969796936537e-12
1.000000000000000056e-01 4.023297681489993268e-05 2.420471424735386179e-04 2.263640897399469312e-12 1.943763196575975135e-12
