# time 1 2 D-1 D
0.000000000000000000e+00 9.999999665570232787e-01 2.921605424000619818e-09 2.965184499949219811e-34 7.452634184213303656e-34
2.500000000000000486e-03 9.992270756101930829e-01 3.193474977239954663e-07 2.427843777331884407e-16 4.400819033622947835e-22
5.000000000000000971e-03 9.966476256227436714e-01 5.793230909827962917e-06 7.481011444250493973e-14 2.937245750967956274e-18
7.500000000000001457e-03 9.917100317596949655e-01 3.581771817535656582e-05 2.268109864406798772e-12 6.098297944079680048e-16
1.000000000000000194e-02 9.836684904838080001e-01 1.390607217554892371e-04 2.614186132417934697e-11 3.000322616854709148e-14
1.250000000000000069e-02 9.716015419134406139e-01 4.195226447615878966e-04 1.742175526673087297e-10 6.498804909435459554e-13
1.500000000000000291e-02 9.544101268063490684e-01 1.074989476009552240e-03 8.053113664034339848e-10 7.993944927714958413e-12
1.750000000000000167e-02 9.307757366742638316e-01 2.463915793643516473e-03 2.831213954016254494e-09 6.257054491489678418e-11
2.000000000000000389e-02 8.990538742522093951e-01 5.212242749698647523e-03 7.988579216734981610e-09 3.292777488584732604e-10
2.250000000000000264e-02 8.570754277445629121e-01 1.037559120855360666e-02 1.861885583511393928e-08 1.216018743894629033e-09
2.500000000000000139e-02 8.018591440956364114e-01 1.966957295527319710e-02 3.621942282830180339e-08 3.322636014322928418e-09
2.750000000000000361e-02 7.294334245796479932e-01 3.553832422112634254e-02 6.000024165676596985e-08 7.135953629710894370e-09
3.000000000000000583e-02 6.357035633242250627e-01 6.023604320030558762e-02 8.948761676775918371e-08 1.274492112035435786e-08
3.250000000000000111e-02 5.204076838431639374e-01 9.217352744595191938e-02 1.268171506860349116e-07 1.981521227086291920e-08
3.500000000000000333e-02 3.939519286531918962e-01 1.204243148151763337e-01 1.743557000727755621e-07 2.776499021821640735e-08
3.750000000000000555e-02 2.786052342248360736e-01 1.274456947512664362e-01 2.322288399602730527e-07 3.597513287326121519e-08
4.000000000000000777e-02 1.894022695253793076e-01 1.102333542133536043e-01 2.948535040757802015e-07 4.393328215921969241e-08
4.250000000000000999e-02 1.279101528785056840e-01 8.194114547927057457e-02 3.542789836215694891e-07 5.129179437290092218e-08
4.500000000000000527e-02 8.702047743666525836e-02 5.642103888951998519e-02 4.057084361294532520e-07 5.786502967806297846e-08
4.750000000000000749e-02 6.029641760046894339e-02 3.767896327121383893e-02 4.529869607527797453e-07 6.359529466564593946e-08
5.000000000000000278e-02 4.233367787674936766e-02 2.536684830708685334e-02 5.001301218472846033e-07 6.851216541285917256e-08
5.250000000000000500e-02 3.005900245474471544e-02 1.746558084687623719e-02 5.486379217982606284e-07 7.269548791076867907e-08
5.500000000000000722e-02 2.163700256377688869e-02 1.225641877004226415e-02 6.001505717340860179e-07 7.624764750605632598e-08
5.750000000000000944e-02 1.575628696218896521e-02 8.764841413739626538e-03 6.536455772504401433e-07 7.927655193336079979e-08
6.000000000000001166e-02 1.154279041403348353e-02 6.423449529276504047e-03 7.102328668840326117e-07 8.188369870039209895e-08
6.250000000000000000e-02 8.499063709912005327e-03 4.807880790173250235e-03 7.691505336423581324e-07 8.415892202872385440e-08
6.500000000000000222e-02 6.316392207707692726e-03 3.628828528960491902e-03 8.308593389952050004e-07 8.617886245233478043e-08
6.750000000000000444e-02 4.694827270949996322e-03 2.797553994172326860e-03 8.929486293275803194e-07 8.800696350631168102e-08
7.000000000000000666e-02 3.501488914900697386e-03 2.181121372274102445e-03 9.607050264544494690e-07 8.969440894895536965e-08
7.250000000000000888e-02 2.607131442408208537e-03 1.727311302357871633e-03 1.027629024713755017e-06 9.128169758087181820e-08
7.500000000000001110e-02 1.946016737879819377e-03 1.377356143117735915e-03 1.098733500981255201e-06 9.280027094443802764e-08
7.750000000000001332e-02 1.445165797820136769e-03 1.114883366760193936e-03 1.169799473796596053e-06 9.427401445943937797e-08
8.000000000000001554e-02 1.076304562059360575e-03 9.047701624449864437e-04 1.245501719824314006e-06 9.572062243621736797e-08
8.250000000000001776e-02 7.927820472068796949e-04 7.470860675404153136e-04 1.320321772586245561e-06 9.715303840412810324e-08
8.500000000000001998e-02 5.838258369646146407e-04 6.187336226032997535e-04 1.398148281617877415e-06 9.858017317241755883e-08
8.750000000000000833e-02 4.280686619102308716e-04 5.158335167586068724e-04 1.477715713763829099e-06 1.000085009630794440e-07
9.000000000000001055e-02 3.109056686060292576e-04 4.341681585322840556e-04 1.556470413763979226e-06 1.014409021602079077e-07
9.250000000000001277e-02 2.242883868928425021e-04 3.675551936438263296e-04 1.638473990191069617e-06 1.028784621791162322e-07
9.500000000000001499e-02 1.603204693511376907e-04 3.131030539102483499e-04 1.722875531133723759e-06 1.043227545306155526e-07
9.750000000000001721e-02 1.141847766158869725e-04 2.674931466001742152e-04 1.807201515509822486e-06 1.057726136815992626e-07
1.000000000000000056e-01 7.964032153275932377e-05 2.307097524509127515e-04 1.890095019501920121e-06 1.072034348827207712e-07
