# time 1 2 D-1 D
0.000000000000000000e+00 9.999999619697869102e-01 6.036831699106309777e-09 1.369450918707964780e-36 4.656835665152688917e-35
2.500000000000000486e-03 9.999930716728110403e-01 2.914982972083465887e-06 6.447017538244754188e-28 7.575780409447290921e-30
5.000000000000000971e-03 9.998769666817727275e-01 5.765351412200759928e-05 1.319601234645111331e-24 2.804254346403464546e-26
7.500000000000001457e-03 9.992955025550031012e-01 3.415599485848426335e-04 1.317120995871790345e-24 4.033214176822514056e-27
1.000000000000000194e-02 9.974752660002353943e-01 1.220813518321572574e-03 3.224645645405478914e-23 1.711339961396405576e-26
1.250000000000000069e-02 9.930485791328124145e-01 3.040392029503438155e-03 1.710952570845756869e-22 1.078217382518133300e-25
1.500000000000000291e-02 9.839888839228208006e-01 5.602216836154358566e-03 5.223776921503966351e-22 3.759197075647040203e-25
1.750000000000000167e-02 9.679163904132376262e-01 7.925774201313566525e-03 8.407523117922166846e-22 2.055555831941420880e-24
2.000000000000000389e-02 9.429743477608308888e-01 9.780324705473622190e-03 1.330043230843356810e-22 3.063892890507024361e-23
2.250000000000000264e-02 9.089554867025465557e-01 1.171859900331581085e-02 6.548864349223720211e-21 1.940579997283293249e-22
2.500000000000000139e-02 8.677246779751511818e-01 1.429673893739936801e-02 1.212576726675095223e-19 2.341881858026125633e-22
2.750000000000000361e-02 8.223503100064183391e-01 1.803668184826471774e-02 9.130410550478636400e-19 1.776799562809816777e-21
3.000000000000000583e-02 7.756313586119152337e-01 2.348769850120327810e-02 4.422077554983364695e-18 8.110081084955043718e-20
3.250000000000000111e-02 7.291655490997044353e-01 3.123412051372284962e-02 1.548920478311387822e-17 9.066991327952284143e-19
3.500000000000000333e-02 6.832314549378499802e-01 4.197990272989307603e-02 3.958118501718432692e-17 5.767571428800929211e-18
3.750000000000000555e-02 6.369721945545685493e-01 5.685508651396181667e-02 7.395213275010309594e-17 2.489257105424225751e-17
4.000000000000000777e-02 5.896658841059342349e-01 7.629227581588232665e-02 7.225790723928579409e-17 8.126112696617900351e-17
4.250000000000000999e-02 5.399943172700719662e-01 1.010827822813619437e-01 9.282110512208630127e-19 2.147176969300427813e-16
4.500000000000000527e-02 4.875253286866494395e-01 1.311373811196943906e-01 9.204997759787266200e-16 4.822280403874008208e-16
4.750000000000000749e-02 4.337351444301622561e-01 1.642390904712393851e-01 4.068696625290939636e-15 9.394908811517330237e-16
5.000000000000000278e-02 3.797010313822732908e-01 1.980693228032568420e-01 7.544916586297539877e-15 1.627451800435549157e-15
5.250000000000000500e-02 3.278944706354884331e-01 2.272672126367730749e-01 1.076343176093899566e-14 2.588528334449583132e-15
5.500000000000000722e-02 2.800992358303766028e-01 2.435117686924678782e-01 1.338709322230856178e-14 3.795407183046797351e-15
5.750000000000000944e-02 2.373763226697759854e-01 2.360889490284452108e-01 1.546191505228114465e-14 5.246230065327897965e-15
6.000000000000001166e-02 1.999654855406472753e-01 2.051753209533349886e-01 1.673286002430832074e-14 6.813233447273059160e-15
6.250000000000000000e-02 1.676033585997872000e-01 1.731022701237114603e-01 1.739644219807686156e-14 8.541995688223647302e-15
6.500000000000000222e-02 1.398287854763088645e-01 1.499056583440162016e-01 1.725157560872876108e-14 1.018797193676824928e-14
6.750000000000000444e-02 1.161830506043008554e-01 1.360141987806662289e-01 1.683284073065503289e-14 1.183047215639744928e-14
7.000000000000000666e-02 9.638101808284693650e-02 1.278201728407673265e-01 1.601431312101890766e-14 1.324277963495617825e-14
7.250000000000000888e-02 7.973229075890458928e-02 1.217838916386083381e-01 1.486742268353080653e-14 1.448618055113264782e-14
7.500000000000001110e-02 6.591027102456406550e-02 1.171470622227447217e-01 1.366238893357042323e-14 1.558360531803876485e-14
7.750000000000001332e-02 5.476525505355783752e-02 1.134259675734370226e-01 1.222523917694726684e-14 1.629748483133332702e-14
8.000000000000001554e-02 4.586444091161093889e-02 1.091987381336631119e-01 1.123158256686732656e-14 1.707662303407100706e-14
8.250000000000001776e-02 3.858022902772358792e-02 1.051191269998892619e-01 1.025299344502520445e-14 1.767725179026502366e-14
8.500000000000001998e-02 3.269961184761527306e-02 1.004046898454125647e-01 9.325359286033436052e-15 1.801261460571551479e-14
8.750000000000000833e-02 2.797588012713147707e-02 9.485470967574410883e-02 8.587485681416948237e-15 1.821839488398713229e-14
9.000000000000001055e-02 2.413202882189205770e-02 8.793044119584776663e-02 8.055434853300954478e-15 1.850373082572097121e-14
9.250000000000001277e-02 2.097965364200241045e-02 7.925621116573858260e-02 7.504206776719775448e-15 1.851768424267913257e-14
9.500000000000001499e-02 1.837076420898730786e-02 6.805167645865840831e-02 7.172423453240989345e-15 1.851762702908597138e-14
9.750000000000001721e-02 1.619050323275050829e-02 5.345643814992399184e-02 6.996225444390154238e-15 1.857621935793152196e-14
1.000000000000000056e-01 1.435011312212104186e-02 3.815658933715448953e-02 6.824683312664575406e-15 1.859023004766378285e-14
