# time 1 2 D-1 D
0.000000000000000000e+00 9.999999499942535675e-01 3.001520298139719073e-09 1.928398482523962657e-35 1.126354324771848386e-35
1.250000000000000243e-03 9.999969172646331339e-01 2.689134673642038801e-06 1.325043098352918842e-31 1.022323979658198112e-28
2.500000000000000486e-03 9.999363176580448043e-01 5.567831633762064693e-05 5.058351496807953800e-26 6.706769522531185762e-26
3.750000000000000729e-03 9.995772772894495617e-01 3.570898048105125545e-04 1.820195448607286192e-24 2.264331495612629747e-26
5.000000000000000971e-03 9.982818534715812708e-01 1.321004858593819711e-03 1.324130351704240027e-23 2.991755180252336250e-24
6.250000000000000347e-03 9.948112246857053753e-01 3.467609580880097464e-03 8.177861329816368305e-23 4.336393040538063780e-23
7.500000000000001457e-03 9.874216640262183375e-01 7.141317832153505282e-03 6.926833731201040688e-22 2.210748775578709652e-22
8.750000000000000833e-03 9.745529266815222691e-01 1.293344804021336926e-02 7.941359859978309134e-21 1.133269514786988740e-22
1.000000000000000194e-02 9.557993617728829383e-01 2.115908410399379089e-02 9.088760646161468412e-20 6.170538822585215815e-21
1.125000000000000132e-02 9.322898945344959554e-01 3.138424877004122177e-02 8.372340697037451798e-19 1.947233668341362029e-19
1.250000000000000069e-02 9.061796966279602739e-01 4.226767213239294302e-02 5.778470803817025164e-18 1.948397380086567703e-18
1.375000000000000180e-02 8.798205530007214836e-01 5.246201783900109050e-02 2.981482578327412871e-17 1.048070065113441627e-17
1.500000000000000291e-02 8.551306184057290150e-01 6.098499546637418944e-02 1.167521773276584222e-16 3.476009229676793920e-17
1.625000000000000056e-02 8.333072657030775598e-01 6.729235777010249275e-02 3.523626023382262188e-16 7.419880935412129989e-17
1.750000000000000167e-02 8.148426585487524854e-01 7.049079299928719122e-02 8.261724815194914703e-16 1.004903019712478362e-16
1.875000000000000278e-02 7.997124700909888917e-01 6.769087706197618459e-02 1.508240452770491478e-15 7.741905284758873692e-17
2.000000000000000389e-02 7.875970972207776422e-01 5.414123606742438088e-02 2.128736049896043788e-15 1.951400934783135095e-17
2.125000000000000500e-02 7.780546678187899579e-01 3.484342365284866239e-02 2.293697017102288992e-15 8.893370730461939166e-18
2.250000000000000264e-02 7.706281284162982415e-01 2.287151850626416294e-02 1.827874284011764635e-15 1.498909999914580400e-16
2.375000000000000375e-02 7.648994632932585302e-01 1.636287312880088662e-02 1.220819306825160766e-15 5.313541963251694511e-16
2.500000000000000139e-02 7.605110104709761343e-01 1.263618385601224421e-02 1.292779944973806352e-15 1.222985312820106971e-15
2.625000000000000250e-02 7.571685019375107295e-01 1.039361623161490916e-02 2.088949801563673174e-15 2.277869625154089525e-15
2.750000000000000361e-02 7.546356108908022220e-01 8.943891048012693468e-03 3.163846972581707530e-15 3.722549284312326129e-15
2.875000000000000472e-02 7.527256996694576818e-01 7.919410264031470290e-03 4.286384794725668858e-15 5.541153175746863471e-15
3.000000000000000583e-02 7.512931030168420454e-01 7.100715887715380002e-03 5.222180728677863457e-15 7.657912499104345640e-15
3.125000000000000000e-02 7.502251506785374557e-01 6.489918641172478728e-03 5.897901382872394410e-15 9.940380819819425664e-15
3.250000000000000111e-02 7.494354690501391358e-01 6.031159536077451006e-03 6.412419230465638873e-15 1.221469071701951030e-14
3.375000000000000222e-02 7.488584017400895521e-01 5.604404594978083624e-03 7.030881561883201183e-15 1.430857694655206572e-14
3.500000000000000333e-02 7.484445884333520427e-01 5.290833470609553925e-03 8.202054644922225397e-15 1.605533666580186380e-14
3.625000000000000444e-02 7.481573950248240346e-01 5.013716380795665492e-03 1.039140734095746677e-14 1.729342923586977910e-14
3.750000000000000555e-02 7.479699984029477555e-01 4.809071597008946451e-03 1.397809619036444859e-14 1.802703931076526892e-14
3.875000000000000666e-02 7.478630016238436706e-01 4.592643080479513230e-03 1.934260394204984960e-14 1.835675706170546389e-14
4.000000000000000777e-02 7.478227253757457893e-01 4.445286044126227527e-03 2.655778490485781543e-14 1.798244473107051533e-14
4.125000000000000888e-02 7.478393578626272298e-01 4.298374588109707406e-03 3.557153941995667327e-14 1.742690916640348606e-14
4.250000000000000999e-02 7.479058839637225953e-01 4.174955288630379305e-03 4.642333018779062869e-14 1.678120884734563511e-14
4.375000000000000416e-02 7.480170726836457007e-01 4.063088996111309179e-03 5.894238051033538719e-14 1.555662137698050363e-14
4.500000000000000527e-02 7.481686424793552170e-01 3.967444434494315185e-03 7.182127088221094545e-14 1.438832238333250013e-14
4.625000000000000638e-02 7.483566263845901068e-01 3.880478902039822750e-03 8.702352707091004453e-14 1.398637288237116323e-14
4.750000000000000749e-02 7.485774292425630971e-01 3.793888021530598086e-03 1.010234585467120897e-13 1.413143967266451811e-14
4.875000000000000860e-02 7.488272755482745513e-01 3.738453306302093153e-03 1.111239732732298711e-13 1.854665368844579124e-14
5.000000000000000278e-02 7.491027026537494526e-01 3.685638848212120962e-03 7.792274121316147794e-14 6.758249842405473467e-14
