# time 1 2 D-1 D
0.000000000000000000e+00 9.999999746462623351e-01 1.189051884957310537e-08 1.328308616429185098e-34 3.696929733336093678e-35
2.500000000000000052e-04 9.999916333803843260e-01 7.493521611354583301e-06 4.444363668068723915e-21 3.659540479971827907e-22
5.000000000000000104e-04 9.998380764121373998e-01 1.468855923774188197e-04 1.580081274566544174e-19 3.886619771244035866e-21
7.500000000000001240e-04 9.989851386757200302e-01 9.263273040434544855e-04 9.857365862329121551e-19 2.374682025758302198e-20
1.000000000000000021e-03 9.960399012919293193e-01 3.643222626301624491e-03 7.104700393607962301e-18 1.812163573068661593e-21
1.250000000000000026e-03 9.882309505628356083e-01 1.084663840529867182e-02 3.443276328010653486e-17 2.136480694929374904e-19
1.500000000000000248e-03 9.711235665328952216e-01 2.656295940850546961e-02 2.166973515984470450e-16 2.866465987214758897e-18
1.750000000000000253e-03 9.395549464182272326e-01 5.506188403109353591e-02 1.413416339966898083e-15 1.754847449466210759e-17
2.000000000000000042e-03 8.906507190153581943e-01 9.762690191504382053e-02 8.927268352928195582e-15 7.431706426809783855e-17
2.250000000000000264e-03 8.272564066719967357e-01 1.490829598534210154e-01 4.900180480507723139e-14 1.675018581314283003e-16
2.500000000000000052e-03 7.575603728079280952e-01 1.980945011629332009e-01 2.344186382476911465e-13 6.139360245780128105e-17
2.750000000000000274e-03 6.904541488357379686e-01 2.248427517415656773e-01 9.739349556335025566e-13 1.339895714569982180e-15
3.000000000000000496e-03 6.315882991330712404e-01 2.006133325979079229e-01 3.531483195421836465e-12 3.764032137659118686e-14
3.250000000000000284e-03 5.828793661599146469e-01 1.499380730479953627e-01 1.120524198750175085e-11 3.942481217115935977e-13
3.500000000000000507e-03 5.438991244939728187e-01 1.113944834411556561e-01 3.110856663959709982e-11 2.732138459033205707e-12
3.749999999999999861e-03 5.132469981567611139e-01 8.654151722262840019e-02 7.461892101488951018e-11 1.429570548230976932e-11
4.000000000000000083e-03 4.893403417016802814e-01 6.873564073592901280e-02 1.546467001175587651e-10 5.702674962851665751e-11
4.250000000000000305e-03 4.707497076753782705e-01 5.673079065487279804e-02 2.836811155097908432e-10 1.754045547803317798e-10
4.500000000000000527e-03 4.562954729830362988e-01 4.865915370753454844e-02 4.838521585011103127e-10 4.308718088088129031e-10
4.750000000000000749e-03 4.450440709061776468e-01 4.064141822272128446e-02 7.959920563808751646e-10 8.918655564896500147e-10
5.000000000000000104e-03 4.362711685116638094e-01 3.676110353911912071e-02 1.289688601318528469e-09 1.625489472899663496e-09
5.250000000000000326e-03 4.294196671778689467e-01 3.282647468943825086e-02 2.074588586955089946e-09 2.690783885980488949e-09
5.500000000000000548e-03 4.240624528104064983e-01 2.852047803333853174e-02 3.328266606984199286e-09 4.131233534435657828e-09
5.750000000000000770e-03 4.198722076737333442e-01 2.373689973788493252e-02 4.759589330486830754e-09 5.968986284759428143e-09
6.000000000000000992e-03 4.165979172060182423e-01 2.002947174129351277e-02 5.238169925557974159e-09 8.202559098706191063e-09
6.250000000000000347e-03 4.140467618856618626e-01 2.692406245587576977e-02 5.736046739372456340e-09 1.080664593152107220e-08
6.500000000000000569e-03 4.120704687943007039e-01 3.029985997652303101e-02 6.236823559940155669e-09 1.373469924161347500e-08
6.750000000000000791e-03 4.105548640551497375e-01 2.963480095169193293e-02 6.547859733229792469e-09 1.692337735795132897e-08
7.000000000000001013e-03 4.094118522473033095e-01 2.809929849951545155e-02 6.610789856077271592e-09 2.029795695174669065e-08
7.250000000000001235e-03 4.085732543342779355e-01 2.712681117109436504e-02 6.433193560335681400e-09 2.377802623989477998e-08
7.499999999999999722e-03 4.079860465781027790e-01 2.716072664397569877e-02 6.023845559321041166e-09 2.728054040099287843e-08
7.750000000000000812e-03 4.076086637760495957e-01 2.696302976639901663e-02 5.462629833665269195e-09 3.072854994320638023e-08
8.000000000000000167e-03 4.074081391492864745e-01 2.523581329390793548e-02 4.757337390774597764e-09 3.406295596926303175e-08
8.250000000000000389e-03 4.073579102419670472e-01 2.537225573486507138e-02 4.002730430250116198e-09 3.719465125596440438e-08
8.500000000000000611e-03 4.074361587436369225e-01 2.406683014407570015e-02 3.227393145213587348e-09 4.010364564445148754e-08
8.750000000000000833e-03 4.076245810908251666e-01 2.358547171661421610e-02 2.487760761457888639e-09 4.274118686392949276e-08
9.000000000000001055e-03 4.079075028448768681e-01 2.353493902236054522e-02 1.798808549201427086e-09 4.508986326962576895e-08
9.250000000000001277e-03 4.082712607030523078e-01 2.272239743914076723e-02 1.200564459131102036e-09 4.713086692030548994e-08
9.500000000000001499e-03 4.087037853242435070e-01 2.231133974228670380e-02 7.180922275805594254e-10 4.885613571690703185e-08
9.750000000000001721e-03 4.091943257308456872e-01 2.219344328001102151e-02 3.547775477980055397e-10 5.027512635226459051e-08
1.000000000000000021e-02 4.097341116723007826e-01 2.208759434431503341e-02 1.179448323178305854e-10 5.139826687409480966e-08
