# time 1 2 D-1 D
0.000000000000000000e+00 9.999999640412507995e-01 2.205092592550075200e-08 1.735029661813696362e-35 2.449730227113646632e-35
2.500000000000000486e-03 9.995102077573787547e-01 6.737614165084979334e-07 2.075430700222992204e-18 1.391756542775319624e-23
5.000000000000000971e-03 9.979348762855344557e-01 1.448513319862528222e-05 6.471745572341947877e-16 7.296254525892895605e-20
7.500000000000001457e-03 9.950879432629667898e-01 9.773374259853780457e-05 2.009353363957162395e-14 1.199035792181654674e-17
1.000000000000000194e-02 9.907240985601690753e-01 4.143374389589217564e-04 2.362402257681882963e-13 4.666280412692019681e-16
1.250000000000000069e-02 9.844860832248174543e-01 1.352988429357764033e-03 1.577858189321211054e-12 8.025739328028176152e-15
1.500000000000000291e-02 9.758439918415078296e-01 3.675063616972808461e-03 7.159774547628134816e-12 7.957252233920673950e-14
1.750000000000000167e-02 9.641614194269764182e-01 8.528053890302787071e-03 2.404440752898202396e-11 5.187282494595533391e-13
2.000000000000000389e-02 9.491496607277711828e-01 1.696416095013041775e-02 6.285777560281556635e-11 2.396647655166916395e-12
2.250000000000000264e-02 9.316448063086542053e-01 2.878586147943621235e-02 1.320799617946818959e-10 8.276578879775448998e-12
2.500000000000000139e-02 9.137757257859638882e-01 4.109097719173861879e-02 2.302652957963543068e-10 2.244908897439464176e-11
2.750000000000000361e-02 8.978869355720502377e-01 4.708898611168373799e-02 3.445137410336906939e-10 5.041003869550233790e-11
3.000000000000000583e-02 8.853153725055632473e-01 4.097887015578781378e-02 4.555538811267960388e-10 9.882882152939306598e-11
3.250000000000000111e-02 8.761901840840825573e-01 2.663819623188854249e-02 5.487026150785927499e-10 1.760151461340666220e-10
3.500000000000000333e-02 8.699544993694153794e-01 1.646311765616302950e-02 6.120307966946792800e-10 2.933687094377471743e-10
3.750000000000000555e-02 8.658830462095215008e-01 1.152572823963676427e-02 6.419160463874528435e-10 4.607234146096722357e-10
4.000000000000000777e-02 8.633403935796231110e-01 9.056776488687003079e-03 6.429704063028175799e-10 6.831752877784360867e-10
4.250000000000000999e-02 8.618483939122979498e-01 7.766056393086465635e-03 6.200441751336471046e-10 9.610032923610055594e-10
4.500000000000000527e-02 8.610711577017221563e-01 6.976481062996801007e-03 5.800299290039423076e-10 1.294042372095268779e-09
4.750000000000000749e-02 8.607792143218633285e-01 6.398665129982707318e-03 5.235530787051759156e-10 1.682623163869284078e-09
5.000000000000000278e-02 8.608169413748454346e-01 5.983610198178559818e-03 4.613927536513378619e-10 2.128758909456617096e-09
5.250000000000000500e-02 8.610781486504763826e-01 5.689540995988654273e-03 3.857726345956296091e-10 2.633649331390563001e-09
5.500000000000000722e-02 8.614896245708824063e-01 5.392403018248736329e-03 3.218167563020636072e-10 3.197061277265947668e-09
5.750000000000000944e-02 8.620002646435792615e-01 5.162229097315432572e-03 2.664972835757861807e-10 3.816399546942027463e-09
6.000000000000001166e-02 8.625739855741743067e-01 5.007190605681437201e-03 2.174595871379275513e-10 4.486388032798921491e-09
6.250000000000000000e-02 8.631850761554269447e-01 4.841740009324507939e-03 1.892500329789782440e-10 5.199056163879574153e-09
6.500000000000000222e-02 8.638151589197240465e-01 4.670893927593959723e-03 1.749872826580921543e-10 5.943968816826131787e-09
6.750000000000000444e-02 8.644510627101010813e-01 4.552756422230560228e-03 1.985263626579106034e-10 6.708939852210915379e-09
7.000000000000000666e-02 8.650833298829397888e-01 4.428316038652580118e-03 2.418167618791309504e-10 7.480266809255271422e-09
7.250000000000000888e-02 8.657053069737240536e-01 4.313248670441041654e-03 1.696963588203478240e-08 8.244447380288199561e-09
7.500000000000001110e-02 8.663122993117589044e-01 4.210262988409230536e-03 1.741239829968640285e-08 8.988032684107542325e-09
7.750000000000001332e-02 8.669011660595253854e-01 4.129375828499815861e-03 1.771200145074093679e-08 9.699386016217847340e-09
8.000000000000001554e-02 8.674697855867772311e-01 4.040661699434277936e-03 1.794145661577401163e-08 1.036883848485586307e-08
8.250000000000001776e-02 8.680169228310543605e-01 3.973018948465586488e-03 1.806024832590546606e-08 1.098873858736454753e-08
8.500000000000001998e-02 8.685419008082592152e-01 3.915497831578253728e-03 1.810448088729137636e-08 1.155584573891141957e-08
8.750000000000000833e-02 8.690444584881611423e-01 3.837304800467176199e-03 1.805898427178154709e-08 1.204524558858140215e-08
9.000000000000001055e-02 8.695247402442370932e-01 3.790071647310988556e-03 1.787367284415366367e-08 1.253594181070370574e-08
9.250000000000001277e-02 8.699829919382691124e-01 3.741539494832138261e-03 1.760467740127229068e-08 1.297366188673950465e-08
9.500000000000001499e-02 8.704197461559901594e-01 3.692414372072086014e-03 1.706043483272678042e-08 1.356279339278504853e-08
9.750000000000001721e-02 8.708355491195913789e-01 3.630356777443107235e-03 1.626780302954080729e-08 1.428810707144731479e-08
1.000000000000000056e-01 8.712369915402052856e-01 3.600884218015518775e-03 9.615126199407081171e-10 2.942358317686865066e-08
