# time 1 2 D-1 D
0.000000000000000000e+00 9.999999463127426935e-01 1.243342974769872860e-09 4.384583884059740659e-35 3.903972859424286067e-36
5.000000000000000104e-04 9.999947986016397561e-01 3.760211254683667366e-06 4.659610712598372011e-32 1.865722277421538558e-34
1.000000000000000021e-03 9.998840641932477125e-01 8.985843442073041941e-05 8.285343388991509209e-28 1.723608533503398823e-28
1.500000000000000248e-03 9.991696979525984679e-01 6.831385013735871963e-04 5.555455255321196558e-26 1.847729413606148500e-28
2.000000000000000042e-03 9.962819245695103687e-01 3.203749449515207268e-03 5.039426558368090873e-25 1.215196151983397672e-28
2.500000000000000052e-03 9.873974967059048202e-01 1.124969829896418916e-02 2.343548864506506149e-24 2.478275797425882374e-26
3.000000000000000496e-03 9.656172587224534087e-01 3.145872405644559860e-02 7.661776886868233914e-24 2.042536815235215713e-25
3.500000000000000507e-03 9.236361699468986775e-01 7.004151375097920906e-02 1.738948527222221428e-23 7.878888415114482958e-25
4.000000000000000083e-03 8.614269431445293890e-01 1.195344297416463669e-01 2.542361823616165901e-23 3.470250400286114675e-24
4.500000000000000527e-03 7.896978384909042470e-01 1.373460678738025187e-01 2.157684273181929036e-23 3.008131676477447662e-23
5.000000000000000104e-03 7.216490534128271461e-01 1.086156282473102197e-01 1.525981200882668477e-23 3.109337297716665831e-22
5.500000000000000548e-03 6.646436629248719807e-01 8.569893115389685956e-02 7.442730615186292384e-23 2.168147749331526768e-21
6.000000000000000992e-03 6.200183077922890584e-01 7.431910626076543291e-02 1.156464998891627140e-21 9.111460972906868138e-21
6.500000000000000569e-03 5.862001677953746492e-01 6.590371584193553678e-02 1.072647879677623140e-20 2.633263779042622302e-20
7.000000000000001013e-03 5.609111946587639341e-01 2.787953894225083870e-02 5.064233089992428472e-20 7.255350269015631747e-20
7.499999999999999722e-03 5.420721526183835959e-01 1.500509920541565415e-02 1.246393527890999449e-19 2.222029557956823720e-19
8.000000000000000167e-03 5.280313485759495773e-01 1.167748421004782128e-02 1.559751582271246751e-19 5.918095245083629453e-19
8.500000000000000611e-03 5.175461613796219495e-01 1.007880746598459158e-02 2.909086862902114325e-19 8.698558234932832249e-19
9.000000000000001055e-03 5.097011932212803798e-01 9.180182428797914115e-03 1.026445556702836646e-18 1.329655857708051245e-19
9.500000000000001499e-03 5.038255687885018208e-01 8.551340837677336507e-03 2.639889493108031413e-19 3.911199037078369354e-19
1.000000000000000021e-02 4.994272822549862267e-01 8.021717163220394922e-03 4.582417532071054690e-19 7.435737663757157056e-19
1.050000000000000065e-02 4.961436692498698564e-01 7.668948527638080881e-03 6.047507198400498323e-18 7.789290608409510968e-19
1.100000000000000110e-02 4.937053433483944431e-01 7.382782968545648257e-03 2.276076581970758529e-17 3.754590489328971986e-19
1.150000000000000154e-02 4.919112813033093001e-01 7.123162675461116450e-03 5.383814748337398995e-17 4.058973993523047342e-19
1.200000000000000198e-02 4.906104539601730541e-01 6.876875450431500433e-03 9.527342920869509688e-17 3.561725932775404993e-18
1.250000000000000069e-02 4.896887307218648067e-01 6.676777162142940626e-03 1.360895164338563076e-16 1.455758567574085822e-17
1.300000000000000114e-02 4.890595406914762799e-01 6.545416111691451308e-03 1.586358802271317925e-16 4.010092595527115697e-17
1.350000000000000158e-02 4.886569294624105719e-01 6.416854607903399975e-03 1.481864701105773621e-16 8.562785119456176737e-17
1.400000000000000203e-02 4.884305383680068724e-01 6.222785111862114832e-03 1.040784762775187573e-16 1.591621721405739781e-16
1.450000000000000247e-02 4.883417533302210622e-01 6.145193942330067459e-03 4.536681470755275027e-17 2.598947650873148708e-16
1.499999999999999944e-02 4.883609010528821570e-01 6.048184187648546727e-03 2.267246625538159063e-17 3.908875243632917061e-16
1.550000000000000162e-02 4.884650703181505071e-01 5.932629418335074942e-03 1.074499429519030235e-16 5.512622796025228599e-16
1.600000000000000033e-02 4.886364479398980221e-01 5.861631615724663055e-03 3.792446566290827449e-16 7.238140530381011352e-16
1.650000000000000078e-02 4.888610360182511494e-01 5.763338503413654307e-03 8.831598288172285690e-16 8.833741044471435440e-16
1.700000000000000122e-02 4.891278614549292580e-01 5.714829438867218871e-03 1.578951679792235576e-15 1.054063129903193990e-15
1.750000000000000167e-02 4.894281360954221283e-01 5.647506236833749714e-03 2.329291280316606757e-15 1.224174277828395448e-15
1.800000000000000211e-02 4.897547245427106843e-01 5.563358322433760265e-03 2.982671250167493886e-15 1.324576450799795077e-15
1.850000000000000255e-02 4.901018424354220415e-01 5.522862357845772889e-03 3.167571201848631729e-15 1.392840463616118357e-15
1.900000000000000300e-02 4.904647147773447124e-01 5.474816479655247349e-03 3.212304943385798157e-15 1.435722850784647665e-15
1.950000000000000344e-02 4.908393637338686610e-01 5.431199455149675163e-03 2.768330342914645110e-15 1.430056022205819111e-15
2.000000000000000042e-02 4.912363932788122445e-01 5.392313536676699749e-03 4.486757619135041623e-15 1.353377921220776148e-15
