# time 1 2 D-1 D
0.000000000000000000e+00 9.999999462990063481e-01 1.590657706190713565e-08 2.440190384471347255e-36 8.342944881153968350e-36
1.250000000000000243e-03 9.999955205652885093e-01 3.585484998504217770e-06 8.345083394444688913e-33 7.217611078333174786e-34
2.500000000000000486e-03 9.999038213650049967e-01 7.875525509998695212e-05 1.765401329967638923e-28 2.088659536732334027e-29
3.750000000000000729e-03 9.993415318913225764e-01 5.539652746153857828e-04 2.763093848240268229e-26 2.546381098882245131e-28
5.000000000000000971e-03 9.972058002374059038e-01 2.391744037104396713e-03 2.942846222477320597e-25 1.795913580595941424e-27
6.250000000000000347e-03 9.910651698298154066e-01 7.634550567216483348e-03 1.499541546892486156e-24 9.060432341109513668e-28
7.500000000000001457e-03 9.768951905414595682e-01 1.911277047848956509e-02 4.967510302115841775e-24 1.363908445640822958e-27
8.750000000000000833e-03 9.505019553045526148e-01 3.719700525393892371e-02 9.044375180975014197e-24 5.057636257945403944e-26
1.000000000000000194e-02 9.110916687702590444e-01 5.581931522805803902e-02 3.002234212055129057e-24 7.409932143053708197e-26
1.125000000000000132e-02 8.635052782831913465e-01 6.941637570324406259e-02 3.149302182115972144e-23 1.217559773237203168e-23
1.250000000000000069e-02 8.154562353193509638e-01 7.620419273784849457e-02 6.530474798110031284e-22 5.232003246910945744e-22
1.375000000000000180e-02 7.729290875270705685e-01 7.557250508934497402e-02 4.424540675716522803e-21 6.030706051584787074e-21
1.500000000000000291e-02 7.384388328465693041e-01 6.977643900211488726e-02 1.860650444005756539e-20 3.290735351090843064e-20
1.625000000000000056e-02 7.119321491597041529e-01 6.220919225962992516e-02 5.584861073397412681e-20 9.859689779041157338e-20
1.750000000000000167e-02 6.921911973771928128e-01 5.618414622832949845e-02 1.212696597290401420e-19 1.664671815189878926e-19
1.875000000000000278e-02 6.777472246974347581e-01 5.184715362779334508e-02 1.702092224179190565e-19 1.465185703537515642e-19
2.000000000000000389e-02 6.672849929497904897e-01 4.863344793560201579e-02 1.070944289790347086e-19 5.502214549620483177e-20
2.125000000000000500e-02 6.597562383191319935e-01 4.651304639734434032e-02 2.023905594286820880e-21 9.788190980492418483e-21
2.250000000000000264e-02 6.543694364324719182e-01 4.483534779015958122e-02 1.681507960079737526e-19 4.353025098895430279e-20
2.375000000000000375e-02 6.505413731584686055e-01 4.357210685901470593e-02 8.535439764475750819e-19 6.710960086032628786e-19
2.500000000000000139e-02 6.478465185375337221e-01 4.263669738204200338e-02 2.427962595723274134e-18 4.637366246480421942e-18
2.625000000000000250e-02 6.459751406155209708e-01 4.183471504498652294e-02 5.618177923191675730e-18 1.894366548834623128e-17
2.750000000000000361e-02 6.447012248218843000e-01 4.119174918940953639e-02 1.136776905069827251e-17 5.454429015197082914e-17
2.875000000000000472e-02 6.438593043787591563e-01 4.063838074570801095e-02 2.030709742641846832e-17 1.211283558486673677e-16
3.000000000000000583e-02 6.433283319927451949e-01 4.015552094714854026e-02 3.273092237834417410e-17 2.180756174260498722e-16
3.125000000000000000e-02 6.430194795929194962e-01 3.978163135113958748e-02 4.782257273931747737e-17 3.270380057085857287e-16
3.250000000000000111e-02 6.428679617627210963e-01 3.940298426607989624e-02 6.294406506573292057e-17 4.114723283225961312e-16
3.375000000000000222e-02 6.428265778728976532e-01 3.908919461167129072e-02 7.919530142587674149e-17 4.377694272237234737e-16
3.500000000000000333e-02 6.428613925784119054e-01 3.882038598468061374e-02 9.322983120949255372e-17 4.012599700259827035e-16
3.625000000000000444e-02 6.429483811211037514e-01 3.859986302071647529e-02 1.059287069315161042e-16 3.663569893667510796e-16
3.750000000000000555e-02 6.430707176360370703e-01 3.841409102489374422e-02 1.173038986912069029e-16 4.945542743824669029e-16
3.875000000000000666e-02 6.432169830598197802e-01 3.821963067526802649e-02 1.283570059356413706e-16 1.049872880208066119e-15
4.000000000000000777e-02 6.433796312211246260e-01 3.808205423164616465e-02 1.470808962537363924e-16 2.382021431398508133e-15
4.125000000000000888e-02 6.435536588764614319e-01 3.795591373186774087e-02 1.689193237588548060e-16 4.890104691827888799e-15
4.250000000000000999e-02 6.437360398221072533e-01 3.786254084938432685e-02 1.992305208459448920e-16 9.082851471397555639e-15
4.375000000000000416e-02 6.439248481247331624e-01 3.776495340548417790e-02 2.434907668678184060e-16 1.535951356610083205e-14
4.500000000000000527e-02 6.441188638338618544e-01 3.770402731742854979e-02 2.951484970294959413e-16 2.379209166087647587e-14
4.625000000000000638e-02 6.443171255748271209e-01 3.763374653271676223e-02 4.002362770856172348e-16 3.494339547541967934e-14
4.750000000000000749e-02 6.445190299302148151e-01 3.758590626612110658e-02 5.034378517091324734e-16 4.907184286126695374e-14
4.875000000000000860e-02 6.447241619169038485e-01 3.754840287593413234e-02 6.095588518514686721e-16 6.571956387090129668e-14
5.000000000000000278e-02 6.449487970092571132e-01 3.753475099675247090e-02 7.708140535747820179e-16 8.478768138413717331e-14
