# time 1 2 D-1 D
0.000000000000000000e+00 9.999999749006319716e-01 5.404523313163526948e-09 7.990540399149583275e-34 3.657198024278300040e-34
1.250000000000000243e-03 9.999991712512242836e-01 3.601697297944479753e-07 6.486381800692453041e-21 1.444914691442934907e-22
2.500000000000000486e-03 9.999827418160524006e-01 9.104029250251910571e-06 8.694971405166743369e-20 1.347308202339161843e-21
3.750000000000000729e-03 9.998826159148832549e-01 7.237448426850705827e-05 6.833533884154395218e-19 3.625694104952722593e-22
5.000000000000000971e-03 9.994891865888914095e-01 3.580155212700983141e-04 4.313051772700228911e-18 6.390428469727799902e-20
6.250000000000000347e-03 9.982623983658436284e-01 1.344824094004934368e-03 3.004986705816150485e-17 1.975229818265837396e-18
7.500000000000001457e-03 9.950340286855685612e-01 4.117579023404358864e-03 2.111435768243935496e-16 4.402225730544049732e-17
8.750000000000000833e-03 9.878357936468231681e-01 1.049440881318916552e-02 1.296617986802125052e-15 7.294091374597964053e-16
1.000000000000000194e-02 9.745124115135023191e-01 2.215187707350686069e-02 6.515553493998383408e-15 8.541306692357236833e-15
1.125000000000000132e-02 9.544703642779273078e-01 3.824739569581641491e-02 2.582329724374609559e-14 6.797007513520119695e-14
1.250000000000000069e-02 9.300172543673697056e-01 5.381682525347358803e-02 8.008753784690728279e-14 3.686680545272243870e-13
1.375000000000000180e-02 9.052148959245023274e-01 6.369804405255012625e-02 1.858697516838575817e-13 1.370472754096635902e-12
1.500000000000000291e-02 8.834054280481724586e-01 6.743673656249911386e-02 3.027597724627481597e-13 3.541764040648343069e-12
1.625000000000000056e-02 8.660362177345029000e-01 6.715905830280606559e-02 3.143741810341760299e-13 6.486020113281094705e-12
1.750000000000000167e-02 8.530535193940472771e-01 6.483553712848505457e-02 1.500027955875535733e-13 8.597073341180106096e-12
1.875000000000000278e-02 8.437134970759505581e-01 6.174162915654120981e-02 2.522825534601724669e-15 8.394954169897238190e-12
2.000000000000000389e-02 8.371397541080864979e-01 4.856051630853198270e-02 2.083750529512699464e-13 6.165009070762518585e-12
2.125000000000000500e-02 8.325693136781340264e-01 9.730929310101232160e-03 7.484712113043234843e-13 3.507562199188451110e-12
2.250000000000000264e-02 8.294150643065849593e-01 5.063859049705757287e-03 1.009371988833623261e-12 1.630869628379479999e-12
2.375000000000000375e-02 8.272512943512805306e-01 3.748984510732483559e-03 1.071995283385072693e-12 6.457493263765529032e-13
2.500000000000000139e-02 8.257782069760002397e-01 3.118736066757812810e-03 4.215522639249682585e-12 2.558233033414676257e-13
2.625000000000000250e-02 8.247871915343739646e-01 2.789581225473449985e-03 1.919067658278932801e-11 2.908825200731361848e-13
2.750000000000000361e-02 8.241334280619180275e-01 2.569181171893474089e-03 6.071394725929458773e-11 7.130040477600885109e-13
2.875000000000000472e-02 8.237160442411374239e-01 2.425087095275254949e-03 3.203590821060520824e-11 1.174684950834387162e-10
3.000000000000000583e-02 8.234643412686324382e-01 2.300624664141802129e-03 3.221660243872210449e-11 2.726228737914712599e-10
3.125000000000000000e-02 8.233284147527385466e-01 2.216561751001928319e-03 3.625908876147449277e-11 5.115580637637200546e-10
3.250000000000000111e-02 8.232727334998154456e-01 2.131133143991333079e-03 5.300339194928966461e-11 8.430324115245928374e-10
3.375000000000000222e-02 8.232719017846582554e-01 2.083647669012215087e-03 5.320849376477434496e-11 1.309708028162234771e-09
3.500000000000000333e-02 8.233076495109667992e-01 2.033281847308597047e-03 7.336436344772561782e-11 1.884009277101482711e-09
3.625000000000000444e-02 8.233668992814053844e-01 1.995215284023946992e-03 8.144835606003781073e-11 2.602755268398412936e-09
3.750000000000000555e-02 8.234403212603726985e-01 1.951665799405848372e-03 8.159865426736807049e-11 3.463241250519239997e-09
3.875000000000000666e-02 8.235213867270209098e-01 1.926025780218920767e-03 9.058246476358744489e-11 4.448494780396569001e-09
4.000000000000000777e-02 8.236056767943660262e-01 1.901463278552059611e-03 5.463235037978236246e-09 2.026611495337994875e-10
4.125000000000000888e-02 8.236903617680665368e-01 1.877298033844598899e-03 6.819300232487525462e-09 1.058575790380779816e-10
4.250000000000000999e-02 8.237738393044098384e-01 1.862363726758396645e-03 8.164772644022437350e-09 1.503019881357237152e-10
4.375000000000000416e-02 8.238553855008540205e-01 1.844012128343975980e-03 9.638801469909830263e-09 1.916121115500044433e-10
4.500000000000000527e-02 8.239349296992876104e-01 1.837177967951808934e-03 1.130068689887494754e-08 1.462629129570370037e-10
4.625000000000000638e-02 8.240127811726266627e-01 1.820517411047130373e-03 1.292065421146546376e-08 1.867054919876730729e-10
4.750000000000000749e-02 8.240894598440747787e-01 1.808757918893779022e-03 1.451159418490449234e-08 1.845005661185400093e-10
4.875000000000000860e-02 8.241655237414676760e-01 1.802147371655355833e-03 1.587601555374798200e-08 1.747080747789849825e-10
5.000000000000000278e-02 8.242415502333255706e-01 1.791988821458003617e-03 1.683068627071107097e-08 1.852618722587966476e-10
