# time 1 2 D-1 D
0.000000000000000000e+00 9.999999556487357832e-01 1.687135260060611417e-08 5.063239878075456929e-35 2.476068647411758712e-36
2.500000000000000052e-04 9.999974764908332592e-01 1.946711368113076866e-06 6.090711380123277242e-31 2.509643055522815956e-28
5.000000000000000104e-04 9.999462189965649950e-01 4.419115509561627231e-05 1.702865251382248249e-25 1.478828187821155914e-25
7.500000000000001240e-04 9.996260063980911825e-01 3.219692432983100672e-04 2.682372667407479873e-24 9.306335948609249329e-25
1.000000000000000021e-03 9.983639659458578564e-01 1.460121506293218492e-03 1.831176933044501427e-23 2.824539848567373050e-23
1.250000000000000026e-03 9.945278086530453532e-01 5.015116225711342864e-03 6.448224716786229931e-23 2.597088166329072294e-22
1.500000000000000248e-03 9.850064303908303565e-01 1.394354231043074509e-02 1.395519920772061954e-22 1.034745093616479355e-21
1.750000000000000253e-03 9.657433168927010980e-01 3.185215600282901433e-02 6.900730894689133239e-23 1.627258227154014406e-22
2.000000000000000042e-03 9.346845103537642085e-01 5.895117865007325209e-02 8.058939229636536642e-22 5.909368772695548480e-20
2.250000000000000264e-03 8.951459188329762284e-01 8.593228962184289166e-02 2.528341627618022388e-20 1.751499773203242288e-18
2.500000000000000052e-03 8.544096788458740432e-01 9.713955958322767481e-02 2.224100253598243850e-19 1.890982110822516019e-17
2.750000000000000274e-03 8.186745900690834965e-01 9.098475477015829926e-02 1.141780110858581509e-18 1.137758582511682223e-16
3.000000000000000496e-03 7.905342737559907240e-01 8.024184816116039509e-02 4.132526286475536250e-18 4.349730261592752700e-16
3.250000000000000284e-03 7.698399921125927969e-01 7.054843204873831319e-02 1.135106685526767619e-17 1.136061694706569830e-15
3.500000000000000507e-03 7.552826408465816987e-01 6.075015657987095641e-02 2.838978611407004534e-17 2.136124237901648643e-15
3.749999999999999861e-03 7.453704408401164994e-01 4.997823129787353630e-02 6.128117497360082383e-17 3.002226561224118167e-15
4.000000000000000083e-03 7.388195197791516122e-01 3.909619859298477801e-02 9.672799627201928891e-17 3.191783788143181644e-15
4.250000000000000305e-03 7.346412465165648165e-01 3.075774105290732946e-02 4.514024944092949075e-17 2.537600828854062296e-15
4.500000000000000527e-03 7.321135128535765091e-01 2.540141541258186114e-02 2.326484633038121978e-17 1.397770255078404673e-15
4.750000000000000749e-03 7.307222260656665025e-01 2.199023010207638504e-02 4.944404044325612376e-16 3.878424439609769156e-16
5.000000000000000104e-03 7.301055295224808672e-01 1.962838903172552454e-02 1.268172717714609570e-15 1.955628428039204743e-18
5.250000000000000326e-03 7.300095614677780675e-01 1.812356434452112169e-02 1.073197387433169718e-15 1.213658244363917199e-16
5.500000000000000548e-03 7.302563316685204420e-01 1.700807144519782960e-02 1.654637279671197202e-16 1.044429428257838405e-16
5.750000000000000770e-03 7.307209888966292866e-01 1.613495224977314763e-02 5.566722959042701633e-15 6.066325048855122235e-16
6.000000000000000992e-03 7.313161087449163711e-01 1.543259819335676339e-02 3.678036476605542202e-14 7.276943547581719702e-15
6.250000000000000347e-03 7.319806525268415243e-01 1.494208317499579573e-02 1.289645908395645493e-13 3.565952290587562884e-14
6.500000000000000569e-03 7.326725478943324488e-01 1.461409628077537694e-02 3.330779040626578754e-13 1.142341220504926126e-13
6.750000000000000791e-03 7.333633562767711833e-01 1.426776625385783002e-02 7.113147986169560045e-13 2.855534853591432552e-13
7.000000000000001013e-03 7.340344618384404551e-01 1.401598135540542585e-02 1.324344488175027600e-12 6.094378368234295091e-13
7.250000000000001235e-03 7.346743505810340302e-01 1.377597686583179742e-02 2.240854216790683274e-12 1.140399978681980889e-12
7.499999999999999722e-03 7.352765993541905409e-01 1.359543286470772834e-02 3.479640367662398773e-12 1.971080605631309155e-12
7.750000000000000812e-03 7.358383742043436149e-01 1.339303158923949542e-02 5.069031999987969736e-12 3.161241633352440985e-12
8.000000000000000167e-03 7.363593583159283584e-01 1.323638462241723095e-02 7.046443580284600516e-12 4.727505055291851908e-12
8.250000000000000389e-03 7.368408580928652585e-01 1.310650988410639282e-02 9.296537895718276755e-12 6.802676885606239932e-12
8.500000000000000611e-03 7.372852178930393574e-01 1.299392646733769398e-02 1.183303080291327456e-11 9.343752174218437599e-12
8.750000000000000833e-03 7.376953739029600277e-01 1.289964460802696215e-02 1.462870269596964284e-11 1.231343164716716097e-11
9.000000000000001055e-03 7.380745259351806364e-01 1.285424116057375978e-02 1.772038254554357811e-11 1.558876595143982873e-11
9.250000000000001277e-03 7.384258749805134858e-01 1.278921677916861413e-02 2.077516676411334749e-11 1.933942702960714965e-11
9.500000000000001499e-03 7.387524672710832352e-01 1.268005274080906582e-02 2.393852600824327071e-11 2.331238861121692836e-11
9.750000000000001721e-03 7.390572151309501292e-01 1.265469331375191492e-02 2.708901679772350989e-11 2.741467120241559421e-11
1.000000000000000021e-02 7.393434987957052673e-01 1.259213355503215406e-02 3.031894483709325698e-11 3.153511792721415595e-11
