# time 1 2 D-1 D
0.000000000000000000e+00 9.999999205203691233e-01 5.613150535450713142e-08 6.597797817522914957e-36 9.659831457748503077e-37
5.000000000000000104e-04 9.988384151864165839e-01 2.711892423837803644e-06 4.958470658747019675e-29 3.563005713604378441e-34
1.000000000000000021e-03 9.950914782297457517e-01 6.105606459030816526e-05 1.097381911700598271e-24 1.403410156694210084e-28
1.500000000000000248e-03 9.882324318971598132e-01 4.378006306560032934e-04 4.114873813020819637e-22 2.595792464960173787e-25
2.000000000000000042e-03 9.773239433096239104e-01 1.975408156264089454e-03 2.755676185254969462e-20 5.167706582233222866e-23
2.500000000000000052e-03 9.604856193785720198e-01 6.808960227207585397e-03 6.779395390816803726e-19 2.788901312657502817e-21
3.000000000000000496e-03 9.343977468568223088e-01 1.906669494846103402e-02 8.312654075488152094e-18 5.924858930158489312e-20
3.500000000000000507e-03 8.955158443205053498e-01 4.355029055675632005e-02 5.933193990693954873e-17 5.768490067450551599e-19
4.000000000000000083e-03 8.446529049692284019e-01 7.931788812787142484e-02 2.714530107809360121e-16 2.649909990169074983e-18
4.500000000000000527e-03 7.899385243452039518e-01 1.000587006455368605e-01 8.593851646628588258e-16 4.915485963361183133e-18
5.000000000000000104e-03 7.412681968586947168e-01 5.259627945177454411e-02 2.029768527055772816e-15 8.899701520956114359e-19
5.500000000000000548e-03 7.035143859418550027e-01 3.048907330204515820e-02 3.842858330487507159e-15 1.629924529542538442e-17
6.000000000000000992e-03 6.764605184126852855e-01 2.526259844558724835e-02 6.288929920224123499e-15 1.754326142275359093e-16
6.500000000000000569e-03 6.578099041857209395e-01 2.403797044295045635e-02 9.649363079681361441e-15 6.428419722662750575e-16
7.000000000000001013e-03 6.451754154579144585e-01 2.421466619751205807e-02 1.470675710037274437e-14 1.497515069312428663e-15
7.499999999999999722e-03 6.367218638383730367e-01 2.469067097222216525e-02 2.037060703624861026e-14 2.744756430979286708e-15
8.000000000000000167e-03 6.311819508671623336e-01 2.518232652787296549e-02 2.356929439023623864e-14 4.359729653527255468e-15
8.500000000000000611e-03 6.277086099178026402e-01 2.547220514214866213e-02 3.792644502073666525e-14 6.300581109046152106e-15
9.000000000000001055e-03 6.257305821261569534e-01 2.551078059018306587e-02 4.769613868931016387e-14 8.503694875374262283e-15
9.500000000000001499e-03 6.248512554795587759e-01 2.519585013993489928e-02 4.403575407379479661e-14 1.087468691981739188e-14
1.000000000000000021e-02 6.247849361676873770e-01 2.463044479324155017e-02 3.982427843090248430e-14 1.331707644587808629e-14
1.050000000000000065e-02 6.253192130659606107e-01 2.386595081109456687e-02 3.507437305832403095e-14 1.575725602357299944e-14
1.100000000000000110e-02 6.262926055684542304e-01 2.287392310839161252e-02 3.057450639331503389e-14 1.809317568953866416e-14
1.150000000000000154e-02 6.275808334518416798e-01 2.176371651278862993e-02 2.634674039050578386e-14 2.016940953393393711e-14
1.200000000000000198e-02 6.290878545146595391e-01 2.056355059814080413e-02 2.269705635218449659e-14 2.202361831292780106e-14
1.250000000000000069e-02 6.307394722792525332e-01 1.939781135617387603e-02 1.932265771777033624e-14 2.365597867767820734e-14
1.300000000000000114e-02 6.324788216170493804e-01 1.830452161942099087e-02 1.645584635455764549e-14 2.507162619908772162e-14
1.350000000000000158e-02 6.342625013592108063e-01 1.718993277912892956e-02 1.380609161289727783e-14 2.636785118008748555e-14
1.400000000000000203e-02 6.360579029347407376e-01 1.621194326962362153e-02 1.171746666958874282e-14 2.731671847674549572e-14
1.450000000000000247e-02 6.378409063268251078e-01 1.533081967781360286e-02 9.681483268352433129e-15 2.827596796427538058e-14
1.499999999999999944e-02 6.395937691375591649e-01 1.454529881345860941e-02 7.975079996233774721e-15 2.880589477494625086e-14
1.550000000000000162e-02 6.413040124214478555e-01 1.385511679248203724e-02 6.491544956440772071e-15 2.940240797502021616e-14
1.600000000000000033e-02 6.429629455551707506e-01 1.324574529688912240e-02 5.161167831296266301e-15 2.964901698510649433e-14
1.650000000000000078e-02 6.445649614393053062e-01 1.275678894444032263e-02 4.055250413460160572e-15 2.988086843101218213e-14
1.700000000000000122e-02 6.461067446909452006e-01 1.229071874786366418e-02 3.032290453013390413e-15 2.999844753502577467e-14
1.750000000000000167e-02 6.475865620442528003e-01 1.192326158736510544e-02 2.303379026664809833e-15 2.969597479669331080e-14
1.800000000000000211e-02 6.490041104348323042e-01 1.159477531486206685e-02 1.718934814745987211e-15 2.954589775688370710e-14
1.850000000000000255e-02 6.503599817274432482e-01 1.129608210639776109e-02 1.195462914530811143e-15 2.962017707956689384e-14
1.900000000000000300e-02 6.516553361162660263e-01 1.105617336602549017e-02 7.707523553443519068e-16 2.914763079732281882e-14
1.950000000000000344e-02 6.528921778246816743e-01 1.088949394025244023e-02 4.938251473390263904e-16 2.865711231938191518e-14
2.000000000000000042e-02 6.540782469893812179e-01 1.070865957711520169e-02 3.051540968162942933e-16 2.833334675430583256e-14
