# time 1 2 D-1 D
0.000000000000000000e+00 9.999999665562800955e-01 7.103342415432123808e-10 2.014444669004153675e-34 2.972590114359400650e-34
2.500000000000000052e-04 9.991895917377544567e-01 3.308259169704763661e-07 4.732604585580584213e-17 2.966107343208952006e-22
5.000000000000000104e-04 9.965834572855014617e-01 7.254132260514006122e-06 1.472666390783577928e-14 1.929841395222470060e-18
7.500000000000001240e-04 9.918837701801948015e-01 5.049153312071702102e-05 4.478469972212582267e-13 3.742111413567332869e-16
1.000000000000000021e-03 9.847230532219359844e-01 2.214043666544409359e-04 5.348040248254843629e-12 1.715880038350385923e-14
1.250000000000000026e-03 9.745962871214922663e-01 7.581835036149996935e-04 3.709839384227171133e-11 3.499655810992500653e-13
1.500000000000000248e-03 9.607141842415273247e-01 2.213772782018281430e-03 1.815019585155040754e-10 4.150238891905887119e-12
1.750000000000000253e-03 9.417421117895962146e-01 5.752068215879183391e-03 6.910619722003282199e-10 3.247415978431221203e-11
2.000000000000000042e-03 9.154530381586415411e-01 1.352503304906228603e-02 2.141538997773681971e-09 1.784768932644928331e-10
2.250000000000000264e-03 8.785476608236459928e-01 2.876950605678352951e-02 5.697289051959116056e-09 7.165715302707698492e-10
2.500000000000000052e-03 8.272920793797954309e-01 5.460356971041708390e-02 1.351232735261398317e-08 2.186013148551974174e-09
2.750000000000000274e-03 7.596263065273134441e-01 9.009073647043937261e-02 3.148853534371387225e-08 5.299877945585965182e-09
3.000000000000000496e-03 6.778569729802368382e-01 1.273526807973660024e-01 7.274115011800690058e-08 1.068257869275680469e-08
3.250000000000000284e-03 5.890334532662460099e-01 1.591429327800238103e-01 1.076073049302473926e-07 1.862271432587118934e-08
3.500000000000000507e-03 5.018333943832054000e-01 1.838830454323582830e-01 1.333503163227138564e-07 2.899038193861341419e-08
3.749999999999999861e-03 4.228796912424958587e-01 2.027231785454109148e-01 1.635858189850363673e-07 4.131843248474839128e-08
4.000000000000000083e-03 3.553086315237384829e-01 2.157463353114457971e-01 1.969227547196844059e-07 5.496165218835117713e-08
4.250000000000000305e-03 2.994073769074147573e-01 2.193171300248205058e-01 2.317934736206656007e-07 6.925034498009955201e-08
4.500000000000000527e-03 2.539022895446184092e-01 2.026043455616503841e-01 2.663350422087414255e-07 8.359543592844123565e-08
4.750000000000000749e-03 2.169925794604588565e-01 1.614571710368109814e-01 3.002358544027818373e-07 9.753940846320038589e-08
5.000000000000000104e-03 1.869221953134141967e-01 1.230969477182626698e-01 3.326129889866534624e-07 1.107661557565411026e-07
5.250000000000000326e-03 1.622055657363109804e-01 1.000036930402290331e-01 3.637376003936222218e-07 1.230864946379183398e-07
5.500000000000000548e-03 1.416683270818746565e-01 8.695959190919018422e-02 3.931227281840222076e-07 1.344130078127754139e-07
5.750000000000000770e-03 1.244121745382876232e-01 7.983269731534535507e-02 4.210715023072242434e-07 1.447334426095822341e-07
6.000000000000000992e-03 1.097665412306095128e-01 7.536996957220626348e-02 4.477450919251574986e-07 1.540865885614099795e-07
6.250000000000000347e-03 9.720552271124525967e-02 7.288958231928972797e-02 4.734742181528460019e-07 1.625433776616288894e-07
6.500000000000000569e-03 8.633262992458634599e-02 7.121409471775470845e-02 4.975705819939814288e-07 1.701907642491503302e-07
6.750000000000000791e-03 7.691282157536691311e-02 7.031196133595878084e-02 5.211377843457986877e-07 1.771223692951974188e-07
7.000000000000001013e-03 6.866771767286655725e-02 6.970274183239802412e-02 5.441325612042860977e-07 1.834311895738079057e-07
7.250000000000001235e-03 6.142012176499381942e-02 6.936108473982977030e-02 5.659712342931151240e-07 1.892051257577810684e-07
7.499999999999999722e-03 5.502159249670789121e-02 6.915982885122180790e-02 5.878101922944240226e-07 1.945243707779849332e-07
7.750000000000000812e-03 4.941043596148248646e-02 6.897200996259704453e-02 6.084398011820845884e-07 1.994603991826251528e-07
8.000000000000000167e-03 4.441190828877443486e-02 6.882926537946722212e-02 6.292798449496388101e-07 2.040756343554276536e-07
8.250000000000000389e-03 3.998278764872049973e-02 6.867316445000831715e-02 6.492018944202475135e-07 2.084237599338408939e-07
8.500000000000000611e-03 3.602280976851846006e-02 6.850247720656228723e-02 6.693424134562962269e-07 2.125503007115669784e-07
8.750000000000000833e-03 3.251752503075559103e-02 6.830442702810168853e-02 6.886418952250156751e-07 2.164939063666065626e-07
9.000000000000001055e-03 2.941479178498965577e-02 6.804465696454105317e-02 7.079716662083792778e-07 2.202864046675844127e-07
9.250000000000001277e-03 2.661147566477155280e-02 6.777444283425411442e-02 7.270312685563983802e-07 2.239543259392390307e-07
9.500000000000001499e-03 2.413856718857287573e-02 6.743337772718857592e-02 7.456713697634582403e-07 2.275193882070953124e-07
9.750000000000001721e-03 2.195506914733485332e-02 6.703353120645644259e-02 7.643518176724800623e-07 2.309993404443814679e-07
1.000000000000000021e-02 1.997844191306183403e-02 6.662761214627711814e-02 7.826270119238745827e-07 2.344001231999529574e-07
