# time 1 2 D-1 D
0.000000000000000000e+00 9.999999508089664202e-01 1.849914495287859991e-08 4.456415026281192476e-35 1.502557860811208229e-36
2.500000000000000486e-03 9.956668230931533525e-01 8.710273183632898531e-05 2.123218147156795801e-31 4.955138593632332298e-34
5.000000000000000971e-03 9.820745024122810030e-01 4.344776678698834826e-04 4.450292546804200107e-27 5.266804288072871006e-29
7.500000000000001457e-03 9.585180390125216388e-01 1.226336917358963061e-03 1.674481255102020717e-24 4.601303184150166193e-26
1.000000000000000194e-02 9.246149850940997839e-01 2.669784113596658688e-03 1.223556799423606574e-22 5.986491688715665897e-24
1.250000000000000069e-02 8.803838221439747036e-01 5.062408120964771198e-03 3.650275232368958667e-21 2.709844086672047269e-22
1.500000000000000291e-02 8.262919254739702346e-01 8.741286368120541883e-03 6.202048356943867256e-20 6.211547950873253627e-21
1.750000000000000167e-02 7.632648995983892792e-01 1.407434438672073261e-02 7.123518501059685654e-19 8.795261473772152130e-20
2.000000000000000389e-02 6.926666227815345689e-01 2.138885019703872653e-02 6.150358336085077214e-18 8.659351479970248185e-19
2.250000000000000264e-02 6.162791658433300901e-01 3.089962030256549266e-02 4.251488251383070560e-17 6.408736828135887465e-18
2.500000000000000139e-02 5.363182202668959064e-01 4.228010506220814674e-02 2.455104075135346791e-16 3.775650081131416470e-17
2.750000000000000361e-02 4.554805872865761995e-01 5.476259908942145149e-02 1.227371014997066895e-15 1.855804877172817386e-16
3.000000000000000583e-02 3.769176730866142244e-01 6.629315210464729879e-02 5.417477711053127182e-15 7.927751617186546903e-16
3.250000000000000111e-02 3.039422701058184240e-01 7.286942626077008711e-02 2.617557855578846361e-14 3.046629530036021413e-15
3.500000000000000333e-02 2.393969722931097721e-01 5.926487053595915627e-02 2.492238336450403554e-14 1.080482797126462337e-14
3.750000000000000555e-02 1.849683193672615189e-01 1.070984643453007888e-02 6.875829476278240671e-14 3.589792092423007964e-14
4.000000000000000777e-02 1.409085594028736399e-01 3.065967667306132398e-03 1.993839936280800328e-13 1.123971619940535783e-13
4.250000000000000999e-02 1.063122982446894210e-01 1.860896456894627505e-03 5.869617985018971348e-13 3.317528391381519356e-13
4.500000000000000527e-02 7.967020325175172557e-02 1.587000398863380778e-03 1.730954655276494926e-12 9.213821756411173816e-13
4.750000000000000749e-02 5.935729456921739339e-02 1.617280790002701731e-03 5.051117086926404694e-12 2.403300365552224441e-12
5.000000000000000278e-02 4.391484460215966390e-02 1.796317888672022004e-03 1.471827085884963756e-11 5.880337298887857302e-12
5.250000000000000500e-02 3.215414849010728854e-02 2.086440937575008252e-03 4.203958190993887755e-11 1.348744783358040044e-11
5.500000000000000722e-02 2.318049202516546392e-02 2.417033835675807922e-03 1.171657974020654489e-10 2.897578214075446293e-11
5.750000000000000944e-02 1.634196185604179508e-02 2.765009513181677404e-03 3.259635264373931630e-10 5.819734426850889011e-11
6.000000000000001166e-02 1.120945723174274211e-02 2.998806629471886635e-03 8.820386878682139505e-10 1.088270822530153525e-10
6.250000000000000000e-02 7.483942108778934149e-03 3.029357978881224659e-03 2.333561213710473080e-09 1.879201742569406441e-10
6.500000000000000222e-02 4.901411736229938608e-03 2.853357602748192012e-03 6.115807810928926891e-09 2.950236505053887489e-10
6.750000000000000444e-02 3.186136876294229890e-03 2.485199432480755637e-03 1.561583101372475748e-08 4.086326562941846105e-10
7.000000000000000666e-02 2.076823251340730557e-03 1.774841121510920125e-03 3.878350815115541874e-08 4.685510068528538940e-10
7.250000000000000888e-02 1.365640799785114001e-03 3.819939123551456019e-04 9.332264835820862029e-08 3.767701952097719412e-10
7.500000000000001110e-02 9.081312741445917488e-04 3.404101466076215254e-04 2.167871166772475139e-07 1.017091288453404494e-10
7.750000000000001332e-02 6.111667907176037079e-04 2.988321813800454379e-04 4.808344217732807774e-07 1.400811465602903469e-10
8.000000000000001554e-02 4.164294619889835885e-04 2.547203185695229755e-04 1.013578913092028835e-06 3.019939970019977536e-09
8.250000000000001776e-02 2.874472582727217052e-04 2.173516805741649628e-04 2.026163247959456195e-06 1.757182295173255205e-08
8.500000000000001998e-02 2.011371321162540489e-04 1.802401170554354898e-04 3.778100195585492733e-06 7.054181274905346020e-08
8.750000000000000833e-02 1.428712872056850510e-04 1.476223943712785846e-04 6.633874536676086539e-06 2.394896100581332448e-07
9.000000000000001055e-02 1.029779545390121094e-04 1.171340638204647485e-04 1.084689785183132578e-05 7.045431072678404757e-07
9.250000000000001277e-02 7.536407408358147873e-05 8.935296207285915769e-05 1.647577098794544354e-05 1.992387137741526529e-06
9.500000000000001499e-02 5.597991414641743843e-05 6.582879197625112107e-05 2.280788841532636242e-05 5.355478235544591091e-06
9.750000000000001721e-02 4.218100945194347477e-05 4.662281568169436357e-05 2.767004896629297615e-05 1.347628973405327527e-05
1.000000000000000056e-01 3.221839834448952369e-05 3.218091507675204383e-05 2.888507901245920568e-05 2.899116523927191890e-05
