# time 1 2 D-1 D
0.000000000000000000e+00 9.999999833577047914e-01 2.303360202057668701e-09 2.370972105608553904e-35 3.444198447909303254e-34
1.250000000000000243e-03 9.999950590988790911e-01 4.431607391038665653e-06 1.145048695610402867e-21 6.534202580876941226e-23
2.500000000000000486e-03 9.999058798601780929e-01 8.579513113298163098e-05 3.095751272276197649e-20 4.562818827675536263e-22
3.750000000000000729e-03 9.994143098614157728e-01 5.404534503261170918e-04 1.908439323284737772e-19 7.134296384238398113e-21
5.000000000000000971e-03 9.977183349689152658e-01 2.133586673399534301e-03 8.914306823081986893e-19 1.141498194676835480e-21
6.250000000000000347e-03 9.931754483640173881e-01 6.450089331990849738e-03 5.424420799522927024e-18 2.730760680033156386e-20
7.500000000000001457e-03 9.829401388480487611e-01 1.628489208731898411e-02 3.913226287203180721e-17 4.359974516847223216e-19
8.750000000000000833e-03 9.630153497138487229e-01 3.550584063235111970e-02 3.033346864119684131e-16 4.389951882720707962e-18
1.000000000000000194e-02 9.294830097251851608e-01 6.773256993806220372e-02 2.141369224540213276e-15 3.230265984030772939e-17
1.125000000000000132e-02 8.811334004072391979e-01 1.128746999627049941e-01 1.278422376295750443e-14 1.719613995856823463e-16
1.250000000000000069e-02 8.215595494189763537e-01 1.616892732522647591e-01 6.459230257960794673e-14 6.898297087846745416e-16
1.375000000000000180e-02 7.579162993084590516e-01 1.801114347869738619e-01 2.790763548042718858e-13 1.795853039837791293e-15
1.500000000000000291e-02 6.971767145615842542e-01 1.214459125743627826e-01 1.046856285108486071e-12 1.851444903918475909e-15
1.625000000000000056e-02 6.435687092661815933e-01 6.874601850271118419e-02 3.444750467698769265e-12 9.253358678937413028e-16
1.750000000000000167e-02 5.985016039772876884e-01 4.678541605798290648e-02 9.989007353673970905e-12 1.027765207519282933e-13
1.875000000000000278e-02 5.616508132757739302e-01 3.681368618027614642e-02 2.545089580915067919e-11 1.142657270442348867e-12
2.000000000000000389e-02 5.319552780695354643e-01 3.177055502333948900e-02 5.725386121848705577e-11 6.393488885664810769e-12
2.125000000000000500e-02 5.081934810265730240e-01 2.882143553671175779e-02 1.164556473665352376e-10 2.309144180880313379e-11
2.250000000000000264e-02 4.892367101931140994e-01 2.691339458415614033e-02 2.217764169743159662e-10 6.108101776015517207e-11
2.375000000000000375e-02 4.741296606733816921e-01 2.554957591505691364e-02 4.051079392834527108e-10 1.303742196287094268e-10
2.500000000000000139e-02 4.620951991205197729e-01 2.458110868760054676e-02 7.189919507201118191e-10 2.387105107872670211e-10
2.625000000000000250e-02 4.525120717672673210e-01 2.375539882028287336e-02 1.245607333833284102e-09 3.897329624242092359e-10
2.750000000000000361e-02 4.448869062777973116e-01 2.302434028936666335e-02 2.115169896949868495e-09 5.816682420173451755e-10
2.875000000000000472e-02 4.388282950543382355e-01 2.237821748425333074e-02 3.531789988610686074e-09 8.071052878259440731e-10
3.000000000000000583e-02 4.340253498429488821e-01 2.171393627705426460e-02 5.925074165272331367e-09 1.054087220037772633e-09
3.125000000000000000e-02 4.302307444458695618e-01 2.110382728622848744e-02 1.113660223930704830e-08 1.308236643712735191e-09
3.250000000000000111e-02 4.272475791883857399e-01 2.047407349763799914e-02 1.066671834821525282e-08 1.554628969073770092e-09
3.375000000000000222e-02 4.249189679770949968e-01 1.988238591108553582e-02 6.975337325539388762e-09 1.780004505215003022e-09
3.500000000000000333e-02 4.231200848273632964e-01 1.925099780535606542e-02 5.185522094090328825e-09 1.974009412120900136e-09
3.625000000000000444e-02 4.217510852382275743e-01 1.866128308544775377e-02 3.836691699595530226e-09 2.129811059133708093e-09
3.750000000000000555e-02 4.207337907419120282e-01 1.806388431514563755e-02 2.793983297310988981e-09 2.244227176242096623e-09
3.875000000000000666e-02 4.200042316003806953e-01 1.748444972102211961e-02 1.925465741781429420e-09 2.317013226189437578e-09
4.000000000000000777e-02 4.195119928838943468e-01 1.694638157200694870e-02 1.265204848162798389e-09 2.350278597990339724e-09
4.125000000000000888e-02 4.192161665677255900e-01 1.643007847288396883e-02 8.082182337068962823e-10 2.347867939867570870e-09
4.250000000000000999e-02 4.190834462311722186e-01 1.591916138806119194e-02 4.867615668243758180e-10 2.314545025614102714e-09
4.375000000000000416e-02 4.190863327061722376e-01 1.546708826618154418e-02 2.645092531110626988e-10 2.255448071112848251e-09
4.500000000000000527e-02 4.192012685323158738e-01 1.502029312047735432e-02 1.302656664202044670e-10 2.175690936633896869e-09
4.625000000000000638e-02 4.194088166420648633e-01 1.460561347442603658e-02 4.820591203144771342e-11 2.080060701129614561e-09
4.750000000000000749e-02 4.196921402884756791e-01 1.423835503282631400e-02 1.195145877137933286e-11 1.972872706373810085e-09
4.875000000000000860e-02 4.200366634843421543e-01 1.388214398021805733e-02 2.776728173495241518e-12 1.857904579370168859e-09
5.000000000000000278e-02 4.204299604137152757e-01 1.357010247919874894e-02 2.126898010885008673e-11 1.738379098394872431e-09
