# time 1 2 D-1 D
0.000000000000000000e+00 9.999999806434470839e-01 2.857370418125537426e-09 9.215875710446736201e-35 7.171691034366778224e-35
1.250000000000000243e-03 9.995004272474541374e-01 9.232901486787734111e-07 4.457817999251221505e-17 5.480261067075960068e-23
2.500000000000000486e-03 9.978855249616551681e-01 1.823533844407028916e-05 1.369613505003116418e-14 2.942371103888099601e-19
3.750000000000000729e-03 9.949279900941264687e-01 1.209493194221952068e-04 4.174485696027341373e-13 4.538642096752487184e-17
5.000000000000000971e-03 9.902729901379457855e-01 5.098770129700006676e-04 4.879398681799548664e-12 1.632855406846022388e-15
6.250000000000000347e-03 9.833078377100121781e-01 1.672643586688392012e-03 3.329967725693971915e-11 2.585507858734547113e-14
7.500000000000001457e-03 9.729376612357997223e-01 4.651074584324455842e-03 1.595236746321913915e-10 2.358945155731574741e-13
8.750000000000000833e-03 9.573242311274364758e-01 1.132771197058964237e-02 5.891462412421815494e-10 1.410127570274083086e-12
1.000000000000000194e-02 9.339300095940785695e-01 2.435135449739141145e-02 1.772344833028772593e-09 5.837736221309816793e-12
1.125000000000000132e-02 9.005852377100559414e-01 4.564364764660646528e-02 4.496652760671955692e-09 1.671992120480056974e-11
1.250000000000000069e-02 8.577269025560734228e-01 7.359664009735089607e-02 9.865061421922169602e-09 3.043245121258088552e-11
1.375000000000000180e-02 8.097213523195033735e-01 1.010028538012323618e-01 1.911179589101645009e-08 2.414218974465436710e-11
1.500000000000000291e-02 7.628808484156480718e-01 1.198998623717775769e-01 3.331927518801806101e-08 1.001265148247612279e-12
1.625000000000000056e-02 7.220290352247921151e-01 1.272338434118861772e-01 5.302390148487359851e-08 2.610311169286169700e-10
1.750000000000000167e-02 6.890892313417791293e-01 1.227769995333152786e-01 7.809970520477012878e-08 1.830521518997134447e-09
1.875000000000000278e-02 6.638189292427544297e-01 1.092121233171403777e-01 1.085846569775239170e-07 6.014945375467366942e-09
2.000000000000000389e-02 6.450078377276380337e-01 9.319059256366568622e-02 1.470919413216340559e-07 1.284902553202745192e-08
2.125000000000000500e-02 6.312613350717543037e-01 7.977823486417712218e-02 1.998992061752399085e-07 2.119838327417642090e-08
2.250000000000000264e-02 6.213425733236769277e-01 6.985190717159947549e-02 2.758090150789315657e-07 2.982294717713721572e-08
2.375000000000000375e-02 6.142649910029360782e-01 6.267481758108531253e-02 3.884044456468368041e-07 3.800223170745792773e-08
2.500000000000000139e-02 6.092800166345391233e-01 5.735361602645165646e-02 5.589005119237842000e-07 4.541512645793903944e-08
2.625000000000000250e-02 6.058328845986744593e-01 5.341205880306763160e-02 8.093069531595511993e-07 5.195882057039359252e-08
2.750000000000000361e-02 6.035164144991297386e-01 5.030629072240827560e-02 1.113996521997131661e-06 5.763697020594768236e-08
2.875000000000000472e-02 6.020325231581874492e-01 4.778360015068345429e-02 8.705853761381004344e-07 6.250510798327725108e-08
3.000000000000000583e-02 6.011621987293659375e-01 4.580647051475615628e-02 3.681311120044632403e-07 6.664212062055856580e-08
3.125000000000000000e-02 6.007442566220912994e-01 4.409981954659678710e-02 2.497873568487361779e-07 7.013550170684031562e-08
3.250000000000000111e-02 6.006591175262945281e-01 4.267333993039693768e-02 2.032062471927754039e-07 7.307269704930715895e-08
3.375000000000000222e-02 6.008177726702915722e-01 4.149256640660201056e-02 1.700847248853743258e-07 7.553555901034310336e-08
3.500000000000000333e-02 6.011534701168403938e-01 4.042917424572911589e-02 1.413061571806675437e-07 7.759821680937044165e-08
3.625000000000000444e-02 6.016162319160991423e-01 3.955091313208161652e-02 1.145878330607579742e-07 7.932562279951467388e-08
3.750000000000000555e-02 6.021679210396242432e-01 3.877875470823562154e-02 1.934463457550643909e-08 8.077393313158463707e-08
3.875000000000000666e-02 6.027802708350261662e-01 3.808783345034831569e-02 5.912449284735997665e-09 8.199135978392342219e-08
4.000000000000000777e-02 6.034314493472605623e-01 3.751741352197276308e-02 4.822287983830438083e-09 8.301764036940818137e-08
4.125000000000000888e-02 6.041051970118112013e-01 3.701409894483857072e-02 3.951737098367499659e-09 8.388634386722229621e-08
4.250000000000000999e-02 6.047888941222955284e-01 3.656803516993765296e-02 3.670869664645112859e-09 8.462552900030664408e-08
4.375000000000000416e-02 6.054736245837827324e-01 3.617141442657184625e-02 3.424143865730140206e-09 8.525715395905398710e-08
4.500000000000000527e-02 6.061520500433319469e-01 3.583427146670747909e-02 3.229994109691746840e-09 8.580135292584951671e-08
4.625000000000000638e-02 6.068192459603866107e-01 3.553606016545318019e-02 3.168769350305658340e-09 8.627290781978430876e-08
4.750000000000000749e-02 6.074713703002285747e-01 3.529499890537665663e-02 3.025445437546696955e-09 8.668418197664864727e-08
4.875000000000000860e-02 6.081058185287020468e-01 3.507033126377833571e-02 3.134920365526332996e-09 8.704664631012766518e-08
5.000000000000000278e-02 6.087300496845111653e-01 3.489140205378217507e-02 3.092253742582131199e-09 8.735167311455025285e-08
