# time 1 2 D-1 D
0.000000000000000000e+00 9.999999627129788626e-01 8.834089335482566083e-09 6.486671701425085903e-35 8.077556368469199259e-35
5.000000000000000104e-04 9.962568812204060098e-01 2.702558479932682394e-06 1.292055918934963345e-22 1.605361576028609397e-24
1.000000000000000021e-03 9.853120807760251676e-01 1.356061504014822457e-05 1.108540559725832779e-18 1.957527944062594051e-20
1.500000000000000248e-03 9.675306603411267803e-01 3.593762664993858285e-05 3.027826305690301523e-16 7.482891699941849276e-18
2.000000000000000042e-03 9.431925772318613399e-01 7.396143948909944261e-05 1.924261568963547316e-14 6.905533825891757278e-16
2.500000000000000052e-03 9.124943031730368137e-01 1.339934932976034518e-04 5.117198418772071285e-13 2.884614412375691361e-14
3.000000000000000496e-03 8.755631710817141089e-01 2.276851277802211773e-04 7.485120766852600506e-12 7.058945006453576976e-13
3.500000000000000507e-03 8.324817483597177770e-01 3.725245850011784125e-04 7.163843643004524173e-11 1.127624767245511100e-11
4.000000000000000083e-03 7.833185011184681246e-01 6.039668154166268500e-04 4.850823343411245899e-10 1.223836100027266957e-10
4.500000000000000527e-03 7.281563974382848636e-01 9.914238709896089526e-04 2.488394928689228680e-09 9.216637697808028681e-10
5.000000000000000104e-03 6.671013704610477824e-01 1.663640677777586526e-03 1.017935768039479831e-08 4.972088570979667616e-09
5.500000000000000548e-03 6.002394003473120465e-01 2.892435946859426427e-03 3.613962647970805494e-08 2.014422506602830655e-08
6.000000000000000992e-03 5.275077103971151926e-01 5.203104355428957162e-03 1.260071689066697034e-07 6.457766432313586602e-08
6.500000000000000569e-03 4.483538914933100639e-01 9.757919973333452346e-03 5.387784805623127776e-07 1.717208222703112644e-07
7.000000000000001013e-03 3.617314911048831738e-01 1.850080299773005851e-02 1.429742917774448772e-06 3.935610150257980437e-07
7.499999999999999722e-03 2.678775819720840556e-01 3.325077198183026828e-02 2.500283829788145641e-06 8.008777324482004303e-07
8.000000000000000167e-03 1.750235272369028983e-01 5.025908860446838544e-02 4.059423346926094398e-06 1.480449449736314900e-06
8.500000000000000611e-03 1.040564523041690170e-01 5.546934053965366790e-02 6.226395429199016794e-06 2.530011295659483250e-06
9.000000000000001055e-03 6.136862336103626053e-02 4.778799414776599419e-02 9.073924736629289159e-06 4.052132535417053287e-06
9.500000000000001499e-03 3.835450584941588886e-02 3.598464910105328429e-02 1.269144203225768622e-05 6.148113844010949894e-06
1.000000000000000021e-02 2.553476174130163076e-02 2.599514231378233231e-02 1.712295487898483527e-05 8.912694132254637286e-06
1.050000000000000065e-02 1.773925537741031372e-02 1.897110563353143764e-02 2.235572376034737827e-05 1.242999237319903810e-05
1.100000000000000110e-02 1.274570444044168492e-02 1.417300739588240634e-02 2.848283703892356847e-05 1.677080283458152657e-05
1.150000000000000154e-02 9.421277649376155749e-03 1.084766319610117741e-02 3.539867897777212037e-05 2.199115343889977971e-05
1.200000000000000198e-02 7.150989446251196542e-03 8.468193912554756314e-03 4.310445099950207983e-05 2.813192336125731283e-05
1.250000000000000069e-02 5.491562053671964622e-03 6.784226329237417683e-03 5.167808620738334973e-05 3.521927237064395892e-05
1.300000000000000114e-02 4.316707188870667726e-03 5.494970176026260471e-03 6.090601664576693439e-05 4.326563967354964374e-05
1.350000000000000158e-02 3.417657355995458099e-03 4.535523718219291837e-03 7.091528234357585467e-05 5.227110576455587401e-05
1.400000000000000203e-02 2.736268179253998831e-03 3.786328231232789256e-03 8.158590571497717817e-05 6.222494424818848845e-05
1.450000000000000247e-02 2.212026980397082277e-03 3.186153537437043815e-03 9.271648277516783597e-05 7.310723547784790384e-05
1.499999999999999944e-02 1.795989368267731420e-03 2.710947189420344870e-03 1.045392135522553299e-04 8.489046431080216320e-05
1.550000000000000162e-02 1.468286755741604784e-03 2.318555388202915048e-03 1.169573893417128938e-04 9.754100160434032464e-05
1.600000000000000033e-02 1.204555762602485666e-03 1.993424217699995334e-03 1.295568733512640473e-04 1.110204519108100741e-04
1.650000000000000078e-02 9.900792904465260339e-04 2.077062182342362037e-04 1.428202099249319481e-04 1.252868772444679102e-04
1.700000000000000122e-02 8.141727577890225552e-04 2.371528788058032430e-04 1.563256889540300750e-04 1.402958603216029909e-04
1.750000000000000167e-02 6.690277476831857535e-04 2.443077833861360482e-04 1.704545213317600202e-04 1.560014187978245575e-04
1.800000000000000211e-02 5.488862180901336830e-04 2.443653735187152750e-04 1.846096954608447498e-04 1.723567571141837939e-04
1.850000000000000255e-02 4.494296616850574906e-04 2.488292662536277055e-04 1.988253810915852039e-04 1.893149002131219792e-04
1.900000000000000300e-02 3.673112273599405471e-04 2.510103619146854194e-04 2.136166333378834085e-04 2.068292517963731480e-04
1.950000000000000344e-02 2.998359560083647892e-04 2.478658591007853562e-04 2.286378089426952323e-04 2.248540760739960057e-04
2.000000000000000042e-02 2.447820273414242384e-04 2.438189446090874583e-04 2.436418456954685227e-04 2.433445613781872287e-04
