# time 1 2 D-1 D
0.000000000000000000e+00 9.999999631321171423e-01 2.613253888789438055e-08 8.254909078649514025e-34 1.175165212404057096e-33
1.250000000000000243e-03 9.999950733001302661e-01 2.380427643616595240e-08 3.491547787322113330e-20 5.159895277640610890e-22
2.500000000000000486e-03 9.999236408849808688e-01 3.556509882898125568e-07 1.134945430421068401e-19 1.319150844811373622e-21
3.750000000000000729e-03 9.996228035219003605e-01 1.811858743903538852e-06 6.735968717976185593e-20 6.802798831825892154e-20
5.000000000000000971e-03 9.988367704149941906e-01 6.372821071874280395e-06 7.752789073594744803e-19 8.326500025105443949e-19
6.250000000000000347e-03 9.972276339427762482e-01 1.608301121844196214e-05 3.923704043053625165e-18 4.528713082582293896e-18
7.500000000000001457e-03 9.943799905946255624e-01 3.271119951712802410e-05 2.535281868715116444e-17 3.998804135021344318e-17
8.750000000000000833e-03 9.898004219403653270e-01 5.956438094833335834e-05 1.606446207893065767e-16 4.598287221071916946e-16
1.000000000000000194e-02 9.829188237427356478e-01 9.157591272858612793e-05 8.251609531256253770e-16 5.374825239400455340e-15
1.125000000000000132e-02 9.731034233519563204e-01 1.181523922875393290e-04 9.774653170385060566e-16 4.965012002722252237e-14
1.250000000000000069e-02 9.596979105161586032e-01 1.166785427625052790e-04 1.175463840816042836e-14 3.469195100759304747e-13
1.375000000000000180e-02 9.420703233816593025e-01 6.835640600589250131e-05 6.822126852970066035e-13 1.836628501968838858e-12
1.500000000000000291e-02 9.196152727527097115e-01 7.299083140325400159e-07 6.458229173604640784e-12 7.614646564111598357e-12
1.625000000000000056e-02 8.915214862863063416e-01 2.515237739799250426e-04 2.318567655549141605e-11 2.558570928467658299e-11
1.750000000000000167e-02 8.559520473951013342e-01 2.268746158295055753e-03 6.023031970185072171e-11 7.198985729028018193e-11
1.875000000000000278e-02 8.064682585690448047e-01 1.216209108429309495e-02 1.368245462263269549e-10 1.743585475318398856e-10
2.000000000000000389e-02 7.230232424078183451e-01 4.979501736243497484e-02 2.784946085443025339e-10 3.720066191157665471e-10
2.125000000000000500e-02 5.720916174850604330e-01 1.488687454641343388e-01 5.668994848459293990e-10 7.127558522148331119e-10
2.250000000000000264e-02 3.915220304847468191e-01 2.723035998446465822e-01 1.459975688314479284e-09 1.246056952926860927e-09
2.375000000000000375e-02 2.677343374455867786e-01 3.351238960384114174e-01 2.444476536899087771e-09 2.014409513181641829e-09
2.500000000000000139e-02 1.966198750528100336e-01 3.435157163738708497e-01 2.720353478126075895e-09 3.045231505972867615e-09
2.625000000000000250e-02 1.549722011066270444e-01 3.228411231937821646e-01 3.025955203861818299e-09 4.345658533417410189e-09
2.750000000000000361e-02 1.278237168680460556e-01 2.909683973023722281e-01 3.283890662385758834e-09 5.901159641089819523e-09
2.875000000000000472e-02 1.092125194146049832e-01 2.553442756980322526e-01 3.406612166699329775e-09 7.677049580704170031e-09
3.000000000000000583e-02 9.557892492729831713e-02 2.209203668747931060e-01 3.456402873329456499e-09 9.623590724124445534e-09
3.125000000000000000e-02 8.517514282092898681e-02 1.900778080535574788e-01 3.360006428435731028e-09 1.168258202037700897e-08
3.250000000000000111e-02 7.699216672891108504e-02 1.626779069703617187e-01 3.189115982352188704e-09 1.379368244640574290e-08
3.375000000000000222e-02 7.040645897725904268e-02 1.390537510502809770e-01 2.973154752556845548e-09 1.589963617615950656e-08
3.500000000000000333e-02 6.501031589845795988e-02 1.192892748564273880e-01 2.697652029631355619e-09 1.795124515063905423e-08
3.625000000000000444e-02 6.052453185527237323e-02 1.026746111823037960e-01 2.405761721247267992e-09 1.990930796724123771e-08
3.750000000000000555e-02 5.675055868880914817e-02 8.853524909709338531e-02 2.089173789894102127e-09 2.174567889452026612e-08
3.875000000000000666e-02 5.354278497752271160e-02 7.657776403571388280e-02 1.820015216880601298e-09 2.344271664551907334e-08
4.000000000000000777e-02 5.079167923338043233e-02 6.587834178445253763e-02 1.562973596765409415e-09 2.499218715882163208e-08
4.125000000000000888e-02 4.841311000970226902e-02 5.701844937866228785e-02 1.334635696097705283e-09 2.639351304755771856e-08
4.250000000000000999e-02 4.634133866049360700e-02 4.911893980376420138e-02 1.140995018050576455e-09 2.765172142087430865e-08
4.375000000000000416e-02 4.452427619694303979e-02 4.230692406611959860e-02 9.739214904634745733e-10 2.877563302108259169e-08
4.500000000000000527e-02 4.292018045436429147e-02 3.649849975953974729e-02 8.512514447769713834e-10 2.977621890007951195e-08
4.625000000000000638e-02 4.149529415795710774e-02 3.123236416713165778e-02 7.178816002275784793e-10 3.066530041236870607e-08
4.750000000000000749e-02 4.022211296928405316e-02 2.661288268871649446e-02 6.099065089717274172e-10 3.145464045317521033e-08
4.875000000000000860e-02 3.907808652046314973e-02 2.192480749440893842e-02 5.307600675128536383e-10 3.215532762265763266e-08
5.000000000000000278e-02 3.804462757022968739e-02 1.761727863006315800e-02 4.772847705427994134e-10 3.277748304311425633e-08
