# time 1 2 D-1 D
0.000000000000000000e+00 9.999999504802739025e-01 8.650753002351496905e-10 2.156076829359410348e-35 1.143793024534474435e-35
2.500000000000000486e-03 9.999953396145379036e-01 3.777926298506883223e-07 2.086351148796302829e-30 6.130169117801835996e-33
5.000000000000000971e-03 9.999277618784819799e-01 8.884257728663526413e-06 7.998372434373899477e-26 1.328336272830887937e-27
7.500000000000001457e-03 9.996325637635594674e-01 6.364358749985975585e-05 2.746428040273320483e-24 5.094153194660280842e-26
1.000000000000000194e-02 9.987839138231807690e-01 2.851244428871077281e-04 1.045042903085910701e-22 8.725294875766569531e-24
1.250000000000000069e-02 9.967426478997266637e-01 9.870456370396280595e-04 9.365653994117487361e-22 8.018308650362517909e-23
1.500000000000000291e-02 9.922316466986824679e-01 2.927855822470775554e-03 4.957425223020436952e-21 5.375444468615724244e-22
1.750000000000000167e-02 9.827187193293455136e-01 7.774608565880843612e-03 2.227978614440859877e-20 2.916483848375450845e-21
2.000000000000000389e-02 9.633445277599212986e-01 1.916007928152904313e-02 1.019663292701492295e-19 1.363223353884906969e-20
2.250000000000000264e-02 9.254744318789278612e-01 4.383815026829301909e-02 5.851689880090025195e-19 5.725373999615239122e-20
2.500000000000000139e-02 8.566111393357137560e-01 9.225249355005443741e-02 2.903416207500548266e-18 2.250506552470376284e-19
2.750000000000000361e-02 7.476886795343572478e-01 1.705211207879266666e-01 1.291070296221712972e-17 8.831481861363992432e-19
3.000000000000000583e-02 6.097636777857958768e-01 2.644949240770785859e-01 5.845689781531219916e-17 3.389168748997179336e-18
3.250000000000000111e-02 4.740650033408666530e-01 3.353787252892294068e-01 2.410602578667371645e-16 1.213167724001446680e-17
3.500000000000000333e-02 3.638844361007254058e-01 3.379912335281263780e-01 8.583454474187683951e-16 3.853590374151269877e-17
3.750000000000000555e-02 2.824930306503283250e-01 2.509226315674982222e-01 2.626015490918427409e-15 1.049313837587612085e-16
4.000000000000000777e-02 2.237444324537974094e-01 1.622276677697611635e-01 6.958936464106342943e-15 2.432965398058560666e-16
4.250000000000000999e-02 1.808482917093973130e-01 1.300024277201851652e-01 1.622073215930085783e-14 4.815758385671627376e-16
4.500000000000000527e-02 1.487889570762029323e-01 3.499787842477239397e-02 3.397375926396462026e-14 8.243455688535892534e-16
4.750000000000000749e-02 1.242332864015734673e-01 2.539252189314854941e-02 6.437688533486553313e-14 1.180755434294819995e-15
5.000000000000000278e-02 1.050075056471103663e-01 2.151460939533034883e-02 1.125259921284284519e-13 1.450582300769598673e-15
5.250000000000000500e-02 8.967201283075722229e-02 1.937705163438455114e-02 1.823051728029737339e-13 1.478809327453664663e-15
5.500000000000000722e-02 7.724481729237074601e-02 1.812563707638574842e-02 2.775204116146319960e-13 1.168494265146278875e-15
5.750000000000000944e-02 6.703322304142844690e-02 1.739010324577835997e-02 3.988971175570874668e-13 5.728217047022554915e-16
6.000000000000001166e-02 5.853320071334966457e-02 1.725980505381395982e-02 5.475072338110682799e-13 8.303149799992308776e-17
6.250000000000000000e-02 5.136878628997917917e-02 1.737107727982000957e-02 7.213422971825378628e-13 1.140711668174987056e-16
6.500000000000000222e-02 4.523767038913274058e-02 1.783199518091510907e-02 9.167932422273804430e-13 1.339240828497146112e-15
6.750000000000000444e-02 3.996492266449711700e-02 1.845260795848288268e-02 1.126803614774330742e-12 4.320634182468831117e-15
7.000000000000000666e-02 3.534692586026756678e-02 1.921050571906490756e-02 1.355424112312115946e-12 9.552136430115283833e-15
7.250000000000000888e-02 3.124280315405760997e-02 2.016793042079950693e-02 1.590313959798255435e-12 1.809847915173881426e-14
7.500000000000001110e-02 2.759906893919756438e-02 2.122679885826080082e-02 1.833129068215549188e-12 2.902297927716780540e-14
7.750000000000001332e-02 2.434920661566064917e-02 2.236330409616889975e-02 2.079301411967781415e-12 4.322137177723592620e-14
8.000000000000001554e-02 2.132548498999402645e-02 2.363990185024443871e-02 2.330515222349536531e-12 6.118476895124800856e-14
8.250000000000001776e-02 1.865006441209909535e-02 2.488476169001834631e-02 2.577162120174890608e-12 8.059720139631618126e-14
8.500000000000001998e-02 1.622758156794716980e-02 2.614134269370493521e-02 2.831403591751600390e-12 1.026514311576751680e-13
8.750000000000000833e-02 1.400289817619972815e-02 2.742124100939094880e-02 3.088213282248277248e-12 1.278743395388776718e-13
9.000000000000001055e-02 1.197095101940394077e-02 2.869345694241881919e-02 3.333089952151315281e-12 1.526738383247566145e-13
9.250000000000001277e-02 1.017671874631519320e-02 2.988258442179024185e-02 3.578752777163313439e-12 1.783259321182719680e-13
9.500000000000001499e-02 8.584040532802168083e-03 3.099875265188747897e-02 3.820261468487734027e-12 2.080162426189823611e-13
9.750000000000001721e-02 7.175928007493201193e-03 3.203742278313945896e-02 4.059189977707733911e-12 2.326719427271793772e-13
1.000000000000000056e-01 5.933531658990891071e-03 3.299903415467798917e-02 4.294546331078198681e-12 2.595157003022927414e-13
