# time 1 2 D-1 D
0.000000000000000000e+00 9.999999493113120863e-01 4.336223473548953582e-09 1.630045618493284424e-36 5.012840557783951118e-37
5.000000000000000104e-04 9.957791030014225830e-01 1.322037296908780277e-05 2.272003366671389043e-28 7.797464786915611937e-31
1.000000000000000021e-03 9.835193972297135989e-01 6.747023385114629527e-05 1.435695912552116240e-23 1.409082569095659905e-25
1.500000000000000248e-03 9.637125613928574364e-01 1.993413390672230437e-04 1.478846019680342864e-20 2.710086757649591003e-22
2.000000000000000042e-03 9.366799091924458143e-01 4.728160510036046949e-04 2.769784816820004045e-18 8.332241275532852711e-20
2.500000000000000052e-03 9.025555293075265828e-01 1.016557841586553882e-03 2.001592353845572145e-16 9.332466998199485998e-18
3.000000000000000496e-03 8.612452609521217273e-01 2.081417101141895976e-03 7.769623932036751594e-15 5.283860709502458826e-16
3.500000000000000507e-03 8.123105348090783329e-01 4.190265042196889521e-03 1.975352760563103068e-13 1.717879605202307454e-14
4.000000000000000083e-03 7.546600023315617189e-01 8.478903162346554043e-03 3.851138589612704990e-12 3.359797802349402587e-13
4.500000000000000527e-03 6.857741314102187014e-01 1.755324393292935145e-02 5.342911234391278076e-11 4.108535443158426695e-12
5.000000000000000104e-03 6.000469559286834009e-01 3.715978094648834940e-02 3.277895481172522675e-10 3.327613010489559005e-11
5.500000000000000548e-03 4.867633796869954010e-01 7.854251029792179428e-02 1.447555999804050922e-09 1.909526009526976954e-10
6.000000000000000992e-03 3.418078150821320937e-01 1.466609456034073666e-01 4.974105731955368635e-09 8.273209577326697433e-10
6.500000000000000569e-03 2.000504285082119471e-01 2.083633609488205196e-01 1.372864624169468870e-08 2.856300019974869671e-09
7.000000000000001013e-03 1.066705137366449480e-01 2.209648191662128003e-01 3.188766860917674599e-08 8.208892096713108106e-09
7.499999999999999722e-03 5.733562565297183750e-02 1.939624819885481521e-01 6.551838814346065610e-08 2.033171191592893979e-08
8.000000000000000167e-03 3.201593761488355505e-02 1.552892313175644190e-01 1.225692070319000553e-07 4.460054510042291005e-08
8.500000000000000611e-03 1.862096596517857222e-02 7.255701530558063272e-02 2.130870892045805717e-07 8.853922959776028936e-08
9.000000000000001055e-03 1.124330829639717463e-02 1.443202689045125844e-02 3.482510982530374586e-07 1.617927996661896763e-07
9.500000000000001499e-03 7.023596625275885762e-03 5.610520535539142463e-03 5.408355229439766882e-07 2.758668131235087075e-07
1.000000000000000021e-02 4.526065413615477928e-03 2.602201019444869926e-03 8.025136681539662066e-07 4.436890489569854592e-07
1.050000000000000065e-02 3.000890089358552223e-03 1.465272399664212201e-03 1.145671847496658554e-06 6.790687279818255814e-07
1.100000000000000110e-02 2.042315468902784065e-03 9.374346111960630635e-04 1.586760397297166699e-06 9.961265628114932276e-07
1.150000000000000154e-02 1.423635100888551337e-03 6.416232225761607554e-04 2.128244344672668395e-06 1.408754579598468851e-06
1.200000000000000198e-02 1.014414209128108217e-03 4.670953517856574612e-04 2.776728811748977486e-06 1.930145864233182546e-06
1.250000000000000069e-02 7.375406754777908509e-04 3.511845403023279881e-04 3.557193644599541178e-06 2.572416361209611945e-06
1.300000000000000114e-02 5.462562329405809504e-04 2.725772338656805402e-04 4.450473503253087637e-06 3.346325760833637862e-06
1.350000000000000158e-02 4.115294952418807042e-04 2.159168733069917424e-04 5.478420868789857194e-06 4.261094205090544224e-06
1.400000000000000203e-02 3.149322128780067528e-04 1.745672776109372332e-04 6.645864007804460818e-06 5.324304831012238196e-06
1.450000000000000247e-02 2.445230224915083471e-04 1.427390314757047364e-04 7.943322045350087254e-06 6.541876087006921284e-06
1.499999999999999944e-02 1.924133782736814238e-04 1.191017139591236707e-04 9.364659065004269414e-06 7.918093117964845876e-06
1.550000000000000162e-02 1.532980958435062628e-04 1.002895263558285668e-04 1.092724130538171156e-05 9.455682423861877444e-06
1.600000000000000033e-02 1.235482742247938771e-04 8.541864615173131055e-05 1.263194997962887141e-05 1.115591763653680566e-05
1.650000000000000078e-02 1.006431847949298112e-04 7.333643442778472457e-05 1.443320034656172549e-05 1.301874966335722071e-05
1.700000000000000122e-02 8.280583933276869683e-05 6.348449046839863301e-05 1.638223421894369875e-05 1.504293652966741649e-05
1.750000000000000167e-02 6.876629943918344896e-05 5.522606245499134963e-05 1.844148622119390389e-05 1.722618253558791645e-05
1.800000000000000211e-02 5.760529122129110229e-05 4.862602363325651677e-05 2.064396314473858750e-05 1.956527884095425292e-05
1.850000000000000255e-02 4.864942791188972061e-05 4.294680508273947988e-05 2.294391246284875870e-05 2.205623809119727064e-05
1.900000000000000300e-02 4.139989017508637477e-05 3.819612705146338978e-05 2.531725059120598387e-05 2.469444739603297905e-05
1.950000000000000344e-02 3.548298695903238757e-05 3.408781216479161037e-05 2.781015299854746207e-05 2.747478583614264692e-05
2.000000000000000042e-02 3.061627846115877374e-05 3.064161061978871423e-05 3.041581043428391080e-05 3.039164403701847641e-05
