# time 1 2 D-1 D
0.000000000000000000e+00 9.999999764481309894e-01 6.636865099068651028e-09 2.750656780924153103e-36 3.534476414052453224e-34
2.500000000000000052e-04 9.994242421488139794e-01 7.562848565875898981e-09 3.718607544090369774e-19 7.601066119326224055e-25
5.000000000000000104e-04 9.975912244501452530e-01 1.039848947698861264e-07 1.115989184115638820e-16 4.735550025008280553e-21
7.500000000000001240e-04 9.943563454773568511e-01 4.864812142237144865e-07 3.223332666793289266e-15 9.020955919706494859e-19
1.000000000000000021e-03 9.896080865613576805e-01 1.515723999509438937e-06 3.618210143298754771e-14 4.078869022103771740e-17
1.250000000000000026e-03 9.832868602918833911e-01 3.789681896265870387e-06 2.440197726675060473e-13 8.272738158104920963e-16
1.500000000000000248e-03 9.753993759081901471e-01 9.013264046607129477e-06 1.179408081546402707e-12 9.958822300720289918e-15
1.750000000000000253e-03 9.660184406491705289e-01 2.086079472207067679e-05 4.510722260717615291e-12 8.235612590131529830e-14
2.000000000000000042e-03 9.552579537459775505e-01 5.012009353524759592e-05 1.477573658366999489e-11 5.092225057759726570e-13
2.250000000000000264e-03 9.432218738149255044e-01 1.200073964395494331e-04 4.388072207363819458e-11 2.482097566980787600e-12
2.500000000000000052e-03 9.299417758017418656e-01 2.747865993907969324e-04 1.314639389886613539e-10 9.881413636141479919e-12
2.750000000000000274e-03 9.153281835758237950e-01 6.063425897189884343e-04 3.337337803848881004e-10 3.296909652518234623e-11
3.000000000000000496e-03 8.991516705354086758e-01 1.258617574955626581e-03 5.245021466331355013e-10 9.406210825396521623e-11
3.250000000000000284e-03 8.810529626975702744e-01 2.447724983732223799e-03 9.318176863971573962e-10 2.333941019296842301e-10
3.500000000000000507e-03 8.605719980157414684e-01 4.430395094136173849e-03 1.547892892841956599e-09 5.113294071164667784e-10
3.749999999999999861e-03 8.371668302003665296e-01 7.525214504399775108e-03 2.382966062439465970e-09 1.003076303837921249e-09
4.000000000000000083e-03 8.105082404386971806e-01 1.181674032225650019e-02 3.385817459424061080e-09 1.785064895680825298e-09
4.250000000000000305e-03 7.800665143828348080e-01 1.760833437039280996e-02 4.482460767543947076e-09 2.918565294415417413e-09
4.500000000000000527e-03 7.464128174019611928e-01 2.419316986372360354e-02 5.531472971013717206e-09 4.422439872253839614e-09
4.750000000000000749e-03 7.098533201294885409e-01 3.142186097640597281e-02 6.415681685533384957e-09 6.272123007354889004e-09
5.000000000000000104e-03 6.713343262322479799e-01 3.860393411937621672e-02 7.006039567040930807e-09 8.406752803446890783e-09
5.250000000000000326e-03 6.329567034561331962e-01 4.426713389603494780e-02 7.262931247407189805e-09 1.066768531435312606e-08
5.500000000000000548e-03 5.953695632193782838e-01 4.858001947098954110e-02 7.135752849124362291e-09 1.292871149799006875e-08
5.750000000000000770e-03 5.596197283379671372e-01 5.136715286023978838e-02 6.652476833875430411e-09 1.500048163448078558e-08
6.000000000000000992e-03 5.270933660897199058e-01 5.204414250225637001e-02 5.924582936309768300e-09 1.670826262103717245e-08
6.250000000000000347e-03 4.974713652346690052e-01 5.154086999502353883e-02 5.013850901289757265e-09 1.791319199389758884e-08
6.500000000000000569e-03 4.708397813387033559e-01 5.014437594209102816e-02 4.027981265503921047e-09 1.852326625390792497e-08
6.750000000000000791e-03 4.476327892517532603e-01 4.761198296129487417e-02 3.070871144583448592e-09 1.848218850127519341e-08
7.000000000000001013e-03 4.267897124947598320e-01 4.498322080931970585e-02 2.233054830542393977e-09 1.777791861311197338e-08
7.250000000000001235e-03 4.083639334285478761e-01 4.209345568548022304e-02 1.504584881990137218e-09 1.652144056311164666e-08
7.499999999999999722e-03 3.918730457320340199e-01 3.921097932122088320e-02 9.810486572421834209e-10 1.473231122333841537e-08
7.750000000000000812e-03 3.772964630983680623e-01 3.614108998724801375e-02 5.820175426052090861e-10 1.261403262712491505e-08
8.000000000000000167e-03 3.639514631508788400e-01 3.332747009685600725e-02 3.144517748955382887e-10 1.028829853106809820e-08
8.250000000000000389e-03 3.516293468625771301e-01 3.077721246602304825e-02 1.625730163736309396e-10 7.903272094074781602e-09
8.500000000000000611e-03 3.402638369597586476e-01 2.834729078005652700e-02 7.392282205272073337e-11 5.641862760909887183e-09
8.750000000000000833e-03 3.298001852007548251e-01 2.596573083355662240e-02 2.810928161754751151e-11 3.647639335829861158e-09
9.000000000000001055e-03 3.196998718238069914e-01 2.400591080449730394e-02 8.034547815285066917e-12 2.038705649544648388e-09
9.250000000000001277e-03 3.102449034062950139e-01 2.214893551673260269e-02 1.391891594704518717e-12 8.916781358532572033e-10
9.500000000000001499e-03 3.011924072452921708e-01 2.049397391868730545e-02 1.959077640832926488e-13 2.294121778106729785e-10
9.750000000000001721e-03 2.925642752788370493e-01 1.904818863705471862e-02 1.332454874402754423e-12 1.696067877622048609e-11
1.000000000000000021e-02 2.843694208591198702e-01 1.774269578479726814e-02 3.263555068956007616e-12 1.746106635242072115e-10
