# time 1 2 D-1 D
0.000000000000000000e+00 9.999999764481309894e-01 6.636865099068651028e-09 2.750656780924153103e-36 3.534476414052453224e-34
2.500000000000000052e-04 9.994232820573629716e-01 7.257537640786551544e-08 3.717168782013641550e-19 3.008841961864817017e-25
5.000000000000000104e-04 9.975746121361830365e-01 1.360785861660649507e-06 1.112721966913555533e-16 1.948596166719168399e-21
7.500000000000001240e-04 9.942592524281463895e-01 8.203789314637458476e-06 3.190705543285489064e-15 3.792238937714075774e-19
1.000000000000000021e-03 9.892499639620195850e-01 3.122160811153012371e-05 3.530250860734208116e-14 1.737070473286358066e-17
1.250000000000000026e-03 9.822675446379457442e-01 8.938637282469800841e-05 2.325373524454260150e-13 3.550610579840065470e-16
1.500000000000000248e-03 9.729567537493888363e-01 2.199897151641064534e-04 1.086932687175803594e-12 4.298767410737060265e-15
1.750000000000000253e-03 9.608704504323313245e-01 4.764325762504953952e-04 3.985102450246037617e-12 3.581915214852054055e-14
2.000000000000000042e-03 9.454845230397167510e-01 9.670556962582613084e-04 1.245072198581914801e-11 2.244785364012089814e-13
2.250000000000000264e-03 9.262652715337973408e-01 1.832141159974212934e-03 3.534856143296872056e-11 1.119623915907953494e-12
2.500000000000000052e-03 9.027859438789341828e-01 3.214756367939619348e-03 1.032531468388599107e-10 4.616302402647773437e-12
2.750000000000000274e-03 8.748453415893802099e-01 5.381287480073960842e-03 2.834554423321534590e-10 1.615900772864705924e-11
3.000000000000000496e-03 8.425142302089592139e-01 8.556889226024180090e-03 4.809466128965867138e-10 4.897197338169104390e-11
3.250000000000000284e-03 8.060788357103165769e-01 1.298961666674722584e-02 9.177961606147730709e-10 1.304970881765885990e-10
3.500000000000000507e-03 7.659153041815321972e-01 1.885403279872466600e-02 1.661536393950679415e-09 3.098302541988923818e-10
3.749999999999999861e-03 7.223331265701380399e-01 2.630864765909933511e-02 2.820919103057951829e-09 6.634527941298262211e-10
4.000000000000000083e-03 6.759257193710801470e-01 3.504145693336833262e-02 4.466532828065381582e-09 1.296164843195823310e-09
4.250000000000000305e-03 6.267593522841601317e-01 4.509306187437582547e-02 6.630098762173535703e-09 2.337709261221269513e-09
4.500000000000000527e-03 5.762830949833850358e-01 5.508314720142740151e-02 9.230941364421914234e-09 3.920333326073704910e-09
4.750000000000000749e-03 5.251764948641016728e-01 6.472015279448146974e-02 1.212583034281060127e-08 6.171318738282566581e-09
5.000000000000000104e-03 4.747006710460739964e-01 7.304098111898582601e-02 1.505031912367519944e-08 9.210799341568108243e-09
5.250000000000000326e-03 4.271293575162751766e-01 7.848593042039107848e-02 1.776775002294145433e-08 1.302878458901926296e-08
5.500000000000000548e-03 3.828146394172927125e-01 8.158279611626953476e-02 1.994523090227211964e-08 1.763998042742199171e-08
5.750000000000000770e-03 3.424866926485474194e-01 8.243575923750076639e-02 2.131904577272068708e-08 2.288911044219119034e-08
6.000000000000000992e-03 3.071054974168674345e-01 8.079387671312399100e-02 2.182410637687707082e-08 2.852537170542601037e-08
6.250000000000000347e-03 2.759408338469149791e-01 7.785756494261356075e-02 2.131554121359728731e-08 3.421720052985732971e-08
6.500000000000000569e-03 2.487360692447068977e-01 7.409529536251013848e-02 1.985383033564561884e-08 3.956873774394044220e-08
6.750000000000000791e-03 2.255727361579006884e-01 6.943139599602764223e-02 1.762318349581377356e-08 4.408194671154137827e-08
7.000000000000001013e-03 2.052802130737478303e-01 6.487377726171900116e-02 1.493504814231256623e-08 4.718695514233983674e-08
7.250000000000001235e-03 1.877261430728666969e-01 6.030487056140949181e-02 1.183276877083575721e-08 4.865221035398370965e-08
7.499999999999999722e-03 1.723669197944192044e-01 5.597882196361716328e-02 8.955095686756400501e-09 4.773887220576270642e-08
7.750000000000000812e-03 1.590738398804037446e-01 5.172216986678366407e-02 6.175616409140706741e-09 4.459410942700419845e-08
8.000000000000000167e-03 1.472258554407710196e-01 4.788106710567865965e-02 3.812035985070340754e-09 3.909493727311645990e-08
8.250000000000000389e-03 1.366048179212500935e-01 4.444970488064298175e-02 2.078548783441156100e-09 3.146738945196969475e-08
8.500000000000000611e-03 1.271099041601117252e-01 4.126951931728199685e-02 8.621613935551791943e-10 2.258179506922694149e-08
8.750000000000000833e-03 1.186533190608500821e-01 3.829643197642611241e-02 1.815899433700555218e-10 1.353211858360648109e-08
9.000000000000001055e-03 1.108028526659218527e-01 3.575662053707192450e-02 1.040986531150674397e-11 5.767946378681583835e-09
9.250000000000001277e-03 1.037234220916473937e-01 3.342754242100148820e-02 2.805115548680148501e-10 9.259339143634624883e-10
9.500000000000001499e-03 9.720391738402783810e-02 3.133285796709352894e-02 9.611655994894677908e-10 4.770460652777544993e-10
9.750000000000001721e-03 9.122038939611644415e-02 2.949124172199570071e-02 2.008926830311964708e-09 5.475245074992233778e-09
1.000000000000000021e-02 8.574049886381444885e-02 2.783248619492093706e-02 3.387481094953038463e-09 1.632302549530534951e-08
