# time 1 2 D-1 D
0.000000000000000000e+00 9.999999726309229953e-01 1.110335376027166547e-08 5.501431111283387766e-34 2.897593574776938707e-35
1.250000000000000243e-03 9.973595771374738073e-01 1.199388096545734436e-05 6.101202702302139487e-19 4.716649789620226674e-21
2.500000000000000486e-03 9.892688692045722432e-01 6.591673375960335388e-05 1.945480610644504536e-16 5.879834174116012808e-18
3.750000000000000729e-03 9.756012272438331356e-01 2.044298340344242104e-04 6.241092546957043355e-15 4.043095365203909906e-16
5.000000000000000971e-03 9.563923199062666081e-01 5.039585051092564929e-04 7.848731473548935892e-14 8.320418727884416900e-15
6.250000000000000347e-03 9.317878884983784582e-01 1.103296646804460173e-03 5.917269401319070496e-13 8.650024911057569011e-14
7.500000000000001457e-03 9.019556927163576709e-01 2.236610690578658914e-03 3.243774840483651361e-12 5.693950017358265184e-13
8.750000000000000833e-03 8.669629909438378856e-01 4.298540011552384049e-03 1.421936021437211393e-11 2.652212274479405486e-12
1.000000000000000194e-02 8.266197842123492734e-01 7.967671299263519302e-03 5.293252290343502660e-11 9.210800153500679624e-12
1.125000000000000132e-02 7.802915292469220221e-01 1.434258090366555966e-02 1.730437303121264960e-10 2.409129811094259204e-11
1.250000000000000069e-02 7.266901717260807470e-01 2.516733522805019233e-02 5.060774949087699209e-10 4.499028557311519668e-11
1.375000000000000180e-02 6.640816109955111068e-01 4.254523698194950798e-02 1.333041340955236395e-09 4.962507942327338295e-11
1.500000000000000291e-02 5.906246629424579675e-01 6.882640121768457409e-02 3.155104160572781541e-09 9.573709109323379969e-12
1.625000000000000056e-02 5.069338242406175032e-01 1.036425551967572328e-01 6.622334065593664253e-09 9.386420354580949440e-11
1.750000000000000167e-02 4.181365585592586864e-01 1.424688939812119859e-01 1.207571543475283407e-08 1.433259339297037129e-09
1.875000000000000278e-02 3.332376380939475746e-01 1.768512220740756646e-01 1.852267943038519622e-08 7.888162682612782448e-09
2.000000000000000389e-02 2.602377391686768182e-01 1.994470928374514063e-01 2.261974428677293163e-08 2.916744187635252355e-08
2.125000000000000500e-02 2.017655259797343781e-01 2.082485610607175963e-01 1.950241456008456300e-08 8.525401276020457339e-08
2.250000000000000264e-02 1.566256659736895429e-01 2.042210540193644952e-01 6.761902242464135515e-09 2.136434548882572551e-07
2.375000000000000375e-02 1.221022145649489909e-01 2.129896757579503863e-02 2.426869220530324263e-09 4.800724772418524395e-07
2.500000000000000139e-02 9.559404960006316621e-02 3.034985450507269103e-02 9.627447930054073255e-08 9.953563514431265424e-07
2.625000000000000250e-02 7.508813952973004968e-02 3.101524555039414724e-02 7.066155193204641240e-07 1.939317762836695399e-06
2.750000000000000361e-02 5.913112100942480992e-02 3.079810930423409684e-02 5.119222846080983249e-06 3.593631654698770037e-06
2.875000000000000472e-02 4.667727782444455742e-02 2.997662028014186700e-02 6.273785887386008626e-05 6.384694924200812718e-06
3.000000000000000583e-02 3.695224497638310152e-02 2.854410707525740706e-02 1.176767441648602703e-04 1.093666091838953917e-05
3.125000000000000000e-02 2.936206103664613584e-02 2.643857452301205668e-02 1.663101541446272908e-04 1.813287192158880199e-05
3.250000000000000111e-02 2.343999781069320068e-02 2.378488681847826594e-02 2.269504352254294135e-04 2.918106307317855729e-05
3.375000000000000222e-02 1.881624771918106662e-02 2.048602040348733097e-02 3.007057841613590171e-04 4.567405291664863940e-05
3.500000000000000333e-02 1.519879590297358585e-02 1.702123131038687023e-02 3.892017415899897098e-04 6.963379061870630211e-05
3.625000000000000444e-02 1.235907323368578073e-02 1.361332916034472401e-02 4.918026077061867559e-04 1.035237149789392446e-04
3.750000000000000555e-02 1.011984948550675133e-02 1.065482803342199768e-02 6.063771934101513505e-04 1.502137262668159807e-04
3.875000000000000666e-02 8.344733663570419110e-03 8.403064467963974882e-03 7.336380458370599491e-04 2.128865074501474889e-04
4.000000000000000777e-02 6.929259107826025998e-03 6.677266434703512180e-03 8.716758088748707617e-04 2.948953536746974809e-04
4.125000000000000888e-02 5.793565739613094380e-03 5.398234329451528576e-03 1.015578356809224798e-03 3.994844044463511648e-04
4.250000000000000999e-02 4.876577697843145244e-03 4.474738964634177897e-03 1.161640272686213695e-03 5.297020584467646313e-04
4.375000000000000416e-02 4.131478412828053920e-03 3.782999641003322901e-03 1.307353115299365355e-03 6.880196911134604061e-04
4.500000000000000527e-02 3.522250037524464212e-03 3.241881205960897051e-03 1.446923879002035788e-03 8.761888630666080568e-04
4.625000000000000638e-02 3.021056480159869592e-03 2.835230571737340412e-03 1.581926318673690292e-03 1.095149181046649366e-03
4.750000000000000749e-02 2.606274903031715814e-03 2.495718367002727322e-03 1.712526658615956283e-03 1.345066901160997834e-03
4.875000000000000860e-02 2.261016754118736014e-03 2.214018103284350145e-03 1.826833013326590845e-03 1.625413291249251093e-03
5.000000000000000278e-02 1.972019770473616099e-03 1.973947307494057328e-03 1.931898749939242902e-03 1.933933627099380329e-03
