# lambda 1 2 D-1 D
0.000000000000000000e+00 -1.499999993459190506e+01 -1.300000002482676109e+01 1.300000003921680047e+01 1.499999993765808881e+01
2.500000000000000139e-02 -1.463747243952890287e+01 -1.278882599688878230e+01 1.278822652881537891e+01 1.463651429354991507e+01
5.000000000000000278e-02 -1.430384698292711043e+01 -1.260274505085988217e+01 1.259786874099878595e+01 1.429565166628094808e+01
7.500000000000001110e-02 -1.400711215214118788e+01 -1.244540471854730690e+01 1.242878346454428318e+01 1.397716797980832304e+01
1.000000000000000056e-01 -1.375911752535572852e+01 -1.232050826670080745e+01 1.228115675679540608e+01 1.368131685130332720e+01
1.250000000000000000e-01 -1.357707577439130731e+01 -1.223122997286570168e+01 1.215550191783844980e+01 1.340888917278784120e+01
1.500000000000000222e-01 -1.348372844828735850e+01 -1.218086494816551379e+01 1.205266465913436491e+01 1.316129839373120802e+01
1.750000000000000167e-01 -1.350293975091026510e+01 -1.217849117578175111e+01 1.197380223179071379e+01 1.294074529475798840e+01
2.000000000000000111e-01 -1.365015505167866472e+01 -1.224914754326023747e+01 1.192028415162678989e+01 1.275053314137223914e+01
2.250000000000000056e-01 -1.392586280729082837e+01 -1.242468746517598710e+01 1.189337216566278066e+01 1.259568730063202757e+01
2.500000000000000000e-01 -1.431861200349154295e+01 -1.271538511395823612e+01 1.189335333286041241e+01 1.248416982986497636e+01
2.750000000000000222e-01 -1.481207079640871349e+01 -1.310648707508897637e+01 1.191778916820742573e+01 1.242881653477606640e+01
3.000000000000000444e-01 -1.538982859254377722e+01 -1.357575291725479083e+01 1.196068178941308169e+01 1.244761012182261162e+01
3.250000000000000111e-01 -1.603737838145281103e+01 -1.410759548347979120e+01 1.201905723167894990e+01 1.255502399452917928e+01
3.500000000000000333e-01 -1.674259031432319134e+01 -1.469080318543989705e+01 1.210192309375048225e+01 1.274998048216222912e+01
3.750000000000000000e-01 -1.749557463838460691e+01 -1.531696202418257258e+01 1.222500819613741641e+01 1.302018108883033776e+01
4.000000000000000222e-01 -1.828834975615202296e+01 -1.599222702766599014e+01 1.240578187205428762e+01 1.335219264216982182e+01
4.250000000000000444e-01 -1.911448722161762603e+01 -1.670530088583682726e+01 1.265484518357109067e+01 1.373487744351077211e+01
4.500000000000000111e-01 -1.996879646917579976e+01 -1.744475594865561163e+01 1.295678938175122852e+01 1.415948285859649758e+01
4.750000000000000333e-01 -2.084706530664190538e+01 -1.820639049403067489e+01 1.329734495443431186e+01 1.461915494596071952e+01
5.000000000000000000e-01 -2.174585377117590923e+01 -1.898686688671884326e+01 1.366943407003306277e+01 1.510847935736182990e+01
5.250000000000000222e-01 -2.266233303655855735e+01 -1.978348367677245534e+01 1.407505815161371032e+01 1.562312784708490909e+01
5.500000000000000444e-01 -2.359416029832071615e+01 -2.059403060549105646e+01 1.456859262252989140e+01 1.615959777524284391e+01
5.750000000000000666e-01 -2.453938163836333786e+01 -2.141668234394199288e+01 1.508196814897696925e+01 1.671502121078066239e+01
6.000000000000000888e-01 -2.549635638940540261e+01 -2.224991864411613207e+01 1.561143218949775147e+01 1.728702419234950227e+01
6.250000000000000000e-01 -2.646369795396763536e+01 -2.309246340544477150e+01 1.615430603661759434e+01 1.787362195079756688e+01
6.500000000000000222e-01 -2.744022722381208723e+01 -2.394323778457945195e+01 1.670858269324801881e+01 1.847314003306266983e+01
6.750000000000000444e-01 -2.842493568010807792e+01 -2.480132350491905413e+01 1.727269786332240642e+01 1.908415422766691449e+01
7.000000000000000666e-01 -2.941695596730347972e+01 -2.566593417792105214e+01 1.784539737940678350e+01 1.970544426535896321e+01
7.250000000000000888e-01 -3.041553827008469923e+01 -2.653639244594986124e+01 1.842565423262641033e+01 2.033595771560699106e+01
7.500000000000000000e-01 -3.142003122433141371e+01 -2.741211169219750943e+01 1.901261481308265289e+01 2.097478151191901574e+01
7.750000000000000222e-01 -3.242986639330376164e+01 -2.829258137974073151e+01 1.960555983453412665e+01 2.162111924939192420e+01
8.000000000000000444e-01 -3.344454556540391366e+01 -2.917735507522253613e+01 2.020387745481646391e+01 2.227427289949014977e+01
8.250000000000000666e-01 -3.446363029921554499e+01 -3.006604069113687672e+01 2.080704240571432706e+01 2.293362794288239570e+01
8.500000000000000888e-01 -3.548673326956498641e+01 -3.095829245084360082e+01 2.141460034991023775e+01 2.359864117610801060e+01
8.750000000000000000e-01 -3.651351106567997107e+01 -3.185380424351097872e+01 2.202615567236679084e+01 2.426883063150208386e+01
9.000000000000000222e-01 -3.754365816694130586e+01 -3.275230407728533066e+01 2.264136179847974972e+01 2.494376718372612345e+01
9.250000000000000444e-01 -3.857690187896280065e+01 -3.365354945097475792e+01 2.325991349881795145e+01 2.562306751458802978e+01
9.500000000000000666e-01 -3.961299805702836352e+01 -3.455732346700137469e+01 2.388154053477252603e+01 2.630638818100662490e+01
9.750000000000000888e-01 -4.065172747839177703e+01 -3.546343153017664207e+01 2.450600265737924133e+01 2.699342058577143177e+01
1.000000000000000000e+00 -4.169289275194036293e+01 -3.637169852730328046e+01 2.513308532899435477e+01 2.768388669239814703e+01
