# time 1 2 D-1 D
0.000000000000000000e+00 9.999999671175980875e-01 3.067780881899013663e-09 7.135544583078991814e-35 2.659555968735424819e-36
2.500000000000000486e-03 9.996569605064689057e-01 9.123161898423613477e-07 4.625012322471585392e-18 1.338468490896771843e-23
5.000000000000000971e-03 9.985547702885263499e-01 1.892417746865633789e-05 1.377121616572567281e-15 6.683037058568580429e-20
7.500000000000001457e-03 9.965654327916425581e-01 1.223179582367789212e-04 3.909806716691439702e-14 9.610214212619233860e-18
1.000000000000000194e-02 9.935203621660450013e-01 4.886312152467199750e-04 4.018262197203536955e-13 3.061241872319438988e-16
1.250000000000000069e-02 9.891889212407792842e-01 1.476950475618673663e-03 2.275454058044904060e-12 3.999568588721763595e-15
1.500000000000000291e-02 9.832977515587775219e-01 3.647566801783756665e-03 8.356056310794386022e-12 2.746105400778867622e-14
1.750000000000000167e-02 9.756816627561094579e-01 7.518855973108945490e-03 2.158950718680374834e-11 1.100343587580779468e-13
2.000000000000000389e-02 9.665869864459585292e-01 1.249183634106700372e-02 4.115075347689612829e-11 2.682742942025348234e-13
2.250000000000000264e-02 9.568695174379413526e-01 1.484844438193959511e-02 5.981450573260491166e-11 3.980320732952564454e-13
2.500000000000000139e-02 9.477233480943976218e-01 1.382922077472012977e-02 6.827519235323635157e-11 3.412655595039168661e-13
2.750000000000000361e-02 9.400920873181931592e-01 1.314116769804473533e-02 6.358890561849190551e-11 1.373406710924416088e-13
3.000000000000000583e-02 9.343284841954552222e-01 1.321070868235180162e-02 5.023112471210805374e-11 4.839978113920674744e-15
3.250000000000000111e-02 9.302930670411403424e-01 1.359205595142314558e-02 3.546496382522466169e-11 4.862912257922368550e-14
3.500000000000000333e-02 9.276280061228611151e-01 1.408330550997820459e-02 2.429633641343415086e-11 1.899192092828604763e-13
3.750000000000000555e-02 9.259616904027829776e-01 1.454642158217406972e-02 1.771675578952862624e-11 3.243431066430929334e-13
4.000000000000000777e-02 9.249945379746067342e-01 1.493369272675203370e-02 1.427065366512688175e-11 4.122891689854012720e-13
4.250000000000000999e-02 9.245107631186419983e-01 1.521717643334653813e-02 1.246494703200710837e-11 4.601873082413415416e-13
4.500000000000000527e-02 9.243620624307256062e-01 1.540952259226458301e-02 1.140283367155010986e-11 4.833685761518728072e-13
4.750000000000000749e-02 9.244475463769032952e-01 1.553196926943022776e-02 1.022016585182329680e-11 4.926016000713226749e-13
5.000000000000000278e-02 9.246976093978974687e-01 1.558289762104878191e-02 8.088629112343243953e-12 4.924995523928681310e-13
5.250000000000000500e-02 9.250631057236681221e-01 1.558030531194485278e-02 5.991178186819070905e-12 4.846722485015789610e-13
5.500000000000000722e-02 9.255084642967498221e-01 1.552925137085182407e-02 4.680825997689696334e-12 4.695088519387331649e-13
5.750000000000000944e-02 9.260073676686465527e-01 1.544744763415084252e-02 3.919832729492580099e-12 4.473187475014341570e-13
6.000000000000001166e-02 9.265397845301875934e-01 1.534911454993430867e-02 3.443500524629528421e-12 4.186807874305501898e-13
6.250000000000000000e-02 9.270911743774435942e-01 1.523403707265750390e-02 3.111318749953308926e-12 3.852743484148912911e-13
6.500000000000000222e-02 9.276498108220997407e-01 1.511241643099174060e-02 2.870141905698840648e-12 3.477494764212589188e-13
6.750000000000000444e-02 9.282075389516253328e-01 1.498310673501030733e-02 2.688609876578663415e-12 3.086273590487568756e-13
7.000000000000000666e-02 9.287578204730783105e-01 1.486205778512166009e-02 2.536253309501224827e-12 2.677212183648337188e-13
7.250000000000000888e-02 9.292986770949367425e-01 1.473719136197549837e-02 2.415057589003482584e-12 2.274461935463952570e-13
7.500000000000001110e-02 9.298189686678192123e-01 1.462821552103783784e-02 2.304660579152874730e-12 1.895975268727780841e-13
7.750000000000001332e-02 9.303241536129055467e-01 1.452261947226555702e-02 2.211266912108843295e-12 1.539585742115227136e-13
8.000000000000001554e-02 9.308101465038659539e-01 1.442383764011685374e-02 2.120575394022600646e-12 1.221148784660952366e-13
8.250000000000001776e-02 9.312763079581740655e-01 1.433279714257039601e-02 2.041361478759507350e-12 9.493324174907989556e-14
8.500000000000001998e-02 9.317220441555326138e-01 1.424584441804866049e-02 1.961365148533738131e-12 7.183086129244667696e-14
8.750000000000000833e-02 9.321469740635625056e-01 1.417345323401198766e-02 1.887633625835682012e-12 5.370550877778674966e-14
9.000000000000001055e-02 9.325517470414231846e-01 1.410542161949316503e-02 1.812724705204314726e-12 4.093768301526438366e-14
9.250000000000001277e-02 9.329362111016351600e-01 1.404695518052982012e-02 1.742466733449413752e-12 3.199614412419965184e-14
9.500000000000001499e-02 9.333020028565756077e-01 1.399199909861025513e-02 1.671019558663960645e-12 2.684544570200843039e-14
9.750000000000001721e-02 9.336476627679838325e-01 1.394488373117147746e-02 1.603457436722466431e-12 2.513194607810882193e-14
1.000000000000000056e-01 9.339771841504347361e-01 1.390315363525668028e-02 1.536970913625891753e-12 2.582231622648033474e-14
