# time 1 2 D-1 D
0.000000000000000000e+00 9.999999671175980875e-01 3.067780881899013663e-09 7.135544583078991814e-35 2.659555968735424819e-36
2.500000000000000052e-04 9.996569583350549681e-01 9.122354852910118289e-07 4.625165644201877339e-18 1.338345478109871470e-23
5.000000000000000104e-04 9.985547278630629853e-01 1.892391269148839726e-05 1.377294100265112281e-15 6.683041772762549764e-20
7.500000000000001240e-04 9.965652116176706432e-01 1.223177695836081451e-04 3.910893556867267293e-14 9.612754275382474564e-18
1.000000000000000021e-03 9.935196694116149585e-01 4.886317748967507202e-04 4.020217409911139889e-13 3.062630407669412865e-16
1.250000000000000026e-03 9.891872990980369318e-01 1.476948161149182169e-03 2.277157855363834036e-12 4.002188458860129852e-15
1.500000000000000248e-03 9.832946572950159725e-01 3.647540315102856898e-03 8.365005355305583159e-12 2.748480705138084811e-14
1.750000000000000253e-03 9.756766710380974095e-01 7.518735970146216314e-03 2.162102926276349377e-11 1.101596178044746655e-13
2.000000000000000042e-03 9.665801242054894438e-01 1.249158491809830053e-02 4.123045256337979558e-11 2.686015913344434338e-13
2.250000000000000264e-03 9.568614950105209793e-01 1.484812629174971435e-02 5.996782967730478607e-11 3.984934131144969496e-13
2.500000000000000052e-03 9.477156096717664902e-01 1.382904335022615804e-02 6.851084066341843028e-11 3.415270189468748477e-13
2.750000000000000274e-03 9.400866483529669582e-01 1.314115884694246061e-02 6.389264150162318839e-11 1.372031918544164059e-13
3.000000000000000496e-03 9.343276418621925261e-01 1.321073654874753249e-02 5.056866287429421215e-11 4.633526750863455563e-15
3.250000000000000284e-03 9.302991198558073771e-01 1.359222865214257218e-02 3.579249202107771618e-11 4.914841784179139426e-14
3.500000000000000507e-03 9.276430672526865262e-01 1.408383270654479415e-02 2.458290153349794739e-11 1.921650518941482055e-13
3.749999999999999861e-03 9.259875946022750881e-01 1.454707233240182251e-02 1.796289325803724213e-11 3.292731548175517078e-13
4.000000000000000083e-03 9.250328224197252869e-01 1.493471712877051175e-02 1.449179203025045901e-11 4.206528992949591256e-13
4.250000000000000305e-03 9.245626663924384481e-01 1.521860498650938649e-02 1.267537496659183184e-11 4.721899453809120868e-13
4.500000000000000527e-03 9.244285774340278428e-01 1.541145914854977553e-02 1.161340782836867794e-11 4.987414889934710657e-13
4.750000000000000749e-03 9.245294399649405248e-01 1.553464648535546853e-02 1.043541068792232645e-11 5.105019063118272933e-13
5.000000000000000104e-03 9.247954775801776606e-01 1.558609414032653337e-02 8.299556567107688699e-12 5.122432772259589002e-13
5.250000000000000326e-03 9.251774216967502129e-01 1.558439746582011842e-02 6.190879983722250354e-12 5.056623994875088618e-13
5.500000000000000548e-03 9.256395953509596319e-01 1.553439955556276675e-02 4.872328505751882020e-12 4.909643555773448953e-13
5.750000000000000770e-03 9.261556426759852689e-01 1.545347364636107459e-02 4.112379786332282872e-12 4.684862595946929078e-13
6.000000000000000992e-03 9.267053815349599599e-01 1.535608960172772999e-02 3.635467491880489042e-12 4.389458957036848552e-13
6.250000000000000347e-03 9.272743211365319649e-01 1.524215613075959042e-02 3.310248209745325925e-12 4.031336452540775458e-13
6.500000000000000569e-03 9.278507056785511020e-01 1.512144939478089929e-02 3.073130018860956165e-12 3.634300833546500917e-13
6.750000000000000791e-03 9.284263439239720528e-01 1.499316632567070096e-02 2.895206960347622331e-12 3.204151327445756473e-13
7.000000000000001013e-03 9.289947360482059269e-01 1.487328322650711965e-02 2.748641440560290295e-12 2.762774411918231893e-13
7.250000000000001235e-03 9.295538359467937495e-01 1.474953806764958165e-02 2.630945315152680107e-12 2.311923583435661044e-13
7.499999999999999722e-03 9.300927086808200572e-01 1.464190780358139328e-02 2.526397115872327881e-12 1.899376144114128072e-13
7.750000000000000812e-03 9.306166540293046019e-01 1.453741595637279491e-02 2.436529590449660313e-12 1.489590443465053213e-13
8.000000000000000167e-03 9.311217294866597216e-01 1.443944324417873598e-02 2.354425528599547458e-12 1.131702874130914221e-13
8.250000000000000389e-03 9.316071883633759709e-01 1.434950926223667669e-02 2.276543873209370186e-12 8.212565711803924396e-14
8.500000000000000611e-03 9.320725886125780235e-01 1.426374103875523505e-02 2.203765409220585297e-12 5.547118892010737640e-14
8.750000000000000833e-03 9.325175597869164168e-01 1.419266120239997923e-02 2.133329148806132072e-12 3.431290747255894145e-14
9.000000000000001055e-03 9.329428292891078778e-01 1.412582400155655907e-02 2.064509545202553383e-12 1.883786271460420235e-14
9.250000000000001277e-03 9.333482316306929150e-01 1.406851391357684389e-02 1.995886699641440634e-12 8.402827325972910634e-15
9.500000000000001499e-03 9.337354482959115964e-01 1.401491853755045848e-02 1.930093834327757607e-12 2.294193613084347583e-15
9.750000000000001721e-03 9.341031166410277420e-01 1.396883781464007546e-02 1.864309869143685752e-12 2.856323077800138180e-16
1.000000000000000021e-02 9.344550540428927521e-01 1.392807564855732573e-02 1.800720684100114025e-12 1.460323458367125572e-15
