# time 1 2 D-1 D
0.000000000000000000e+00 9.999999671175980875e-01 3.067780881899013663e-09 7.135544583078991814e-35 2.659555968735424819e-36
2.500000000000000486e-03 9.996574931542840936e-01 4.451072536989639991e-07 4.623691358681592954e-18 1.658262582508167659e-23
5.000000000000000971e-03 9.985657711469535514e-01 9.175725515002126475e-06 1.373509558842387828e-15 8.522490556971129912e-20
7.500000000000001457e-03 9.966369467657705261e-01 5.868245402060650250e-05 3.869227581599985126e-14 1.264302207568914360e-17
1.000000000000000194e-02 9.938085725330967346e-01 2.325305617199712350e-04 3.903441423044344790e-13 4.143672460430878678e-16
1.250000000000000069e-02 9.900679316643289374e-01 6.996486326439907769e-04 2.129660228554062850e-12 5.505985156252765788e-15
1.500000000000000291e-02 9.854894044105767525e-01 1.726103021393275271e-03 7.315606232000007460e-12 3.753547483705514835e-14
1.750000000000000167e-02 9.802934198577273328e-01 3.566165804209663320e-03 1.694094728022915156e-11 1.440917224182404208e-13
2.000000000000000389e-02 9.749050523342582819e-01 5.960610942016312044e-03 2.732255576814671031e-11 3.204913859775515389e-13
2.250000000000000264e-02 9.699108618363220247e-01 7.164626978875395132e-03 3.122178290609963138e-11 4.070914760224585766e-13
2.500000000000000139e-02 9.658369805549823495e-01 6.761987092631540144e-03 2.555185127910116627e-11 2.753446675493544951e-13
2.750000000000000361e-02 9.629104456322726824e-01 6.495335338574497949e-03 1.514673137862704967e-11 7.477977868396937758e-14
3.000000000000000583e-02 9.610343495800429681e-01 6.584083509669618264e-03 6.564442739631258123e-12 1.805053071050684288e-16
3.250000000000000111e-02 9.599466151683311299e-01 6.822479960865752632e-03 2.238327819470164897e-12 3.338413830871918026e-14
3.500000000000000333e-02 9.593793529423745303e-01 7.115621585349799806e-03 8.129895992878579999e-13 7.226644661366865613e-14
3.750000000000000555e-02 9.591312757558049240e-01 7.395260316936652124e-03 4.821768627542205898e-13 7.913912286221163888e-14
4.000000000000000777e-02 9.590735272192754124e-01 7.635637273599588104e-03 4.614044733316190039e-13 6.668599615456477914e-14
4.250000000000000999e-02 9.591305321245814364e-01 7.820676378495249395e-03 5.320203474640200340e-13 5.125724908807350284e-14
4.500000000000000527e-02 9.592595287917674574e-01 7.955059922655126348e-03 6.152072114307337198e-13 3.938756726758618116e-14
4.750000000000000749e-02 9.594361280518173274e-01 8.048654699408550744e-03 6.398469884466664306e-13 3.178771804297816144e-14
5.000000000000000278e-02 9.596455633102964899e-01 8.100444681883993761e-03 5.310547994161178111e-13 2.727713903643687218e-14
5.250000000000000500e-02 9.598781110534680971e-01 8.119880349600930997e-03 3.830112750780374828e-13 2.468256612846532689e-14
5.500000000000000722e-02 9.601267431520119633e-01 8.109893092762724548e-03 2.834472489141236962e-13 2.308567228205473246e-14
5.750000000000000944e-02 9.603859884031614724e-01 8.080317801645522588e-03 2.254351589964100049e-13 2.186004110479654875e-14
6.000000000000001166e-02 9.606512331756642542e-01 8.039202600610011878e-03 1.895711027816364893e-13 2.074016457946112963e-14
6.250000000000000000e-02 9.609191190869039723e-01 7.986684238097169555e-03 1.654085213651054322e-13 1.949357960795997887e-14
6.500000000000000222e-02 9.611863807974727614e-01 7.928836738372321488e-03 1.492679310271694846e-13 1.817310903954753005e-14
6.750000000000000444e-02 9.614508553709529837e-01 7.865231095332497410e-03 1.370968937094014471e-13 1.653585922056860680e-14
7.000000000000000666e-02 9.617105147085052153e-01 7.804792370100101240e-03 1.286743387407706419e-13 1.484402877180192097e-14
7.250000000000000888e-02 9.619658504243425723e-01 7.740802742617210533e-03 1.214732715922738237e-13 1.303672987474646953e-14
7.500000000000001110e-02 9.622099913462829335e-01 7.685497087308485430e-03 1.161730220664408416e-13 1.127020077879163456e-14
7.750000000000001332e-02 9.624478705293920688e-01 7.630856790067243496e-03 1.109664847179220217e-13 9.522759607269321905e-15
8.000000000000001554e-02 9.626770293998735406e-01 7.579344580895637160e-03 1.074933813786720615e-13 7.872522968668793116e-15
8.250000000000001776e-02 9.628973498116022434e-01 7.531570237528336861e-03 1.029548241206108955e-13 6.538896984149527839e-15
8.500000000000001998e-02 9.631084940405224559e-01 7.485641345403961852e-03 9.985557040779106083e-14 5.193281404737556621e-15
8.750000000000000833e-02 9.633102486054108127e-01 7.447380302465613292e-03 9.604876810037286863e-14 4.241496567136982996e-15
9.000000000000001055e-02 9.635029746050928212e-01 7.411196621623285935e-03 9.299229263007902707e-14 3.418663862581450198e-15
9.250000000000001277e-02 9.636864669248276227e-01 7.380058359614324534e-03 8.911965645978798428e-14 2.947807503199341094e-15
9.500000000000001499e-02 9.638617020305553229e-01 7.350543946997274182e-03 8.617648269483186055e-14 2.492504620911441340e-15
9.750000000000001721e-02 9.640274580493194412e-01 7.325367532502289822e-03 8.263964966461734031e-14 2.343980854362165058e-15
1.000000000000000056e-01 9.641891602400474159e-01 7.302007510802951268e-03 7.935070449202818206e-14 2.294905222277552391e-15
