# time 1 2 D-1 D
0.000000000000000000e+00 9.999999510104417011e-01 6.211466711865542795e-09 1.216685440708402005e-36 3.307570188500250973e-37
2.500000000000000486e-03 9.984410326216517362e-01 2.841477330455068658e-05 4.731141072517719686e-28 1.035623437441082512e-33
5.000000000000000971e-03 9.929873392636922036e-01 5.946347361375035195e-04 1.105162945558691205e-23 3.005239172681300304e-28
7.500000000000001457e-03 9.810434408264552264e-01 3.929794956827207218e-03 4.523384751514832118e-21 4.393941777532708339e-25
1.000000000000000194e-02 9.566181290310226126e-01 1.601039938569200766e-02 3.504291798987525826e-19 6.940635328492683530e-23
1.250000000000000069e-02 9.087006540556236134e-01 4.848921050143698702e-02 1.087892833038641655e-17 2.887429103074037397e-21
1.500000000000000291e-02 8.241196940277113470e-01 1.149772399980384940e-01 1.891075089115173329e-16 4.075769902859175569e-20
1.750000000000000167e-02 7.007907460497980745e-01 2.095118956777584085e-01 2.202134022620841476e-15 9.997358430725738274e-20
2.000000000000000389e-02 5.594893184420867138e-01 2.786260185570240133e-01 1.912008629943844633e-14 2.600238886306779496e-18
2.250000000000000264e-02 4.295411544905373136e-01 2.745140864238154177e-01 1.322045669878952377e-13 2.848748605084283426e-16
2.500000000000000139e-02 3.266651346468362749e-01 2.009514777464351809e-01 7.559008514301634986e-13 8.793154025207015024e-15
2.750000000000000361e-02 2.514626063524856292e-01 1.258765642047451061e-01 3.611930318830813204e-12 1.571809055020858839e-13
3.000000000000000583e-02 1.982237841199595008e-01 8.480548123184170062e-02 1.430429825602372284e-11 1.738117678494923654e-12
3.250000000000000111e-02 1.607189809462445385e-01 6.101858918158471756e-02 4.805098921279813253e-11 1.134992726829655005e-11
3.500000000000000333e-02 1.340546080962000119e-01 4.534840057806110297e-02 1.482273911719580163e-10 4.654137885491628445e-11
3.750000000000000555e-02 1.147941556450084721e-01 4.770999476437221692e-02 4.592449164923052557e-10 1.371966546187028409e-10
4.000000000000000777e-02 1.006217961333641386e-01 3.070291269605361986e-02 1.385940005782652854e-09 3.232137776603847767e-10
4.250000000000000999e-02 8.999302565723765746e-02 2.461665430627290110e-02 3.289356746956272407e-09 6.492649450552851272e-10
4.500000000000000527e-02 8.187288672805607959e-02 2.109990029180476220e-02 6.654768764672349153e-09 1.157727417343959632e-09
4.750000000000000749e-02 7.555962566198520802e-02 1.895704804652371955e-02 1.233861746425330149e-08 1.882456729599010387e-09
5.000000000000000278e-02 7.057004925261621542e-02 1.772108154096969923e-02 2.138716761817440415e-08 2.845088572595546955e-09
5.250000000000000500e-02 6.656591972891330589e-02 1.640819855613185468e-02 4.016525686210985070e-09 4.054164852227316855e-09
5.500000000000000722e-02 6.330658716336910741e-02 1.566282927693777097e-02 3.251086556342000710e-09 5.506363700221930013e-09
5.750000000000000944e-02 6.061813200392085488e-02 1.493867893268921443e-02 3.565946089892801766e-09 7.188922157162125022e-09
6.000000000000001166e-02 5.837299867148509208e-02 1.433753176393868026e-02 4.150521168868360152e-09 9.082512930718369059e-09
6.250000000000000000e-02 5.647635494301243841e-02 1.384120916785419944e-02 4.408033213270502732e-09 1.116388469272449112e-08
6.500000000000000222e-02 5.485680367350273534e-02 1.343863256080430821e-02 4.892781670386607600e-09 1.340806651858509372e-08
6.750000000000000444e-02 5.345996267409760389e-02 1.308153966494768339e-02 5.139183262342951940e-09 1.579011977724373154e-08
7.000000000000000666e-02 5.224397226407508088e-02 1.273197278630455558e-02 5.356946816624211911e-09 1.828621148379575218e-08
7.250000000000000888e-02 5.117628449502498872e-02 1.251462534650466842e-02 5.566085029659497041e-09 2.087430351997665463e-08
7.500000000000001110e-02 5.023135046940186560e-02 1.229877295682463290e-02 5.689093532715428040e-09 2.353461103721626897e-08
7.750000000000001332e-02 4.938895425768106973e-02 1.208607134175574555e-02 5.721686388432148803e-09 2.624953869363405142e-08
8.000000000000001554e-02 4.863295959476326979e-02 1.190150430774976689e-02 5.651183237120698727e-09 2.900374094963944735e-08
8.250000000000001776e-02 4.795038962922246878e-02 1.175566755744431383e-02 5.674753943013335268e-09 3.178397483237399017e-08
8.500000000000001998e-02 4.733071124017991516e-02 1.162827481055367720e-02 5.792755286938313457e-09 3.457880736617587962e-08
8.750000000000000833e-02 4.676534789498327377e-02 1.151699581494247497e-02 5.729305658720142358e-09 3.737827940481368028e-08
9.000000000000001055e-02 4.624727286649156499e-02 1.143934673821895599e-02 5.710680707532632347e-09 4.017400078730703910e-08
9.250000000000001277e-02 4.577058472792016469e-02 1.134650725300978373e-02 5.535686436754540531e-09 4.295883445194699000e-08
9.500000000000001499e-02 4.533047131461642731e-02 1.126544316139128053e-02 5.455799798971419165e-09 4.572655559530441369e-08
9.750000000000001721e-02 4.492282813874162728e-02 1.119294282304735856e-02 5.341167255174894050e-09 4.847166932172886440e-08
1.000000000000000056e-01 4.454423299997382207e-02 1.109985834196756428e-02 5.163137844503582273e-09 5.118938862081439615e-08
