# time 1 2 D-1 D
0.000000000000000000e+00 9.999999692432615106e-01 8.926714190936349771e-09 2.432414644313057924e-35 1.120025711142860683e-35
1.250000000000000243e-03 9.992128584370384425e-01 3.485292680471796535e-06 1.564793964778574845e-27 5.815695330861218760e-26
2.500000000000000486e-03 9.966382217808014143e-01 7.219374870032939980e-05 3.381286379510968009e-23 3.020576033893895250e-22
3.750000000000000729e-03 9.917979186798836500e-01 4.607920030631045276e-04 1.421273804570460338e-20 4.667397036885444457e-20
5.000000000000000971e-03 9.838755570646321447e-01 1.795639699810119491e-03 9.840628225614266322e-19 1.614810802456532151e-18
6.250000000000000347e-03 9.715531921884476008e-01 5.260360553878092212e-03 2.711159179787865119e-17 2.313142647790107575e-17
7.500000000000001457e-03 9.530155053162226997e-01 1.246460686540537890e-02 3.907093622326690009e-16 1.768794734337408046e-16
8.750000000000000833e-03 9.264237356677553770e-01 2.458385808335851117e-02 3.456634378742558403e-15 8.040574561919734215e-16
1.000000000000000194e-02 8.909338037333897065e-01 3.641818871519434536e-02 2.119912829282782782e-14 2.195768576009690330e-15
1.125000000000000132e-02 8.475971237912239831e-01 7.600342226532838877e-03 9.585631750742495292e-14 3.112249269752556984e-15
1.250000000000000069e-02 7.991528427511015442e-01 9.412278931857039066e-03 3.347589523743234773e-13 8.124951072976506523e-16
1.375000000000000180e-02 7.487583124698288239e-01 1.345953091275859693e-02 9.252784027469478229e-13 5.664782799882300385e-15
1.500000000000000291e-02 6.988074584119458033e-01 2.007531154889324529e-02 2.098812107448678234e-12 9.065897812375546044e-14
1.625000000000000056e-02 6.505858830250597080e-01 2.947907998703373778e-02 3.949082303266202707e-12 4.775078305779316174e-13
1.750000000000000167e-02 6.045538833535039069e-01 4.107789959493145238e-02 6.185356886023357834e-12 1.610370025851593293e-12
1.875000000000000278e-02 5.607722876698669756e-01 5.211396235752795841e-02 7.958603354111552076e-12 4.121944573417853015e-12
2.000000000000000389e-02 5.192019768474301911e-01 6.089006374412554712e-02 7.952084107078326797e-12 8.617552917774924945e-12
2.125000000000000500e-02 4.798314311069580285e-01 6.803219364434530403e-02 4.732569110497557892e-12 1.532575753303319976e-11
2.250000000000000264e-02 4.426862085850701289e-01 7.486877486504543711e-02 1.297003740662632694e-13 2.381900024780420820e-11
2.375000000000000375e-02 4.077913981115137143e-01 8.134457414068045622e-02 3.117308780687289462e-12 3.301881855796941106e-11
2.500000000000000139e-02 3.751376852246107174e-01 8.726371224224210854e-02 1.089365588193335710e-11 4.149440548416058070e-11
2.625000000000000250e-02 3.446702549871867305e-01 9.112588671990477784e-02 2.117415688305661571e-11 4.785957178711087981e-11
2.750000000000000361e-02 3.162975667934153634e-01 8.970757446765675880e-02 3.393376711375481104e-11 5.108186224993152524e-11
2.875000000000000472e-02 2.899082539848304441e-01 7.706296474341771396e-02 4.917006829584368940e-11 5.063883951266049491e-11
3.000000000000000583e-02 2.653865975492318285e-01 5.364714963081197024e-02 6.544392303409180164e-11 4.653389072678031498e-11
3.125000000000000000e-02 2.426222058119534009e-01 3.170757009463723297e-02 8.216321545652320806e-11 3.944088133012420196e-11
3.250000000000000111e-02 2.215136391222414236e-01 1.730966169073640260e-02 9.939529693589332790e-11 3.027423791742653350e-11
3.375000000000000222e-02 2.019678179581766153e-01 9.661764192763254780e-03 1.129087508799217808e-10 2.045362594250530950e-11
3.500000000000000333e-02 1.838976501904368011e-01 5.119487779890721270e-03 1.215341934380832564e-10 1.145386860396753823e-11
3.625000000000000444e-02 1.672196980831438251e-01 2.689287337352931889e-03 1.252485314636259113e-10 4.838511352883617572e-12
3.750000000000000555e-02 1.518528472083254810e-01 1.243506052051317808e-03 1.228503466956526658e-10 1.696236821433230555e-12
3.875000000000000666e-02 1.377181439997233470e-01 4.140603089868849637e-04 1.102593594035086943e-10 2.912762467204526330e-12
4.000000000000000777e-02 1.247395276555559318e-01 6.993301373683730659e-05 9.176785012102541237e-11 9.011542788259935619e-12
4.125000000000000888e-02 1.128447960375249942e-01 1.229150673439766761e-05 6.751807243592159953e-11 2.018227940918672843e-11
4.250000000000000999e-02 1.019660731214273586e-01 1.914405926015814638e-04 4.182153412493932196e-11 3.636547447079143298e-11
4.375000000000000416e-02 9.203986232737131068e-02 4.897878891735479336e-04 1.740549618279848748e-11 5.745055778741523363e-11
4.500000000000000527e-02 8.300653892312767623e-02 9.013541091125251573e-04 3.565432106268670421e-12 8.320428283063414099e-11
4.625000000000000638e-02 7.480997198844410723e-02 1.345206696675795227e-03 9.081381663311869667e-12 1.133823220718020267e-10
4.750000000000000749e-02 6.739247948236168351e-02 1.830757967181935149e-03 4.347006091579006927e-11 1.477353855599884439e-10
4.875000000000000860e-02 6.070234374287753615e-02 2.269035806305195330e-03 1.115684111969673453e-10 1.860203202745525398e-10
5.000000000000000278e-02 5.467563496622936808e-02 2.668633056197215400e-03 2.056981853252765527e-10 2.279552007415569779e-10
