# time 1 2 D-1 D
0.000000000000000000e+00 9.999999707234559221e-01 6.391689497062265290e-09 4.641145570634097188e-35 2.272230580139481486e-35
1.250000000000000243e-03 9.999957104034734590e-01 3.184605277886006998e-06 1.548657177714047521e-26 1.487445698803988590e-27
2.500000000000000486e-03 9.999080688361481339e-01 7.359123085064553241e-05 3.165146271059801058e-24 2.898414661777649844e-26
3.750000000000000729e-03 9.993776035855032047e-01 5.214661846616593880e-04 8.740296637112224160e-23 3.100348873110209074e-24
5.000000000000000971e-03 9.973623631805536016e-01 2.287906215397722369e-03 8.121992909377390217e-22 7.539531724688847492e-23
6.250000000000000347e-03 9.914260272398827123e-01 7.677259281891693661e-03 3.576884759944987749e-21 4.815348943491746448e-22
7.500000000000001457e-03 9.769106718423132829e-01 2.132103577531946695e-02 1.343131468333721628e-20 2.208762056394227239e-21
8.750000000000000833e-03 9.471900259882187756e-01 5.007961044072611889e-02 5.021848613446314386e-20 8.012883676895321795e-21
1.000000000000000194e-02 8.971506007300945607e-01 9.876755944139706256e-02 2.080697835617857659e-19 2.510431075263918438e-20
1.125000000000000132e-02 8.288741007726309062e-01 1.294834216240202396e-01 9.640580264863866402e-19 7.282959831805830441e-20
1.250000000000000069e-02 7.522087054698316511e-01 1.111437179663588987e-01 4.503169777400861464e-18 2.256831525645808260e-19
1.375000000000000180e-02 6.780910501638457433e-01 1.051745797483296524e-01 1.984252634603999460e-17 9.072360176971563116e-19
1.500000000000000291e-02 6.131035110828318979e-01 8.952883213436249599e-02 7.576205850350539374e-17 4.510402815893861198e-18
1.625000000000000056e-02 5.592930474224765414e-01 6.396087515815222779e-02 2.472309392752485923e-16 2.203841574738443708e-17
1.750000000000000167e-02 5.161134661870292462e-01 4.716884920819811727e-02 6.872101584565761353e-16 8.063789549217145196e-17
1.875000000000000278e-02 4.820074180278317577e-01 3.906092575772313058e-02 1.673005281544368974e-15 1.888356240547216607e-16
2.000000000000000389e-02 4.552439355080103445e-01 3.461870124231895135e-02 3.755240773820024734e-15 2.402897786011116708e-16
2.125000000000000500e-02 4.342677190477240434e-01 3.185878836142067017e-02 8.274397721495872096e-15 7.434678004653549952e-17
2.250000000000000264e-02 4.178001764709213250e-01 3.008655811442643990e-02 2.230337115268924020e-14 3.460911590158538732e-16
2.375000000000000375e-02 4.048337487735926832e-01 2.865113074904864637e-02 2.904817165153497594e-15 5.338860123295080797e-15
2.500000000000000139e-02 3.945897619722703586e-01 2.748942581690791073e-02 1.734372738029964998e-14 2.866775863224331263e-14
2.625000000000000250e-02 3.864705028544747623e-01 2.639490023254376441e-02 1.680334998348202690e-13 1.019399450856510172e-13
2.750000000000000361e-02 3.800177603883849176e-01 2.538634939757269254e-02 6.371369098344175283e-13 2.830799261926091037e-13
2.875000000000000472e-02 3.748793261635655627e-01 2.443655114335348266e-02 1.689959654569162537e-12 6.601285650523671717e-13
3.000000000000000583e-02 3.707834546132621201e-01 2.351443191452974243e-02 3.648683586610139261e-12 1.346178425241419735e-12
3.125000000000000000e-02 3.675196082765625483e-01 2.263020117173087167e-02 6.840847276857809204e-12 2.465889682251563175e-12
3.250000000000000111e-02 3.649241704856651114e-01 2.177385353020619418e-02 1.153418064101643162e-11 4.133202321921931620e-12
3.375000000000000222e-02 3.628697419706804483e-01 2.095674864081211591e-02 1.799177130951295401e-11 6.432750220606527271e-12
3.500000000000000333e-02 3.612565667318307083e-01 2.017314977917551710e-02 2.605551368997576654e-11 9.407860104755461663e-12
3.625000000000000444e-02 3.600065225705174066e-01 1.943867520017128134e-02 3.572172212630305362e-11 1.305163504719271044e-11
3.750000000000000555e-02 3.590579399523294302e-01 1.872163059369119295e-02 4.657596952087025680e-11 1.731507640284444078e-11
3.875000000000000666e-02 3.583624754885364472e-01 1.806532500542960135e-02 5.824062723007512143e-11 2.211272885926238255e-11
4.000000000000000777e-02 3.578807411559262186e-01 1.745828704502256842e-02 7.005838868945922976e-11 2.733465857500195421e-11
4.125000000000000888e-02 3.575808360217462845e-01 1.686641992489543510e-02 8.167534219065211154e-11 3.286278415835150286e-11
4.250000000000000999e-02 3.574369821280933279e-01 1.633193540020576318e-02 9.233733873147796368e-11 3.857241357572936375e-11
4.375000000000000416e-02 3.574270680635608932e-01 1.581893530105863213e-02 1.020309479353020555e-10 4.434710389766419640e-11
4.500000000000000527e-02 3.575320016145766000e-01 1.535055649506441786e-02 1.097596105563602569e-10 5.007901663340109195e-11
4.625000000000000638e-02 3.577354402465315886e-01 1.491618424042744778e-02 1.164981780627166854e-10 5.566981856320692756e-11
4.750000000000000749e-02 3.580228429177672589e-01 1.451699060059863898e-02 1.211186366544475990e-10 6.103358876489808539e-11
4.875000000000000860e-02 3.583810423565166881e-01 1.414203831958415342e-02 1.236263302224744699e-10 6.610027279804385904e-11
5.000000000000000278e-02 3.587987544769868919e-01 1.380661916708269404e-02 1.249138075374828257e-10 7.080640420420893819e-11
