# time 1 2 D-1 D
0.000000000000000000e+00 9.999999707234559221e-01 6.391689497062265290e-09 4.641145570634097188e-35 2.272230580139481486e-35
2.500000000000000486e-03 9.999920898614600429e-01 6.264373918752379711e-06 1.205546684039292212e-26 1.207227753350897912e-27
5.000000000000000971e-03 9.998380525659424922e-01 1.347890255953516979e-04 4.351634664326591959e-24 5.532567992945881081e-26
7.500000000000001457e-03 9.989552683917926057e-01 8.973244212139223734e-04 1.184727340034444641e-22 3.661215908340535921e-24
1.000000000000000194e-02 9.957920647732741992e-01 3.703881522866077271e-03 1.225250581840240748e-21 1.091371440898645868e-22
1.250000000000000069e-02 9.870038672703478344e-01 1.172465689013419896e-02 5.240068363354046095e-21 6.494008284320429784e-22
1.500000000000000291e-02 9.666641086047161879e-01 3.086916706715054151e-02 1.850920969636055816e-20 2.680570407169971423e-21
1.750000000000000167e-02 9.269866898654537390e-01 6.920888922453133363e-02 6.283877605216758562e-20 8.864190880886141641e-21
2.000000000000000389e-02 8.628213948187044569e-01 1.314809288710277191e-01 2.533033272879547543e-19 2.826233725989799280e-20
2.250000000000000264e-02 7.780424602145957769e-01 1.677390014751949654e-01 1.182655503432449771e-18 9.797961541291202541e-20
2.500000000000000139e-02 6.852465030107649513e-01 1.402152689858632839e-01 6.112655404871740291e-18 4.559560796197761602e-19
2.750000000000000361e-02 5.973906300516472756e-01 1.287099098332804559e-01 3.088689994000948097e-17 2.953534446051107923e-18
3.000000000000000583e-02 5.217192387060498593e-01 1.063163355893511214e-01 1.403099062412002795e-16 2.266307389733127657e-17
3.250000000000000111e-02 4.600208588066661552e-01 7.381121777573240728e-02 5.455544127659694382e-16 1.621232977224100212e-16
3.500000000000000333e-02 4.111568970235982001e-01 5.299986039224507256e-02 1.789668896272491362e-15 9.280960989173924840e-16
3.750000000000000555e-02 3.729801307374494557e-01 4.285342054850275334e-02 5.121387584623418927e-15 4.051442909676521756e-15
4.000000000000000777e-02 3.432910328987811566e-01 3.719710366753681274e-02 1.440649734550263435e-14 1.390091031524565173e-14
4.250000000000000999e-02 3.201964601302855207e-01 3.362869107081043613e-02 5.129169257060234082e-14 3.900547514928389554e-14
4.500000000000000527e-02 3.021839272323463277e-01 3.128449042041774042e-02 6.497938154163866876e-13 9.207501842052242286e-14
4.750000000000000749e-02 2.880852871952128136e-01 2.941433755867620126e-02 1.021318798557401301e-12 1.863134485193253355e-13
5.000000000000000278e-02 2.770105842587637368e-01 2.791066147086278607e-02 1.223216020760617006e-12 3.268936569533847074e-13
5.250000000000000500e-02 2.682834178549579063e-01 2.653406373734238516e-02 1.143100404539146215e-12 4.985427418969485002e-13
5.500000000000000722e-02 2.613886561290419963e-01 2.528053336185538680e-02 7.225902758457814841e-13 6.620165790574182258e-13
5.750000000000000944e-02 2.559318573587547885e-01 2.410688876189522045e-02 1.608753372638214584e-13 7.602283114858060064e-13
6.000000000000001166e-02 2.516093865270238039e-01 2.296883813292449270e-02 1.987327597434769590e-13 7.399091373334056343e-13
6.250000000000000000e-02 2.481863897788210982e-01 2.186770017729833954e-02 2.324910640361810660e-12 5.821050901015905863e-13
6.500000000000000222e-02 2.454805350368486905e-01 2.078835174767981742e-02 8.908169290653790865e-12 3.290798842401683295e-13
6.750000000000000444e-02 2.433500066797541217e-01 1.973861410582993664e-02 2.337083278538592717e-11 9.448943385946893337e-14
7.000000000000000666e-02 2.416840882495433496e-01 1.871114680790254489e-02 4.927838034526044946e-11 6.078062288118071243e-14
7.250000000000000888e-02 2.403963795480871246e-01 1.772123657227510363e-02 9.100425227422065591e-11 4.622355853634566315e-13
7.500000000000001110e-02 2.394190968680881548e-01 1.674136096762863027e-02 1.518548227610489985e-10 1.560838276415851748e-12
7.750000000000001332e-02 2.386992754763011815e-01 1.581410799576227211e-02 2.344930675522321125e-10 3.621436842400126827e-12
8.000000000000001554e-02 2.381943459007480335e-01 1.493186374903498689e-02 3.394748131952001728e-10 6.890483909926705107e-12
8.250000000000001776e-02 2.378701065338275911e-01 1.406793712610427891e-02 4.672207600031923380e-10 1.158494280499052009e-11
8.500000000000001998e-02 2.376989850191363607e-01 1.326202118717238407e-02 6.143124868743471457e-10 1.787863625609552958e-11
8.750000000000000833e-02 2.376576288918162971e-01 1.248791821264408353e-02 7.803860508441194237e-10 2.590374626796583786e-11
9.000000000000001055e-02 2.377260336206365177e-01 1.176706279492757690e-02 9.565137767639568684e-10 3.574907444156275109e-11
9.250000000000001277e-02 2.378870177351966320e-01 1.109255992699808777e-02 1.148032602235146670e-09 4.745825356690800963e-11
9.500000000000001499e-02 2.381253920752086084e-01 1.046718968119981705e-02 1.342549281948619540e-09 6.103608988772799834e-11
9.750000000000001721e-02 2.384274345815009799e-01 9.883014141894725865e-03 1.534404427852051295e-09 7.644877307631785559e-11
1.000000000000000056e-01 2.387811781381627696e-01 9.351801666656965606e-03 1.730273213453594337e-09 9.362515669929129018e-11
