# time 1 2 D-1 D
0.000000000000000000e+00 9.999999652016168250e-01 1.634644798624681881e-08 4.065564761753963575e-34 2.880548906690015966e-34
1.250000000000000243e-03 9.999996318222613700e-01 7.733672868351423660e-10 2.383782908746559470e-22 1.231449866467692458e-24
2.500000000000000486e-03 9.999943280053444905e-01 1.009742959869299009e-07 1.177122881494574274e-20 1.721545624214222191e-24
3.750000000000000729e-03 9.999704693478901341e-01 9.094989724182968593e-07 5.497193850535698724e-20 8.763206687787541415e-23
5.000000000000000971e-03 9.999022194635793781e-01 4.545604490671658297e-06 2.782042023886993936e-19 1.982854959538231565e-21
6.250000000000000347e-03 9.997457504939353257e-01 1.712614333639421495e-05 9.640928354960531255e-19 9.088236027803872191e-21
7.500000000000001457e-03 9.994284865129201556e-01 5.474816750290590559e-05 2.772730706963343083e-18 2.783979880167494367e-20
8.750000000000000833e-03 9.988290917466871033e-01 1.573482841202437422e-04 7.131566032772242825e-18 1.206643373173295032e-19
1.000000000000000194e-02 9.977394556891022726e-01 4.189398228331698811e-04 1.109550039838236765e-17 9.120192693639310592e-19
1.125000000000000132e-02 9.957912245484533686e-01 1.053567929887689898e-03 4.059268198742418902e-19 9.066019291748842146e-18
1.250000000000000069e-02 9.923136768842585331e-01 2.532280710845826680e-03 2.455744937614172275e-16 8.653960367034711885e-17
1.375000000000000180e-02 9.860678604442736361e-01 5.842822647242929511e-03 5.374628359933496490e-15 6.941066520153855520e-16
1.500000000000000291e-02 9.747921379351757176e-01 1.296163803282504925e-02 5.309236558721047044e-14 4.537616656697246439e-15
1.625000000000000056e-02 9.545897946649577470e-01 2.747867427352387523e-02 3.286615835783776030e-13 2.433496199267332354e-14
1.750000000000000167e-02 9.192927029141361173e-01 5.528026710584548614e-02 1.472685840239427590e-12 1.091486132923882254e-13
1.875000000000000278e-02 8.632230903203275130e-01 1.019044626038533435e-01 5.365406947463643423e-12 4.184471275933148255e-13
2.000000000000000389e-02 7.838822085284664620e-01 1.698813022658069161e-01 1.726984793278353125e-11 1.399417478791904642e-12
2.125000000000000500e-02 6.898271296646282247e-01 2.511371631546192584e-01 5.142800205884441438e-11 4.155927545574928492e-12
2.250000000000000264e-02 5.959731532731938897e-01 3.314002523128872779e-01 1.367874333629611253e-10 1.112726104828834055e-11
2.375000000000000375e-02 5.129822868917682799e-01 4.017024424596130072e-01 3.284567752351994257e-10 2.720588634772444958e-11
2.500000000000000139e-02 4.445203798825220209e-01 4.598287675450543621e-01 7.118772549793277227e-10 6.139847268276619898e-11
2.625000000000000250e-02 3.895718742887864239e-01 5.075035601205944991e-01 1.415913956663112241e-09 1.290642945096667159e-10
2.750000000000000361e-02 3.456441414576408855e-01 5.267421772227274396e-02 2.592183308875519609e-09 2.546487297896936440e-10
2.875000000000000472e-02 3.102960209702986805e-01 1.293026507151895030e-02 4.463855927789133367e-09 4.746846519862552370e-10
3.000000000000000583e-02 2.815611658128672756e-01 1.050141639054262208e-02 7.309620523942279183e-09 8.406086452224789296e-10
3.125000000000000000e-02 2.579502868159071483e-01 1.012823588077529230e-02 1.167975709296634233e-08 1.420949128268481426e-09
3.250000000000000111e-02 2.383554622633617948e-01 1.013156557064001130e-02 1.820918084032480591e-08 2.301855523826620696e-09
3.375000000000000222e-02 2.219453016886782093e-01 1.044489076021534735e-02 2.803393031570121553e-08 3.585338493489898209e-09
3.500000000000000333e-02 2.080338834999095610e-01 1.094604597937537740e-02 4.395102107591478960e-08 5.384042387597736856e-09
3.625000000000000444e-02 1.961963277576334597e-01 1.151761373392277098e-02 6.992726518319988227e-08 7.812110725677639640e-09
3.750000000000000555e-02 1.860801773365872991e-01 1.213327826600223494e-02 1.109746156299127859e-07 1.097096407897919451e-08
3.875000000000000666e-02 1.773178454071215326e-01 1.284596345490329229e-02 1.711057814498695182e-07 1.493087824963076467e-08
4.000000000000000777e-02 1.699343389332368115e-01 1.338607960738103127e-02 2.410733217572230006e-07 1.970597616020513508e-08
4.125000000000000888e-02 1.633898195421139565e-01 1.409736842643282903e-02 3.035185143128660354e-07 2.521958757768988115e-08
4.250000000000000999e-02 1.579013385541357672e-01 1.460418417665064125e-02 3.554068932729517447e-07 3.127513259041504768e-08
4.375000000000000416e-02 1.533564851222109782e-01 1.488914216139798977e-02 3.997435205660407406e-07 3.709512519269523006e-08
4.500000000000000527e-02 1.500874894993604325e-01 1.451268581530283132e-02 4.405147654105194864e-07 4.252748278951427073e-08
4.625000000000000638e-02 1.480899282679632167e-01 1.338966924555614647e-02 4.822079542463928492e-07 4.484393280770831034e-08
4.750000000000000749e-02 1.488205145989821288e-01 9.988051272230916156e-03 5.307313159399492264e-07 3.915763907214039294e-08
4.875000000000000860e-02 1.534345407821196272e-01 3.088794233147892226e-03 5.973591609641459133e-07 1.470089969619371505e-08
5.000000000000000278e-02 1.378110126509805022e-01 1.675897484330712839e-02 5.894510122817034573e-07 6.434569234329126378e-08
