# time 1 2 D-1 D
0.000000000000000000e+00 9.999999490278412839e-01 2.668613798837315843e-08 1.736352092958371702e-35 2.339380694930205461e-35
2.500000000000000486e-03 9.999995882530368085e-01 1.998731286413891570e-08 1.971120147310894496e-28 2.260963335278419068e-29
5.000000000000000971e-03 9.999930846793675387e-01 3.617397808057208257e-07 6.791471428561875362e-25 1.528937629961017287e-25
7.500000000000001457e-03 9.999624254656941380e-01 2.522309453550841897e-06 1.338162996840894264e-23 2.280964452221103274e-24
1.000000000000000194e-02 9.998717920666129189e-01 1.107742249613730435e-05 8.576352624000890461e-23 1.198292233430514562e-23
1.250000000000000069e-02 9.996595446844854793e-01 3.673866315115994791e-05 2.569794038824862486e-22 3.907156773305966859e-23
1.500000000000000291e-02 9.992256041988126780e-01 1.057428211956303678e-04 2.837923211522847347e-22 9.438545236755178352e-23
1.750000000000000167e-02 9.984116895661796498e-01 2.646397432786591597e-04 6.497094549320817314e-22 8.085191128092788992e-23
2.000000000000000389e-02 9.969705480066199943e-01 6.158068085588676386e-04 6.142516785956176220e-20 3.898730564308299962e-22
2.250000000000000264e-02 9.945189950482596908e-01 1.327079693208683703e-03 1.116210890499564264e-18 2.703580127838560189e-20
2.500000000000000139e-02 9.904690901023318617e-01 2.703661145355930415e-03 1.180060832828175801e-17 4.709414798740158984e-19
2.750000000000000361e-02 9.839345275898867538e-01 5.242458022393228952e-03 8.626390606517364414e-17 4.942161263469305208e-18
3.000000000000000583e-02 9.736205139928066910e-01 9.684692308665103846e-03 4.748049005644075439e-16 3.723549436664458850e-17
3.250000000000000111e-02 9.577355620665611857e-01 1.720322238494306419e-02 2.035670018773539609e-15 2.155586594504468453e-16
3.500000000000000333e-02 9.340231656187483189e-01 2.893250570816101666e-02 7.043877112509907811e-15 1.001611633968732612e-15
3.750000000000000555e-02 9.000890817772836394e-01 4.627869662178048932e-02 2.016943318922612140e-14 3.858168779124712637e-15
4.000000000000000777e-02 8.541958074399739198e-01 6.920978783329100048e-02 4.912626154087945585e-14 1.266400151679821752e-14
4.250000000000000999e-02 7.964052368059362230e-01 9.614559436586629648e-02 1.041418193529731039e-13 3.622365153585744975e-14
4.500000000000000527e-02 7.293820441496380313e-01 1.232812020891245336e-01 1.953808233560889914e-13 9.190045664107830169e-14
4.750000000000000749e-02 6.578860030446632701e-01 1.451509454549681777e-01 3.303311138011473821e-13 2.096733760357436054e-13
5.000000000000000278e-02 5.871704817669730625e-01 1.584087719825480189e-01 5.123946756646632233e-13 4.359930583771020542e-13
5.250000000000000500e-02 5.212417339621855383e-01 1.614495049365550217e-01 7.401815796587095664e-13 8.318752005676347638e-13
5.500000000000000722e-02 4.622153159876090656e-01 1.563220471487554997e-01 1.015691473352523125e-12 1.472228318672524839e-12
5.750000000000000944e-02 4.106204137470091386e-01 1.468227698353491706e-01 1.340399854727097021e-12 2.436389497529989815e-12
6.000000000000001166e-02 3.660182341519175320e-01 1.348522614409429499e-01 1.712622825026419335e-12 3.807168132786667474e-12
6.250000000000000000e-02 3.275450037152357052e-01 1.224885264743884733e-01 2.113260646214527274e-12 5.656622240977663854e-12
6.500000000000000222e-02 2.942476434127249685e-01 1.101351174986275189e-01 2.585526665538998141e-13 8.037708741011158514e-12
6.750000000000000444e-02 2.652550266877681806e-01 9.809835221486357115e-02 9.208286719387871826e-13 1.096926422609878956e-11
7.000000000000000666e-02 2.398487924968966400e-01 4.682714202957368593e-02 2.768043213207342239e-12 1.442181510402081150e-11
7.250000000000000888e-02 2.174780755958838907e-01 1.162998619365538874e-02 6.091220883106827689e-12 1.830137579209078990e-11
7.500000000000001110e-02 1.977420178322570887e-01 1.533246624954324663e-02 1.124303427244963824e-11 2.244238859052732277e-11
7.750000000000001332e-02 1.803540745541552803e-01 1.985219624790219434e-02 1.846078785781384949e-11 2.654538553472888082e-11
8.000000000000001554e-02 1.650999230393225825e-01 2.271080057544659636e-02 2.785254633507970790e-11 3.034338624974355167e-11
8.250000000000001776e-02 1.517999426372335647e-01 2.536357581211588427e-02 3.947612768715729682e-11 3.346423687343937252e-11
8.500000000000001998e-02 1.402837452598037216e-01 2.775747830188882159e-02 5.377498486089869821e-11 3.506657043757746371e-11
8.750000000000000833e-02 1.303784677974506589e-01 3.012827414338005438e-02 7.049269388868202496e-11 3.495959643827798412e-11
9.000000000000001055e-02 1.219077218182563205e-01 3.209991611395669048e-02 8.979989737434652003e-11 3.252788783296486497e-11
9.250000000000001277e-02 1.146962580741082427e-01 3.316199994110304028e-02 1.111107470017997540e-10 2.793918226029962384e-11
9.500000000000001499e-02 1.085760762026765636e-01 3.283216509517426079e-02 1.342240393726102680e-10 2.103007112594381522e-11
9.750000000000001721e-02 1.033914960746993295e-01 3.031656501672914950e-02 1.572102410627327275e-10 1.343666412926045209e-11
1.000000000000000056e-01 9.900251666503095960e-02 2.287761609438016333e-02 1.779531627087037335e-10 7.047896455529817767e-12
