# time 1 2 D-1 D
0.000000000000000000e+00 9.999999656732480036e-01 6.908746506814348082e-09 1.609325234672638526e-35 6.513432565005526680e-35
1.250000000000000243e-03 9.987393057467987001e-01 3.196436991162526714e-07 6.996913401830226850e-28 3.386599046240469842e-26
2.500000000000000486e-03 9.947064151119515696e-01 6.343331150971475243e-06 1.620795095810484799e-23 1.793455838222186148e-22
3.750000000000000729e-03 9.875024913418822825e-01 8.282167165212710606e-06 2.380161772099391606e-21 2.918823033948877273e-20
5.000000000000000971e-03 9.766704797534631055e-01 2.740818045439096166e-06 1.951458469777247156e-22 1.123126257757755893e-18
6.250000000000000347e-03 9.616307186708108468e-01 5.112904298880164254e-04 7.273234001044002617e-19 1.942741855814583085e-17
7.500000000000001457e-03 9.415905309306307203e-01 2.306479628508085154e-03 2.753574436453585743e-17 2.018708187011817029e-16
8.750000000000000833e-03 9.154570371779890969e-01 6.229495761875177354e-03 3.825445191319667212e-16 1.475338233270348658e-15
1.000000000000000194e-02 8.818098882830746055e-01 1.498557532844491114e-02 3.353603187577018976e-15 8.343581497019001441e-15
1.125000000000000132e-02 8.390297776205288827e-01 3.077928472676278587e-02 2.012932860993930297e-14 3.880421043249128922e-14
1.250000000000000069e-02 7.857068066114153426e-01 5.292847723149050887e-02 8.995290665398200257e-14 1.542987953991363600e-13
1.375000000000000180e-02 7.213783758005760660e-01 6.967168591200900707e-02 3.238372235183543039e-13 5.374313229073150621e-13
1.500000000000000291e-02 6.473554606381926035e-01 8.335782196807796363e-02 9.125237733082575130e-13 1.663988827034941440e-12
1.625000000000000056e-02 5.670397134908716774e-01 9.737309775659012956e-02 2.211477040383386513e-12 4.622810633114646380e-12
1.750000000000000167e-02 4.852509785572605705e-01 1.120332941551730188e-01 4.098805406256534196e-12 1.160772900282772509e-11
1.875000000000000278e-02 4.068513499345768336e-01 1.236585755464259945e-01 2.504484677076652397e-12 2.654000511006623807e-11
2.000000000000000389e-02 3.355277080105292242e-01 1.330336442761079208e-01 6.139271922958240864e-11 5.573017398719558793e-11
2.125000000000000500e-02 2.733043993274351102e-01 1.378194050987140429e-01 1.540142353733235824e-10 1.085114269913404902e-10
2.250000000000000264e-02 2.207179655968315168e-01 1.353729606003090946e-01 2.723824788362807783e-10 1.978512164235128011e-10
2.375000000000000375e-02 1.772895393426991706e-01 1.252218338885411342e-01 4.311766623341217236e-10 3.410029920482144260e-10
2.500000000000000139e-02 1.419990646200111339e-01 1.083765372430520457e-01 6.623468901214610237e-10 5.602647591563266410e-10
2.625000000000000250e-02 1.136326210464442266e-01 9.094725132607070495e-02 9.340306284183757066e-10 8.838631754523202105e-10
2.750000000000000361e-02 9.099040108375673619e-02 7.961798697994547369e-02 1.207341764488347219e-09 1.346923096135290059e-09
2.875000000000000472e-02 7.299013342459038933e-02 1.079227923668575340e-01 1.450847856539501477e-09 1.992404654557079959e-09
3.000000000000000583e-02 5.870576311704780309e-02 5.107737916647248771e-02 1.616807576420394404e-09 2.871858494159823618e-09
3.125000000000000000e-02 4.737088000334255949e-02 4.237909543734149492e-02 1.695443196656030222e-09 4.045982398323700768e-09
3.250000000000000111e-02 3.836512687819986639e-02 3.769797885263623249e-02 1.697552422444066029e-09 5.585141611522755492e-09
3.375000000000000222e-02 3.119387313327662628e-02 3.399997274322504037e-02 1.569966281182296157e-09 7.570367527968416443e-09
3.500000000000000333e-02 2.546665815275226882e-02 3.079205106655310067e-02 1.446764077862103579e-09 1.009506852527180939e-08
3.625000000000000444e-02 2.087714963900276846e-02 2.823655294035523275e-02 1.210409466531858832e-09 1.326722026909334902e-08
3.750000000000000555e-02 1.718578872915526787e-02 2.580371814082159376e-02 5.334608191285706315e-09 1.721071232838143073e-08
3.875000000000000666e-02 1.420541437913652727e-02 2.379853444117113054e-02 7.706646566380885758e-09 2.206380573542570464e-08
4.000000000000000777e-02 1.178969432996022568e-02 2.193748338579348117e-02 1.066740035671763291e-08 2.797350019453859200e-08
4.125000000000000888e-02 9.824002197886779961e-03 2.026444923349829744e-02 1.374501968149864115e-08 3.508448329776988987e-08
4.250000000000000999e-02 8.218308670817195752e-03 1.874569537085174487e-02 1.656221240315525849e-08 4.352327299898472152e-08
4.375000000000000416e-02 6.901648711052762487e-03 1.740149487972278072e-02 1.884116467681895584e-08 5.338000121797376709e-08
4.500000000000000527e-02 5.817909737658739228e-03 1.615520131255857028e-02 2.037135018575983432e-08 6.469209993019369868e-08
4.625000000000000638e-02 4.922623414505758813e-03 1.503738237328419887e-02 2.114927409776240631e-08 7.743403618871907495e-08
4.750000000000000749e-02 4.180312781833098526e-03 1.402314737188380817e-02 2.114741054246208014e-08 9.151548886453099949e-08
4.875000000000000860e-02 3.562603569800980394e-03 1.308496430399480603e-02 2.038558640913622166e-08 1.067921497514315600e-07
5.000000000000000278e-02 3.046767460037148705e-03 1.222668230072894609e-02 1.912469991919511934e-08 1.230829406474468503e-07
