# time 1 2 D-1 D
0.000000000000000000e+00 9.999999656732480036e-01 6.908746506814348082e-09 1.609325234672638526e-35 6.513432565005526680e-35
2.500000000000000486e-03 9.987356683466542817e-01 6.527339338546309076e-07 3.934342549895643483e-29 3.385498718223805394e-26
5.000000000000000971e-03 9.946442912361569411e-01 1.310417149239866809e-05 1.192708420808329521e-24 1.788727078940428998e-22
7.500000000000001457e-03 9.871687483595620316e-01 1.783320385204319338e-05 1.088904293193549481e-22 2.890062282754289598e-20
1.000000000000000194e-02 9.755672240529986716e-01 3.247261595207186314e-06 7.508718181623743122e-21 1.094528018587488315e-18
1.250000000000000069e-02 9.588603299352165266e-01 8.832611407802039944e-04 8.581222848858992363e-19 1.839663946210944647e-17
1.500000000000000291e-02 9.357888842610584401e-01 3.870727824128608694e-03 2.376153724521099047e-17 1.826992687734404587e-16
1.750000000000000167e-02 9.048132058220722529e-01 1.001281262255762812e-02 3.174051489847774302e-16 1.252901689186384046e-15
2.000000000000000389e-02 8.642064700619735973e-01 2.308484735355031958e-02 2.736046976491524665e-15 6.537118000760505672e-15
2.250000000000000264e-02 8.123292218428261879e-01 4.545862609536704263e-02 1.649036296064358612e-14 2.772154616527795917e-14
2.500000000000000139e-02 7.481852491967295737e-01 7.536356201459852577e-02 7.460084993244672678e-14 1.001145481005183136e-13
2.750000000000000361e-02 6.722431870375913388e-01 9.551949640388045226e-02 2.705236896841814647e-13 3.179877475636243794e-13
3.000000000000000583e-02 5.871740986040957511e-01 1.096325977639677623e-01 7.813716569801888173e-13 9.065480595544151921e-13
3.250000000000000111e-02 4.978420696884182650e-01 1.225036570452463919e-01 1.930825847953261724e-12 2.346458711128886888e-12
3.500000000000000333e-02 4.101801835888588821e-01 1.345390050016857242e-01 3.792788568332406087e-12 5.549275531344884648e-12
3.750000000000000555e-02 3.294966586498191408e-01 1.414830457884035386e-01 3.578599867041763633e-12 1.205026435513336866e-11
4.000000000000000777e-02 2.592416467929777313e-01 1.446563964009561776e-01 1.949619456167791228e-11 2.416742215658059221e-11
4.250000000000000999e-02 2.007450665264832457e-01 1.419069221599496278e-01 5.365261006936156735e-11 4.509901831896936145e-11
4.500000000000000527e-02 1.536794369369961777e-01 1.311708499883036116e-01 9.383243241079069634e-11 7.897801188950132120e-11
4.750000000000000749e-02 1.167514228119440750e-01 1.134302528503114971e-01 1.445020961231747284e-10 1.309331599723347851e-10
5.000000000000000278e-02 8.828873126408083583e-02 9.117508331201681915e-02 2.144243207866024991e-10 2.071963185988927220e-10
5.250000000000000500e-02 6.661568087400959737e-02 7.092230098456749066e-02 2.915482179977438482e-10 3.152823040202951424e-10
5.500000000000000722e-02 5.024218897202186590e-02 5.777917756213835077e-02 3.639134325150491304e-10 4.642230164880544072e-10
5.750000000000000944e-02 3.792995971919247561e-02 7.562238884537554606e-02 4.218313533020423426e-10 6.648327017580463514e-10
6.000000000000001166e-02 2.869220143118393282e-02 3.522799456835274540e-02 4.543920833317333024e-10 9.299640344512531856e-10
6.250000000000000000e-02 2.176373027612616209e-02 2.758040652634749512e-02 4.617445124342002546e-10 1.274751713306023913e-09
6.500000000000000222e-02 1.656191112438504254e-02 2.315085151419801410e-02 4.508971194214544281e-10 1.716908828319289121e-09
6.750000000000000444e-02 1.264842868370198367e-02 1.973692682726527550e-02 4.035018664953789078e-10 2.277156518128561591e-09
7.000000000000000666e-02 9.696042326233089356e-03 1.692406569548953257e-02 3.666480623269358486e-10 2.979874242844113542e-09
7.250000000000000888e-02 7.461485720801149142e-03 1.470570425489978184e-02 2.993546551668875767e-10 3.853759762478211095e-09
7.500000000000001110e-02 5.764237352940940542e-03 1.275328303653264390e-02 1.938335887399434980e-09 4.932230024536020378e-09
7.750000000000001332e-02 4.470323933712428560e-03 1.116906449762342796e-02 2.746351091273089929e-09 6.252950918502479214e-09
8.000000000000001554e-02 3.480173112921538039e-03 9.787485255619012350e-03 3.716628449894400612e-09 7.856191764565292438e-09
8.250000000000001776e-02 2.719604787486507025e-03 8.602646128064413492e-03 4.710865031315331610e-09 9.781756183562785890e-09
8.500000000000001998e-02 2.133191686459684228e-03 7.578975621115051700e-03 5.616922640829907259e-09 1.206463348057965522e-08
8.750000000000000833e-02 1.679370834267067012e-03 6.705299073661983265e-03 6.358235449417328553e-09 1.473005671087453332e-08
9.000000000000001055e-02 1.326873154909757012e-03 5.938606570540201808e-03 6.876929583486883446e-09 1.778893671536963056e-08
9.250000000000001277e-02 1.052103939258013142e-03 5.277202577288782684e-03 7.175129264149783389e-09 2.123492799504380321e-08
9.500000000000001499e-02 8.371627841187594165e-04 4.701858253942642688e-03 7.246184398468496654e-09 2.504418768559350257e-08
9.750000000000001721e-02 6.684325124663282160e-04 4.195328185822878690e-03 7.099215334502879980e-09 2.917797100052490133e-08
1.000000000000000056e-01 5.355186342949275809e-04 3.751663683040440313e-03 6.803536992042518097e-09 3.358195227397923941e-08
