# time 1 2 D-1 D
0.000000000000000000e+00 9.999999307798786985e-01 1.797167405266471921e-08 5.009681416716116454e-35 3.692279485145874771e-35
2.500000000000000486e-03 9.987746712315119790e-01 2.217214450091289276e-08 1.592870467900441820e-28 2.792980374669450434e-33
5.000000000000000971e-03 9.947705204518878519e-01 4.777727340083094865e-07 3.743585988037610866e-24 9.446922885400870365e-28
7.500000000000001457e-03 9.873786302422160599e-01 3.378966727053203271e-06 1.550845334988991960e-21 2.413868280355358555e-24
1.000000000000000194e-02 9.758658974346443582e-01 1.469524900494278475e-05 1.256711998463311755e-19 7.298262207840101877e-22
1.250000000000000069e-02 9.593912922543937905e-01 5.144286997453661716e-05 4.177027431425245818e-18 6.680977268123006464e-20
1.500000000000000291e-02 9.369872689547892319e-01 1.541090274661886773e-04 8.076383486706750035e-17 2.774623200828600785e-18
1.750000000000000167e-02 9.074962596757183420e-01 4.183729626059163893e-04 1.075630683085769614e-15 6.304962266984444282e-17
2.000000000000000389e-02 8.694440680764242702e-01 1.060298694254937059e-03 1.078263368162527590e-14 8.562711564926746151e-16
2.250000000000000264e-02 8.208047375083088459e-01 2.582921492097641457e-03 8.455422384467799573e-14 7.351083802537377842e-15
2.500000000000000139e-02 7.585319705359871989e-01 6.234610838259692367e-03 5.093545400517106639e-13 4.233808939111906325e-14
2.750000000000000361e-02 6.775128851914697936e-01 1.493522231580256092e-02 1.710206625929459103e-12 1.748449658170250052e-13
3.000000000000000583e-02 5.686753612486395992e-01 3.547844199895536926e-02 3.945399774948366241e-12 5.521332792156675918e-13
3.250000000000000111e-02 4.203616948178047208e-01 7.733551182698072957e-02 8.310705578303975155e-12 1.408977421740744251e-12
3.500000000000000333e-02 2.505182858506804777e-01 1.221459998038735006e-01 1.547774966238373969e-11 3.038956962478914640e-12
3.750000000000000555e-02 1.265920403283992135e-01 1.123239344662238098e-01 2.585062298169438084e-11 5.737571584061089767e-12
4.000000000000000777e-02 6.223658898927697525e-02 6.603924697146545952e-02 3.971775109097895272e-11 9.744611340899553970e-12
4.250000000000000999e-02 3.211662356073051450e-02 3.122856967221944446e-02 5.700194154367111334e-11 1.520774947091474458e-11
4.500000000000000527e-02 1.729120164110200739e-02 1.442369814823396719e-02 7.740106967822919367e-11 2.217213732114056080e-11
4.750000000000000749e-02 9.631567075411120657e-03 6.985951570900945234e-03 1.006100009303074188e-10 3.059310357375765895e-11
5.000000000000000278e-02 5.531051120308300151e-03 3.575319727277352904e-03 1.264150061804929946e-10 4.036183664204826964e-11
5.250000000000000500e-02 3.268220354862862252e-03 1.916889987070706167e-03 1.542807349808149161e-10 5.133244690289103428e-11
5.500000000000000722e-02 1.964495277994053254e-03 1.084210644182203838e-03 1.841454981705858430e-10 6.334606950922322117e-11
5.750000000000000944e-02 1.207896585971680002e-03 6.343993545529472318e-04 2.157546925998824427e-10 7.625025573805062868e-11
6.000000000000001166e-02 7.568180071821714464e-04 3.832693067242861533e-04 2.488037423108660141e-10 8.990929834134873129e-11
6.250000000000000000e-02 4.827476177198668532e-04 2.378125258335381763e-04 2.833511567895628982e-10 1.042053112558987355e-10
6.500000000000000222e-02 3.113785873381697033e-04 1.527513231941081287e-04 3.195202855316423973e-10 1.190467399033760735e-10
6.750000000000000444e-02 2.037072145797600136e-04 1.004674312209263159e-04 3.564766576639019537e-10 1.343614375375349307e-10
7.000000000000000666e-02 1.356389097176898147e-04 6.691471752032492428e-05 3.956003609377775657e-10 1.500869597737512634e-10
7.250000000000000888e-02 9.098842413312395699e-05 4.591570995098687104e-05 4.352926931369982998e-10 1.661829099928741504e-10
7.500000000000001110e-02 6.202098887146768121e-05 3.181276019955954476e-05 4.768865138668873409e-10 1.826187390531552086e-10
7.750000000000001332e-02 4.263921063568698914e-05 2.252886111892424612e-05 5.196276189084699790e-10 1.993699866785747822e-10
8.000000000000001554e-02 2.964475832572478135e-05 1.618604196337897650e-05 5.630957979478086938e-10 2.164054836405006718e-10
8.250000000000001776e-02 2.084268552234300783e-05 1.177670951703154006e-05 6.079096044777072227e-10 2.337072621528767253e-10
8.500000000000001998e-02 1.483697119238123269e-05 8.646747597820510987e-06 6.544413045845891609e-10 2.512627527678487621e-10
8.750000000000000833e-02 1.061349112415539211e-05 6.479927964438469784e-06 7.018099906487419719e-10 2.690676350180884168e-10
9.000000000000001055e-02 7.671783501819479117e-06 4.902362436253418244e-06 7.502118383407719179e-10 2.871414485114413902e-10
9.250000000000001277e-02 5.607464620699938136e-06 3.736777445374155394e-06 8.001093359790943750e-10 3.053827127629920672e-10
9.500000000000001499e-02 4.144576682787777911e-06 2.867802310861476559e-06 8.513548725174205311e-10 3.236769286905712669e-10
9.750000000000001721e-02 3.072992399849655901e-06 2.239454285021210961e-06 9.022750841763436270e-10 3.421502712112540804e-10
1.000000000000000056e-01 2.297460029782845829e-06 1.764091483228467334e-06 9.543775168829918376e-10 3.608358446921085549e-10
