# time 1 2 D-1 D
0.000000000000000000e+00 9.999999661235713377e-01 4.930868352712933045e-09 8.576700657187112557e-36 7.659815063545730974e-35
1.250000000000000243e-03 9.988891774099408760e-01 2.817957118940111032e-08 9.041637212192470454e-25 6.892938260222964448e-24
2.500000000000000486e-03 9.953205187943838794e-01 7.148632178712526963e-07 2.033407338027058559e-20 3.811103146570142955e-20
3.750000000000000729e-03 9.888954511816672177e-01 4.960011865563194852e-06 8.000968388751134277e-18 6.770261783832734963e-18
5.000000000000000971e-03 9.791402214328835951e-01 2.268727993796145777e-05 5.973719727187058896e-16 3.010620206639398863e-16
6.250000000000000347e-03 9.654722056392245344e-01 7.964579458690988734e-05 1.768604838887988517e-14 6.428709185929383499e-15
7.500000000000001457e-03 9.471422547870508302e-01 2.422805327168617707e-04 2.886171886521459460e-13 8.778724838456866967e-14
8.750000000000000833e-03 9.231435685676083747e-01 6.643381764338348759e-04 3.081077487048522759e-12 8.720272277245583379e-13
1.000000000000000194e-02 8.920995510828528818e-01 1.689538428790658556e-03 2.379574853501328164e-11 6.540361053312528786e-12
1.125000000000000132e-02 8.522259668605526306e-01 3.947866292733181841e-03 1.395912992078849504e-10 3.690767376526990409e-11
1.250000000000000069e-02 8.016176517540390956e-01 8.417708541903996811e-03 6.089906443418449175e-10 1.573088316993095288e-10
1.375000000000000180e-02 7.391907008693039405e-01 1.613260569783600898e-02 1.982495210031799400e-09 5.208827878770896421e-10
1.500000000000000291e-02 6.661751510935870479e-01 2.728015868721408305e-02 4.929246554773670739e-09 1.396905181464134625e-09
1.625000000000000056e-02 5.869425859790642352e-01 4.044177190662526927e-02 1.079288769747906124e-08 3.164083889367658323e-09
1.750000000000000167e-02 5.076094129459949311e-01 5.296166244962585701e-02 1.197561506751972810e-08 6.274888050554286107e-09
1.875000000000000278e-02 4.330583877622997679e-01 6.218925800319293623e-02 1.565022355587902951e-08 1.121220931230330936e-08
2.000000000000000389e-02 3.648947534355304056e-01 6.926906470951967043e-02 2.184859195572498395e-08 1.845377600804076373e-08
2.125000000000000500e-02 3.015979166494407449e-01 7.905227838924853978e-02 2.971186589569044549e-08 2.844768848968719122e-08
2.250000000000000264e-02 2.394200583829234619e-01 9.673303343254908981e-02 3.894413406032444661e-08 4.159646206585295276e-08
2.375000000000000375e-02 1.754805539173866502e-01 1.235955850921893195e-01 4.974972773208632241e-08 5.824628713925761611e-08
2.500000000000000139e-02 1.128160701955723128e-01 1.550870392671733766e-01 6.041652623028948341e-08 7.867989131015826815e-08
2.625000000000000250e-02 6.395299446723211323e-02 1.771859899240151581e-01 7.380214584270471273e-08 1.031123774223918073e-07
2.750000000000000361e-02 3.416717953493222243e-02 1.832893436121067476e-01 8.739895099508311426e-08 1.316899826405348885e-07
2.875000000000000472e-02 1.852257448813071639e-02 1.769903044282016558e-01 1.007484283334772691e-07 1.644916291204132168e-07
3.000000000000000583e-02 1.055780294862488332e-02 1.628992795859509624e-01 1.160177077674942072e-07 2.015329095359261594e-07
3.125000000000000000e-02 6.362554198842686540e-03 1.431286520213822244e-01 1.305060835994586112e-07 2.427718498413832704e-07
3.250000000000000111e-02 4.036183541498252099e-03 1.191740257314723994e-01 1.465061245304279150e-07 2.881159356917370132e-07
3.375000000000000222e-02 2.677283657543418072e-03 9.522702867605878363e-02 1.625103591627186515e-07 3.374299709873767461e-07
3.500000000000000333e-02 1.845209630955997951e-03 7.535147546168599608e-02 1.799773450860912690e-07 3.905436804591843530e-07
3.625000000000000444e-02 1.314262882621215333e-03 6.034644688601564777e-02 1.955778567153960729e-07 4.472587817007959594e-07
3.750000000000000555e-02 9.631156677103558210e-04 4.807682197757436743e-02 2.124794110781190843e-07 5.073568087793134306e-07
3.875000000000000666e-02 7.235350860224825167e-04 3.872673573223580669e-04 2.287272403143719417e-07 5.706048139469882115e-07
4.000000000000000777e-02 5.555567725037882784e-04 1.305434012682846049e-04 2.469727058170585284e-07 6.367605806124132169e-07
4.125000000000000888e-02 4.349135535473811517e-04 6.042461845032083128e-05 2.620118893171475302e-07 7.055774080636400901e-07
4.250000000000000999e-02 3.463918512349513801e-04 4.627886942757223363e-05 2.809618060227286824e-07 7.768095449205827430e-07
4.375000000000000416e-02 2.801801642390158243e-04 2.407865049767884678e-05 2.953902469239785244e-07 8.502128456884929813e-07
4.500000000000000527e-02 2.297895510058951449e-04 2.787274986042649209e-05 3.126584288640902423e-07 9.255473718017240615e-07
4.625000000000000638e-02 1.908305865501446505e-04 5.828110989658272603e-06 3.283864867643995389e-07 1.002580515801305116e-06
4.750000000000000749e-02 1.602732573249861367e-04 8.542805924097687325e-07 3.474684240270572245e-07 1.081090152797334953e-06
4.875000000000000860e-02 1.359873686687724690e-04 1.410673447700349189e-05 3.607188902551395192e-07 1.160862197464595834e-06
5.000000000000000278e-02 1.164500898641367192e-04 2.171463625533873813e-06 3.764507285086490616e-07 1.241691092689499418e-06
