# time 1 2 D-1 D
0.000000000000000000e+00 9.999999307798786985e-01 1.797167405266471921e-08 5.009681416716116454e-35 3.692279485145874771e-35
1.250000000000000243e-03 9.987810432419780282e-01 6.685038450439323717e-09 1.598366377494353981e-28 5.434853521934586865e-33
2.500000000000000486e-03 9.948644163024245035e-01 1.418961141756336635e-07 3.852120997040410428e-24 2.117873141382825978e-27
3.750000000000000729e-03 9.878178222564950595e-01 1.043924937108694241e-06 1.704885609164209428e-21 5.213389416906084728e-24
5.000000000000000971e-03 9.771427149404656731e-01 4.805049967068644651e-06 1.561764911524840771e-19 1.568740198861242512e-21
6.250000000000000347e-03 9.622475289611716054e-01 1.799233411240786897e-05 6.208458236338134464e-18 1.489648507771557160e-19
7.500000000000001457e-03 9.423992697306863286e-01 5.859108243420290513e-05 1.493259697461665143e-16 6.707917644046792733e-18
8.750000000000000833e-03 9.166423779886894163e-01 1.757597238035211020e-04 2.507498262791168696e-15 1.720085386200870091e-16
1.000000000000000194e-02 8.836587717853610080e-01 5.003346132879984672e-04 3.139538919785542886e-14 2.710586821221071399e-15
1.125000000000000132e-02 8.415076774971292917e-01 1.386739555118260935e-03 3.005684997456489724e-13 2.736448967428918576e-14
1.250000000000000069e-02 7.870907840335480410e-01 3.825492373793652930e-03 2.147268289238970552e-12 1.858056825752497417e-13
1.375000000000000180e-02 7.149268058385270797e-01 1.048887042376790354e-02 8.241051114340256481e-12 9.019762804840589586e-13
1.500000000000000291e-02 6.146971543781004632e-01 2.821372693855989100e-02 2.181513275587766930e-11 3.331340166598017457e-12
1.625000000000000056e-02 4.711635069685103927e-01 6.825703216022360742e-02 5.283474868700687117e-11 9.888256623409230087e-12
1.750000000000000167e-02 2.966402142888566185e-01 1.156827191181801912e-01 1.127108040720855881e-10 2.466681768443263736e-11
1.875000000000000278e-02 1.611542114861817532e-01 1.095841919251855090e-01 2.145531043635421635e-10 5.356681239359260465e-11
2.000000000000000389e-02 8.609324666027469430e-02 6.408082281190539964e-02 3.739058134977756674e-10 1.040820877731965831e-10
2.125000000000000500e-02 4.841706807470887164e-02 2.937311632123265626e-02 6.055084764992816526e-10 1.848340148296952418e-10
2.250000000000000264e-02 2.846963505475527678e-02 1.300953999808892626e-02 9.227709760462202202e-10 3.050008350923955872e-10
2.375000000000000375e-02 1.735541309125639142e-02 6.042261788154963328e-03 1.338878195692841679e-09 4.737656709330695060e-10
2.500000000000000139e-02 1.091980196143939492e-02 2.975566038948137051e-03 1.867939825840145851e-09 6.998642896350680589e-10
2.625000000000000250e-02 7.068162258266590635e-03 1.538161793482726485e-03 2.516856140524759764e-09 9.912656296645906726e-10
2.750000000000000361e-02 4.666750093103333094e-03 8.479679972196304746e-04 3.299377525357328244e-09 1.354982791319908765e-09
2.875000000000000472e-02 3.149724728799417096e-03 4.844706384502284776e-04 4.222730819640450943e-09 1.796977253355212983e-09
3.000000000000000583e-02 2.165741809453071952e-03 2.865833430959924028e-04 5.290320566060462008e-09 2.322164651819487575e-09
3.125000000000000000e-02 1.514812876092305619e-03 1.741439333732049816e-04 6.512152262120440518e-09 2.934448447066147383e-09
3.250000000000000111e-02 1.073404262507435085e-03 1.108677437842954191e-04 7.899386923762239819e-09 3.636767605862410676e-09
3.375000000000000222e-02 7.712278323925824677e-04 7.256830960179408560e-05 9.433385208291621601e-09 4.431258906278244518e-09
3.500000000000000333e-02 5.622984308277654197e-04 4.767520894418501311e-05 1.115595300296649865e-08 5.319125931776990213e-09
3.625000000000000444e-02 4.140158571573388131e-04 3.280587846198388904e-05 1.302510204656266033e-08 6.301097515829429592e-09
3.750000000000000555e-02 3.087563968013348824e-04 2.257685718716498721e-05 1.508324946026776754e-08 7.377144462586328291e-09
3.875000000000000666e-02 2.324631580532016031e-04 1.604069511668638475e-05 1.730534642231732931e-08 8.546726750958158162e-09
4.000000000000000777e-02 1.767939004686221248e-04 1.158116191430519347e-05 1.967574743776876155e-08 9.808810034526208745e-09
4.125000000000000888e-02 1.357814678938043691e-04 8.450902360049051613e-06 2.221637240244590174e-08 1.116186222927695271e-08
4.250000000000000999e-02 1.053007707313226743e-04 6.182750003666777900e-06 2.494553780035261923e-08 1.260404711363282491e-08
4.375000000000000416e-02 8.224705944754492318e-05 4.699484823202615539e-06 2.781662586806723680e-08 1.413312153617828322e-08
4.500000000000000527e-02 6.479134674229806534e-05 3.598762907364061090e-06 3.083992010976674604e-08 1.574661300777443669e-08
4.625000000000000638e-02 5.147516301625794041e-05 2.756853281443901231e-06 3.403711990769244799e-08 1.744170872882285671e-08
4.750000000000000749e-02 4.123231326168961321e-05 2.106330639865848015e-06 3.740955166372584697e-08 1.921543035348786103e-08
4.875000000000000860e-02 3.321640714230136756e-05 1.673392768610544697e-06 4.086012073052594943e-08 2.106413716494206396e-08
5.000000000000000278e-02 2.694664778470183474e-05 1.339796490853309295e-06 4.446478876173457884e-08 2.298270113422981611e-08
