# lambda 1 2 D-1 D
0.000000000000000000e+00 -1.499999994025831640e+01 -1.300000002875973948e+01 1.300000001594822407e+01 1.499999993389709729e+01
2.500000000000000139e-02 -1.463512026476015393e+01 -1.277405082717985607e+01 1.277461019713148360e+01 1.463595054423449682e+01
5.000000000000000278e-02 -1.429006596298407494e+01 -1.256720081756628637e+01 1.257179437351002527e+01 1.429712907430215729e+01
7.500000000000001110e-02 -1.396442225713089158e+01 -1.237922359998584909e+01 1.239509365794118878e+01 1.398998605945991613e+01
1.000000000000000056e-01 -1.365806333976016695e+01 -1.221012799413730043e+01 1.224847543537508621e+01 1.372360407804446147e+01
1.250000000000000000e-01 -1.337117515818783176e+01 -1.206016965653878970e+01 1.213602620929891174e+01 1.351065910528893710e+01
1.500000000000000222e-01 -1.310429443356220247e+01 -1.192988284525522502e+01 1.206172862354824460e+01 1.336795381293142881e+01
1.750000000000000167e-01 -1.285837524314655944e+01 -1.182011903838814071e+01 1.203016856480572550e+01 1.331502223376321759e+01
2.000000000000000111e-01 -1.263490258679209433e+01 -1.173208739296839198e+01 1.204927091144568863e+01 1.336919761262691608e+01
2.250000000000000056e-01 -1.243609144270079092e+01 -1.166737696896215404e+01 1.213376895210324768e+01 1.353894308301277682e+01
2.500000000000000000e-01 -1.226525643270433363e+01 -1.162789240292402226e+01 1.230546073031764109e+01 1.382119272967847223e+01
2.750000000000000222e-01 -1.212755448676080761e+01 -1.161550822149284556e+01 1.259747216955516791e+01 1.420468433793882923e+01
3.000000000000000444e-01 -1.203155022144482977e+01 -1.163097784176183502e+01 1.300460432155690249e+01 1.467508462653377954e+01
3.250000000000000111e-01 -1.199187599310806540e+01 -1.167181817816922340e+01 1.348891625601214450e+01 1.521840156645831321e+01
3.500000000000000333e-01 -1.202791642207952094e+01 -1.173427759795001535e+01 1.403226653625545239e+01 1.582240547716193646e+01
3.750000000000000000e-01 -1.214673411497086164e+01 -1.182990806723367427e+01 1.462295306389764527e+01 1.647691882589217727e+01
4.000000000000000222e-01 -1.233578332081094686e+01 -1.198418089943921672e+01 1.525230793680902153e+01 1.717364375170087953e+01
4.250000000000000444e-01 -1.258033260869361314e+01 -1.220490741185663097e+01 1.591364864878906360e+01 1.790585822619172518e+01
4.500000000000000111e-01 -1.287008429187003244e+01 -1.248233181898838495e+01 1.660172343583114696e+01 1.866811304518489578e+01
4.750000000000000333e-01 -1.319773577488174965e+01 -1.280510908656420810e+01 1.731235047523291115e+01 1.945597193773789968e+01
5.000000000000000000e-01 -1.355774471658348546e+01 -1.316470557661725849e+01 1.804216350001938451e+01 2.026580157663845227e+01
5.250000000000000222e-01 -1.394573358909103433e+01 -1.355482896626141809e+01 1.878842614382755016e+01 2.109460617122987003e+01
5.500000000000000444e-01 -1.435815973737837581e+01 -1.397068020943859423e+01 1.954889378268168443e+01 2.193989843198214729e+01
5.750000000000000666e-01 -1.479210457378241017e+01 -1.440849558838670674e+01 2.032170956608713652e+01 2.279959907923898044e+01
6.000000000000000888e-01 -1.524512850821557919e+01 -1.486526135958401085e+01 2.110532515696010591e+01 2.367195838363109317e+01
6.250000000000000000e-01 -1.571516699763856906e+01 -1.533852398753342783e+01 2.189843984431472990e+01 2.455549461462602068e+01
6.500000000000000222e-01 -1.620045420898612676e+01 -1.582625807622725134e+01 2.269995333711304752e+01 2.544894546594407458e+01
6.750000000000000444e-01 -1.669946557777788598e+01 -1.632677189997963296e+01 2.350892880065111257e+01 2.635122947288344619e+01
7.000000000000000666e-01 -1.721087422071837381e+01 -1.683863790607580313e+01 2.432456373316055220e+01 2.726141516176128476e+01
7.250000000000000888e-01 -1.773351711396362163e+01 -1.736064083463110563e+01 2.514616680902749835e+01 2.817869621728946328e+01
7.500000000000000000e-01 -1.826636880643579630e+01 -1.789173800902709743e+01 2.597313931512684704e+01 2.910237136495588217e+01
7.750000000000000222e-01 -1.880852046161530922e+01 -1.843102871936163467e+01 2.680496008043128597e+01 3.003182796982885350e+01
8.000000000000000444e-01 -1.935916313637248720e+01 -1.897773008089654923e+01 2.764117341957431506e+01 3.096652858497240146e+01
8.250000000000000666e-01 -1.991757417679668407e+01 -1.953115784161769852e+01 2.848137912015805995e+01 3.190599985511141767e+01
8.500000000000000888e-01 -2.048310599969953216e+01 -2.009071095769936477e+01 2.932522426175537333e+01 3.284982331273596401e+01
8.750000000000000000e-01 -2.105517672316167932e+01 -2.065585907490617501e+01 3.017239637906101990e+01 3.379762770378707160e+01
9.000000000000000222e-01 -2.163326232491304069e+01 -2.122613220302230985e+01 3.102261786573090774e+01 3.474908255668731982e+01
9.250000000000000444e-01 -2.221688987713679353e+01 -2.180111226182976480e+01 3.187564122632160846e+01 3.570389276763616238e+01
9.500000000000000666e-01 -2.280563177174390432e+01 -2.238042600053514519e+01 3.273124509676279104e+01 3.666179402084691930e+01
9.750000000000000888e-01 -2.339910073936285073e+01 -2.296373904084649809e+01 3.358923089002782802e+01 3.762254889826895266e+01
1.000000000000000000e+00 -2.399694543882652908e+01 -2.355075092145103355e+01 3.444941985209224811e+01 3.858594356135779435e+01
