# time 1 2 D-1 D
0.000000000000000000e+00 9.999999496481777328e-01 1.672354748361280868e-08 8.747388406233761646e-36 2.772141264771426572e-36
2.500000000000000052e-04 9.988816680160784722e-01 2.525750875051985819e-08 3.098701815592876580e-31 1.675997804883339193e-37
5.000000000000000104e-04 9.953254155841917417e-01 2.812988337980375039e-07 6.201704819706626913e-27 5.699855166112352628e-33
7.500000000000001240e-04 9.890540765129495204e-01 1.534077971391176208e-06 2.139963395129285877e-24 1.276352608866193258e-29
1.000000000000000021e-03 9.798278752151803328e-01 5.537993474015217797e-06 1.341201482029114985e-22 3.299909501920298998e-27
1.250000000000000026e-03 9.674374726807061231e-01 1.840746984617364052e-05 3.199514511668860671e-21 2.629808705863484485e-25
1.500000000000000248e-03 9.516769883629054849e-01 5.241688829435952446e-05 4.060139478134780691e-20 9.862625310929218120e-24
1.750000000000000253e-03 9.322911000725180308e-01 1.444972905090129189e-04 3.256662918066958335e-19 2.166636855408008252e-22
2.000000000000000042e-03 9.088999207720150908e-01 3.528476362248568607e-04 1.843414620647464323e-18 3.146048770937072299e-21
2.250000000000000264e-03 8.809359664828437797e-01 7.643085475864420117e-04 8.088135139325238069e-18 3.233142393383842639e-20
2.500000000000000052e-03 8.476797649786921296e-01 1.526734454237986278e-03 3.001697353833189428e-17 2.446862344547800008e-19
2.750000000000000274e-03 8.085088820956561895e-01 2.487884173890798131e-03 1.018587735687291972e-16 1.398182718555699970e-18
3.000000000000000496e-03 7.633739686992337958e-01 3.392606300417539203e-03 3.022137329082192507e-16 6.152693666836380532e-18
3.250000000000000284e-03 7.132506236611411143e-01 3.713601131342898765e-03 7.083993360716943166e-16 2.128512621957668169e-17
3.500000000000000507e-03 6.601479019163504214e-01 2.923789523268360922e-03 1.329442793415652994e-15 5.929029604894988066e-17
3.749999999999999861e-03 6.065415029759622101e-01 1.404145692177157694e-03 2.069567458849417858e-15 1.365308210008757509e-16
4.000000000000000083e-03 5.546201209836442159e-01 2.168255473907102588e-04 2.758748516274676143e-15 2.668273466263963267e-16
4.250000000000000305e-03 5.058341837416352460e-01 4.293164162682927380e-03 3.289348152143879031e-15 4.534162889851445041e-16
4.500000000000000527e-03 4.608689977373311430e-01 4.523269811459673662e-03 3.591816344356526085e-15 6.837358283130277626e-16
4.750000000000000749e-03 4.198551398855392414e-01 4.843942479059623954e-03 3.723639099466801875e-15 9.303317196002945910e-16
5.000000000000000104e-03 3.826081704904246150e-01 5.290281537843826744e-03 3.708136401974045725e-15 1.156392753447725402e-15
5.250000000000000326e-03 3.488718621148565457e-01 5.728218767333224937e-03 3.595005167551606982e-15 1.325252143706412079e-15
5.500000000000000548e-03 3.179919872096336753e-01 6.461399444659368836e-03 3.406342862022161633e-15 1.411213181202657034e-15
5.750000000000000770e-03 2.899792396619105261e-01 7.111130940366575635e-03 3.228223161108341336e-15 1.400494898711501330e-15
6.000000000000000992e-03 2.643012511205414250e-01 7.949605044843009727e-03 3.034026849807980107e-15 1.297975823692107868e-15
6.250000000000000347e-03 2.404920791398536262e-01 9.048252061171475555e-03 2.910474811726075841e-15 1.123391227388317879e-15
6.500000000000000569e-03 2.182066186670595653e-01 1.055942466764609941e-02 2.909335448700062235e-15 9.031818028395423847e-16
6.750000000000000791e-03 1.973201065025244616e-01 1.236571156600045455e-02 3.440992041836093436e-15 6.711135488420163107e-16
7.000000000000001013e-03 1.775791494458351660e-01 1.452063076642283804e-02 5.532641277448221610e-15 4.535552136671885297e-16
7.250000000000001235e-03 1.577800488590120342e-01 1.805689747763713354e-02 8.840031024542419662e-15 2.738064246484823567e-16
7.499999999999999722e-03 1.389381621014483537e-01 2.181499907123555376e-02 1.139891268181615895e-14 1.400616423282815491e-16
7.750000000000000812e-03 1.197859956657837260e-01 2.694641660891240742e-02 1.394017765381035405e-14 5.347761978189360363e-17
8.000000000000000167e-03 1.011304541324746509e-01 3.255777847511123757e-02 1.613028783545407391e-14 1.245116780968903906e-17
8.250000000000000389e-03 8.210801352634614081e-02 3.945685970208738513e-02 1.708163842675412916e-14 1.084265926487457706e-18
8.500000000000000611e-03 6.443047771048382444e-02 4.590362174189702854e-02 1.692427742372799121e-14 7.935105712653317294e-18
8.750000000000000833e-03 4.978700008938351240e-02 5.019363669188819932e-02 1.547912643548923673e-14 2.192757516299620151e-17
9.000000000000001055e-03 3.956285170803550133e-02 5.090326964290269041e-02 1.292146431375246770e-14 3.353621601117845199e-17
9.250000000000001277e-03 3.098795665844701619e-02 5.067673259086084153e-02 1.026093727508958101e-14 4.222049628301344247e-17
9.500000000000001499e-03 2.560628331943841374e-02 4.769273973700993013e-02 7.824474806465676581e-15 4.414314080458776201e-17
9.750000000000001721e-03 2.118054200557269173e-02 4.382133374558798422e-02 5.821743496133120567e-15 4.165949746128726097e-17
1.000000000000000021e-02 1.760092028081984908e-02 3.904058992000978418e-02 4.408513566667539610e-15 3.686957754712720766e-17
