# time 1 2 D-1 D
0.000000000000000000e+00 9.999999550632426848e-01 1.439093082436240537e-08 5.530700920618863393e-36 9.481096623351008405e-35
5.000000000000000104e-04 9.992788229588072113e-01 4.761011028780310730e-09 9.085915312703658102e-30 3.560484267612109625e-27
1.000000000000000021e-03 9.969644252225520198e-01 3.222606680046456213e-07 7.530287090162331795e-26 1.916740177640223784e-23
1.500000000000000248e-03 9.928076411342428020e-01 2.501343970069261174e-06 1.179299155518768192e-23 3.195896144315160838e-21
2.000000000000000042e-03 9.865246280059831729e-01 1.108812369625435316e-05 2.290573540335049402e-22 1.261934129911807425e-19
2.500000000000000052e-03 9.777888465129368489e-01 3.778515609606521679e-05 4.699230778559118833e-23 2.224257633464147663e-18
3.000000000000000496e-03 9.662195202121190984e-01 1.093698769613149973e-04 1.238437183486617702e-19 2.313151679585223625e-17
3.500000000000000507e-03 9.513661950408086598e-01 2.874469626666066526e-04 5.234432463831200481e-18 1.642468957462596786e-16
4.000000000000000083e-03 9.326875327251819003e-01 6.962214027786544105e-04 9.165940082894553253e-17 8.669093176204615691e-16
4.500000000000000527e-03 9.095172174419916544e-01 1.590741639416867227e-03 9.625305791424484176e-16 3.588699049799698248e-15
5.000000000000000104e-03 8.809990965878405911e-01 3.467367482712276246e-03 7.101129679501940380e-15 1.208930468905726643e-14
5.500000000000000548e-03 8.459624458788389534e-01 7.228347943202064613e-03 3.918068262394619484e-14 3.408844268177744808e-14
6.000000000000000992e-03 8.027228524622194161e-01 1.441979523406367557e-02 1.700535065951098812e-13 8.244381214138825485e-14
6.500000000000000569e-03 7.489114621885120116e-01 2.747845303483220300e-02 6.051999216092435314e-13 1.751472546712834648e-13
7.000000000000001013e-03 6.818506248765057176e-01 4.933156177708519080e-02 1.797979125637724222e-12 3.352247272143964884e-13
7.499999999999999722e-03 6.002772830305026508e-01 8.142910882911143233e-02 4.563700513023852436e-12 5.938124118401995161e-13
8.000000000000000167e-03 5.078251670346538571e-01 1.206826936298984465e-01 1.009606068653187606e-11 1.005633424875045630e-12
8.500000000000000611e-03 4.145844934944716842e-01 1.572233559896701882e-01 1.970338781649199551e-11 1.700517443770961482e-12
9.000000000000001055e-03 3.312322475458563953e-01 1.811472992699009466e-01 3.438632542881937515e-11 2.903208728094965507e-12
9.500000000000001499e-03 2.635750837671092528e-01 1.873154418364315343e-01 5.408411642191956923e-11 5.184862286570169313e-12
1.000000000000000021e-02 2.114979113657672327e-01 1.775723352669296429e-01 7.709743697911430768e-11 9.676541028455485687e-12
1.050000000000000065e-02 1.719668012723905293e-01 1.566902334625539517e-01 1.006991801423173197e-10 1.760541846951714342e-11
1.100000000000000110e-02 1.418927440986619271e-01 1.302289093255636077e-01 1.233822579894851283e-10 2.880731714366001205e-11
1.150000000000000154e-02 1.187359979389911030e-01 1.030853154264490534e-01 1.472248209176002168e-10 4.031349522968697812e-11
1.200000000000000198e-02 1.006326258609188395e-01 7.860451673665112826e-02 1.773247440953541885e-10 4.775257873567287046e-11
1.250000000000000069e-02 8.625952591351947196e-02 5.846485574083570835e-02 2.184048032032439927e-10 4.927542291548559749e-11
1.300000000000000114e-02 7.468116762376172946e-02 3.052643555846396538e-03 2.655846113074461102e-10 4.550477979580072491e-11
1.350000000000000158e-02 6.523025657882967898e-02 3.166898444688254232e-04 3.224396848307999658e-10 3.826452742936871973e-11
1.400000000000000203e-02 5.742413070372753142e-02 3.378499072989876056e-04 3.753042694234069639e-10 2.950088415980182185e-11
1.450000000000000247e-02 5.090817746271219385e-02 3.507572740908461461e-04 7.202547492293928896e-10 2.075782082668085622e-11
1.499999999999999944e-02 4.541774775981306106e-02 3.809151781207882549e-04 6.508309733854781879e-10 1.305667275952935968e-11
1.550000000000000162e-02 4.075234141774640440e-02 4.239908648560190602e-04 7.282542385331517379e-10 6.980686062814047080e-12
1.600000000000000033e-02 3.675791160226925952e-02 4.535909230327286727e-04 8.055490146110373741e-10 2.803555069045150808e-12
1.650000000000000078e-02 3.331455168856380794e-02 4.774292788518997134e-04 8.830912814349603691e-10 6.068025143962884673e-13
1.700000000000000122e-02 3.032780630641953093e-02 5.010183523572720420e-04 9.615177177252057338e-10 3.677489490959157969e-13
1.750000000000000167e-02 2.772244996633178513e-02 5.200439428601243749e-04 1.047272667863701581e-09 2.012790903374964818e-12
1.800000000000000211e-02 2.543797073428618119e-02 5.353371548395873198e-04 1.151555329468224591e-09 5.448751158975912158e-12
1.850000000000000255e-02 2.342524603947697404e-02 5.456914407965306277e-04 1.299299511156349423e-09 1.057886519311349178e-11
1.900000000000000300e-02 2.164406917882810699e-02 5.569148382185422526e-04 1.543393248106545098e-09 1.731036293748477414e-11
1.950000000000000344e-02 2.006127472604845446e-02 5.645733649507607638e-04 1.979647179811558882e-09 2.555717271445820247e-11
2.000000000000000042e-02 1.864932266729889265e-02 5.691028509283815092e-04 2.527668090569072748e-09 3.524255208081047195e-11
