# time 1 2 D-1 D
0.000000000000000000e+00 9.999999550632426848e-01 1.439093082436240537e-08 5.530700920618863393e-36 9.481096623351008405e-35
5.000000000000000104e-04 9.992792995288080071e-01 1.182959845873449218e-09 1.390497646985032256e-29 3.560667471701006762e-27
1.000000000000000021e-03 9.969730273798567133e-01 1.618593794472052774e-07 1.560849827383762920e-25 1.916606260175782590e-23
1.500000000000000248e-03 9.928551429752442425e-01 1.332342537470684108e-06 3.735384514515463093e-23 3.194628898284369244e-21
2.000000000000000042e-03 9.866870340368367742e-01 6.069779546705938455e-06 1.637332769823577384e-21 1.260216449686535849e-19
2.500000000000000052e-03 9.782149762115511793e-01 2.131382795931276465e-05 1.991934415786153420e-20 2.216502438586503341e-18
3.000000000000000496e-03 9.671621680147789446e-01 6.396590186103577711e-05 7.580367147476006555e-20 2.296046278365739121e-17
3.500000000000000507e-03 9.532124621657311891e-01 1.759231078910368192e-04 3.045085761231050097e-20 1.619749009064367059e-16
4.000000000000000083e-03 9.359811409416697314e-01 4.480817697814221665e-04 1.296823642924042015e-17 8.464594547167980004e-16
4.500000000000000527e-03 9.149638519800645797e-01 1.080906229256841993e-03 2.678584747348095726e-16 3.454368036792786317e-15
5.000000000000000104e-03 8.894460771886218975e-01 2.491076149929890172e-03 2.739715635315243286e-15 1.141166846049357902e-14
5.500000000000000548e-03 8.583453129287272887e-01 5.483483834675948951e-03 1.823983985401935223e-14 3.136068451674577975e-14
6.000000000000000992e-03 8.199692600495112060e-01 1.151517891088448334e-02 8.921076509378675202e-14 7.339943955955003519e-14
6.500000000000000569e-03 7.717800176634589393e-01 2.299939298463653595e-02 3.454893300671325245e-13 1.497365294771731907e-13
7.000000000000001013e-03 7.106659579939488269e-01 4.303827745621056911e-02 1.089783662635214062e-12 2.730381687474154835e-13
7.499999999999999722e-03 6.345854195532139030e-01 7.358713519143407489e-02 2.892282752976430753e-12 4.576969973735820456e-13
8.000000000000000167e-03 5.461869213161706371e-01 1.122522743515382976e-01 6.634833768629273098e-12 7.308354844569432482e-13
8.500000000000000611e-03 4.549135323865522995e-01 1.495836445330826769e-01 1.334964911107919135e-11 1.168468927880007172e-12
9.000000000000001055e-03 3.715708062736848838e-01 1.753704741798333411e-01 2.396366553948335016e-11 1.910349337385470477e-12
9.500000000000001499e-03 3.026280978282414047e-01 1.837125425066519491e-01 3.874680384337961175e-11 3.339732950286273189e-12
1.000000000000000021e-02 2.486352050832884575e-01 1.757880533972184800e-01 5.689589159949999389e-11 6.265992500734838368e-12
1.050000000000000065e-02 2.069692918338271459e-01 1.560723609236813192e-01 7.677959157481514422e-11 1.169824034250635539e-11
1.100000000000000110e-02 1.747609079601619431e-01 1.301273374769374713e-01 9.741179444768210726e-11 1.984831928134906798e-11
1.150000000000000154e-02 1.495680653205006261e-01 1.030410012001113096e-01 1.203165436069885253e-10 2.890216083068868039e-11
1.200000000000000198e-02 1.295644483786771162e-01 7.839358222892363337e-02 1.493955761672403080e-10 3.565157129030351751e-11
1.250000000000000069e-02 1.134363979005229145e-01 5.804695923806830332e-02 1.882895699118474144e-10 3.838309902435696617e-11
1.300000000000000114e-02 1.002451767716760478e-01 3.258705692101618832e-03 2.342980596966179646e-10 3.712580791367750787e-11
1.350000000000000158e-02 8.931490025555949286e-02 4.105795670222462681e-04 2.885969773184299206e-10 3.290689677529060739e-11
1.400000000000000203e-02 8.015241760132382765e-02 4.418372102934382535e-04 3.407699753791023498e-10 2.701355386160240720e-11
1.450000000000000247e-02 7.239233672175844625e-02 4.646775817521506670e-04 3.680168677502123551e-10 2.057332435421390796e-11
1.499999999999999944e-02 6.575967012236895448e-02 5.079354183982006830e-04 3.058435385501823961e-10 1.441657432569592497e-11
1.550000000000000162e-02 6.004433373201395474e-02 5.664142398759681573e-04 3.459118537440392944e-10 9.084770892057363681e-12
1.600000000000000033e-02 5.508354080354972010e-02 6.101919075515760448e-04 3.858503463075801284e-10 4.896840828023770074e-12
1.650000000000000078e-02 5.074949545553242292e-02 6.478114373524307282e-04 4.254718016059618379e-10 2.014903250083704463e-12
1.700000000000000122e-02 4.694065221556303208e-02 6.853694154473212018e-04 4.644935611298110537e-10 4.984215812091823069e-13
1.750000000000000167e-02 4.357542579735548816e-02 7.177979921953661765e-04 5.060577746083940057e-10 3.442460629678096339e-13
1.800000000000000211e-02 4.058760158463835949e-02 7.459396888467645023e-04 5.554221138888405729e-10 1.511568145876916149e-12
1.850000000000000255e-02 3.792294160380290519e-02 7.682505454763955506e-04 6.260946282787321712e-10 3.937986766009762492e-12
1.900000000000000300e-02 3.553664847890412176e-02 7.913443188527847019e-04 7.405086821453074697e-10 7.549366910688918751e-12
1.950000000000000344e-02 3.339142916076612982e-02 8.100518912020575725e-04 9.442468408609495447e-10 1.226609166440166444e-11
2.000000000000000042e-02 3.145618611861331765e-02 8.247373651923171163e-04 1.197091881354071655e-09 1.800362831832918493e-11
