# time 1 2 D-1 D
0.000000000000000000e+00 9.999999673486845708e-01 3.582578162861818191e-09 3.706216138707590284e-34 1.528142656068973760e-35
5.000000000000000104e-04 9.967658195484300210e-01 4.358830447853390800e-05 7.881165991259093002e-21 3.472446364387159635e-22
1.000000000000000021e-03 9.865682847625277807e-01 2.213039023497676114e-04 1.125266679921699123e-19 2.602043672718601070e-19
1.500000000000000248e-03 9.687851507784052130e-01 5.822865084233504055e-04 1.237042474811154025e-16 8.555390908064094468e-18
2.000000000000000042e-03 9.429869002597428551e-01 1.312474351403077532e-03 8.922872357357647432e-15 4.734538063341733192e-17
2.500000000000000052e-03 9.089876243062982031e-01 2.298306202368636132e-03 2.260413931865559202e-13 4.024920527279591994e-19
3.000000000000000496e-03 8.668851472512263401e-01 3.502193740259075625e-03 2.932739195551846580e-12 4.776158947234125951e-15
3.500000000000000507e-03 8.170917633659264823e-01 4.770638052632952472e-03 2.285264869773701603e-11 1.067123328610447107e-13
4.000000000000000083e-03 7.603620192414575207e-01 6.026655197880158993e-03 1.155995709329647901e-10 1.091429710904371588e-12
4.500000000000000527e-03 6.978234909118014029e-01 6.930010624215165137e-03 4.424282516235196428e-10 7.436866125403612623e-12
5.000000000000000104e-03 6.310030454544612866e-01 7.535240357379202093e-03 1.435597950587206680e-09 3.873040030984007596e-11
5.500000000000000548e-03 5.618167899527042319e-01 7.859723154628014269e-03 4.144050429398136384e-09 1.655538810512220971e-10
6.000000000000000992e-03 4.924740923087260747e-01 8.241400374803507095e-03 1.077791308400895537e-08 6.070745113410932281e-10
6.500000000000000569e-03 4.252627668693494400e-01 8.459987863086654639e-03 2.569730132030005134e-08 1.968926743499505556e-09
7.000000000000001013e-03 3.622466278690880670e-01 8.742801631761984438e-03 5.696664016308755250e-08 5.777603651730554392e-09
7.499999999999999722e-03 3.049777989677946999e-01 9.077660079934189025e-03 1.178082781241470063e-07 1.561024430577567177e-08
8.000000000000000167e-03 2.543322648727672775e-01 9.455992551452097397e-03 2.286164057598228591e-07 3.937307211254945096e-08
8.500000000000000611e-03 2.105067828308659350e-01 9.960698396276078392e-03 4.182652502194594344e-07 9.370662210048208772e-08
9.000000000000001055e-03 1.733113505930414244e-01 1.046973707644251184e-02 7.233051714466652907e-07 2.121188547636529511e-07
9.500000000000001499e-03 1.419745799135619657e-01 1.111017517766734776e-02 1.197324405610755934e-06 4.590769840963738968e-07
1.000000000000000021e-02 1.158222246249844545e-01 1.176600737655472684e-02 1.859121023898865692e-06 9.525198171510129315e-07
1.050000000000000065e-02 9.410585964287217220e-02 1.242367880025943734e-02 2.761447016465635421e-06 1.895124076572799209e-06
1.100000000000000110e-02 7.615006797685482109e-02 1.298404249488225269e-02 3.908621691598875331e-06 3.609679972102714304e-06
1.150000000000000154e-02 6.130158021305479737e-02 1.348384969413728672e-02 5.326559218036810399e-06 6.574290257516294125e-06
1.200000000000000198e-02 4.910096108166409762e-02 1.380466699017414249e-02 6.922415494479355933e-06 1.144443321378934762e-05
1.250000000000000069e-02 3.918697899605259882e-02 1.386125432238599804e-02 8.887233105806865302e-06 1.908057894244757810e-05
1.300000000000000114e-02 3.111364298413562407e-02 1.371582538487111508e-02 1.084171936213046979e-05 3.058171268745540108e-05
1.350000000000000158e-02 2.464646150517210352e-02 1.332899120331608109e-02 1.395455198491911426e-05 4.734494627588172139e-05
1.400000000000000203e-02 1.955058150452639726e-02 1.265291672793242284e-02 1.473786480918732355e-05 7.112960287871221963e-05
1.450000000000000247e-02 1.553726547588158563e-02 1.180484447121278244e-02 5.845748486815440176e-04 1.041169927368208395e-04
1.499999999999999944e-02 1.239718549782296668e-02 1.083548801788827842e-02 7.136429147309381396e-04 1.489429153437168908e-04
1.550000000000000162e-02 9.950264252182551214e-03 9.773518471606353064e-03 8.494381345589612983e-04 2.086857939217619761e-04
1.600000000000000033e-02 8.043107482749643072e-03 8.702126147293912442e-03 9.894694222739328169e-04 2.867930235769480416e-04
1.650000000000000078e-02 6.552769553402771480e-03 7.626271222593730345e-03 1.132420238834003440e-03 3.869323335659299650e-04
1.700000000000000122e-02 5.382843795883794635e-03 6.588423768832818092e-03 1.272843182891158229e-03 5.127934321947066670e-04
1.750000000000000167e-02 4.458887374989208008e-03 5.603922328005711030e-03 1.409592290945341480e-03 6.685747205443168251e-04
1.800000000000000211e-02 3.724107893947861420e-03 4.675823848436424374e-03 1.538419298490210918e-03 8.547159775427771175e-04
1.850000000000000255e-02 3.135375972918866706e-03 3.853456017137950242e-03 1.658420589029025935e-03 1.075228067170313270e-03
1.900000000000000300e-02 2.659996379116292588e-03 3.113675336203117639e-03 1.766865242612215749e-03 1.331938133464842218e-03
1.950000000000000344e-02 2.273150808707039092e-03 2.481901146241957679e-03 1.864518383567108535e-03 1.622834883895344152e-03
2.000000000000000042e-02 1.955935142794769290e-03 1.949791069081097811e-03 1.950319785488455150e-03 1.950494384620378614e-03
