# time 1 2 D-1 D
0.000000000000000000e+00 9.999999865233486496e-01 1.736152057087481679e-09 6.770847460736376046e-35 6.057322389787246459e-35
5.000000000000000104e-04 9.999990384052135362e-01 1.058835643839045845e-07 1.401952011001270413e-21 7.562082897242970845e-23
1.000000000000000021e-03 9.999834713116243501e-01 2.075994383844351414e-06 4.845806947077921128e-21 5.571462053812032966e-23
1.500000000000000248e-03 9.999101671511639866e-01 1.336749295266224358e-05 3.697968298766571633e-21 1.669725436663279583e-23
2.000000000000000042e-03 9.996937953904728724e-01 5.283472389218731187e-05 6.774037236408519254e-20 1.224486130926441404e-20
2.500000000000000052e-03 9.991892758261974317e-01 1.577506448118069619e-04 7.447774938832346360e-19 7.534942817502220739e-20
3.000000000000000496e-03 9.981696016095868984e-01 3.981142613999670240e-04 4.328096949121764981e-18 2.449264846108915021e-19
3.500000000000000507e-03 9.963043172885200915e-01 8.707109358110341497e-04 3.055167494287296009e-17 1.159308310432053091e-18
4.000000000000000083e-03 9.931485835013912356e-01 1.729163213501890570e-03 2.030040204059045195e-16 6.531281057103125755e-18
4.500000000000000527e-03 9.881536735947847871e-01 3.167380706186858578e-03 1.191406766899568538e-15 3.873483214015037612e-17
5.000000000000000104e-03 9.807017837730752641e-01 5.417738747203739054e-03 6.073854676055220407e-15 2.140289161272612519e-16
5.500000000000000548e-03 9.701498897606900540e-01 8.767848795759227570e-03 2.576531579366418585e-14 9.798687892842433338e-16
6.000000000000000992e-03 9.558493551441895608e-01 1.361578181219938975e-02 9.292490569554613581e-14 3.710175353636817511e-15
6.500000000000000569e-03 9.371058915058800842e-01 2.057597181643331177e-02 2.873225779478034689e-13 1.158013944840740319e-14
7.000000000000001013e-03 9.130723218721529255e-01 3.016722326938373749e-02 7.714856491811429837e-13 3.006528061140041191e-14
7.499999999999999722e-03 8.826170876999761550e-01 4.372235026308599753e-02 1.826968009520269557e-12 6.595006533022448935e-14
8.000000000000000167e-03 8.442727840621334634e-01 6.205540562014946054e-02 3.860502741617350391e-12 1.230624209133954872e-13
8.500000000000000611e-03 7.964296662164772611e-01 8.633888895378497019e-02 7.349660305246149262e-12 1.972293759456117337e-13
9.000000000000001055e-03 7.379559579890145882e-01 1.171941206770740485e-01 1.276957439650224557e-11 2.733800219730861368e-13
9.500000000000001499e-03 6.692522448587515660e-01 1.533433342634663576e-01 2.036528761371715567e-11 3.323398821150293840e-13
1.000000000000000021e-02 5.932267843574009492e-01 1.927685123890142405e-01 3.012341224493047384e-11 3.686738524283326110e-13
1.050000000000000065e-02 5.151743446343337585e-01 2.305006209258295413e-01 4.175267376115325605e-11 4.140936848055519637e-13
1.100000000000000110e-02 4.410915842919234664e-01 2.609694860824341434e-01 5.466025769149516670e-11 5.759861739777732541e-13
1.150000000000000154e-02 3.755238026143590813e-01 2.836886606960316581e-01 6.827467144824192530e-11 1.225726744255965547e-12
1.200000000000000198e-02 3.205263982244229148e-01 2.988086134224283152e-01 8.162665111717829482e-11 3.404665785997501404e-12
1.250000000000000069e-02 2.760308346212682618e-01 3.041677787681651424e-01 9.388543219207211178e-11 8.351544439684484550e-12
1.300000000000000114e-02 2.407910779468330487e-01 3.508391525110107212e-01 1.062609504740359438e-10 1.516063307624284892e-11
1.350000000000000158e-02 2.131818100963993878e-01 1.471694616071090866e-01 1.229460817014792793e-10 2.060108941136590820e-11
1.400000000000000203e-02 1.916429891301471566e-01 1.266910329769358190e-01 1.439274753609498089e-10 2.372882552061681337e-11
1.450000000000000247e-02 1.748534472901053793e-01 1.231232688092537969e-01 1.704809969186157572e-10 2.425525435185725732e-11
1.499999999999999944e-02 1.617599613616741983e-01 1.182969690699007259e-01 1.987130510619396348e-10 2.323655474152359783e-11
1.550000000000000162e-02 1.515472202987311334e-01 1.178532059733500559e-01 2.306049624870564223e-10 2.104262690123058646e-11
1.600000000000000033e-02 1.435919153421660044e-01 1.161654720322215367e-01 2.629401417838462450e-10 1.815709680640011897e-11
1.650000000000000078e-02 1.374188609105438941e-01 1.144974826645674265e-01 2.932400666353981537e-10 1.491202045508213141e-11
1.700000000000000122e-02 1.326647557488063456e-01 1.123833909683048804e-01 3.243256150241773146e-10 1.157792940203464840e-11
1.750000000000000167e-02 1.290501245116253137e-01 1.120692024366616996e-01 3.486702829347159962e-10 8.375715269898853376e-12
1.800000000000000211e-02 1.263582683900345283e-01 1.100291366157343242e-01 3.670479047162865245e-10 5.484298165422857352e-12
1.850000000000000255e-02 1.244196752739605422e-01 1.090870621339649488e-01 3.775586109842625712e-10 3.060143130468556977e-12
1.900000000000000300e-02 1.231005314728413902e-01 1.089500901847075404e-01 3.796153710473788634e-10 1.252548989125957154e-12
1.950000000000000344e-02 1.222942361393792587e-01 1.079522828643085935e-01 3.693204306269918668e-10 2.104149308532905378e-13
2.000000000000000042e-02 1.219154767378045900e-01 1.071947914564826687e-01 3.523058383159324690e-10 7.931506312239769745e-14
