# time 1 2 D-1 D
0.000000000000000000e+00 9.999999498402272202e-01 2.310274395377446029e-08 4.427419116313008726e-35 2.285096733151216656e-36
2.500000000000000486e-03 9.999972813432401741e-01 2.027577084352827510e-06 2.401785210456964172e-35 6.056792039796936466e-36
5.000000000000000971e-03 9.999492673459227099e-01 3.983375624739419124e-05 1.095197422723311405e-31 7.021876322694263690e-33
7.500000000000001457e-03 9.996950856107073013e-01 2.472355647334387239e-04 2.569080361759342984e-30 1.566830745543976927e-31
1.000000000000000194e-02 9.988713585477498880e-01 9.314561774166955866e-04 1.782610047358530129e-29 1.696664417511440186e-29
1.250000000000000069e-02 9.968422603257351966e-01 2.593231874828074227e-03 4.642163535647314385e-29 9.004505223433010508e-29
1.500000000000000291e-02 9.926971104010273717e-01 5.758060688606704385e-03 5.896148593928997462e-29 2.908749532617878583e-28
1.750000000000000167e-02 9.853649512143985989e-01 9.510387007940731760e-03 4.509257030820378053e-29 7.229273404143298630e-28
2.000000000000000389e-02 9.738388248308046391e-01 6.073269231390298478e-03 5.528593517461041946e-28 1.484064477649096587e-27
2.250000000000000264e-02 9.574213081396233394e-01 1.769157489944818808e-03 5.451700297150536219e-27 2.389408277102500289e-27
2.500000000000000139e-02 9.358703493905169424e-01 6.597773412469974110e-04 3.012355061357793049e-26 2.729719524674560682e-27
2.750000000000000361e-02 9.093860703882177265e-01 2.054909115433276761e-04 1.081461537961051655e-25 1.286130757054844552e-27
3.000000000000000583e-02 8.784785447147590576e-01 2.292973888794826965e-05 2.269700299243942566e-25 3.974456362244486081e-28
3.250000000000000111e-02 8.438062175967148137e-01 1.105677248223947451e-05 1.386432410756590244e-25 2.002994345282464693e-26
3.500000000000000333e-02 8.060516235233849969e-01 1.137498493756398206e-04 5.809041013012199978e-25 1.517975119984415606e-25
3.750000000000000555e-02 7.658528902090747659e-01 3.482671675522518357e-04 1.532239179246090009e-23 7.841861362868203060e-25
4.000000000000000777e-02 7.237780224752590197e-01 6.783055902919609597e-04 1.340745312805216570e-22 4.401827773621877878e-24
4.250000000000000999e-02 6.803224005297618948e-01 1.169054697741978661e-03 6.572137695703776577e-22 2.574052971734265276e-23
4.500000000000000527e-02 6.359155872366456519e-01 1.843802507104910652e-03 2.518799553189176737e-21 1.074746374142153007e-22
4.750000000000000749e-02 5.909304665358084963e-01 2.765788686075759499e-03 7.766029946973746837e-21 4.668951761862868493e-22
5.000000000000000278e-02 5.456928655312892618e-01 3.957286709093264104e-03 2.084296157198324176e-20 1.649925601785251827e-21
5.250000000000000500e-02 5.004922407890546321e-01 5.510731045869335723e-03 4.601328491204678420e-20 6.297947558042819430e-21
5.500000000000000722e-02 4.555949077663276059e-01 7.492135476559822448e-03 9.200767840405865120e-20 1.891468854561853607e-20
5.750000000000000944e-02 4.112585634343666752e-01 1.003721856650700850e-02 1.786772187087835920e-19 4.191634744339782398e-20
6.000000000000001166e-02 3.677506964242799881e-01 1.315765995548074177e-02 2.943518573320937699e-19 9.693054693894079408e-20
6.250000000000000000e-02 3.253788607844912972e-01 1.688623827662221605e-02 4.328470183816417023e-19 1.993842989455048206e-19
6.500000000000000222e-02 2.844854432821330992e-01 2.126249954450811289e-02 5.386226725924015366e-19 3.920063128412803845e-19
6.750000000000000444e-02 2.455822163598537777e-01 2.606659494012695741e-02 5.958781750754428627e-19 7.449201777525653576e-19
7.000000000000000666e-02 2.087327260223589831e-01 3.154191805814641342e-02 4.472182447184078794e-19 1.263455797445952758e-18
7.250000000000000888e-02 1.753812663350022560e-01 3.642967894924153266e-02 1.337281962178636601e-19 2.064912421378094439e-18
7.500000000000001110e-02 1.452714931205273952e-01 4.112392337845278273e-02 4.961015466888359220e-20 2.700865047420429048e-18
7.750000000000001332e-02 1.192242024939504097e-01 4.471937064352087682e-02 1.536783316137587221e-18 2.618326738382660193e-18
8.000000000000001554e-02 9.737581880572203363e-02 4.698831876719964523e-02 6.228426230677340361e-18 9.487863753757855408e-19
8.250000000000001776e-02 7.951855628398531162e-02 4.795744842141793501e-02 1.330191699552259138e-17 1.062460878570619001e-18
8.500000000000001998e-02 6.549856402635213792e-02 4.744340139633990150e-02 1.528527595539878050e-17 1.431194787004086638e-17
8.750000000000000833e-02 5.443727592271175447e-02 4.600925872478344586e-02 6.815378351230264608e-18 5.768622093579704322e-17
9.000000000000001055e-02 4.580556347492771574e-02 4.386015867254691031e-02 9.716639804640280946e-18 1.477975984020648307e-16
9.250000000000001277e-02 3.903742151386407205e-02 4.115432671602056031e-02 1.288277373817129973e-16 2.986467755781936976e-16
9.500000000000001499e-02 3.367189388265917627e-02 3.816661795999771317e-02 6.610785707235332105e-16 5.189485863964707031e-16
9.750000000000001721e-02 2.936339394098512121e-02 3.539882748103731491e-02 2.175504768338390207e-15 7.808790976365707009e-16
1.000000000000000056e-01 2.586934142623879482e-02 3.241254406109999459e-02 5.287755566200369180e-15 1.034364055626982278e-15
