# time 1 2 D-1 D
0.000000000000000000e+00 9.999999670775385763e-01 4.740536517257066666e-09 4.701977403289150032e-35 1.544599576980485572e-34
1.250000000000000243e-03 9.990386420804675538e-01 2.686470022355369513e-10 1.071987610430464191e-16 7.951956651443412086e-22
2.500000000000000486e-03 9.959227696826217224e-01 8.440533027673755598e-10 3.334763220979147555e-14 5.001946938081473727e-18
3.750000000000000729e-03 9.902344726487842808e-01 2.253821107323386806e-09 1.046513930523707955e-12 9.938429685282723521e-16
5.000000000000000971e-03 9.814574919328036273e-01 9.994487739531263538e-08 1.276718400905843996e-11 4.775122577780296110e-14
6.250000000000000347e-03 9.689537308433658902e-01 9.191247152797463868e-07 9.232205210749242386e-11 1.039248215372542820e-12
7.500000000000001457e-03 9.519171899225948863e-01 4.937771175232986276e-06 4.791870471176585159e-10 1.332552482128533211e-11
8.750000000000000833e-03 9.293034050322380724e-01 1.989634917026061070e-05 1.972383588504887828e-09 1.131993587453900260e-10
1.000000000000000194e-02 8.997362155982245868e-01 6.645664607826754769e-05 6.953389141591040145e-09 6.710335514219964741e-10
1.125000000000000132e-02 8.614022002551204871e-01 2.034223902490438869e-04 2.285784922419834512e-08 2.876609202271790971e-09
1.250000000000000069e-02 8.120625304898926311e-01 5.188265931225486977e-04 7.606878336806240256e-08 9.330873110726752673e-09
1.375000000000000180e-02 7.491748395748882849e-01 1.290044014343650789e-03 2.063631088058096282e-07 2.413666115362763699e-08
1.500000000000000291e-02 6.705733555367920928e-01 3.200583235642102519e-03 3.567797756655563768e-07 5.224083252753523351e-08
1.625000000000000056e-02 5.760627983898657378e-01 7.452863095277489566e-03 5.362091495617581718e-07 9.830370166483791259e-08
1.750000000000000167e-02 4.680076678446414284e-01 1.691125652621276731e-02 7.547060864502906584e-07 1.655919167730012927e-07
1.875000000000000278e-02 3.526749486773013142e-01 3.434700223875837566e-02 1.008251846005776095e-06 2.553086414542681319e-07
2.000000000000000389e-02 2.399363725916813794e-01 5.911705459982328353e-02 1.284512380018359184e-06 3.665064101118729532e-07
2.125000000000000500e-02 1.545056557688535559e-01 7.196550149940646179e-02 1.576209629428595423e-06 4.964780677064327691e-07
2.250000000000000264e-02 9.981674635177914534e-02 7.026775860416768771e-02 1.866716138564831793e-06 6.413983679828923915e-07
2.375000000000000375e-02 6.785692313317127911e-02 5.993401739085962160e-02 2.161139718883473811e-06 7.969966511033824666e-07
2.500000000000000139e-02 4.834587152143036276e-02 4.822012980785148756e-02 2.442370134591719835e-06 9.591143109803104921e-07
2.625000000000000250e-02 3.524761452259258382e-02 3.833852252365551466e-02 2.708320420602034103e-06 1.124085519434883497e-06
2.750000000000000361e-02 2.617561294597018501e-02 3.042594390588490225e-02 2.963961494743404600e-06 1.288937639600601746e-06
2.875000000000000472e-02 1.985387133690074898e-02 2.408910858899718926e-02 3.199697481575559429e-06 1.451447885533212052e-06
3.000000000000000583e-02 1.507189412864704502e-02 1.933876789982925948e-02 3.429494292370431216e-06 1.610099028454670047e-06
3.125000000000000000e-02 1.167961702750214097e-02 1.547277268139375835e-02 3.637100805859438736e-06 1.763979417870767181e-06
3.250000000000000111e-02 9.048890691010981480e-03 1.251457749810592872e-02 3.839993555976397002e-06 1.912660313042976598e-06
3.375000000000000222e-02 7.084704307846976037e-03 1.012815879084146692e-02 4.035051310645081133e-06 2.056073280440930783e-06
3.500000000000000333e-02 5.604918435515362889e-03 8.186178295483946890e-03 4.216481789310554571e-06 2.194400154773908208e-06
3.625000000000000444e-02 4.471965608841415273e-03 6.602122641333587130e-03 4.396179737766700364e-06 2.327983000395698795e-06
3.750000000000000555e-02 3.576474520844447492e-03 5.322021518101839772e-03 4.568124919478398930e-06 2.457253421859323480e-06
3.875000000000000666e-02 2.895526606127051157e-03 4.248623974985811687e-03 4.743521806446443215e-06 2.582680519868562426e-06
4.000000000000000777e-02 2.346306460125087597e-03 3.375550308195132774e-03 4.914570736947403033e-06 2.704734232159947984e-06
4.125000000000000888e-02 1.915794076801959284e-03 2.648117255366877996e-03 5.079398462990594604e-06 2.823862379043772316e-06
4.250000000000000999e-02 1.573787701895444863e-03 2.050729621486017430e-03 5.240262220377877704e-06 2.940476683177653582e-06
4.375000000000000416e-02 1.300939785168264045e-03 1.556761479644430983e-03 5.414083618806683732e-06 3.054943582218698065e-06
4.500000000000000527e-02 1.080890559541632144e-03 1.161159801873360830e-03 5.572648650190212995e-06 3.167580312306026346e-06
4.625000000000000638e-02 9.004587881044196461e-04 8.457348135186426455e-04 5.740195613136238239e-06 3.278659868048063352e-06
4.750000000000000749e-02 7.534738162695446334e-04 6.041022637098044518e-04 5.917993153740430428e-06 3.388410847157718905e-06
4.875000000000000860e-02 6.332720128951195874e-04 4.179170447614966098e-04 6.078659399380752031e-06 3.497018753566600971e-06
5.000000000000000278e-02 5.345102654122868514e-04 2.757082289027517306e-04 6.258247254095992720e-06 3.604627855553393841e-06
