# time 1 2 D-1 D
0.000000000000000000e+00 9.999999600547451184e-01 1.375004580324228041e-08 3.264303042429115923e-35 2.046801987720461154e-34
2.500000000000000052e-04 9.957314613179095719e-01 1.051771548127256132e-04 4.732435294206713350e-23 3.226361517537667123e-25
5.000000000000000104e-04 9.835715843601497976e-01 4.936232810397202502e-04 4.343121128674203170e-19 4.547774419945000234e-21
7.500000000000001240e-04 9.644406582650109083e-01 1.301463600307213976e-03 1.251210111760974300e-16 1.935088025965008771e-18
1.000000000000000021e-03 9.391245146089151064e-01 2.695392542516967128e-03 8.448123011087089724e-15 1.916519312301185018e-16
1.250000000000000026e-03 9.082071258060324670e-01 4.916352105048637892e-03 2.464027423203194962e-13 8.273649196200694415e-15
1.500000000000000248e-03 8.720260847715162189e-01 8.308399706420077982e-03 4.065366966177687753e-12 2.022099139858438787e-13
1.750000000000000253e-03 8.306349377988609950e-01 1.336267518647954282e-02 4.421651492977765364e-11 3.165635293126678351e-12
2.000000000000000042e-03 7.837613167145137671e-01 2.075440239822616897e-02 3.454808367992310812e-10 3.390773810005864458e-11
2.250000000000000264e-03 7.307629852013824978e-01 3.137443523106481919e-02 2.014867398188619308e-09 2.598287719985259752e-10
2.500000000000000052e-03 6.706188189874918715e-01 4.646746216835059146e-02 9.063145306614867227e-09 1.481244163094505282e-09
2.750000000000000274e-03 6.020771681892481686e-01 6.721249295458382733e-02 3.275267503473591573e-08 6.528762878151322584e-09
3.000000000000000496e-03 5.242367552124054253e-01 9.413018095367868543e-02 9.971378471968315766e-08 2.310150355926375821e-08
3.250000000000000284e-03 4.379052518717751474e-01 1.265050275112852840e-01 2.675966610253764173e-07 6.796650580798690563e-08
3.500000000000000507e-03 3.474418795153227935e-01 1.584668147709948904e-01 6.610119265551404830e-07 1.715181022626335639e-07
3.749999999999999861e-03 2.610326033639262522e-01 1.817553906398353680e-01 1.540719044578253268e-06 3.812315168687972206e-07
4.000000000000000083e-03 1.872491718080959155e-01 1.875248705772410429e-01 3.198695113565689183e-06 7.628741766757020667e-07
4.250000000000000305e-03 1.304495831809587281e-01 1.723133008966472035e-01 5.361107433193313644e-06 1.399125316991747479e-06
4.500000000000000527e-03 8.987346705814144854e-02 1.383988035046123943e-01 7.845756486013119094e-06 2.385999510887189324e-06
4.750000000000000749e-03 6.208461556313864260e-02 8.795421940361296265e-02 1.086995331364494576e-05 3.827876442414194141e-06
5.000000000000000104e-03 4.336903831461323688e-02 2.401832479528763151e-02 1.469038340162180458e-05 5.832026657669443015e-06
5.250000000000000326e-03 3.076844653070003738e-02 4.147531013723430686e-03 1.925509814773761222e-05 8.503379083696778847e-06
5.500000000000000548e-03 2.220759606098626424e-02 1.026646485826583589e-03 2.472050170447220068e-05 1.194003872505558633e-05
5.750000000000000770e-03 1.630953569806735740e-02 3.475030800431794784e-04 3.104449754490286366e-05 1.622982105064799878e-05
6.000000000000000992e-03 1.217973640210705602e-02 1.470908484394746040e-04 3.832119808400918459e-05 2.144787261349682776e-05
6.250000000000000347e-03 9.238967894496814132e-03 6.776628768541918943e-05 4.634785745149906720e-05 2.765531155963158106e-05
6.500000000000000569e-03 7.109831625983528518e-03 3.663302429151193051e-05 5.529897324663508244e-05 3.489874335679260796e-05
6.750000000000000791e-03 5.543660523345939235e-03 2.046335104584296868e-05 6.499954942292126767e-05 4.321047388679518969e-05
7.000000000000001013e-03 4.374310932554961381e-03 1.321752881023022290e-05 7.534082612515108292e-05 5.260923937364881601e-05
7.250000000000001235e-03 3.489428414944077943e-03 8.679494799248255144e-06 8.648006534245311313e-05 6.310128974113239045e-05
7.499999999999999722e-03 2.810620479454678002e-03 6.665753159591516783e-06 9.830283583562992461e-05 7.468168660389079322e-05
7.750000000000000812e-03 2.284269889468092726e-03 5.529728343206046458e-06 1.108505331017933251e-04 8.733570514568507774e-05
8.000000000000000167e-03 1.872171003038138049e-03 4.624136997369872784e-06 1.240302825682347511e-04 1.010402560448480112e-04
8.250000000000000389e-03 1.545573512320059162e-03 4.660956727081782064e-06 1.375626648158079365e-04 1.157652671209138625e-04
8.500000000000000611e-03 1.285021997547321129e-03 4.851813148955867063e-06 1.514313121421150465e-04 1.314749841320538395e-04
8.750000000000000833e-03 1.075428944721266511e-03 5.149682966165702778e-06 1.660960036769983388e-04 1.481291653573081320e-04
9.000000000000001055e-03 9.041703344147354170e-04 6.959939962921827617e-06 1.811386220459905764e-04 1.656841632463177576e-04
9.250000000000001277e-03 7.633208496558608084e-04 9.698754618224474444e-06 1.961784626567412103e-04 1.840938840508268479e-04
9.500000000000001499e-03 6.408609025711722472e-04 1.888255520475117506e-05 2.119423210509260901e-04 2.033105919318096424e-04
9.750000000000001721e-03 5.100860495545079393e-04 5.619933912547953107e-05 2.276552070170466272e-04 2.232856206352114238e-04
1.000000000000000021e-02 2.416947880364184891e-04 2.470486844968042186e-04 2.438883235794661662e-04 2.439699673739748379e-04
