# time 1 2 D-1 D
0.000000000000000000e+00 9.999999806935436775e-01 8.484570953401107862e-09 1.852579096895925113e-35 3.954362996166175177e-35
2.500000000000000486e-03 9.973771698910078864e-01 4.082954057231507478e-04 1.750134178198701883e-18 1.875168860413587811e-20
5.000000000000000971e-03 9.887161960255248516e-01 1.826590157707932115e-03 4.982987871610342125e-16 2.143828646778760662e-17
7.500000000000001457e-03 9.726809337209221251e-01 4.460824445307638372e-03 1.450007722115188527e-14 1.368414755298990920e-15
1.000000000000000194e-02 9.478147594948231891e-01 8.273412416988373472e-03 1.689500520404633065e-13 2.661368154607924880e-14
1.250000000000000069e-02 9.127380257311880074e-01 1.376564137271542657e-02 1.208935306008785584e-12 2.677378791729695423e-13
1.500000000000000291e-02 8.664827537948633918e-01 2.071273359436023864e-02 6.404488547069123675e-12 1.758076386244137126e-12
1.750000000000000167e-02 8.089071151822531114e-01 2.966540558656981241e-02 2.764013411239525708e-11 8.497588224993848782e-12
2.000000000000000389e-02 7.410275656194907912e-01 4.051538328549651735e-02 1.023176564689168819e-10 3.232864511335084653e-11
2.250000000000000264e-02 6.650734452653462858e-01 5.335873145510329485e-02 3.345081115940716214e-10 1.005031406999053353e-10
2.500000000000000139e-02 5.842029206073229286e-01 6.794314057502280624e-02 9.720337120054392037e-10 2.600780999429309066e-10
2.750000000000000361e-02 5.020350482477764498e-01 8.347620638187507047e-02 2.527472404673379899e-09 5.625024563278463072e-10
3.000000000000000583e-02 4.222127166302986900e-01 9.832272976211860194e-02 5.831127162667514444e-09 1.006390049310806650e-09
3.250000000000000111e-02 3.480435085016959640e-01 1.089345953021565727e-01 1.171645343347233276e-08 1.443019844293158325e-09
3.500000000000000333e-02 2.821241600240046443e-01 7.507062098043217058e-02 2.007039793111705879e-08 1.529928408764928003e-09
3.750000000000000555e-02 2.259706855668695002e-01 3.540212393892170229e-03 2.924322201569961059e-08 9.305430803811128625e-10
4.000000000000000777e-02 1.798657479289089145e-01 6.989425413675171440e-04 3.557041046429334633e-08 4.192113178359640397e-11
4.250000000000000999e-02 1.430614410626565858e-01 2.669029358886283276e-04 3.735633585238172014e-08 1.571837774259431336e-09
4.500000000000000527e-02 1.142134188246822363e-01 1.458655649728227708e-04 3.750612680931848659e-08 1.334392034863017286e-08
4.750000000000000749e-02 9.180511929425379247e-02 1.044960623126303944e-04 4.061359943401746877e-08 5.285195121872093034e-08
5.000000000000000278e-02 7.443547386897442220e-02 8.887332431913972806e-05 5.651914837710435439e-08 1.543289462514325134e-07
5.250000000000000500e-02 6.092650900784867679e-02 8.039246482861411554e-05 1.049921991612852759e-07 3.794135682987973372e-07
5.500000000000000722e-02 5.033891569214006545e-02 8.528433839165705380e-05 2.332130855183305649e-07 8.329827534608213059e-07
5.750000000000000944e-02 4.197226501743875349e-02 9.224552888451260978e-05 5.495288711156027444e-07 1.686440284759087505e-06
6.000000000000001166e-02 3.529070630976878509e-02 1.035146572915784637e-04 1.262593211871141232e-06 3.210006804805417248e-06
6.250000000000000000e-02 2.989345811331870634e-02 1.221734075011152599e-04 2.739483212502417879e-06 5.821752820036027124e-06
6.500000000000000222e-02 2.548997094044268621e-02 1.424998506782588787e-04 5.640329764566177991e-06 1.014607427121587195e-05
6.750000000000000444e-02 2.184560074591262308e-02 1.777161375064389786e-04 1.085637700274159698e-05 1.712477318296393985e-05
7.000000000000000666e-02 1.879131573103277886e-02 2.305527310486783776e-04 1.983572291913967352e-05 2.809815805214625851e-05
7.250000000000000888e-02 1.620607473069985913e-02 2.964215650321640151e-04 3.449995509548496223e-05 4.495692169425680678e-05
7.500000000000001110e-02 1.397516402637166873e-02 3.945846597308576872e-04 5.731040676068706162e-05 7.034257265225223542e-05
7.750000000000001332e-02 1.200059775994491949e-02 5.500915320368597204e-04 9.201288285947144176e-05 1.077520630103842716e-04
8.000000000000001554e-02 1.020898690391488887e-02 7.802700155399662409e-04 1.426453978809363963e-04 1.616076723952323201e-04
8.250000000000001776e-02 8.569896547913596896e-03 1.072175709791120925e-03 2.132667532541877983e-04 2.375338747180639630e-04
8.500000000000001998e-02 6.990623409148824692e-03 1.484627988908623257e-03 3.135736684310772406e-04 3.416781417342799562e-04
8.750000000000000833e-02 5.592743497871569339e-03 1.869256634553582118e-03 4.543351228696916274e-04 4.808622491719655905e-04
9.000000000000001055e-02 4.378826500897381457e-03 2.201929473271668856e-03 6.399308177195195185e-04 6.617435391373735357e-04
9.250000000000001277e-02 3.421547514691746297e-03 2.392268987955506812e-03 8.797159677275554141e-04 8.902141560544488347e-04
9.500000000000001499e-02 2.786410367597263408e-03 2.359905755239783288e-03 1.173352547340214503e-03 1.170744313730051958e-03
9.750000000000001721e-02 2.303497999258473546e-03 2.262022697304339955e-03 1.524523906698118780e-03 1.505940822296744901e-03
1.000000000000000056e-01 2.030284784148363251e-03 2.030070118626256526e-03 1.885087599429015456e-03 1.895945497858927270e-03
