# time 1 2 D-1 D
0.000000000000000000e+00 9.999999786215655329e-01 7.714163553642879077e-09 3.277278250092538107e-35 6.265384889882795090e-36
5.000000000000000104e-04 9.999998378132014532e-01 6.629712915513053016e-08 8.124648331342364210e-23 1.453705093929290078e-24
1.000000000000000021e-03 9.999965473882516109e-01 1.709493731712081883e-06 1.225636187397291145e-22 1.331643876303551782e-23
1.500000000000000248e-03 9.999781396902005515e-01 1.194612103384633353e-05 2.632380795796975194e-23 3.835312137465214443e-22
2.000000000000000042e-03 9.999148194660893996e-01 4.900564548923836338e-05 1.632741457788046033e-21 2.472679923749620380e-21
2.500000000000000052e-03 9.997460747639567158e-01 1.536109578215480019e-04 9.077481257288864034e-22 1.000926873361880713e-20
3.000000000000000496e-03 9.993658189108151069e-01 3.890152823432033841e-04 2.700574798997805921e-20 5.957302106362266179e-20
3.500000000000000507e-03 9.986119497407744960e-01 8.593678538843552454e-04 8.702175296530094163e-19 5.216639768530349680e-19
4.000000000000000083e-03 9.972697452559334819e-01 1.641167691325247282e-03 1.058991981755857040e-17 5.043943973229813242e-18
4.500000000000000527e-03 9.950965187994709193e-01 2.886246288564574009e-03 7.851333075486775211e-17 4.324873137126501783e-17
5.000000000000000104e-03 9.918664136445427548e-01 3.930509256271533941e-03 4.426954159351312599e-16 3.002790196943345422e-16
5.500000000000000548e-03 9.874248695929978004e-01 1.987005412075929390e-03 1.935645657486596267e-15 1.681456911023242797e-15
6.000000000000000992e-03 9.817365274423839328e-01 1.103326418020960037e-03 6.983584848234632327e-15 7.649370855860424527e-15
6.500000000000000569e-03 9.749109288742787705e-01 8.290849027162692543e-04 2.126228214496446108e-14 2.877549908104178949e-14
7.000000000000001013e-03 9.671926219007926928e-01 7.030297948137367251e-04 5.717492396492027166e-14 9.101045541063386570e-14
7.499999999999999722e-03 9.589138924387883289e-01 6.236917565572068587e-04 1.375786488626224003e-13 2.462470333652886773e-13
8.000000000000000167e-03 9.504247404650818520e-01 5.838279255166437713e-04 3.071367196252941767e-13 5.795355903843833901e-13
8.500000000000000611e-03 9.420267851000683201e-01 5.282032971625552891e-04 6.548101445213392528e-13 1.205685392303119999e-12
9.000000000000001055e-03 9.339319660951205249e-01 4.518932769542902627e-04 1.319470053176955628e-12 2.251162145208445535e-12
9.500000000000001499e-03 9.262509681331143607e-01 3.596585946583916518e-04 2.542567029938768320e-12 3.825117655723242079e-12
1.000000000000000021e-02 9.190016492124936098e-01 2.348055374994356247e-04 4.654705566960340351e-12 5.988879168268755718e-12
1.050000000000000065e-02 9.121240479490401176e-01 1.117574425751126740e-04 8.131406676790027410e-12 8.735312730734930249e-12
1.100000000000000110e-02 9.054894764016430120e-01 1.293934670048948884e-05 1.353138866197815303e-11 1.196269217769240083e-11
1.150000000000000154e-02 8.988946894866827186e-01 3.369473258431626846e-05 2.150566290550006841e-11 1.553091925232898457e-11
1.200000000000000198e-02 8.920339331583697629e-01 3.435808866247835338e-04 3.289377379682063082e-11 1.917691528269991649e-11
1.250000000000000069e-02 8.844282100576706940e-01 1.290128667808183947e-03 4.837328608856172421e-11 2.264469856835006021e-11
1.300000000000000114e-02 8.752404773974938879e-01 3.529733341372260497e-03 6.895050705055788033e-11 2.558279855128075223e-11
1.350000000000000158e-02 8.633434555086851869e-01 8.107085635372688476e-03 9.556539551294339318e-11 2.778995323751151045e-11
1.400000000000000203e-02 8.464022603707590520e-01 1.708223735320852851e-02 1.288232975054407106e-10 2.894143602679092362e-11
1.450000000000000247e-02 8.212464347504239148e-01 3.357566212601927752e-02 1.696331965066981146e-10 2.881939323697972551e-11
1.499999999999999944e-02 7.835910325597351678e-01 6.160238719689357934e-02 2.181930537060504514e-10 2.776815558537378572e-11
1.550000000000000162e-02 7.296343379960146258e-01 1.047746211273826861e-01 2.735373230139915586e-10 2.563253164329422669e-11
1.600000000000000033e-02 6.586186735680380488e-01 1.635989148163756179e-01 3.362563240059935519e-10 2.291977115155641348e-11
1.650000000000000078e-02 5.824073424640601182e-01 2.259109421948441443e-01 4.006528718540301363e-10 1.988457711365157478e-11
1.700000000000000122e-02 5.070674283024222406e-01 2.852537541981922109e-01 4.618504471856303086e-10 1.690380151637631657e-11
1.750000000000000167e-02 4.457440713274840038e-01 3.279832931273323204e-01 5.131765286167727912e-10 1.426141148729982266e-11
1.800000000000000211e-02 3.976443473517966565e-01 3.542778719416450062e-01 5.330848004070504752e-10 1.214279034915404425e-11
1.850000000000000255e-02 3.609490923976325094e-01 3.653823947611876122e-01 5.089730615317211885e-10 1.066689102025979766e-11
1.900000000000000300e-02 3.367750993645342028e-01 3.598069437778161905e-01 3.646091987744893730e-10 9.895759927345524133e-12
1.950000000000000344e-02 3.186457693422782289e-01 3.443748890728741685e-01 8.591449479664848441e-11 9.885053348999176169e-12
2.000000000000000042e-02 3.073028560520470465e-01 3.205839567847938443e-01 1.886072839948149391e-10 1.072873481095728637e-11
