# time 1 2 D-1 D
0.000000000000000000e+00 9.999999786215655329e-01 7.714163553642879077e-09 3.277278250092538107e-35 6.265384889882795090e-36
2.500000000000000052e-04 9.999989927923391697e-01 5.651814284299019120e-07 7.922557112407377661e-23 1.467818288397565115e-24
5.000000000000000104e-04 9.999796036068230309e-01 1.226211371826397092e-05 9.325050840034128620e-23 1.557742018503852648e-23
7.500000000000001240e-04 9.998759005688356849e-01 7.850854320486712898e-05 5.830768226811549995e-23 4.782516771846886337e-22
1.000000000000000021e-03 9.995354659465264247e-01 2.979113566136475620e-04 4.147456573413917229e-21 3.027008305010924506e-21
1.250000000000000026e-03 9.986753148398112012e-01 8.671053443662490173e-04 4.611294687277131569e-21 1.010036664871227445e-20
1.500000000000000248e-03 9.968463192138974360e-01 2.042795088557673808e-03 7.746152610546551017e-21 4.580503530512580630e-20
1.750000000000000253e-03 9.934298595676729349e-01 4.220359188152666974e-03 9.754328098699565115e-19 2.876743420692765432e-19
2.000000000000000042e-03 9.876891146172588343e-01 7.579323917704000255e-03 1.463454892581056484e-17 2.275344890045167885e-18
2.250000000000000264e-03 9.788800815727285443e-01 1.267862132892780096e-02 1.321839994513388635e-16 1.669334010713285386e-17
2.500000000000000052e-03 9.664017539902586273e-01 1.672330636058907971e-02 8.637656118741135502e-16 1.026562284982193652e-16
2.750000000000000274e-03 9.499443314830601226e-01 8.150683155108322600e-03 4.461047778294869056e-15 5.099211481944149291e-16
3.000000000000000496e-03 9.295905335774474754e-01 4.381123955820657653e-03 1.887475428586733137e-14 2.045648073317545832e-15
3.250000000000000284e-03 9.058334821434808060e-01 3.225287571460436122e-03 6.717148358055729592e-14 6.645299139857831767e-15
3.500000000000000507e-03 8.794949319411375921e-01 2.714518547402297068e-03 2.051791617302766446e-13 1.749228737264877066e-14
3.749999999999999861e-03 8.515619828710851991e-01 2.425214093029663589e-03 5.361784469338255020e-13 3.703465402866951120e-14
4.000000000000000083e-03 8.229966338852334751e-01 2.325552845775775632e-03 1.217981215419742705e-12 6.172609160803361041e-14
4.250000000000000305e-03 7.945828160020989017e-01 2.207281330765194054e-03 2.448592876731302163e-12 7.666559725049704439e-14
4.500000000000000527e-03 7.668485174724849474e-01 2.054502259764520375e-03 4.306655512205360914e-12 6.076354337553007498e-14
4.750000000000000749e-03 7.400608647515166671e-01 1.886843923174583897e-03 6.731777086933061549e-12 1.504473957645800514e-14
5.000000000000000104e-03 7.142661834831638412e-01 1.607093442454998180e-03 9.337218707356720335e-12 1.615301230012085639e-14
5.250000000000000326e-03 6.893445522192630515e-01 1.308835358520356578e-03 1.160086623823226191e-11 2.754187878078223691e-13
5.500000000000000548e-03 6.650576574979307765e-01 9.044760615916487513e-04 1.272277552826743075e-11 1.174311571730367662e-12
5.750000000000000770e-03 6.410788045682082048e-01 4.900736793965774574e-04 1.232047298726315292e-11 3.223504388963175325e-12
6.000000000000000992e-03 6.170012594564378006e-01 1.337016389962274990e-04 1.019506408054235316e-11 6.996452969918250886e-12
6.250000000000000347e-03 5.923263702774000938e-01 7.926803160271799839e-06 6.857144251561435512e-12 1.296036100383048247e-11
6.500000000000000569e-03 5.663928671744034027e-01 4.561357356392666072e-04 3.219158670402359539e-12 2.137471585812293588e-11
6.750000000000000791e-03 5.383774530130037705e-01 2.064220555506916365e-03 5.665925746201445507e-13 3.217066063403403985e-11
7.000000000000001013e-03 5.070143354113370027e-01 5.753353058125298958e-03 1.921239889597004671e-13 4.504020338218167801e-11
7.250000000000001235e-03 4.707613395054570660e-01 1.301944578861461387e-02 2.952852439008629286e-12 5.949307002952876567e-11
7.499999999999999722e-03 4.279257703690381720e-01 2.535763039317536632e-02 9.008909336184127555e-12 7.517164420377363327e-11
7.750000000000000812e-03 3.776539243927407030e-01 4.364154806096087746e-02 1.745916524528742432e-11 9.184734113852002208e-11
8.000000000000000167e-03 3.211968023579677700e-01 6.672020020489480285e-02 2.725836086287918625e-11 1.097969734365766237e-10
8.250000000000000389e-03 2.656011495438568848e-01 8.777432865543351170e-02 3.525213269522563740e-11 1.295575804599280483e-10
8.500000000000000611e-03 2.145202750766952438e-01 1.034968712305768118e-01 3.895395335990709166e-11 1.520324329029010867e-10
8.750000000000000833e-03 1.732832322262886915e-01 1.090283479095720404e-01 3.667760282033798216e-11 1.782925200278871985e-10
9.000000000000001055e-03 1.407236980845434082e-01 1.061239059807087548e-01 2.530971796175069004e-11 2.094686951076573025e-10
9.250000000000001277e-03 1.152484287889733172e-01 9.709575871871431452e-02 9.546965239932702779e-12 2.466441025892529567e-10
9.500000000000001499e-03 9.613089912761585420e-02 8.350758569782522345e-02 1.682232232842410191e-12 2.907636848279912172e-10
9.750000000000001721e-03 8.073343117515402456e-02 6.885920640718906638e-02 1.023240577251216578e-10 3.425180755517274819e-10
1.000000000000000021e-02 6.864051470205827232e-02 5.451993122822946375e-02 6.799541801333145516e-10 4.022402942999826587e-10
