# time 1 2 D-1 D
0.000000000000000000e+00 9.999999767121062755e-01 1.235971302248261420e-08 8.336605936031663007e-35 5.118175871877166203e-35
1.250000000000000243e-03 9.999961354225862520e-01 3.386993933914635331e-06 1.463394510144696186e-21 1.249553452059705509e-22
2.500000000000000486e-03 9.999215589527276071e-01 7.039674969057312473e-05 7.954730866446119259e-20 5.095011445639776902e-22
3.750000000000000729e-03 9.995021295614942014e-01 4.542974175436430978e-04 4.986566874744400692e-19 1.950159522043103175e-21
5.000000000000000971e-03 9.980306862719151573e-01 1.830354966034064557e-03 2.703072332171508179e-18 1.019611827608277459e-20
6.250000000000000347e-03 9.940100903083953776e-01 5.658373676197332031e-03 1.567976579597825068e-17 1.663298255066490439e-19
7.500000000000001457e-03 9.847043885615371916e-01 1.465795861936413681e-02 1.091089799593421935e-16 1.161806365650267459e-18
8.750000000000000833e-03 9.659023199821822336e-01 3.304494503873755401e-02 7.967100615678196062e-16 6.102035282067971265e-18
1.000000000000000194e-02 9.326828570401427543e-01 6.561241289590169501e-02 5.605242194488011861e-15 3.383694394767036864e-17
1.125000000000000132e-02 8.820065308422315731e-01 1.142822447278335207e-01 3.435997001141951624e-14 1.669941279483425866e-16
1.250000000000000069e-02 8.160138282117869180e-01 1.714539295950662234e-01 1.803977691285517990e-13 6.893632188243420901e-16
1.375000000000000180e-02 7.422921928381663870e-01 2.105569606823120554e-01 8.221281373673173690e-13 2.295770305991399536e-15
1.500000000000000291e-02 6.698441637689812600e-01 1.926645795553105500e-01 3.294264516280753309e-12 5.278247492921210098e-15
1.625000000000000056e-02 6.049315272760773521e-01 1.316080831710841337e-01 1.177527261195601047e-11 6.122177567736829121e-15
1.750000000000000167e-02 5.500906881931403314e-01 8.514370636219505128e-02 3.795080651641821596e-11 5.909718156943515084e-16
1.875000000000000278e-02 5.053045675809911819e-01 6.044991659787254251e-02 1.109892173400612811e-10 2.230505784399643151e-13
2.000000000000000389e-02 4.693866505689456847e-01 4.781635349715668976e-02 2.939088425632867972e-10 3.982312652866176922e-12
2.125000000000000500e-02 4.408408435416596438e-01 4.070194475384314448e-02 6.869361993560209055e-10 4.431248111198219024e-11
2.250000000000000264e-02 4.182532018571742394e-01 3.643866430049985672e-02 1.285136128782450002e-09 3.633603826461242701e-10
2.375000000000000375e-02 4.004227923587437288e-01 3.356522489451775615e-02 1.822363946602163024e-09 1.602362278224546212e-09
2.500000000000000139e-02 3.863765964775897066e-01 3.157556521680726647e-02 2.495306261275836786e-09 4.097415728191885653e-09
2.625000000000000250e-02 3.753423560171163520e-01 3.013845010144396500e-02 3.834274976579913491e-09 8.008292876766432563e-09
2.750000000000000361e-02 3.667115323209750866e-01 2.897776704750337426e-02 6.184371912212008598e-09 1.381467040038151798e-08
2.875000000000000472e-02 3.600045866435191422e-01 2.810660944401871877e-02 1.011444916661744690e-08 2.185910929259535129e-08
3.000000000000000583e-02 3.548422432141619121e-01 2.729791270573042952e-02 1.620447852887346989e-08 3.248092326837048133e-08
3.125000000000000000e-02 3.509228727177374774e-01 2.666456149844924697e-02 2.528076503499717897e-08 4.563526263247889504e-08
3.250000000000000111e-02 3.480051415722159036e-01 2.604286225782398087e-02 3.783493737134982942e-08 6.138517065988581986e-08
3.375000000000000222e-02 3.458948427360724609e-01 2.553371888837557835e-02 5.401531096516619437e-08 7.936988867569107880e-08
3.500000000000000333e-02 3.444348472108901271e-01 2.502716146099712852e-02 7.335021244295767287e-08 9.921411912411158111e-08
3.625000000000000444e-02 3.434975052248057659e-01 2.454846816238806864e-02 9.432697615035630279e-08 1.203760695159475982e-07
3.750000000000000555e-02 3.429787860902105967e-01 2.410090627085808429e-02 1.146319617719477856e-07 1.422731015235211955e-07
3.875000000000000666e-02 3.427937092204347835e-01 2.372935047524335483e-02 1.310506079015160954e-07 1.642861727238735706e-07
4.000000000000000777e-02 3.428727582659809592e-01 2.334329843745784963e-02 1.405071568621590620e-07 1.858293027805172494e-07
4.125000000000000888e-02 3.431590956059917819e-01 2.299327386893710787e-02 1.403169988611369899e-07 2.063766658004637092e-07
4.250000000000000999e-02 3.436062321318759660e-01 2.270719028294809760e-02 1.295239544563177526e-07 2.254656628832488006e-07
4.375000000000000416e-02 3.441762406725059620e-01 2.243142514852440247e-02 1.069671461992433327e-07 2.427405408397193622e-07
4.500000000000000527e-02 3.448382170321552254e-01 2.215602764321596141e-02 7.790757850173509887e-08 2.579357510757542702e-07
4.625000000000000638e-02 3.455670823601998953e-01 2.194926491454715287e-02 4.529989259626126026e-08 2.708824710607141218e-07
4.750000000000000749e-02 3.463425138039437634e-01 2.175856418321141586e-02 1.744912835989647487e-08 2.815007642570650678e-07
4.875000000000000860e-02 3.471481332928658681e-01 2.157311195279584468e-02 1.572890567032502983e-09 2.897892993408994751e-07
5.000000000000000278e-02 3.479739713662837186e-01 2.138978244573360235e-02 5.440278123413202036e-09 2.958327756412949216e-07
