# time 1 2 D-1 D
0.000000000000000000e+00 9.999999426358531229e-01 2.057313421162487018e-08 2.064009233334176089e-36 1.192688251590467546e-35
1.250000000000000243e-03 9.963903082520216836e-01 1.934450132614225258e-03 4.871855250707038766e-29 1.310354576843710129e-31
2.500000000000000486e-03 9.835942190761626236e-01 9.385536630759557311e-03 1.132717410463992148e-24 9.394949448595212025e-27
3.750000000000000729e-03 9.577244174095007612e-01 2.573208969328762835e-02 4.834314151075026890e-22 7.106389799923686897e-24
5.000000000000000971e-03 9.134399337882007641e-01 5.501895224376898708e-02 4.117879514538538595e-20 8.662108135857243461e-22
6.250000000000000347e-03 8.441519966452627477e-01 1.017742221785294943e-01 1.471863657001014954e-18 4.038065669030942551e-20
7.500000000000001457e-03 7.437722853527304334e-01 1.673093100955930779e-01 3.077649707395019036e-17 1.064592477499466100e-18
8.750000000000000833e-03 6.115172084536043551e-01 2.454467559664956777e-01 4.492194105437637333e-16 1.963601586292461482e-17
1.000000000000000194e-02 4.589384384848084752e-01 3.155818589045831235e-01 5.074252619873967134e-15 2.879860962215014477e-16
1.125000000000000132e-02 3.109352462021383601e-01 3.466502917426634300e-01 4.721737190040867055e-14 3.636577181245804772e-15
1.250000000000000069e-02 1.922502377933454076e-01 3.067885506406122786e-01 3.747964749397838496e-13 4.130773332411250288e-14
1.375000000000000180e-02 1.117847390802880897e-01 1.951847873748941975e-01 2.567866792411497379e-12 4.248498017835710755e-13
1.500000000000000291e-02 6.328341586399806318e-02 1.087114788870240795e-01 1.500252076420669071e-11 3.809027748172845562e-12
1.625000000000000056e-02 3.586340308179724462e-02 6.527861556197230020e-02 7.190715764090591756e-11 2.774573464530640536e-11
1.750000000000000167e-02 2.071087278733128867e-02 4.182357379812086384e-02 2.660732922636193648e-10 1.556307139274667503e-10
1.875000000000000278e-02 1.230575219293471821e-02 2.733097557793283047e-02 7.718653380841058406e-10 6.715081763031347822e-10
2.000000000000000389e-02 7.554255503266129462e-03 1.566558449666379665e-02 1.892284056136544067e-09 2.308929129042446479e-09
2.125000000000000500e-02 4.795610681871152921e-03 7.364853072195865803e-03 4.165076195318879740e-09 6.606752699692581419e-09
2.250000000000000264e-02 3.145393853797610970e-03 3.672305586248163570e-03 8.412276880199238431e-09 1.633746914570139958e-08
2.375000000000000375e-02 2.127631325261107598e-03 2.113192010347657909e-03 1.612570047954568007e-08 3.595768687097157662e-08
2.500000000000000139e-02 1.480970427823230691e-03 1.336618515925665392e-03 3.434407327713042630e-08 7.202088189594167382e-08
2.625000000000000250e-02 1.058320881246320238e-03 9.070257017385438981e-04 4.523906092788124638e-07 1.334942707983582957e-07
2.750000000000000361e-02 7.746831987680704397e-04 6.433570742446061228e-04 7.037343350765627435e-07 2.319356374383452675e-07
2.875000000000000472e-02 5.796144253698568482e-04 4.764483389096832791e-04 1.047766696767087487e-06 3.815070474445509632e-07
3.000000000000000583e-02 4.423919939750960650e-04 3.614930881000598026e-04 1.495431192613262628e-06 5.988244247075546445e-07
3.125000000000000000e-02 3.438347098838989528e-04 2.828096244857845041e-04 2.067629501997842594e-06 9.026615456289790360e-07
3.250000000000000111e-02 2.716837487324282648e-04 2.243138936072131202e-04 2.771946623022821524e-06 1.313541021205688656e-06
3.375000000000000222e-02 2.179298021091710278e-04 1.820770475906716363e-04 3.620928955290103312e-06 1.853244091143967921e-06
3.500000000000000333e-02 1.772314247171318771e-04 1.499273028886265906e-04 4.624233294214302288e-06 2.544295844202632407e-06
3.625000000000000444e-02 1.459579067734565318e-04 1.251476250351208686e-04 5.787591021102585653e-06 3.409443860607121653e-06
3.750000000000000555e-02 1.215965218196751632e-04 1.056441601844286624e-04 7.121726899859310048e-06 4.471141154247781969e-06
3.875000000000000666e-02 1.023791464418633863e-04 9.018082636228728086e-05 8.629106011089863410e-06 5.751208001327389882e-06
4.000000000000000777e-02 8.704257271565479218e-05 7.782993476261926800e-05 1.030983223385041461e-05 7.269870167247400899e-06
4.125000000000000888e-02 7.467088062564014659e-05 6.771238441410630548e-05 1.216873040330279429e-05 9.044531405585822247e-06
4.250000000000000999e-02 6.459094050275528229e-05 5.940071604167496198e-05 1.421610511626184124e-05 1.109935431588592485e-05
4.375000000000000416e-02 5.630212454759138765e-05 5.253486127408564928e-05 1.641763376309871483e-05 1.344313109759737732e-05
4.500000000000000527e-02 4.942743119941123261e-05 4.671675414972239132e-05 1.879847423881909487e-05 1.609241380113416733e-05
4.625000000000000638e-02 4.367976815765717242e-05 4.186451835333343915e-05 2.137782385696478137e-05 1.905531203039537394e-05
4.750000000000000749e-02 3.883855372683800563e-05 3.772838843498251129e-05 2.409457441924269796e-05 2.234773617440143567e-05
4.875000000000000860e-02 3.473243132389494783e-05 3.414021712293408819e-05 2.696534815245876676e-05 2.597224697926518608e-05
5.000000000000000278e-02 3.122700526274953692e-05 3.114551130415569284e-05 3.002665925372830213e-05 2.993528202655766293e-05
