# time 1 2 D-1 D
0.000000000000000000e+00 9.999999633580111125e-01 1.690601925738240465e-08 2.959715696153011862e-35 5.827191819964937352e-36
1.250000000000000243e-03 9.999981573444391980e-01 1.219785898595066945e-06 9.515100625641961914e-26 6.024479339990103583e-28
2.500000000000000486e-03 9.999619846378569044e-01 2.689437229460532112e-05 1.850758311572114155e-23 1.562518836818791554e-25
3.750000000000000729e-03 9.997467039519931653e-01 1.879100060503853531e-04 4.685824003852434369e-22 7.994402061067896035e-25
5.000000000000000971e-03 9.989347952478334625e-01 8.175179211299707198e-04 3.303947473469016265e-21 3.456909646604358398e-23
6.250000000000000347e-03 9.965218762771683725e-01 2.740253540336930367e-03 1.266587169344090459e-20 3.827089805285353033e-22
7.500000000000001457e-03 9.903935535092074360e-01 7.695580644166123696e-03 4.097015996974824407e-20 2.122305224023138666e-21
8.750000000000000833e-03 9.767239493135344564e-01 1.884069812208244432e-02 1.079487445599055329e-19 8.037512956837962551e-21
1.000000000000000194e-02 9.500169968114539065e-01 4.051335957808935989e-02 2.639322193000764204e-19 2.184224833158015197e-20
1.125000000000000132e-02 9.052619403740150839e-01 7.602432324172796185e-02 5.332012825007015850e-19 3.442681530066077055e-20
1.250000000000000069e-02 8.424577971738275162e-01 1.235445386998318962e-01 9.103113215872922947e-19 1.395095925720571258e-20
1.375000000000000180e-02 7.691375612564446129e-01 1.743696808832442546e-01 1.154728106980539961e-18 6.672200848448494832e-20
1.500000000000000291e-02 6.962949493615301355e-01 2.171610389782084038e-01 1.022854568097005388e-18 1.390818126435590836e-18
1.625000000000000056e-02 6.319870112981709198e-01 2.436020697873955143e-01 5.254193756190658083e-19 9.564580429566768451e-18
1.750000000000000167e-02 5.792108927795356355e-01 2.489787886105357673e-01 3.319633236234091188e-19 4.619247352233293995e-17
1.875000000000000278e-02 5.375266366673576712e-01 2.360225049099021200e-01 3.266334900804176989e-18 1.955272873539464358e-16
2.000000000000000389e-02 5.051234529043591159e-01 2.032853733951680286e-01 6.283187349220673740e-17 7.585275409544871539e-16
2.125000000000000500e-02 4.800088239322355954e-01 1.655271496704427137e-01 6.472971775728708309e-16 2.649399325151240159e-15
2.250000000000000264e-02 4.604641921429986628e-01 1.308317681592369164e-01 4.161625022946086100e-15 8.192526826875355485e-15
2.375000000000000375e-02 4.451389367231562422e-01 1.063831203575490714e-01 1.880575005461143230e-14 2.222178908395686507e-14
2.500000000000000139e-02 4.330132467461837442e-01 9.406225000595994090e-02 6.453100377245055982e-14 5.292159584923585715e-14
2.625000000000000250e-02 4.233284724492958340e-01 8.276262260349413757e-02 1.774775828363817707e-13 1.108556487916195027e-13
2.750000000000000361e-02 4.155222987627871789e-01 7.495010015391331826e-02 4.061596031663069594e-13 2.066563204338452565e-13
2.875000000000000472e-02 4.091765168070625736e-01 6.893888668807686415e-02 8.029129395724341174e-13 3.476567944131575955e-13
3.000000000000000583e-02 4.039784368928261982e-01 6.283550306664041629e-02 1.400694312143360784e-12 5.347859532500207691e-13
3.125000000000000000e-02 3.996926834406814288e-01 5.776830441970561697e-02 2.197252883178899966e-12 7.611568507472956440e-13
3.250000000000000111e-02 3.961410001981375828e-01 5.337408754581709353e-02 3.162426860379649820e-12 1.012964935489190958e-12
3.375000000000000222e-02 3.931876762328998520e-01 4.917683449333857398e-02 4.252853062332004130e-12 1.272585078883297853e-12
3.500000000000000333e-02 3.907289260106385775e-01 4.538392529082205945e-02 5.387782980229888995e-12 1.521699705833335333e-12
3.625000000000000444e-02 3.886851481250188090e-01 4.196460015635668922e-02 6.519789988340759646e-12 1.744402101480170356e-12
3.750000000000000555e-02 3.869950346999391222e-01 3.842489727978603414e-02 7.605740398611569356e-12 1.928936732469073977e-12
3.875000000000000666e-02 3.856110221767737878e-01 3.570301060242704605e-02 8.606728449056548747e-12 2.068775719742349909e-12
4.000000000000000777e-02 3.844957432365666561e-01 3.294386592116610446e-02 9.494886002237981433e-12 2.162095465463073694e-12
4.125000000000000888e-02 3.836192111037325381e-01 3.024260845585324819e-02 1.027204103621286306e-11 2.210358840829503364e-12
4.250000000000000999e-02 3.829565967359169210e-01 2.800667070487177293e-02 1.094674500308214435e-11 2.217473436420617559e-12
4.375000000000000416e-02 3.824865344951517976e-01 2.571562637296077175e-02 1.149001532981551966e-11 2.188358738254919697e-12
4.500000000000000527e-02 3.821898888023538832e-01 2.376144016011602633e-02 1.193572302459410321e-11 2.128273288712197703e-12
4.625000000000000638e-02 3.820489358910219013e-01 2.185380612220459012e-02 1.233531385686600669e-11 2.042481410149981904e-12
4.750000000000000749e-02 3.820468948585306057e-01 2.021846903130858006e-02 1.261664576689748554e-11 1.935794610118275609e-12
4.875000000000000860e-02 3.821677236868629701e-01 1.875234724876780751e-02 1.288705653080105947e-11 1.812797011435519730e-12
5.000000000000000278e-02 3.823971160392948820e-01 1.716957121313548648e-02 1.309033016020050385e-11 1.677788121850952883e-12
