# time 1 2 D-1 D
0.000000000000000000e+00 9.999999426358531229e-01 2.057313421162487018e-08 2.064009233334176089e-36 1.192688251590467546e-35
1.250000000000000243e-03 9.999979137128233164e-01 1.462773221895214457e-06 9.280650601243440655e-31 4.683960243215662499e-33
2.500000000000000486e-03 9.999569622750217324e-01 3.240009646231928748e-05 3.006513443972824248e-27 6.295370612431400808e-29
3.750000000000000729e-03 9.997053117299116165e-01 2.344365423654131905e-04 5.270340105899611094e-26 3.180688590361861998e-28
5.000000000000000971e-03 9.987179552864415832e-01 1.060116689776089815e-03 2.145812798661079978e-25 1.113485852268834960e-28
6.250000000000000347e-03 9.956711995898509526e-01 3.686734923509228830e-03 7.475386095852562788e-25 7.493020740954417580e-27
7.500000000000001457e-03 9.877543564863260350e-01 1.059863412235802736e-02 1.587941851147858435e-24 6.700258873291992509e-26
8.750000000000000833e-03 9.702685844789895597e-01 2.588149241921100172e-02 1.019932660458333985e-24 2.715323876547941258e-25
1.000000000000000194e-02 9.381509521960058606e-01 5.333695273792981445e-02 5.140079947476926180e-24 1.088250997027551999e-24
1.125000000000000132e-02 8.904896843204799239e-01 9.122776275683833203e-02 7.024292970447686451e-23 1.234110002935056235e-23
1.250000000000000069e-02 8.337748005850660338e-01 1.229513358051184807e-01 3.903427746414263644e-23 2.924930973745680854e-22
1.375000000000000180e-02 7.780760746989388021e-01 1.177662360288029009e-01 2.284019522256214836e-21 3.023390009163572944e-21
1.500000000000000291e-02 7.304912970613332002e-01 9.946687128210665585e-02 3.452966079676519690e-20 1.278635151871920493e-20
1.625000000000000056e-02 6.932213640129050169e-01 9.071660364888541050e-02 1.380508636615940111e-19 2.227595682327940430e-20
1.750000000000000167e-02 6.653988324083864869e-01 8.686461610106412101e-02 1.678433750307257761e-19 1.479928357243369029e-20
1.875000000000000278e-02 6.451137892668197260e-01 8.225608070227087565e-02 2.540786358494438764e-20 2.206927482358360267e-21
2.000000000000000389e-02 6.304685289349177824e-01 6.532498272121337046e-02 1.158527419282393913e-19 9.872299109200954444e-22
2.125000000000000500e-02 6.199235456952301160e-01 4.128255432206488079e-02 9.193052657624731180e-19 9.293714547797308417e-21
2.250000000000000264e-02 6.123284779545781209e-01 2.746131389350415022e-02 2.458072339343679144e-18 3.565916779879380827e-20
2.375000000000000375e-02 6.068534902278349685e-01 2.096949451293741995e-02 4.205874815809075211e-18 1.116977352456403678e-19
2.500000000000000139e-02 6.029085571197075888e-01 1.739766286743892401e-02 5.214529753384735580e-18 4.060929872159865731e-19
2.625000000000000250e-02 6.000746688947773411e-01 1.527076195120685015e-02 2.104254874507739164e-18 1.069887471262070821e-18
2.750000000000000361e-02 5.980531694754868122e-01 1.380938335860549225e-02 3.766476121623915924e-18 2.623313590125122121e-18
2.875000000000000472e-02 5.966297806129577941e-01 1.284472467353362304e-02 5.968837504381964748e-18 4.977900111433485664e-18
3.000000000000000583e-02 5.956495853310304067e-01 1.208067389127682502e-02 7.443456277785220949e-18 8.653891480710620753e-18
3.125000000000000000e-02 5.949997166089462386e-01 1.156061103371895660e-02 9.212196129330967269e-18 1.290775939936434460e-17
3.250000000000000111e-02 5.945974166260955540e-01 1.108172701232102569e-02 8.620803846081392892e-18 1.878520442863180256e-17
3.375000000000000222e-02 5.943815443416313737e-01 1.074327352949801077e-02 8.265146332551072215e-18 1.982560001219866180e-17
3.500000000000000333e-02 5.943068529972785896e-01 1.047005675715951753e-02 1.316302446995984813e-17 2.455603445270297878e-17
3.625000000000000444e-02 5.943396550058528405e-01 1.024053695166619871e-02 1.686628933171493379e-17 3.417032336032434434e-17
3.750000000000000555e-02 5.944548096139742333e-01 1.004496312961765045e-02 2.568218957251074019e-17 3.304363813664727976e-17
3.875000000000000666e-02 5.946336273948652495e-01 9.881346577584451674e-03 3.873771008683962776e-17 4.637945566796756552e-17
4.000000000000000777e-02 5.948620413498094672e-01 9.758439144598783296e-03 7.121391380997514749e-17 6.693253198544566433e-17
4.125000000000000888e-02 5.951294697658408017e-01 9.645796560142021192e-03 8.940745317267231639e-17 9.174174727756879167e-17
4.250000000000000999e-02 5.954279085884535139e-01 9.548187544608864596e-03 1.313912639898733683e-16 1.293782958110300713e-16
4.375000000000000416e-02 5.957511192958709900e-01 9.472786692927743363e-03 1.925557310424965943e-16 1.990797484010224491e-16
4.500000000000000527e-02 5.960941760188070981e-01 9.399767853544056459e-03 2.260009011607800384e-16 2.755875011152790383e-16
4.625000000000000638e-02 5.964530789973830904e-01 9.345736346447492543e-03 2.989688292347111641e-16 3.674287964518001417e-16
4.750000000000000749e-02 5.968244354619368641e-01 9.300777409598245601e-03 3.865869990047067529e-16 5.224511756105119036e-16
4.875000000000000860e-02 5.972053120750956401e-01 9.251234507230431808e-03 4.198517192551625076e-16 6.663930958606665769e-16
5.000000000000000278e-02 5.975939404780720166e-01 9.233701138562318278e-03 5.430103721377479274e-16 8.348345752582548808e-16
