# lambda 1 2 D-1 D
0.000000000000000000e+00 -1.499999993312284374e+01 -1.300000005860404073e+01 1.300000004534153319e+01 1.499999993999310632e+01
2.500000000000000139e-02 -1.463663234906377220e+01 -1.274482193473236258e+01 1.274469286624621311e+01 1.463638605883260801e+01
5.000000000000000278e-02 -1.429824513465000280e+01 -1.250997817975075677e+01 1.250893351794834629e+01 1.429618302014962339e+01
7.500000000000001110e-02 -1.398758691664169973e+01 -1.229663020854004429e+01 1.229307825126693743e+01 1.398033018783040049e+01
1.000000000000000056e-01 -1.370760469894958256e+01 -1.210581742004180406e+01 1.209736835268758703e+01 1.368974907631558402e+01
1.250000000000000000e-01 -1.346136642575680042e+01 -1.193845910005223843e+01 1.192189638127543461e+01 1.342535610598665485e+01
1.500000000000000222e-01 -1.325193104423837021e+01 -1.180526350552812964e+01 1.176664347854160830e+01 1.318807582341557527e+01
1.750000000000000167e-01 -1.308215738966654307e+01 -1.171481247528619996e+01 1.163174447089184405e+01 1.297884714016035268e+01
2.000000000000000111e-01 -1.295446024557230835e+01 -1.166153027383233542e+01 1.153258282510768318e+01 1.279861168555312467e+01
2.250000000000000056e-01 -1.287055282831435399e+01 -1.164697673992868054e+01 1.146339221740299230e+01 1.264827270436139450e+01
2.500000000000000000e-01 -1.283124501153856301e+01 -1.167201967783046967e+01 1.142242027773433222e+01 1.252861870244533904e+01
2.750000000000000222e-01 -1.283636659006930536e+01 -1.173668036757840660e+01 1.141031996008478622e+01 1.244022060442973476e+01
3.000000000000000444e-01 -1.288484038103812424e+01 -1.184009268459046282e+01 1.142749890871175111e+01 1.238333041845156757e+01
3.250000000000000111e-01 -1.297486873200739232e+01 -1.198063856257199511e+01 1.147401739594248049e+01 1.235782027431072372e+01
3.500000000000000333e-01 -1.310416489939544071e+01 -1.215619466948832716e+01 1.154954208336228483e+01 1.236318994918238268e+01
3.750000000000000000e-01 -1.327017152483312046e+01 -1.236436957291036620e+01 1.165336214605073550e+01 1.239864122622601883e+01
4.000000000000000222e-01 -1.347023822186864628e+01 -1.260267254262638481e+01 1.178445591786368674e+01 1.246318953158585607e+01
4.250000000000000444e-01 -1.370175338346654215e+01 -1.286861787236540167e+01 1.194157252497729971e+01 1.255577665936625920e+01
4.500000000000000111e-01 -1.396223525691497613e+01 -1.315979192158656730e+01 1.212328922455804303e+01 1.267536313762073874e+01
4.750000000000000333e-01 -1.424938958185706461e+01 -1.347390112258149664e+01 1.232802608064819161e+01 1.282100057919904224e+01
5.000000000000000000e-01 -1.456114105195663910e+01 -1.380880916639161526e+01 1.255401298989786341e+01 1.299189947199776540e+01
5.250000000000000222e-01 -1.489564542672918535e+01 -1.416256437837571980e+01 1.279922671920198951e+01 1.318750844495051666e+01
5.500000000000000444e-01 -1.525128838621379046e+01 -1.453341778505559390e+01 1.306132706013200107e+01 1.340759873244142497e+01
5.750000000000000666e-01 -1.562667614352113077e+01 -1.491976596477960015e+01 1.333767125472072834e+01 1.365228568092888395e+01
6.000000000000000888e-01 -1.602062155796753373e+01 -1.535469018670669428e+01 1.362555824310225461e+01 1.392183041940086241e+01
6.250000000000000000e-01 -1.643212815541454574e+01 -1.580639612836220209e+01 1.392282384477577750e+01 1.421609595270243176e+01
6.500000000000000222e-01 -1.686037303412129518e+01 -1.627162669273770135e+01 1.422847373639265811e+01 1.453395329825092119e+01
6.750000000000000444e-01 -1.730468799402102320e+01 -1.674907159763479569e+01 1.454272973703185201e+01 1.487326200930964859e+01
7.000000000000000666e-01 -1.776453640737426909e+01 -1.723747411112465855e+01 1.486644362019819354e+01 1.523146969488576374e+01
7.250000000000000888e-01 -1.823948190455466190e+01 -1.773563326154527786e+01 1.520049244764701868e+01 1.560621341749476798e+01
7.500000000000000000e-01 -1.872914525891554760e+01 -1.824242347776501916e+01 1.554552668499164625e+01 1.599556037984483581e+01
7.750000000000000222e-01 -1.923314973041538778e+01 -1.875683184624253741e+01 1.595492961923237019e+01 1.639799713018436123e+01
8.000000000000000444e-01 -1.975106290066725734e+01 -1.927800398716300379e+01 1.641504609525858172e+01 1.681233651108118465e+01
8.250000000000000666e-01 -2.028235084502599150e+01 -1.980528198082504687e+01 1.688711391013781693e+01 1.723762655069799266e+01
8.500000000000000888e-01 -2.082636102518814170e+01 -2.033821855126748801e+01 1.737013094884035525e+01 1.767308311711594371e+01
8.750000000000000000e-01 -2.138233979920598671e+01 -2.087656284200836865e+01 1.786317509979594575e+01 1.811805219391521149e+01
9.000000000000000222e-01 -2.194947481315234583e+01 -2.142023582693167683e+01 1.836536744536110533e+01 1.857199647870848835e+01
9.250000000000000444e-01 -2.252694465272200475e+01 -2.196933993337219349e+01 1.887578424989452586e+01 1.903454132557654432e+01
9.500000000000000666e-01 -2.311395966845554639e+01 -2.252433672941454645e+01 1.939322604008503603e+01 1.950568620073289239e+01
9.750000000000000888e-01 -2.370978728863124019e+01 -2.308704333748000437e+01 1.991519073031665954e+01 1.998681611818445703e+01
1.000000000000000000e+00 -2.431376234261713165e+01 -2.366545853520086240e+01 2.043325949695584143e+01 2.048530799934948021e+01
