# time 1 2 D-1 D
0.000000000000000000e+00 9.999999715584264592e-01 6.430130766938211974e-09 9.024270131262703337e-35 2.717742939101129253e-35
2.500000000000000052e-04 9.976093170369325636e-01 9.352839277480100853e-05 1.490389233462584789e-17 5.142400700033256872e-20
5.000000000000000104e-04 9.895075948406917288e-01 4.461478960200232426e-04 3.851108911950174376e-15 6.103838758357344905e-17
7.500000000000001240e-04 9.740332455932837474e-01 1.199177108608929197e-03 9.970427568850469746e-14 4.083050054255610284e-15
1.000000000000000021e-03 9.492088561870483110e-01 2.533170385869549374e-03 1.016592772584655229e-12 8.447362967668014046e-14
1.250000000000000026e-03 9.129356768859112625e-01 4.728849050695850542e-03 6.282630341314758320e-12 9.233970852919770825e-13
1.500000000000000248e-03 8.634154793039607867e-01 8.103604087471337827e-03 2.877788001747950628e-11 6.782585283989074488e-12
1.750000000000000253e-03 7.998120090044937847e-01 1.304564921514648861e-02 1.110410845304451202e-10 3.811128836078993164e-11
2.000000000000000042e-03 7.229844037484582930e-01 1.958815399620984776e-02 3.934529279124626353e-10 1.770584217010423353e-10
2.250000000000000264e-03 6.359108646877628113e-01 2.813163982660928444e-02 1.458631742399513908e-09 7.139662544327537935e-10
2.500000000000000052e-03 5.434371176318334440e-01 3.801291348928925729e-02 6.887371279040960473e-09 2.574749490647301119e-09
2.750000000000000274e-03 4.513037125423512985e-01 4.844565388074763973e-02 6.013187415043741060e-08 8.459676860591015132e-09
3.000000000000000496e-03 3.649855692210544622e-01 5.830498508844855765e-02 5.860373428521166456e-07 2.565757236063825639e-08
3.250000000000000284e-03 2.886452150463304500e-01 6.590079885936078741e-02 1.729895243885865121e-06 7.252372047610501529e-08
3.500000000000000507e-03 2.246016894205388470e-01 7.000689875400271933e-02 3.848720584305600398e-06 1.920436776507471323e-07
3.749999999999999861e-03 1.732138122576108719e-01 7.029668770129283983e-02 7.586676858797290350e-06 4.767000248281420559e-07
4.000000000000000083e-03 1.333914632310059245e-01 6.709100690075812945e-02 1.368771138829920301e-05 1.108794739858734658e-06
4.250000000000000305e-03 1.031929115623924226e-01 6.108043534814379394e-02 2.302486518926254063e-05 2.407302223554542657e-06
4.500000000000000527e-03 8.053383043661833940e-02 5.336129184219067650e-02 3.650045579420430617e-05 4.880837769550616338e-06
4.750000000000000749e-03 6.356171973177864032e-02 4.423200560362247624e-02 5.508346919079808526e-05 9.246378580059361671e-06
5.000000000000000104e-03 5.079104547805161213e-02 3.221688719790453265e-02 7.971936067420292002e-05 1.642895551806604693e-05
5.250000000000000326e-03 4.109976010848272188e-02 8.630247026173432090e-03 1.112698914043003170e-04 2.748428632853142420e-05
5.500000000000000548e-03 3.366635529811514566e-02 2.223180759805601359e-04 1.508105800087548116e-04 4.355790836980572857e-05
5.750000000000000770e-03 2.789763585270347082e-02 4.142172418144340451e-05 1.987306096578891847e-04 6.579634133625721060e-05
6.000000000000000992e-03 2.336661794573750839e-02 1.731451685270136705e-04 2.558443817299323035e-04 9.529157189865616461e-05
6.250000000000000347e-03 1.976491148468053488e-02 2.685548611080684810e-04 3.220518900103627280e-04 1.330417216910314009e-04
6.500000000000000569e-03 1.686810255330806543e-02 3.169565557088042419e-04 3.964604478177650299e-04 1.799224272478988466e-04
6.750000000000000791e-03 1.450982441743656204e-02 3.589433562543585554e-04 4.781901928718624976e-04 2.366657962136086606e-04
7.000000000000001013e-03 1.257207676230743740e-02 3.895043234973484189e-04 5.652915882843348666e-04 3.038526669064897396e-04
7.250000000000001235e-03 1.095607744568233809e-02 4.267159602631948978e-04 6.543267869111007301e-04 3.819091352208569645e-04
7.499999999999999722e-03 9.598177175883095685e-03 4.667121626072761546e-04 7.441841127445058450e-04 4.711097076728704364e-04
7.750000000000000812e-03 8.433572507615038835e-03 5.213205072545808172e-04 8.305844591737890402e-04 5.715855157687836901e-04
8.000000000000000167e-03 7.428683746001799558e-03 5.858107944672280923e-04 9.168290119939889998e-04 6.833364379044115080e-04
8.250000000000000389e-03 6.545760844855739481e-03 6.664634856847698055e-04 1.004342975429363231e-03 8.062458750451495428e-04
8.500000000000000611e-03 5.750200264189133693e-03 7.732950668691046699e-04 1.091828236742454833e-03 9.400969513874044784e-04
8.750000000000000833e-03 5.017944726159650516e-03 9.108292450231812590e-04 1.188211540130449263e-03 1.084589061776842708e-03
9.000000000000001055e-03 4.328064705371175054e-03 1.084223083306470490e-03 1.298288748435021513e-03 1.239353910894747113e-03
9.250000000000001277e-03 3.679321185738904012e-03 1.282075175416215332e-03 1.428163417169674111e-03 1.403970439951950783e-03
9.500000000000001499e-03 3.054833510498600711e-03 1.510976534363181771e-03 1.576757900377823108e-03 1.577978269573119315e-03
9.750000000000001721e-03 2.473600933125233610e-03 1.743519706533442444e-03 1.751857440921627878e-03 1.760889436128375025e-03
1.000000000000000021e-02 1.956187266671149862e-03 1.952225749891950109e-03 1.949830873316206513e-03 1.952198017116947007e-03
