# time 1 2 D-1 D
0.000000000000000000e+00 9.999999680398201640e-01 8.857936087507179010e-09 3.175565846322754406e-35 1.370966204394571802e-34
5.000000000000000104e-04 9.999986988693916334e-01 8.156937866352949230e-07 7.522767276221570396e-28 6.879967298893835383e-29
1.000000000000000021e-03 9.999739300988869095e-01 1.818854279896127147e-05 1.057920473776250341e-26 1.634553790516605746e-25
1.500000000000000248e-03 9.998219080667440917e-01 1.353774808674078518e-04 5.600909008662939982e-24 2.463788875403099801e-26
2.000000000000000042e-03 9.992196426574242452e-01 6.357786943162990452e-04 5.540056876417294373e-23 2.901555250366741870e-24
2.500000000000000052e-03 9.973320348932050994e-01 2.300366203085443730e-03 3.533052462979127909e-22 5.849888124051433860e-23
3.000000000000000496e-03 9.923546986976110595e-01 6.876635313095343788e-03 2.468671678625262790e-21 4.628833968566490916e-22
3.500000000000000507e-03 9.813041792417293019e-01 1.732380127044127333e-02 2.026058204290701804e-20 1.618002285065553087e-21
4.000000000000000083e-03 9.612338229088339681e-01 3.647668999541450047e-02 1.533385092865082202e-19 1.135108825576082606e-22
4.500000000000000527e-03 9.322729166483012531e-01 6.306574410915521955e-02 1.079413405872105452e-18 6.777683153362652516e-20
5.000000000000000104e-03 8.990747314608960039e-01 8.381710148915556824e-02 6.288363938547664069e-18 1.212953618887038391e-18
5.500000000000000548e-03 8.676781049495113640e-01 6.522522327430199662e-02 2.797590000347877717e-17 8.007677363795048427e-18
6.000000000000000992e-03 8.417379675465660460e-01 3.900436441571258905e-02 8.953117270978111075e-17 2.830792106176091631e-17
6.500000000000000569e-03 8.219950816143709593e-01 2.988393789271793707e-02 1.965814227774428948e-16 6.285656674939555921e-17
7.000000000000001013e-03 8.076129748296161370e-01 2.638441593681035285e-02 2.927945867349510419e-16 9.792164003040845271e-17
7.499999999999999722e-03 7.973410569934472614e-01 2.471222902923092546e-02 3.145400786124368230e-16 1.122997399943323480e-16
8.000000000000000167e-03 7.900491917748194703e-01 2.396417241121166775e-02 2.878093980413870516e-16 8.913591651525793119e-17
8.500000000000000611e-03 7.848689881007375746e-01 2.346353620097694700e-02 2.825034525803903742e-16 3.734868284152756285e-17
9.000000000000001055e-03 7.811780615805214989e-01 2.305894873602572920e-02 2.650140305191942334e-16 1.270535135578169923e-18
9.500000000000001499e-03 7.785421036661186456e-01 2.278480042981351553e-02 1.802941937130631671e-16 1.882676382940928347e-17
1.000000000000000021e-02 7.766600895657300718e-01 2.249569939220608453e-02 1.074940324073423811e-16 5.718471493836971263e-17
1.050000000000000065e-02 7.753219769803018080e-01 2.220871039740834885e-02 5.412382959393414539e-16 5.128925708282109941e-17
1.100000000000000110e-02 7.743794162585979635e-01 2.200760644645263775e-02 2.816225349682171944e-15 1.495470470247093803e-16
1.150000000000000154e-02 7.737261439277227648e-01 2.176804367229391232e-02 9.198476013041671991e-15 1.129655180696252559e-15
1.200000000000000198e-02 7.732849916278746738e-01 2.158940594239630584e-02 2.269754917419813941e-14 4.810608902891896718e-15
1.250000000000000069e-02 7.729992792837230287e-01 2.141060497603046106e-02 4.576432053242644347e-14 1.433207487352568849e-14
1.300000000000000114e-02 7.728269685965263314e-01 2.126158770751951713e-02 7.980643407085738082e-14 3.391204409469477668e-14
1.350000000000000158e-02 7.727367656238598448e-01 2.106914763529095860e-02 1.248725191253712369e-13 6.925100060961147936e-14
1.400000000000000203e-02 7.727052829032958758e-01 2.097246764794299598e-02 1.775937028997306541e-13 1.255397561074434932e-13
1.450000000000000247e-02 7.727151262713076729e-01 2.084654353417614639e-02 2.347987680491591750e-13 2.084109683379322295e-13
1.499999999999999944e-02 7.727534189360346639e-01 2.072905539400110922e-02 2.891686129522022082e-13 3.239222690972400553e-13
1.550000000000000162e-02 7.728107141853280959e-01 2.066724039752649428e-02 3.358544756715535638e-13 4.725071013092864698e-13
1.600000000000000033e-02 7.728802127832606894e-01 2.058567027650756720e-02 3.688549239189672339e-13 6.595048035587749601e-13
1.650000000000000078e-02 7.729570906251514995e-01 2.050614945430142069e-02 3.793543184562442166e-13 8.843807944338377125e-13
1.700000000000000122e-02 7.730380280299029572e-01 2.042918452092120848e-02 3.733335861918196032e-13 1.139309037310530372e-12
1.750000000000000167e-02 7.731208187703551005e-01 2.038489835365189448e-02 3.418387409022341620e-13 1.427130375329625833e-12
1.800000000000000211e-02 7.732040531501135350e-01 2.036910917408964183e-02 2.942148409548425938e-13 1.731254230764440879e-12
1.850000000000000255e-02 7.732868984320481198e-01 2.032650253224647929e-02 2.351564392533418298e-13 2.047679334382895106e-12
1.900000000000000300e-02 7.733689058180822640e-01 2.031221387296592781e-02 1.677942252990096359e-13 2.364020122249795644e-12
1.950000000000000344e-02 7.734498795525738268e-01 2.027659226345691901e-02 1.091857540175967674e-13 2.664935717315823414e-12
2.000000000000000042e-02 7.735298417750127165e-01 2.024744844041244385e-02 5.771814789308215817e-14 2.947951931858461496e-12
