# time 1 2 D-1 D
0.000000000000000000e+00 9.999999755554472847e-01 5.392914440110628863e-09 4.187110877628988103e-34 7.246922672819402487e-35
2.500000000000000052e-04 9.999973731141768019e-01 2.402176096251046332e-06 2.611259870532868351e-21 6.094046395804955335e-23
5.000000000000000104e-04 9.999453755607947691e-01 5.076683580076341229e-05 3.365090566948758102e-20 1.915005246561311692e-21
7.500000000000001240e-04 9.996407803352191923e-01 3.370442440402082827e-04 4.855693028538633531e-19 1.507389932341614363e-21
1.000000000000000021e-03 9.985526131029108798e-01 1.362556087229749042e-03 3.188851555233176555e-18 1.805799744311522958e-20
1.250000000000000026e-03 9.956485520582025739e-01 4.068733001941199530e-03 2.198370511484330142e-17 1.718023936752562951e-18
1.500000000000000248e-03 9.894558577790319998e-01 9.593859424332260022e-03 1.627224111532147484e-16 4.461098566786574057e-17
1.750000000000000253e-03 9.786752880873766935e-01 1.807360629738296795e-02 1.079053074311596084e-15 6.602632779805485299e-16
2.000000000000000042e-03 9.631983558639299892e-01 2.711423825627548578e-02 5.760877628296336819e-15 6.310555186322592966e-15
2.250000000000000264e-03 9.445710973684023903e-01 3.384522923597384214e-02 2.232225726977923142e-14 4.111404305514379953e-14
2.500000000000000052e-03 9.252450779372132228e-01 3.837437841610451955e-02 6.325767701660920307e-14 1.902224126805662227e-13
2.750000000000000274e-03 9.073584347641642234e-01 4.196804938806009827e-02 1.235649885770887503e-13 6.482417869614770418e-13
3.000000000000000496e-03 8.921068346646239267e-01 4.481895387427355798e-02 1.594904046853425513e-13 1.680931965675036966e-12
3.250000000000000284e-03 8.798230120328287551e-01 4.669662030676238751e-02 1.131341604844661788e-13 3.407202749093465619e-12
3.500000000000000507e-03 8.703226190992928712e-01 4.732868695106170337e-02 1.928029098619161363e-14 5.500794331161395452e-12
3.749999999999999861e-03 8.632015903557876957e-01 4.633516204155276041e-02 3.874757039259008531e-14 7.122989539030418490e-12
4.000000000000000083e-03 8.580102858975553470e-01 4.390693958479340714e-02 3.409961708219444254e-13 7.316120602010864834e-12
4.250000000000000305e-03 8.543338669651368011e-01 4.014594661478903398e-02 8.446389390739854787e-13 5.711799645695439088e-12
4.500000000000000527e-03 8.518203148342372577e-01 3.598411668464839702e-02 1.105624280468725423e-12 3.011954508259393244e-12
4.750000000000000749e-03 8.501838054944819145e-01 3.157813727471760895e-02 7.795070002140937320e-13 7.161299557410432755e-13
5.000000000000000104e-03 8.491981483724150293e-01 2.776887604749069330e-02 1.316841353383347624e-13 9.388869811479746755e-15
5.250000000000000326e-03 8.486873278199260628e-01 2.451551949915232315e-02 2.345775715751249731e-13 5.962131497653721599e-13
5.500000000000000548e-03 8.485160133677877026e-01 2.175156724342992842e-02 2.267312322171284732e-12 8.647853528141939904e-13
5.750000000000000770e-03 8.485811272250096682e-01 1.952611594107378501e-02 7.237435909990086806e-12 1.621867031316006870e-13
6.000000000000000992e-03 8.488050034303065150e-01 1.771525228098642935e-02 1.971507147500089823e-11 7.522213201944939862e-14
6.250000000000000347e-03 8.491297688505584640e-01 1.635559747941873338e-02 4.662136130298144036e-11 1.154157379477680865e-11
6.500000000000000569e-03 8.495128732028360830e-01 1.515781496264600667e-02 1.327733890564678034e-10 2.246314533327585619e-11
6.750000000000000791e-03 8.499235949293318937e-01 1.422483663704433854e-02 3.233130815388521349e-10 3.272169021974895429e-11
7.000000000000001013e-03 8.503402940087070316e-01 1.340933570131519828e-02 6.645341463863170053e-10 4.528434958810361886e-11
7.250000000000001235e-03 8.507482567136878115e-01 1.275740572026536936e-02 1.200830119344756318e-09 5.988911290665687928e-11
7.499999999999999722e-03 8.511379981004009165e-01 1.224444984243048054e-02 1.967059322115187162e-09 7.467396976127394647e-11
7.750000000000000812e-03 8.515039232447952910e-01 1.177139091477055234e-02 2.979023371334905143e-09 9.288885208262647514e-11
8.000000000000000167e-03 8.518432840447607290e-01 1.141078151968188785e-02 4.250387360379891865e-09 1.105583441373365688e-10
8.250000000000000389e-03 8.521553498441321040e-01 1.105863125074758521e-02 5.788742852679133456e-09 1.269571937231036835e-10
8.500000000000000611e-03 8.524407633851650568e-01 1.084477255589435911e-02 7.606849371315809782e-09 1.445450417615583401e-10
8.750000000000000833e-03 8.527010646513566439e-01 1.058801969528515297e-02 9.718607132006158700e-09 1.606486792022601377e-10
9.000000000000001055e-03 8.529383036634701210e-01 1.042504283565940694e-02 1.220366090277877337e-08 1.753269323704327168e-10
9.250000000000001277e-03 8.531547672562752593e-01 1.027576360042708331e-02 1.526491441631894393e-08 1.882884081445874894e-10
9.500000000000001499e-03 8.533527938272382762e-01 1.011734189052672719e-02 1.940238471691381777e-08 1.993812442868098927e-10
9.750000000000001721e-03 8.535346599658086841e-01 1.000752359642041733e-02 2.577904946035803716e-08 2.085008103370462367e-10
1.000000000000000021e-02 8.537083817428685606e-01 9.922167057700699219e-03 3.269747887493955785e-08 2.156773405633059529e-10
