# lambda 1 2 D-1 D
0.000000000000000000e+00 -1.499999993263480746e+01 -1.300000003778050228e+01 1.299999995690875920e+01 1.499999993700253142e+01
2.500000000000000139e-02 -1.463722064453683380e+01 -1.277953613018568824e+01 1.278018065529023595e+01 1.463815444829487866e+01
5.000000000000000278e-02 -1.429852023807143979e+01 -1.258178424665818085e+01 1.258709972213116046e+01 1.430646803393312538e+01
7.500000000000001110e-02 -1.398362336855595878e+01 -1.240656798241564296e+01 1.242504130214516955e+01 1.401240790360098920e+01
1.000000000000000056e-01 -1.369262536140983855e+01 -1.225399567347257701e+01 1.229893906644571189e+01 1.376644757054295098e+01
1.250000000000000000e-01 -1.342601740286679579e+01 -1.212446640772827955e+01 1.221403515964197517e+01 1.358298338450365073e+01
1.500000000000000222e-01 -1.318472924331920026e+01 -1.201871104941991675e+01 1.217542271935051801e+01 1.348039582832293704e+01
1.750000000000000167e-01 -1.297019651324822398e+01 -1.193785001796951128e+01 1.218803101444536274e+01 1.347848386919858932e+01
2.000000000000000111e-01 -1.278445530729887381e+01 -1.188347878803410396e+01 1.225768877902306997e+01 1.359232532128520887e+01
2.250000000000000056e-01 -1.263025576325702737e+01 -1.185778847624404087e+01 1.239515446857996217e+01 1.382609526064817906e+01
2.500000000000000000e-01 -1.251116873914296512e+01 -1.186370356982494023e+01 1.265013658864401158e+01 1.417257384183509039e+01
2.750000000000000222e-01 -1.243166532915600264e+01 -1.190490528964168426e+01 1.300949807122880664e+01 1.461798507892543419e+01
3.000000000000000444e-01 -1.239732178952734465e+01 -1.198522753711544730e+01 1.344807848125506844e+01 1.514708863636080771e+01
3.250000000000000111e-01 -1.241607863411753776e+01 -1.210593650296758561e+01 1.395327390887134023e+01 1.574593880124647605e+01
3.500000000000000333e-01 -1.250296639414552757e+01 -1.225835013737359702e+01 1.451377178940346724e+01 1.640275289110347856e+01
3.750000000000000000e-01 -1.268016455693871336e+01 -1.242139585494343024e+01 1.512006342138052517e+01 1.710789171803807207e+01
4.000000000000000222e-01 -1.294506723108050750e+01 -1.259348431677117119e+01 1.576440734179802483e+01 1.785355176504722152e+01
4.250000000000000444e-01 -1.327362006357312296e+01 -1.279107369425764062e+01 1.646076510414708949e+01 1.863341832730451841e+01
4.500000000000000111e-01 -1.364947305404395905e+01 -1.302146736856224862e+01 1.718502475372554983e+01 1.944236040618337569e+01
4.750000000000000333e-01 -1.406322347877773282e+01 -1.328480712554939558e+01 1.793104078735996865e+01 2.027618345910659414e+01
5.000000000000000000e-01 -1.450852322824353635e+01 -1.357870714213762753e+01 1.869564291781997056e+01 2.113143513759141356e+01
5.250000000000000222e-01 -1.498061015226633330e+01 -1.390015162267838278e+01 1.947624415488779093e+01 2.200525421959214256e+01
5.500000000000000444e-01 -1.547572694330259679e+01 -1.424624068725602655e+01 2.027071233684539919e+01 2.289525324766751879e+01
5.750000000000000666e-01 -1.599082834200562075e+01 -1.461444748987358366e+01 2.107727532813552074e+01 2.379942704340602688e+01
6.000000000000000888e-01 -1.652340340775619865e+01 -1.500265686558579148e+01 2.189444807657484660e+01 2.471608100404188235e+01
6.250000000000000000e-01 -1.707135544187810794e+01 -1.540912939976189122e+01 2.272097708890951040e+01 2.564377454607783946e+01
6.500000000000000222e-01 -1.763291588931276266e+01 -1.583255519189111027e+01 2.355579737782476002e+01 2.658127619770636585e+01
6.750000000000000444e-01 -1.820658031946963717e+01 -1.632923353006962230e+01 2.439799853382511685e+01 2.752752770129180959e+01
7.000000000000000666e-01 -1.879105961693502280e+01 -1.685961465295513051e+01 2.524679773109964742e+01 2.848161512922032301e+01
7.250000000000000888e-01 -1.938524205656808519e+01 -1.739829085679498988e+01 2.610151851127544731e+01 2.944274549470670976e+01
7.500000000000000000e-01 -1.998816338419054262e+01 -1.794435261314647789e+01 2.696157301235589188e+01 3.041022769605478970e+01
7.750000000000000222e-01 -2.059898291223606748e+01 -1.849702834053924505e+01 2.782644855664224792e+01 3.138345690034047664e+01
8.000000000000000444e-01 -2.121696421383010289e+01 -1.905565778065706439e+01 2.869569577180854836e+01 3.236190167385056782e+01
8.250000000000000666e-01 -2.184145938385879049e+01 -1.961967082485921310e+01 2.956891860413183437e+01 3.334509331934077636e+01
8.500000000000000888e-01 -2.247189610176229735e+01 -2.018857177243167200e+01 3.044576797459600925e+01 3.433261699650951471e+01
8.750000000000000000e-01 -2.310776691883551592e+01 -2.076192697851574565e+01 3.132593398413224151e+01 3.532410429136997720e+01
9.000000000000000222e-01 -2.374862032874992224e+01 -2.133935498318075474e+01 3.220914086965399292e+01 3.631922696912623394e+01
9.250000000000000444e-01 -2.439405327965582870e+01 -2.192051852963535907e+01 3.309514256819282707e+01 3.731769169871286351e+01
9.500000000000000666e-01 -2.504370486058635237e+01 -2.250511804854631492e+01 3.398371873552483180e+01 3.831923557892363874e+01
9.750000000000000888e-01 -2.569725095103206058e+01 -2.309288648079195383e+01 3.487467155736638347e+01 3.932362232891919973e+01
1.000000000000000000e+00 -2.635439966547592405e+01 -2.368358468597597266e+01 3.576782287222300738e+01 4.033063903186298660e+01
