# time 1 2 D-1 D
0.000000000000000000e+00 9.999999762132759651e-01 6.999140657303773702e-09 1.715751554460210847e-34 1.136467938374987563e-34
2.500000000000000486e-03 9.994388227194017649e-01 1.854455526028298491e-07 7.620375012402849965e-18 7.166906789250297718e-23
5.000000000000000971e-03 9.976313694329240755e-01 3.750258532923382209e-06 2.338173219389492756e-15 4.102157788289883286e-19
7.500000000000001457e-03 9.943623844455090621e-01 2.447309754617262080e-05 7.186347532514961618e-14 7.280278719609859448e-17
1.000000000000000194e-02 9.893656979332723367e-01 1.024198559378208204e-04 8.529942079885877279e-13 3.105805402910737305e-15
1.250000000000000069e-02 9.822934700912885342e-01 3.337596061401780219e-04 5.974903134314000083e-12 6.002705582237631487e-14
1.500000000000000291e-02 9.726553646954688714e-01 9.320971135223664241e-04 2.978387181217819749e-11 6.928106693302430020e-13
1.750000000000000167e-02 9.597132031185199308e-01 2.339512017323803605e-03 1.167778502983512475e-10 5.478007071149832836e-12
2.000000000000000389e-02 9.423295068388874984e-01 5.373153873309201300e-03 3.839650643008786376e-10 3.181566716103589583e-11
2.250000000000000264e-02 9.188278973826148333e-01 1.140017928920513887e-02 1.115869263634310879e-09 1.405835662044668185e-10
2.500000000000000139e-02 8.870670631392321148e-01 2.228178888358937210e-02 3.069262567258547136e-09 4.838646187370522928e-10
2.750000000000000361e-02 8.450899782319410969e-01 3.980023539643508940e-02 9.113184265516978818e-09 1.332282360067097833e-09
3.000000000000000583e-02 7.925041596934133681e-01 6.435226883126743402e-02 3.388484503384970857e-08 3.031407511040507030e-09
3.250000000000000111e-02 7.317423196685378661e-01 9.375250191382485110e-02 6.595524975567356236e-08 5.892366386381366309e-09
3.500000000000000333e-02 6.676464263762755813e-01 1.232203385461371342e-01 9.376860860490894146e-08 1.007631139519896799e-08
3.750000000000000555e-02 6.052911642453209229e-01 1.447834585261381091e-01 1.281177125542994959e-07 1.552943312999461163e-08
4.000000000000000777e-02 5.480471936700321844e-01 1.325196810344481668e-01 1.676386355515543802e-07 2.198916544934261958e-08
4.250000000000000999e-02 4.972029180538760085e-01 7.228454678792577137e-02 2.107875409851361837e-07 2.904681731527363686e-08
4.500000000000000527e-02 4.526288190087727759e-01 3.951338478367760754e-02 2.551427960361720903e-07 3.623486260294803109e-08
4.750000000000000749e-02 4.135486881244035962e-01 2.710285872806652771e-02 2.997357293934277733e-07 4.310898499700704641e-08
5.000000000000000278e-02 3.790304860041919799e-01 2.135596487542039054e-02 3.429268561293885621e-07 4.930680813937609947e-08
5.250000000000000500e-02 3.482122913736337977e-01 1.767406216691825779e-02 3.842553051592950708e-07 5.457817321105896444e-08
5.500000000000000722e-02 3.203742270325165009e-01 1.483839390067532259e-02 4.229824143306184147e-07 5.879004911740654009e-08
5.750000000000000944e-02 2.949429321197263310e-01 1.237829786828844973e-02 4.595299822227314166e-07 6.191333952144018460e-08
6.000000000000001166e-02 2.714600618307250190e-01 9.998227692151955698e-03 4.931399157850311315e-07 6.400021260003000577e-08
6.250000000000000000e-02 2.495493372005310739e-01 7.634483050127986899e-03 5.249858533875720841e-07 6.515837780492745356e-08
6.500000000000000222e-02 2.289103430899422920e-01 5.293801052917745595e-03 5.541337817246007441e-07 6.552648779767912367e-08
6.750000000000000444e-02 2.093287985238973248e-01 3.018067894096068161e-03 5.818628558245486997e-07 6.525449342135476433e-08
7.000000000000000666e-02 1.903897128861662402e-01 1.194870421624122988e-03 6.080009350596679076e-07 6.448920835784398703e-08
7.250000000000000888e-02 1.717603474027111221e-01 1.125379416657374483e-04 6.318367129838965401e-07 6.336432494140048576e-08
7.500000000000001110e-02 1.529346899470469534e-01 3.313996400231263104e-04 6.548145606943171912e-07 6.199555491689540899e-08
7.750000000000001332e-02 1.333550254171998461e-01 2.486359239771846960e-03 6.778691609023972885e-07 6.047881308766111234e-08
8.000000000000001554e-02 1.126775574874801789e-01 7.037909796188841598e-03 6.997912957910418798e-07 5.889056360485579595e-08
8.250000000000001776e-02 9.123512833988886572e-02 1.374686969960782837e-02 7.204557321666819591e-07 5.728959337420888395e-08
8.500000000000001998e-02 7.092429813503141334e-02 2.089173429056028625e-02 7.417454208353097372e-07 5.571935934817206857e-08
8.750000000000000833e-02 5.299324401701021453e-02 2.726810990903800677e-02 7.632183289387772538e-07 5.421062061543821076e-08
9.000000000000001055e-02 3.861284578690656749e-02 3.199503342696835562e-02 7.846937798730141652e-07 5.278393462139339240e-08
9.250000000000001277e-02 2.766862196960184067e-02 3.519950590562432452e-02 8.067474443856196772e-07 5.145188103620909830e-08
9.500000000000001499e-02 1.957904653468091338e-02 3.802787225294239348e-02 8.289171420082943014e-07 5.022096000109353674e-08
9.750000000000001721e-02 1.368967422971504970e-02 4.122419896012637086e-02 8.512349248825589394e-07 4.909329781580147961e-08
1.000000000000000056e-01 9.440790785257576964e-03 3.665650112156965124e-02 8.737465979785353840e-07 4.806635818171781964e-08
