# time 1 2 D-1 D
0.000000000000000000e+00 9.999999762132759651e-01 6.999140657303773702e-09 1.715751554460210847e-34 1.136467938374987563e-34
1.250000000000000243e-03 9.994388190937458782e-01 1.853579072704748433e-07 7.620698367070099435e-18 7.161547988604612557e-23
2.500000000000000486e-03 9.976313145310277131e-01 3.749633905076170838e-06 2.338603346425006589e-15 4.103558068937619431e-19
3.750000000000000729e-03 9.943620999088738088e-01 2.447085305835005454e-05 7.188126513052804131e-14 7.281952356974008648e-17
5.000000000000000971e-03 9.893647831631995349e-01 1.024143831084688573e-04 8.533141395821185054e-13 3.106852362990363784e-15
6.250000000000000347e-03 9.822912154054667111e-01 3.337466623665990141e-04 5.978253067137741634e-12 6.005911088410145277e-14
7.500000000000001457e-03 9.726506816370723563e-01 9.320618744144086977e-04 2.980724598442998413e-11 6.933432184508358661e-13
8.750000000000000833e-03 9.597045709255814794e-01 2.339415508055587688e-03 1.168994582391734471e-10 5.483656108686979558e-12
1.000000000000000194e-02 9.423150008995104798e-01 5.372877117203724885e-03 3.844724908223612459e-10 3.185766667183286599e-11
1.125000000000000132e-02 9.188053458588352207e-01 1.139943548718650584e-02 1.117682743540961489e-09 1.408143906915667718e-10
1.250000000000000069e-02 8.870342778888753443e-01 2.227993789560251542e-02 3.075258506934771158e-09 4.848266193622431353e-10
1.375000000000000180e-02 8.450452258218352775e-01 3.979597703152263494e-02 9.134174710638845026e-09 1.335423011823749507e-09
1.500000000000000291e-02 7.924464129960736569e-01 6.434371550569548126e-02 3.397602117564753090e-08 3.039746704869001968e-09
1.625000000000000056e-02 7.316713619035071225e-01 9.373726844352875398e-02 6.616076728833779189e-08 5.911026901709837180e-09
1.750000000000000167e-02 6.675626691916241029e-01 1.231966820162859744e-01 9.410313101475065961e-08 1.011260950578815718e-08
1.875000000000000278e-02 6.051950413476419044e-01 1.447523854548555533e-01 1.286370274880113169e-07 1.559239125349645414e-08
2.000000000000000389e-02 5.479388922685158869e-01 1.324911601344592182e-01 1.684035101469500252e-07 2.208847012162616558e-08
2.125000000000000500e-02 4.970822935452579028e-01 7.227252821074935107e-02 2.118625552366605519e-07 2.919155331858677069e-08
2.250000000000000264e-02 4.524954586206013096e-01 3.950937037366710619e-02 2.565880731687228696e-07 3.643219531797036908e-08
2.375000000000000375e-02 4.134021184290050943e-01 2.710092808198002329e-02 3.016078347084689879e-07 4.336313630938065631e-08
2.500000000000000139e-02 3.788702182668682306e-01 2.135439475332837761e-02 3.452756978163120551e-07 4.961846791638064106e-08
2.625000000000000250e-02 3.480378760896502555e-01 1.767241798058081723e-02 3.871215800017858654e-07 5.494429938263154144e-08
2.750000000000000361e-02 3.201853511441726807e-01 1.483638066118522780e-02 4.263984053582855575e-07 5.920416956297227210e-08
2.875000000000000472e-02 2.947394441365862594e-01 1.237589072108750271e-02 4.635254593523844075e-07 6.236634824684996065e-08
3.000000000000000583e-02 2.712420733366916470e-01 9.995434845470900845e-03 4.977348587709885966e-07 6.448096792076868027e-08
3.125000000000000000e-02 2.493171707154023808e-01 7.631457182916902456e-03 5.302009087559728105e-07 6.565455313586814229e-08
3.250000000000000111e-02 2.286642841138464277e-01 5.291111349399081100e-03 5.599838268635580548e-07 6.602564344674614089e-08
3.375000000000000222e-02 2.090699756754025862e-01 3.015892130319481820e-03 5.883620663716408796e-07 6.574500329756870457e-08
3.500000000000000333e-02 1.901212193297101838e-01 1.191513421624087804e-03 6.151631150639368868e-07 6.496000048575483399e-08
3.625000000000000444e-02 1.714825225396061359e-01 1.095822265999992715e-04 6.396759732334280640e-07 6.380585643987174296e-08
3.750000000000000555e-02 1.526526394381819141e-01 3.257771002539434609e-04 6.633548711090750350e-07 6.240009452757002405e-08
3.875000000000000666e-02 1.330752086644522714e-01 2.473787284576326340e-03 6.871538561597439226e-07 6.084054199756724352e-08
4.000000000000000777e-02 1.124076945546109707e-01 7.012874109147518818e-03 7.098639610263052439e-07 5.920555862426255979e-08
4.125000000000000888e-02 9.098631436757712021e-02 1.369966703635753721e-02 7.313588369736526916e-07 5.755570180932340109e-08
4.250000000000000999e-02 7.070273712696183155e-02 2.081809472648563780e-02 7.535499215298752236e-07 5.593610959047652462e-08
4.375000000000000416e-02 5.280331977730701870e-02 2.716416984248671770e-02 7.760221294935474407e-07 5.437906645194122640e-08
4.500000000000000527e-02 3.845337576634966226e-02 3.186075658695482898e-02 7.985714538997339210e-07 5.290649627242127075e-08
4.625000000000000638e-02 2.753639511972150872e-02 3.503778215265431623e-02 8.218466110548732351e-07 5.153220704991936822e-08
4.750000000000000749e-02 1.947030473874082276e-02 3.783116928154844905e-02 8.453499957546446990e-07 5.026381243775316411e-08
4.875000000000000860e-02 1.360089630646167842e-02 4.099659273963715544e-02 8.691271889801199466e-07 4.910426917443617569e-08
5.000000000000000278e-02 9.368932696887847730e-03 3.644395029541434849e-02 8.932857562299722882e-07 4.805273656614381414e-08
