# time 1 2 D-1 D
0.000000000000000000e+00 9.999999656114694213e-01 1.894402575969901184e-08 2.329315524551289357e-35 1.269901240872701939e-35
5.000000000000000104e-04 9.989944509607141532e-01 1.157312306310527869e-06 4.391039506308483890e-28 5.692986110982290237e-25
1.000000000000000021e-03 9.956330094066715430e-01 2.336778114706085214e-05 2.120900831627183252e-23 3.081654334998265364e-21
1.500000000000000248e-03 9.891616609409089600e-01 1.550192868557179453e-04 1.526749899251428699e-20 5.180507997566233566e-19
2.000000000000000042e-03 9.784774750261613363e-01 6.434608686997923257e-04 1.717456980219554611e-18 2.068066202396197790e-17
2.500000000000000052e-03 9.620098083471986250e-01 2.089326926690408728e-03 6.885788483949729762e-17 3.693200942009304326e-16
3.000000000000000496e-03 9.374363532361522644e-01 5.804716686412458686e-03 1.422434379490385326e-15 3.893610943083652155e-15
3.500000000000000507e-03 9.011267520371550876e-01 1.444885650000147723e-02 1.891232122356484685e-14 2.785479814402986761e-14
4.000000000000000083e-03 8.473203630935203234e-01 3.307237988963446229e-02 1.912721955133909464e-13 1.451078650565623862e-13
4.500000000000000527e-03 7.678783793131450652e-01 6.937567181302448094e-02 1.625405765940697557e-12 5.710285726745574298e-13
5.000000000000000104e-03 6.560130463635767128e-01 1.303361194760303265e-01 1.045786381250868803e-11 1.745507760302634307e-12
5.500000000000000548e-03 5.177507700258802137e-01 2.110293995147277113e-01 3.142933218328241223e-11 4.275845175895445069e-12
6.000000000000000992e-03 3.783309020786745358e-01 2.877409323303680155e-01 6.112177489873930403e-11 8.686496274981821882e-12
6.500000000000000569e-03 2.632440017645102937e-01 3.360009297619153124e-01 1.026923435753738302e-10 1.512890670019391823e-11
7.000000000000001013e-03 1.798951304385565109e-01 3.383106328943406016e-01 1.545790613948287821e-10 2.326309536876459608e-11
7.499999999999999722e-03 1.230133726158904595e-01 1.614509718840989594e-01 2.120817980863554298e-10 3.236882644843801147e-11
8.000000000000000167e-03 8.485380585767347827e-02 3.540436604143120530e-02 2.720843933948048812e-10 4.158030473277098779e-11
8.500000000000000611e-03 5.920892493854106736e-02 1.778218923410231772e-02 3.297833756927087174e-10 5.011856107171420704e-11
9.000000000000001055e-03 4.181788236395315994e-02 1.170471416064411754e-02 3.830968574284066512e-10 5.742344229737179561e-11
9.500000000000001499e-03 2.988769814607966646e-02 8.548769064767510265e-03 4.315971740741071869e-10 6.320064214962793313e-11
1.000000000000000021e-02 2.160395825752652391e-02 6.604169450707126146e-03 4.732922601319406462e-10 6.739430662683947510e-11
1.050000000000000065e-02 1.578290145123216123e-02 5.253594238262564511e-03 5.097538026435176508e-10 7.010934405950191915e-11
1.100000000000000110e-02 1.164511646735704418e-02 4.264294285680867921e-03 5.404784310661815413e-10 7.154931407690711026e-11
1.150000000000000154e-02 8.662278437326675559e-03 3.519571872877586168e-03 5.685017655012058511e-10 7.196333077761995618e-11
1.200000000000000198e-02 6.504925809958031144e-03 2.939176558873101818e-03 5.916885992770069414e-10 7.159300217394809165e-11
1.250000000000000069e-02 4.910714149647986762e-03 2.492604054419278806e-03 6.115639497157410610e-10 7.065475610271141919e-11
1.300000000000000114e-02 3.731946237878413890e-03 2.131001637362717280e-03 6.310133569706024338e-10 6.933707435483046579e-11
1.350000000000000158e-02 2.847863087287285863e-03 1.839942976672053572e-03 6.479067908087404401e-10 6.778134706925602601e-11
1.400000000000000203e-02 2.176071972051222408e-03 1.605780604679946100e-03 6.634065462372421686e-10 6.611097571946144928e-11
1.450000000000000247e-02 1.664299245262285251e-03 1.412336773780538488e-03 6.772426668967090268e-10 6.441088790572778550e-11
1.499999999999999944e-02 1.268445510764695068e-03 1.254169463650153934e-03 6.925446269951288198e-10 6.274340798122311398e-11
1.550000000000000162e-02 9.647175659018018996e-04 1.118886517658335177e-03 7.055521005412129590e-10 6.115305377490261845e-11
1.600000000000000033e-02 7.218980868039942284e-04 1.010990007493142630e-03 7.206767401083525870e-10 5.966787152511107238e-11
1.650000000000000078e-02 5.347525498914745780e-04 9.158006207866048812e-04 7.337457432301124999e-10 5.830339184838094893e-11
1.700000000000000122e-02 3.863209646882570123e-04 8.352967619235327499e-04 7.489303659193305907e-10 5.707036358565504638e-11
1.750000000000000167e-02 2.702835496975772387e-04 7.644278469562712074e-04 7.628384362186335823e-10 5.596964792709246113e-11
1.800000000000000211e-02 1.815744107328713186e-04 6.995577357930333378e-04 7.776284068970152370e-10 5.500081497755088306e-11
1.850000000000000255e-02 1.145181021824897546e-04 6.396487682261224042e-04 7.920340946273011050e-10 5.416052224809746482e-11
1.900000000000000300e-02 6.689872228933478322e-05 5.816986802254973075e-04 8.088023110711454274e-10 5.344595348298410688e-11
1.950000000000000344e-02 3.535721001720465700e-05 5.249810862575441783e-04 8.243309161780358124e-10 5.284516952353157308e-11
2.000000000000000042e-02 1.568772602933191413e-05 4.704784632693842570e-04 8.410342870176532645e-10 5.234650338311438400e-11
