# time 1 2 D-1 D
0.000000000000000000e+00 9.999999762132759651e-01 6.999140657303773702e-09 1.715751554460210847e-34 1.136467938374987563e-34
2.500000000000000052e-04 9.994376827623951964e-01 3.694297006984703202e-07 7.618540322050727044e-18 4.420533164859729991e-23
5.000000000000000104e-04 9.976130109044621941e-01 7.468744824338657461e-06 2.332856444772910666e-15 2.599027565942445148e-19
7.500000000000001240e-04 9.942669896323470535e-01 4.802991048874203538e-05 7.128606220108433719e-14 4.709994976990327650e-17
1.000000000000000021e-03 9.890516087961119807e-01 1.965103270115485371e-04 8.369730385354637755e-13 2.046532499276975542e-15
1.250000000000000026e-03 9.814825404702746114e-01 6.210013134553440776e-04 5.765526870593368341e-12 4.018664094514666659e-14
1.500000000000000248e-03 9.708530334311263887e-01 1.669172257154497366e-03 2.810494603997787875e-11 4.696091700190661908e-13
1.750000000000000253e-03 9.561013375232110256e-01 4.007454509563295776e-03 1.072678822010228028e-10 3.742365703057733192e-12
2.000000000000000042e-03 9.356507450275541871e-01 8.763519771496234081e-03 3.422871879577260238e-10 2.178296371780577640e-11
2.250000000000000264e-03 9.073203771599704925e-01 1.766851201486725406e-02 9.635417643016743450e-10 9.586515376237253771e-11
2.500000000000000052e-03 8.685594832532863574e-01 3.283355249496694439e-02 2.562955373501551342e-09 3.266799362574721327e-10
2.750000000000000274e-03 8.173767889512643103e-01 5.592350060907933657e-02 7.349291348972156515e-09 8.862762048678294773e-10
3.000000000000000496e-03 7.539826032996649330e-01 8.659785529773623980e-02 2.640661699684356463e-08 1.980064288518409268e-09
3.250000000000000284e-03 6.819976141718743223e-01 1.213707280015873941e-01 4.981534899676659909e-08 3.769869105118358352e-09
3.500000000000000507e-03 6.075587909126825004e-01 1.538588759273136763e-01 6.883232663580371749e-08 6.302760495839424634e-09
3.749999999999999861e-03 5.366059869260096926e-01 1.739433033379162163e-01 9.156934054874381651e-08 9.481753497502008163e-09
4.000000000000000083e-03 4.727869207591383072e-01 1.507582478957612548e-01 1.167579020807801897e-07 1.308668872792390358e-08
4.250000000000000305e-03 4.172624400037632242e-01 7.550285381360107018e-02 1.431086032688400820e-07 1.682961907348572983e-08
4.500000000000000527e-03 3.696127521781867320e-01 3.772017752817425490e-02 1.688606242541452263e-07 2.041906846882588815e-08
4.750000000000000749e-03 3.287580480513762615e-01 2.397875514843825565e-02 1.933813745923405523e-07 2.361182159509943065e-08
5.000000000000000104e-03 2.935077156891114369e-01 1.775349004167674563e-02 2.156987784986167905e-07 2.624192008134309713e-08
5.250000000000000326e-03 2.627965601397382889e-01 1.391479993685353772e-02 2.357454747742904690e-07 2.822701328013214194e-08
5.500000000000000548e-03 2.357497631816639072e-01 1.111798418597943761e-02 2.532462323872777683e-07 2.955837621685361293e-08
5.750000000000000770e-03 2.116762763797500058e-01 8.849008460606671081e-03 2.687133000657608142e-07 3.028253045880614557e-08
6.000000000000000992e-03 1.900310096434489338e-01 6.818552691676782983e-03 2.819595450978426903e-07 3.048061261128333154e-08
6.250000000000000347e-03 1.703778733150269342e-01 4.948605372355994146e-03 2.939065515401979075e-07 3.025008341307925379e-08
6.500000000000000569e-03 1.523738848196083129e-01 3.231501125771639969e-03 3.041714708741094559e-07 2.969088797366997919e-08
6.750000000000000791e-03 1.357642836261461206e-01 1.690241917319715943e-03 3.136084471974011789e-07 2.889561809213109551e-08
7.000000000000001013e-03 1.202000139331430018e-01 5.645902608592861171e-04 3.222866300885487851e-07 2.794477353040043800e-08
7.250000000000001235e-03 1.054113938646066007e-01 1.609535633909891841e-05 3.298449559301845525e-07 2.690458418796926168e-08
7.499999999999999722e-03 9.106532957818148921e-02 3.435978328635748294e-04 3.371958967422689649e-07 2.582720801116256121e-08
7.750000000000000812e-03 7.685316351755436259e-02 1.837891922714540976e-03 3.448847751853357971e-07 2.475174799837083929e-08
8.000000000000000167e-03 6.264404878594398429e-02 4.637850938575980610e-03 3.522403778992127450e-07 2.370620510215173651e-08
8.250000000000000389e-03 4.873403037225975537e-02 8.435111634017356322e-03 3.591913805797736761e-07 2.270972936649106820e-08
8.500000000000000611e-03 3.623987086771746080e-02 1.214695088539818890e-02 3.668090508183325414e-07 2.177433856667147272e-08
8.750000000000000833e-03 2.576605010690694378e-02 1.511399551128643146e-02 3.748506787359604276e-07 2.090679883083133283e-08
9.000000000000001055e-03 1.776581989403024434e-02 1.696273232276186010e-02 3.831502330312721235e-07 2.010998744271007667e-08
9.250000000000001277e-03 1.197149877274410711e-02 1.786973993346106793e-02 3.920888931773014331e-07 1.938400886143464079e-08
9.500000000000001499e-03 7.908654169764526426e-03 1.850339951188159290e-02 4.013483198231104281e-07 1.872707606677533346e-08
9.750000000000001721e-03 5.117762191127347982e-03 1.930549759406715790e-02 4.109465211416866851e-07 1.813623756919170180e-08
1.000000000000000021e-02 3.231748197642560303e-03 1.672014431207320337e-02 4.209350198715274921e-07 1.760773033050391592e-08
