# time 1 2 D-1 D
0.000000000000000000e+00 9.999999564222976645e-01 2.219114607680414360e-08 3.416004950588799096e-35 2.538553518997655732e-35
2.500000000000000486e-03 9.988590451351747612e-01 3.964863292638756941e-07 5.572131638187990941e-26 6.703208443567740271e-25
5.000000000000000971e-03 9.951864215945819270e-01 8.966709621320292925e-06 1.328932672509634550e-21 3.634660210292673311e-21
7.500000000000001457e-03 9.885471781967236637e-01 6.523377625945095523e-05 5.333733984134110096e-19 6.256450434616394087e-19
1.000000000000000194e-02 9.783714164801849966e-01 3.051042227613945607e-04 4.029390531254552899e-17 2.661470734106241180e-17
1.250000000000000069e-02 9.637886293346519251e-01 1.127167968982248922e-03 1.216111569956753923e-15 5.345861227398106420e-16
1.500000000000000291e-02 9.432422982119159638e-01 3.588706153625029465e-03 2.078467496490585819e-14 6.676786249302236808e-15
1.750000000000000167e-02 9.137380590579895490e-01 1.021941836420067057e-02 2.531255894698710845e-13 5.821261920432205590e-14
2.000000000000000389e-02 8.699001901827362326e-01 2.608542142643607842e-02 2.631346249707338357e-12 3.692728777835730193e-13
2.250000000000000264e-02 8.045913086869360686e-01 5.846137800243995236e-02 1.803656566627774444e-11 1.746204597598086616e-12
2.500000000000000139e-02 7.148898812529344005e-01 1.111586881131402804e-01 4.898082444235314604e-11 6.353646244808829297e-12
2.750000000000000361e-02 6.105564424928171530e-01 1.765973107166841916e-01 1.115033251004894579e-10 1.846967820298041928e-11
3.000000000000000583e-02 5.095891085906656404e-01 2.400810187967447329e-01 2.227600388543816950e-10 4.449883847905052633e-11
3.250000000000000111e-02 4.239563601833729600e-01 2.610723317652519637e-01 3.965017858148233263e-10 9.177539836542967780e-11
3.500000000000000333e-02 3.558793489455712722e-01 6.418035337363330040e-02 6.391190217220874022e-10 1.664975802376917892e-10
3.750000000000000555e-02 3.027884206449211746e-01 3.142244246418857134e-02 9.494294786880763054e-10 2.717408162878444189e-10
4.000000000000000777e-02 2.612619578431464307e-01 2.377582615649445619e-02 1.327923210356796634e-09 4.064207567682992348e-10
4.250000000000000999e-02 2.283966819428329409e-01 2.061533306669116952e-02 1.763320868223399694e-09 5.654936176791127409e-10
4.500000000000000527e-02 2.020026031397875177e-01 1.917151364647065245e-02 2.260818526542817575e-09 7.411087564755671428e-10
4.750000000000000749e-02 1.804768413405272165e-01 1.844612427865883683e-02 2.810308528328807980e-09 9.241635625649506765e-10
5.000000000000000278e-02 1.626555269141949922e-01 1.823208081563006469e-02 3.413499655107617918e-09 1.105767519117296454e-09
5.250000000000000500e-02 1.477083175461599562e-01 1.828570269534916456e-02 4.070452297605824616e-09 1.278301960999233834e-09
5.500000000000000722e-02 1.348999457913048206e-01 1.863138375441032377e-02 4.785641398971525462e-09 1.436026306883854870e-09
5.750000000000000944e-02 1.239104924770738914e-01 1.910600030721761045e-02 5.562389770486344428e-09 1.575238475972787107e-09
6.000000000000001166e-02 1.142211760988617320e-01 1.977693686869302567e-02 6.406129442495307438e-09 1.694145578551129200e-09
6.250000000000000000e-02 1.057460750923706061e-01 2.047937587063175524e-02 7.319517053730359839e-09 1.792525992364714091e-09
6.500000000000000222e-02 9.801488335368815918e-02 2.143201249968037028e-02 8.298947594823958912e-09 1.871354598712971046e-09
6.750000000000000444e-02 9.111205851748560569e-02 2.237786491695863134e-02 9.353555085307228563e-09 1.932400828663038980e-09
7.000000000000000666e-02 8.471247233031285739e-02 2.350385282306861542e-02 1.050941949654572161e-08 1.977897694156778839e-09
7.250000000000000888e-02 7.866090451566845609e-02 2.485482001066001770e-02 1.174166793782905577e-08 2.010251319422433388e-09
7.500000000000001110e-02 7.303950273959525230e-02 2.626033415391117176e-02 1.305245506991928370e-08 2.031848400888709694e-09
7.750000000000001332e-02 6.749481788227486290e-02 2.800254384089263110e-02 1.446574702578098040e-08 2.044926360105615048e-09
8.000000000000001554e-02 6.208358918427558937e-02 2.996668106234328874e-02 1.592509328314260865e-08 2.051466957329928659e-09
8.250000000000001776e-02 5.677387709377910291e-02 3.213697349615440152e-02 1.749004513580445914e-08 2.053199745182445752e-09
8.500000000000001998e-02 5.096535276922444652e-02 3.507430106981594686e-02 1.910836164672590507e-08 2.051579700561196933e-09
8.750000000000000833e-02 4.478334262284937306e-02 3.862043516833923995e-02 2.077374834373550607e-08 2.047811467950902310e-09
9.000000000000001055e-02 3.784067902783503495e-02 4.313487573571238992e-02 2.252993680631425371e-08 2.042784250987126698e-09
9.250000000000001277e-02 2.969454487226521819e-02 4.903702312591989854e-02 2.432383480356015913e-08 2.037192985712773297e-09
9.500000000000001499e-02 2.085894322877845583e-02 5.579292101097759610e-02 2.621277323085294518e-08 2.031684583877906144e-09
9.750000000000001721e-02 1.182304432578685539e-02 6.289632469131350989e-02 2.809802678495416681e-08 2.026638964802789993e-09
1.000000000000000056e-01 4.538732072807506734e-03 6.838067532143790594e-02 3.004674677235350272e-08 2.022253303534600183e-09
