# time 1 2 D-1 D
0.000000000000000000e+00 9.999999583885423871e-01 1.413335818206802127e-08 4.299903234010232375e-35 1.880515454827185772e-35
2.500000000000000052e-04 9.999973083254706241e-01 6.326912382905233810e-07 1.287738626193129068e-27 1.872680266310440572e-29
5.000000000000000104e-04 9.999538662939992939e-01 1.280682614041996517e-05 6.034975197690648814e-25 2.305891850096826940e-26
7.500000000000001240e-04 9.997469543516738222e-01 8.163797548891714613e-05 1.480111063547647342e-23 5.743738461126512693e-25
1.000000000000000021e-03 9.991309467212551310e-01 3.206890344345830930e-04 4.511085895445972322e-23 7.946110776651422045e-25
1.250000000000000026e-03 9.976889218180474694e-01 9.589069131668837270e-04 1.124600962251126342e-22 1.414253118078208853e-24
1.500000000000000248e-03 9.947719816921544167e-01 2.402342678562217285e-03 2.576831649601610622e-22 3.293683273365718978e-24
1.750000000000000253e-03 9.894345013818544032e-01 5.277348043297710317e-03 5.243879554450922622e-22 7.812555819034076389e-24
2.000000000000000042e-03 9.803882487542026070e-01 1.048693348900377707e-02 1.089269999395739056e-21 2.049356673320707469e-23
2.250000000000000264e-03 9.660211078478490032e-01 1.915768584445500661e-02 2.248429069621902098e-21 5.598643774235216188e-23
2.500000000000000052e-03 9.445513873509796543e-01 3.249281849611351108e-02 4.809171289335486889e-21 1.744506423422859282e-22
2.750000000000000274e-03 9.143916930053220815e-01 5.141982910027087517e-02 9.476099009824981510e-21 6.173624273512886376e-22
3.000000000000000496e-03 8.747218260737061879e-01 7.604490640804273394e-02 1.465267859227830662e-20 2.460631395143708857e-21
3.250000000000000284e-03 8.260822584758843456e-01 1.050466583161226708e-01 1.095568401161539162e-20 1.021082826518432515e-20
3.500000000000000507e-03 7.706101065371500081e-01 1.356165190410126564e-01 2.308118623221104033e-21 4.081125853549224065e-20
3.749999999999999861e-03 7.116198130081063944e-01 1.637582863648223419e-01 2.492897080965011779e-19 1.454196429112186477e-19
4.000000000000000083e-03 6.526751317447641032e-01 1.855506077014236754e-01 2.531293124722315424e-18 4.231196956786347994e-19
4.250000000000000305e-03 5.966888254027786775e-01 1.982486158976476398e-01 1.462872127783336607e-17 1.012723157657213380e-18
4.500000000000000527e-03 5.454794103942564032e-01 2.014296822757730698e-01 6.318442653319370882e-17 1.527502526353962262e-18
4.750000000000000749e-03 4.998187140684442475e-01 1.963223047837893975e-01 2.369188172254259949e-16 1.953847406091914877e-19
5.000000000000000104e-03 4.597252347103150671e-01 1.853499920319820471e-01 7.492152248715643196e-16 7.554688779782200911e-18
5.250000000000000326e-03 4.248056339035670148e-01 1.711179847233604556e-01 2.031285032873067336e-15 9.462626924046636950e-17
5.500000000000000548e-03 3.945408878353422466e-01 1.558137831463908829e-01 4.870692825485703783e-15 4.864422933985279079e-16
5.750000000000000770e-03 3.685722458732789697e-01 1.405144995588393508e-01 1.048138382008766299e-14 1.639735828388015060e-15
6.000000000000000992e-03 3.477018731057044953e-01 1.245432306236951975e-01 2.056515984498191053e-14 4.250892368087933993e-15
6.250000000000000347e-03 3.368424265268101792e-01 1.022828888199467934e-01 3.700216433008719136e-14 9.172763101823271939e-15
6.500000000000000569e-03 2.373401879864653896e-01 1.717148323139447152e-01 2.928610585699084084e-14 1.701051608198109802e-14
6.750000000000000791e-03 1.228279874280930467e-01 2.585640890921869217e-01 6.102139506294284208e-14 2.843325074931774434e-14
7.000000000000001013e-03 1.089299258133479276e-01 2.466977907093547140e-01 8.378181198714936686e-14 4.335606680712133045e-14
7.250000000000001235e-03 9.861489415052027141e-02 2.327617395680878498e-01 1.062677143211601739e-13 6.145139392432537573e-14
7.499999999999999722e-03 9.085432805550366919e-02 2.176376895877477902e-01 1.246598435981036656e-13 8.237452688759024216e-14
7.750000000000000812e-03 8.412884854546394398e-02 2.025483876794197113e-01 1.383099017303284658e-13 1.050122965814498367e-13
8.000000000000000167e-03 7.809242994192480691e-02 1.878881120346737599e-01 1.452162179038514095e-13 1.290721267955936957e-13
8.250000000000000389e-03 7.257856660388567471e-02 1.736690639009825232e-01 1.447174313674636554e-13 1.538645270669507253e-13
8.500000000000000611e-03 6.749600175307444994e-02 1.599495833685434798e-01 1.361029225040966205e-13 1.789257261526838141e-13
8.750000000000000833e-03 6.279064418027259509e-02 1.465483989420586219e-01 1.200091370522509739e-13 2.044868296160840892e-13
9.000000000000001055e-03 5.842815323137490885e-02 1.333809397439606748e-01 9.886724525024635321e-14 2.302179025874706878e-13
9.250000000000001277e-03 5.438475968282858314e-02 1.199404869974385612e-01 7.408965173768088078e-14 2.565375209894671758e-13
9.500000000000001499e-03 5.064204405888612925e-02 1.059842467532443183e-01 4.867476102145481762e-14 2.837405073459511018e-13
9.750000000000001721e-03 4.718393018625783447e-02 1.482930275847091361e-02 2.674888597021207087e-14 3.119771724142978110e-13
1.000000000000000021e-02 4.399504020755560380e-02 1.257276086734717552e-02 1.003262092013971589e-14 3.418720288732058120e-13
