# time 1 2 D-1 D
0.000000000000000000e+00 9.999999492205244866e-01 3.848674556790694478e-09 3.316859906092901200e-35 9.840104536706643834e-36
2.500000000000000052e-04 9.989988883199590886e-01 1.029993365021561704e-06 9.934094657365838509e-33 2.578855526486590710e-36
5.000000000000000104e-04 9.957680581157276611e-01 1.958980067996324382e-05 2.549624196617090571e-28 3.797657845692986204e-32
7.500000000000001240e-04 9.898879764221265587e-01 1.238698575468191211e-04 1.042327409737549137e-25 8.487061041888570660e-29
1.000000000000000021e-03 9.807845842591411678e-01 4.935965848655820805e-04 7.813553505999389754e-24 2.172563419980979972e-26
1.250000000000000026e-03 9.676356454528027840e-01 1.522181241843844051e-03 2.261489143550732638e-22 1.645032482748509514e-24
1.500000000000000248e-03 9.492439593761928807e-01 3.973253199724718909e-03 3.423657316772373598e-21 5.617204101096092315e-23
1.750000000000000253e-03 9.239144474121233630e-01 9.161067351125398023e-03 3.308884735790917080e-20 1.079863449500637427e-21
2.000000000000000042e-03 8.894505789333840839e-01 1.903572923893553231e-02 2.254619859259729272e-19 1.331596897902195371e-20
2.250000000000000264e-03 8.435082027741592769e-01 3.598441954244893659e-02 1.165180458574471071e-18 1.143983951689553422e-19
2.500000000000000052e-03 7.845765118935656979e-01 6.193806365090665650e-02 4.830206094817675837e-18 7.237660900247064415e-19
2.750000000000000274e-03 7.134271934327538478e-01 9.696669272002521323e-02 1.698874902415255620e-17 3.507714398056231751e-18
3.000000000000000496e-03 6.339329427876970735e-01 1.374985414931790273e-01 5.289429715625676741e-17 1.342196975600495910e-17
3.250000000000000284e-03 5.520312649814324013e-01 1.723459180198017027e-01 1.535157931545562475e-16 4.159380969505254150e-17
3.500000000000000507e-03 4.733987030053168343e-01 1.697266199287667254e-01 4.393462462241936632e-16 1.067909943404434173e-16
3.749999999999999861e-03 4.017867942145559312e-01 1.272810429104505869e-01 1.257823989098622155e-15 2.318037790232376530e-16
4.000000000000000083e-03 3.388616388291473824e-01 9.778591150348490968e-02 3.428596175836702201e-15 4.325518669341287803e-16
4.250000000000000305e-03 2.848558433789202260e-01 8.097968830148555286e-02 8.204076075696354049e-15 7.022023715495449992e-16
4.500000000000000527e-03 2.392286107328158440e-01 6.323445742989439178e-02 1.651692238285218395e-14 9.977284384300638801e-16
4.750000000000000749e-03 2.010795036816657444e-01 4.432344858561519663e-02 2.877816869505886857e-14 1.239091220930447398e-15
5.000000000000000104e-03 1.693763927863953245e-01 7.798333486378036805e-02 4.498405499843761053e-14 1.329879249047826511e-15
5.250000000000000326e-03 1.430888630263385808e-01 7.048828550059076103e-02 6.488149423904019562e-14 1.200012796924989463e-15
5.500000000000000548e-03 1.212691938101590761e-01 6.654077295091512245e-02 8.748387761951244844e-14 8.541846648390561604e-16
5.750000000000000770e-03 1.030947891371974817e-01 6.331771939938647675e-02 1.113346523797040343e-13 4.069111885931018003e-16
6.000000000000000992e-03 8.788081197966923774e-02 6.132422348470350365e-02 1.346256580815412217e-13 6.237771098046539094e-17
6.250000000000000347e-03 7.507331127123374748e-02 5.944002514258242553e-02 1.550280973737877978e-13 4.430501810808622688e-17
6.500000000000000569e-03 6.423212321805567282e-02 5.775265095853689135e-02 1.702115542008647106e-13 4.972111075262842983e-16
6.750000000000000791e-03 5.501051049716040170e-02 5.620560562459060716e-02 1.780225953748006411e-13 1.396681631061653098e-15
7.000000000000001013e-03 4.713558168425838191e-02 5.497956120335926317e-02 1.768723236323705660e-13 2.555249125068319710e-15
7.250000000000001235e-03 4.039134771596926410e-02 5.356418292743623383e-02 1.659706747760828640e-13 3.661972726981738624e-15
7.499999999999999722e-03 3.460496260639506910e-02 5.231453671353060442e-02 1.453098095042100190e-13 4.406779814150004962e-15
7.750000000000000812e-03 2.963604529775099375e-02 5.099983624347569078e-02 1.171248859139345947e-13 4.530144130451365634e-15
8.000000000000000167e-03 2.536867448502847996e-02 4.969610829498071619e-02 8.450182333184140759e-14 3.984442886256074809e-15
8.250000000000000389e-03 2.170554238841111705e-02 4.836958525197754266e-02 5.132561503073595327e-14 2.891886883645958032e-15
8.500000000000000611e-03 1.856378631545540711e-02 4.705952173071360767e-02 2.359520326872456565e-14 1.573589883530031479e-15
8.750000000000000833e-03 1.587205700615096013e-02 4.574198173517152188e-02 6.631192601417869310e-15 5.296688273843436240e-16
9.000000000000001055e-03 1.356846254665794622e-02 4.444959850183986122e-02 5.991960330549953181e-15 3.515673516691112431e-16
9.250000000000001277e-03 1.159910362957215606e-02 4.311446723710314621e-02 2.683356086353621768e-14 1.694052861302433280e-15
9.500000000000001499e-03 9.916998251645487220e-03 4.180753179779720524e-02 5.952688399574352656e-14 5.237843924866755884e-15
9.750000000000001721e-03 8.481239928461278138e-03 4.053239832746648869e-02 7.752099929210279609e-14 1.148192984967058906e-14
1.000000000000000021e-02 7.256387625815761619e-03 3.924048824459153845e-02 2.822692906217146655e-14 2.093668987585324205e-14
