# time 1 2 D-1 D
0.000000000000000000e+00 9.999999492205244866e-01 3.848674556790694478e-09 3.316859906092901200e-35 9.840104536706643834e-36
1.250000000000000243e-03 9.990008894832821396e-01 4.315000156103671978e-07 1.028019543881006774e-32 1.067185862540956790e-36
2.500000000000000486e-03 9.958040384297548453e-01 8.044711392533222550e-06 2.545646491177912030e-28 7.070163512956900411e-32
3.750000000000000729e-03 9.900942595348413144e-01 5.162327176678128997e-05 1.036326743781633068e-25 1.484954727349522074e-28
5.000000000000000971e-03 9.815220396523258728e-01 2.125087496853228866e-04 7.710331508248319421e-24 3.537762248410323812e-26
6.250000000000000347e-03 9.696595070468333466e-01 6.869571075941092704e-04 2.203162044879199328e-22 2.469785268741659168e-24
7.500000000000001457e-03 9.539065406368829603e-01 1.901664927697330589e-03 3.277388995863586860e-21 7.669858357898741156e-23
8.750000000000000833e-03 9.333424236494037851e-01 4.684813444665976261e-03 3.097906700176209769e-20 1.318432542547191740e-21
1.000000000000000194e-02 9.065825600636835402e-01 1.043466664852672754e-02 2.062746456600428826e-19 1.426140355099346970e-20
1.125000000000000132e-02 8.718349729395905578e-01 2.112192896772391651e-02 1.045989573553285053e-18 1.053549996842509569e-19
1.250000000000000069e-02 8.274689590510897474e-01 3.877979958918433001e-02 4.306108136939531356e-18 5.622583176947292942e-19
1.375000000000000180e-02 7.731675326948126425e-01 6.441602178709514293e-02 1.530336605697300080e-17 2.258043743731343070e-18
1.500000000000000291e-02 7.109123450948862111e-01 9.653747303668235025e-02 4.954865108681407145e-17 7.041436451604155419e-18
1.625000000000000056e-02 6.446326761457380483e-01 1.279594675657272085e-01 1.519011520766246411e-16 1.747126516419207954e-17
1.750000000000000167e-02 5.785833563434762405e-01 1.343776058145396968e-01 4.612275852800732743e-16 3.512005134675272494e-17
1.875000000000000278e-02 5.159235043689447409e-01 1.084302299885220866e-01 1.372127510280980745e-15 5.771324292219304445e-17
2.000000000000000389e-02 4.583861660210374889e-01 8.950808766726274512e-02 3.741322166433126984e-15 7.706533402726810620e-17
2.125000000000000500e-02 4.066525663718363881e-01 7.938822485999240397e-02 8.643415755841065665e-15 8.067200530392751876e-17
2.250000000000000264e-02 3.607913842569258067e-01 6.651042502917674237e-02 1.642610090493644922e-14 5.915729197356596706e-17
2.375000000000000375e-02 3.205267900575476392e-01 5.049150306332092497e-02 2.676284266322876070e-14 1.981316128801298170e-17
2.500000000000000139e-02 2.853793551838693654e-01 9.179432156603122006e-02 3.905308936807953295e-14 2.973472604352291580e-18
2.625000000000000250e-02 2.547597176840395439e-01 8.767018796829384453e-02 5.261417412627859012e-14 9.393266398560806942e-17
2.750000000000000361e-02 2.280458012409988244e-01 8.729084151463678554e-02 6.641751172629160989e-14 4.201623275296640127e-16
2.875000000000000472e-02 2.046429156720033504e-01 8.734001881179495608e-02 7.963050125525920972e-14 1.123259754704038990e-15
3.000000000000000583e-02 1.840214247526249236e-01 8.892101692000861646e-02 9.105546565870620940e-14 2.308748589489551530e-15
3.125000000000000000e-02 1.657333873297750504e-01 9.037997354530893923e-02 9.995293503578790675e-14 3.984724748416811900e-15
3.250000000000000111e-02 1.494136793513682893e-01 9.190875925950478531e-02 1.056943416236425429e-13 6.042510614087299307e-15
3.375000000000000222e-02 1.347722269880819446e-01 9.346009570474457517e-02 1.076459424220220169e-13 8.215637675219545457e-15
3.500000000000000333e-02 1.215819748727166860e-01 9.549078869589924801e-02 1.058966004662952286e-13 1.021838756866693829e-14
3.625000000000000444e-02 1.096658956864796086e-01 9.690091843410662820e-02 1.007839732048145428e-13 1.175298956535429733e-14
3.750000000000000555e-02 9.888490004440497749e-02 9.852208253416713801e-02 9.214672706499040637e-14 1.260870661739235120e-14
3.875000000000000666e-02 8.912750177031043830e-02 9.980187483009950178e-02 8.171682432601179701e-14 1.272193307934866029e-14
4.000000000000000777e-02 8.030151689172827789e-02 1.009356414167538740e-01 7.072474560639877711e-14 1.220195945833820462e-14
4.125000000000000888e-02 7.232780685460077352e-02 1.018205931859010177e-01 5.941170199888840569e-14 1.127438605280721014e-14
4.250000000000000999e-02 6.513587668729686753e-02 1.025666858512818691e-01 5.056314555768137021e-14 1.029877910965364100e-14
4.375000000000000416e-02 5.866098419210259013e-02 1.031004456417281973e-01 4.486144935844729002e-14 9.694205079992962869e-15
4.500000000000000527e-02 5.284244508506971694e-02 1.035101618080093572e-01 4.388126953770820770e-14 9.881478396471816524e-15
4.625000000000000638e-02 4.762278831363846165e-02 1.035804834191514506e-01 5.001286686968614958e-14 1.124260477360002909e-14
4.750000000000000749e-02 4.294746266428561832e-02 1.035224097897594897e-01 5.126198192435962129e-14 1.410220182682650481e-14
4.875000000000000860e-02 3.876485089489741659e-02 1.033497025503708339e-01 4.537229321995307277e-14 1.872520177206953589e-14
5.000000000000000278e-02 3.502706173011256585e-02 1.028895995724654761e-01 1.606445599110738466e-14 2.520428938042344801e-14
