# time 1 2 D-1 D
0.000000000000000000e+00 9.999999647458793772e-01 1.172358676750046774e-08 1.937716111964152445e-34 2.037370482265034761e-35
1.250000000000000243e-03 9.999955231396134847e-01 5.482754260141725432e-08 1.053524109030454618e-24 7.836830286008189945e-27
2.500000000000000486e-03 9.999288293582837550e-01 9.735022730921791698e-07 2.639404836290831731e-22 5.510897749181343251e-24
3.750000000000000729e-03 9.996404025478272670e-01 5.596807398389128926e-06 1.678251711490248889e-20 4.625608335051771232e-22
5.000000000000000971e-03 9.988640572977925958e-01 2.222934750849151278e-05 5.057697968248162110e-20 5.015735739655395351e-22
6.250000000000000347e-03 9.972189997721245813e-01 6.734602454524418931e-05 1.946210040774028361e-19 1.570081300712108659e-21
7.500000000000001457e-03 9.941846035697045059e-01 1.765662645121878860e-04 6.694524659619762683e-19 6.918607211253629504e-21
8.750000000000000833e-03 9.890454427497487044e-01 4.227751948373491254e-04 2.483405343688775702e-18 3.441954414821207663e-20
1.000000000000000194e-02 9.807936816870129748e-01 9.479034632861543883e-04 1.133055164337238053e-17 1.963834853227700528e-19
1.125000000000000132e-02 9.679773006603994423e-01 2.014295835689240612e-03 5.825715128576701920e-17 9.345399498238330916e-19
1.250000000000000069e-02 9.484820855201553380e-01 4.202614054411320417e-03 3.418924888984877965e-16 3.573130248884013099e-18
1.375000000000000180e-02 9.192140488230811091e-01 8.667689145835742043e-03 2.007953165026111336e-15 7.207595086911782079e-18
1.500000000000000291e-02 8.756277833500732966e-01 1.788252234914735825e-02 1.099192556561012901e-14 8.496165916247929546e-19
1.625000000000000056e-02 8.103484593445495765e-01 3.739971568110834338e-02 5.314710448358425906e-14 1.208256172801126483e-16
1.750000000000000167e-02 7.126977801265440560e-01 7.676022905050880474e-02 2.154948386348516271e-13 2.034793279383080281e-15
1.875000000000000278e-02 5.763258344333389571e-01 1.422840252674730521e-01 7.128480130075581052e-13 1.465316008177293810e-14
2.000000000000000389e-02 4.196766143413511174e-01 2.166330486881055950e-01 1.901380247274105723e-12 6.884670050441023950e-14
2.125000000000000500e-02 2.892948896615428200e-01 2.560811593376350337e-01 3.975934160981534273e-12 2.436674283094087603e-13
2.250000000000000264e-02 2.011897230950549231e-01 2.509771678501949155e-01 7.312382844277366631e-12 6.993734247470367543e-13
2.375000000000000375e-02 1.458713607605349460e-01 2.197439217813239032e-01 1.307416339625949174e-11 1.703168791082601435e-12
2.500000000000000139e-02 1.101575391231936346e-01 1.826436210511183100e-01 2.206134078027244783e-11 3.634259758837170910e-12
2.625000000000000250e-02 8.631711526155433356e-02 1.496993221338173974e-01 3.588834537319268509e-11 6.955489691730517200e-12
2.750000000000000361e-02 6.967128917341325334e-02 1.236251818757041626e-01 5.515717196748869603e-11 1.215468310125039359e-11
2.875000000000000472e-02 5.764767686126488766e-02 1.029634916728073141e-01 8.029520601600352312e-11 1.967860775972133292e-11
3.000000000000000583e-02 4.871066186077004090e-02 8.670644895940728125e-02 1.125817519862304322e-10 2.984871611441732938e-11
3.125000000000000000e-02 4.190648500002148308e-02 7.369964648877719293e-02 1.483459379392846889e-10 4.282652647231553523e-11
3.250000000000000111e-02 3.662205545798932066e-02 6.351306484747459846e-02 1.903604544414341293e-10 5.856470908892646554e-11
3.375000000000000222e-02 3.244751108280031354e-02 5.543279320821804801e-02 2.371095935742986135e-10 7.683453755636011265e-11
3.500000000000000333e-02 2.910134743503202046e-02 4.898605866255231756e-02 2.848149587387362408e-10 9.724938938758009306e-11
3.625000000000000444e-02 2.638532228912881042e-02 4.383962157148966338e-02 3.307395388452920081e-10 1.193262349130799075e-10
3.750000000000000555e-02 2.415665808716178573e-02 3.968788846217101429e-02 3.780136581829362660e-10 1.425270284846096697e-10
3.875000000000000666e-02 2.231038848629854007e-02 3.647889478645790357e-02 4.255153262129581635e-10 1.662924252448692678e-10
4.000000000000000777e-02 2.076786292376644333e-02 3.378847530090510476e-02 4.613790152645292264e-10 1.901387475723808687e-10
4.125000000000000888e-02 1.946910373252299514e-02 3.169299439453617667e-02 4.994619789168163767e-10 2.136348102694416907e-10
4.250000000000000999e-02 1.836763565755939950e-02 3.000854049679267666e-02 5.328326285568338468e-10 2.364298072953766096e-10
4.375000000000000416e-02 1.742693872441911790e-02 2.863378198697343058e-02 5.666967634326624974e-10 2.582768631824626700e-10
4.500000000000000527e-02 1.661797768104785258e-02 2.739014363062394417e-02 5.937005498655384793e-10 2.789978053915641011e-10
4.625000000000000638e-02 1.591745376690755984e-02 2.643353158757184504e-02 6.142858617667101564e-10 2.984861184294022931e-10
4.750000000000000749e-02 1.530654373782240098e-02 2.572030584186039623e-02 6.349501424070095222e-10 3.167008915956791058e-10
4.875000000000000860e-02 1.476996935780181333e-02 2.506054446567872185e-02 6.648610901544361854e-10 3.336351859359930719e-10
5.000000000000000278e-02 1.429543056475289162e-02 2.449790739259993452e-02 6.757017055231767437e-10 3.493487378776487907e-10
