# time 1 2 D-1 D
0.000000000000000000e+00 9.999999660676347490e-01 1.948328679629205232e-08 6.052385313513793066e-34 5.915087573337750740e-35
2.500000000000000486e-03 9.992944295099637220e-01 8.422897191941535505e-07 6.126210675916428317e-20 1.954738962288177401e-28
5.000000000000000971e-03 9.970331704040736875e-01 1.842564131498228037e-05 1.497131044398401798e-17 1.435309995833495175e-24
7.500000000000001457e-03 9.929652775093618100e-01 1.223746702538651768e-04 3.444605441534799997e-16 1.484835005896675525e-21
1.000000000000000194e-02 9.867442375844065472e-01 5.037983350220475018e-04 2.852334009382893848e-15 1.601174937453901139e-19
1.250000000000000069e-02 9.778247184519476276e-01 1.583936735656450885e-03 1.293955812471402482e-14 5.353048889235954690e-18
1.500000000000000291e-02 9.653134063340378379e-01 4.184961724818212457e-03 3.925948771293229745e-14 8.590851490405636601e-17
1.750000000000000167e-02 9.478216188230501604e-01 9.653586167232665674e-03 8.652115928985178692e-14 8.199068506847428228e-16
2.000000000000000389e-02 9.234627285521975759e-01 1.995147821315931130e-02 1.470656942076775956e-13 5.266077608109584186e-15
2.250000000000000264e-02 8.902419022888420352e-01 3.714092586483683234e-02 1.817383153336002626e-13 2.463891334351049694e-14
2.500000000000000139e-02 8.470085248245748932e-01 6.244558937638094998e-02 1.581422077092522013e-13 8.883832258597273634e-14
2.750000000000000361e-02 7.946222228911593577e-01 9.517502097624699897e-02 9.848230617832322109e-14 2.578343163335423344e-13
3.000000000000000583e-02 7.363306422985005373e-01 1.306191409957590255e-01 3.676664040840121376e-14 6.248948161648383727e-13
3.250000000000000111e-02 6.767003954281036737e-01 1.545288880447014679e-01 2.710377864287999929e-14 1.308212748799184276e-12
3.500000000000000333e-02 6.198611192891345656e-01 9.519079401268394636e-02 9.519285936499394287e-14 2.446712291855345729e-12
3.750000000000000555e-02 5.683993277861537630e-01 2.427154662002839816e-02 7.097541573777195589e-13 4.236362149488065637e-12
4.000000000000000777e-02 5.233070965003258079e-01 1.085550843799582520e-02 4.621033783366567489e-12 7.052777785049498942e-12
4.250000000000000999e-02 4.844924114063420828e-01 6.960794523579429127e-03 2.292248389353043233e-11 1.171696685530339388e-11
4.500000000000000527e-02 4.513217745745088938e-01 5.226895653756195512e-03 8.816028759408164590e-11 2.000579476968161039e-11
4.750000000000000749e-02 4.229853979670327724e-01 4.137508640991971118e-03 2.902774716287304181e-10 3.559128935798184653e-11
5.000000000000000278e-02 3.986883912558314980e-01 3.330481578042986460e-03 8.053592505461864972e-10 6.564977813968436339e-11
5.250000000000000500e-02 3.777298526665200940e-01 2.747289200401379500e-03 1.881647040725990014e-09 1.232511570791090496e-10
5.500000000000000722e-02 3.595233413579004278e-01 2.053248116037232479e-03 3.740599488342562583e-09 2.301686456472833872e-10
5.750000000000000944e-02 3.435912407998248930e-01 1.559650457708008746e-03 6.324790183605702633e-09 4.188607529833954382e-10
6.000000000000001166e-02 3.295493924824537957e-01 1.100343461297103751e-03 9.355239455938191766e-09 7.314103177406100672e-10
6.250000000000000000e-02 3.170895247099207448e-01 6.447144824446213694e-04 1.242819249103682705e-08 1.212666286629000080e-09
6.500000000000000222e-02 3.059620541985648701e-01 3.246988815092244482e-04 1.555546510738666697e-08 1.895536221408303909e-09
6.750000000000000444e-02 2.959596395049270967e-01 6.872101124710628197e-05 1.938237452806460670e-08 2.778951771497147309e-09
7.000000000000000666e-02 2.869007169598708495e-01 1.234974845251699556e-05 2.296111954995818485e-08 3.803383584054436087e-09
7.250000000000000888e-02 2.786119810934095109e-01 1.892993020390106962e-04 2.656647214585427524e-08 4.832197165613550060e-09
7.500000000000001110e-02 2.709087831549002456e-01 6.451989194065693625e-04 2.986558218256213938e-08 5.688495197893653300e-09
7.750000000000001332e-02 2.635731616920232723e-01 1.602932210557842917e-03 3.307229322729353314e-08 6.010554323460777172e-09
8.000000000000001554e-02 2.563310078958109806e-01 3.215075254498205894e-03 3.563880609397383548e-08 5.632595148660283260e-09
8.250000000000001776e-02 2.488334158741128399e-01 5.677592617806837341e-03 3.712955416990887905e-08 4.937967766213972263e-09
8.500000000000001998e-02 2.406530645960408554e-01 9.384856631977547131e-03 3.866795053497305568e-08 2.890970215128417538e-09
8.750000000000000833e-02 2.313131781318675528e-01 1.450972602413432185e-02 4.780632864113941608e-09 3.535973381350450915e-08
9.000000000000001055e-02 2.203684135174639458e-01 2.150007753655592060e-02 3.713913875709618337e-10 3.812390872384408348e-08
9.250000000000001277e-02 2.075417461284284892e-01 3.029410567989983954e-02 9.747650965545651188e-11 3.741918800477451244e-08
9.500000000000001499e-02 1.928791515422787484e-01 4.081368819147228322e-02 1.899712981443104143e-09 3.628871407113681441e-08
9.750000000000001721e-02 1.768333458887764165e-01 5.253715703763135736e-02 6.836437572776138233e-09 3.462991390049359232e-08
1.000000000000000056e-01 1.601901929524334744e-01 6.476244889003564265e-02 1.525699488356588886e-08 3.292737347606106146e-08
