# time 1 2 D-1 D
0.000000000000000000e+00 9.999999820773483039e-01 4.810438205918088954e-09 1.942857063039076793e-34 7.720646896200783283e-35
1.250000000000000243e-03 9.999996935376759266e-01 9.525919018729945295e-08 2.183491599656721257e-21 5.085009710199609846e-23
2.500000000000000486e-03 9.999949900692309823e-01 1.713574068768290168e-06 1.852253518571123092e-20 8.668055896950837356e-23
3.750000000000000729e-03 9.999717545413712161e-01 1.073531315768914317e-05 5.777763501937168964e-21 1.884139519736524947e-21
5.000000000000000971e-03 9.998984124035930066e-01 4.237660661336599307e-05 4.530430833396127598e-20 2.330540170412168627e-20
6.250000000000000347e-03 9.997137262681883296e-01 1.286706670776840522e-04 2.040140465682944156e-19 8.454272823719386580e-20
7.500000000000001457e-03 9.993088090761333975e-01 3.251476865599735549e-04 5.029901897596759961e-19 2.509802117973483458e-19
8.750000000000000833e-03 9.985053820860407825e-01 7.178367625729843758e-04 5.403005480228746850e-19 4.821297989944187746e-19
1.000000000000000194e-02 9.970375631978680708e-01 1.421719823816082733e-03 4.713320981607138441e-19 6.206058930550001542e-19
1.125000000000000132e-02 9.945504527138959716e-01 2.562653642948980754e-03 9.152468135300236559e-19 4.250802795139406053e-19
1.250000000000000069e-02 9.906291656137680146e-01 4.281354652987505449e-03 4.139355518845189707e-18 6.416404432450724418e-19
1.375000000000000180e-02 9.848599447948918062e-01 6.700689019332816722e-03 7.664524621516277195e-17 1.200504278996694365e-17
1.500000000000000291e-02 9.769024172086366864e-01 9.943349786813868163e-03 1.037933006209490747e-15 6.629081305389233923e-17
1.625000000000000056e-02 9.665376071530330515e-01 1.415292253545723244e-02 7.324436494329436079e-15 2.348729362489100627e-16
1.750000000000000167e-02 9.536704362821774028e-01 1.931729217213967731e-02 3.312438961721445356e-14 6.496424181123037766e-16
1.875000000000000278e-02 9.382969037920702027e-01 2.545139712976007135e-02 1.070973318937057704e-13 1.555910013922896292e-15
2.000000000000000389e-02 9.204671060526248283e-01 3.197423876024583361e-02 2.313174880925748752e-13 3.897142006377636403e-15
2.125000000000000500e-02 9.002679907741181209e-01 3.778055452663735270e-02 3.086148719355175413e-13 1.078599971533803379e-14
2.250000000000000264e-02 8.778259141812470023e-01 4.007235241868086634e-02 2.069470731736182457e-13 3.100371036168948900e-14
2.375000000000000375e-02 8.533144172342426170e-01 3.470907979296324747e-02 1.321128265678470618e-14 8.726138893226984899e-14
2.500000000000000139e-02 8.269516983669337185e-01 2.210572011664397110e-02 2.853329418896837168e-13 2.279466715736426138e-13
2.625000000000000250e-02 7.989813849418780922e-01 1.049609887508703640e-02 2.247762451311785573e-12 5.377781044859083734e-13
2.750000000000000361e-02 7.696396642847173064e-01 3.754972167454627505e-03 7.946271237268249411e-12 1.144207078017416698e-12
2.875000000000000472e-02 7.391153876190295069e-01 6.761678860691720068e-04 2.036078457198539783e-11 2.210285453463858462e-12
3.000000000000000583e-02 7.075102234565256998e-01 1.512497071640876550e-05 4.253088694749592132e-11 3.913729247977976477e-12
3.125000000000000000e-02 6.748031765208194477e-01 1.092513320434367876e-03 7.872894544413418387e-11 6.421946163149913466e-12
3.250000000000000111e-02 6.408217194687295670e-01 3.824475014830940219e-03 1.317354934719908907e-10 9.864378359238892823e-12
3.375000000000000222e-02 6.052455420163548316e-01 8.692863290803268944e-03 2.060342486125373068e-10 1.431100136852214738e-11
3.500000000000000333e-02 5.676411239291077049e-01 1.586232565073458778e-02 3.054370688873283994e-10 1.976299896385041144e-11
3.625000000000000444e-02 5.271969697957491485e-01 2.633525886399773822e-02 4.320428711082711161e-10 2.615067951395136666e-11
3.750000000000000555e-02 4.835283892101245873e-01 4.053756581905544609e-02 5.903876190017480055e-10 3.336571310962469938e-11
3.875000000000000666e-02 4.374558070473663629e-01 5.750966376042299100e-02 7.794703540688697993e-10 4.125041871898259861e-11
4.000000000000000777e-02 3.888711859961931916e-01 7.736546878270657290e-02 9.988825080074763615e-10 4.962994427505899650e-11
4.125000000000000888e-02 3.404159781389760608e-01 9.738471585590779966e-02 1.251826552995182684e-09 5.832728368304265482e-11
4.250000000000000999e-02 2.947951756335347451e-01 1.147310734315361430e-01 1.532196920628481772e-09 6.718476452398406465e-11
4.375000000000000416e-02 2.546274262235725394e-01 1.267452860390226865e-01 1.837932223081958583e-09 7.606569934404254438e-11
4.500000000000000527e-02 2.196817839799840577e-01 1.334912722679881258e-01 2.163280535828481772e-09 8.487612097099892999e-11
4.625000000000000638e-02 1.916332759748480274e-01 1.334550893923442116e-01 2.500657654470017444e-09 9.356297615613643800e-11
4.750000000000000749e-02 1.694726372430752082e-01 1.270695486571670196e-01 2.837330654942631597e-09 1.021111415025728289e-10
4.875000000000000860e-02 1.516192116147233038e-01 1.174045296602975325e-01 3.169349396963646448e-09 1.105329329631198020e-10
5.000000000000000278e-02 1.376728985736198341e-01 1.047234497747248222e-01 3.487090783200841928e-09 1.188540896712353895e-10
