# time 1 2 D-1 D
0.000000000000000000e+00 9.999999650771301818e-01 9.856159977965386251e-09 3.376255104020514575e-35 1.489322930885214394e-35
2.500000000000000052e-04 9.963136274982086205e-01 1.349890814475777891e-06 3.964712002118459994e-31 2.554395829461042859e-33
5.000000000000000104e-04 9.847200594153612263e-01 2.248953943272259141e-06 8.859443612008834459e-27 2.504581905435733811e-28
7.500000000000001240e-04 9.645210634658963889e-01 5.012537147035485219e-07 3.285537673439620681e-24 2.475528782558299911e-25
1.000000000000000021e-03 9.352114082276911100e-01 2.087386721323421872e-06 2.498023308743795946e-22 3.710738496724818207e-23
1.250000000000000026e-03 8.965334025030652354e-01 3.644213361548135114e-05 7.832015481352078153e-21 1.973573526299673904e-21
1.500000000000000248e-03 8.485243369139430225e-01 1.763739270768575700e-04 1.480638366650774071e-19 5.431239209430254992e-20
1.750000000000000253e-03 7.915529802066355591e-01 5.731223672952863273e-04 1.959871127995377951e-18 9.437064372570066417e-19
2.000000000000000042e-03 7.263393249960269360e-01 1.522753079637254427e-03 2.082410106524333694e-17 1.161921703825674632e-17
2.250000000000000264e-03 6.539491514473687594e-01 3.396872805194627986e-03 1.884505349683591961e-16 1.086297750454622814e-16
2.500000000000000052e-03 5.757599382610461003e-01 6.739749314408766991e-03 1.515127382139216346e-15 8.022922351044541164e-16
2.750000000000000274e-03 4.934297938414535234e-01 1.221965949315790938e-02 1.095882013111663343e-14 4.767487070207631566e-15
3.000000000000000496e-03 4.090102353257113466e-01 2.023004545827746317e-02 7.190344109083597694e-14 2.287693803844515368e-14
3.250000000000000284e-03 3.253285077674628045e-01 3.026766836481262213e-02 4.147990854412276671e-13 8.891128828338274749e-14
3.500000000000000507e-03 2.466190237519249873e-01 4.047932863331625553e-02 2.125508586393962071e-12 2.819062536742954000e-13
3.749999999999999861e-03 1.782529162425406655e-01 4.724165090534174216e-02 9.538400887885238303e-12 7.548661829246867353e-13
4.000000000000000083e-03 1.242148311670608213e-01 4.737175674976212836e-02 3.719380860382783425e-11 1.780544678850332161e-12
4.250000000000000305e-03 8.500167328484860285e-02 3.695039987771107926e-02 1.257512773050284465e-10 3.866725879607276928e-12
4.500000000000000527e-03 5.806312955250286789e-02 7.727621354693004624e-03 3.595907183675197163e-10 8.038228323041559036e-12
4.750000000000000749e-03 3.996967580414311633e-02 9.020363912593783520e-04 7.354346221322817990e-10 1.651949435995103973e-11
5.000000000000000104e-03 2.782090654568123572e-02 2.327791623568438049e-04 3.361304191167339734e-10 3.437328962403156681e-11
5.250000000000000326e-03 1.957502470340434508e-02 1.078420078408796673e-04 8.622375123204397638e-11 7.337147842659773550e-11
5.500000000000000548e-03 1.389460667763477847e-02 6.970750238470188858e-05 1.805548265789908537e-09 1.608745733686474180e-10
5.750000000000000770e-03 9.933558443790284354e-03 5.565287039775685491e-05 6.992471343383094798e-09 3.593316071084829717e-10
6.000000000000000992e-03 7.138468757145829784e-03 5.329608175253264674e-05 2.134004204788973207e-08 8.068251331322997282e-10
6.250000000000000347e-03 5.148412722004571361e-03 5.956284362325035538e-05 5.557879150700802201e-08 1.796614510487252077e-09
6.500000000000000569e-03 3.722793028965120082e-03 7.134604628675207769e-05 1.353916009048112389e-07 3.925166110427704740e-09
6.750000000000000791e-03 2.694562273206561713e-03 8.818010128047574538e-05 3.014670633356548568e-07 8.356922485619043289e-09
7.000000000000001013e-03 1.947427970871768018e-03 1.091587451183822382e-04 6.401739942461140291e-07 1.728775132765375712e-08
7.250000000000001235e-03 1.394540496230525740e-03 1.383836148329696720e-04 1.231229511887083597e-06 3.475408752874346202e-08
7.499999999999999722e-03 9.836934070601623809e-04 1.694887176513607831e-04 2.146282466244654691e-06 6.806485727848184616e-08
7.750000000000000812e-03 6.783430168633228924e-04 1.975805811003145031e-04 3.439529821928386996e-06 1.303977609038351656e-07
8.000000000000000167e-03 4.663023577542879270e-04 2.055521712129086914e-04 5.268251807480166261e-06 2.456463557032982246e-07
8.250000000000000389e-03 3.228020136466947941e-04 1.974396839777367715e-04 7.757956182680192617e-06 4.577360451128693847e-07
8.500000000000000611e-03 2.304978902735718216e-04 1.758428211142666153e-04 1.090074011409540229e-05 8.500597405068203504e-07
8.750000000000000833e-03 1.740107412088473602e-04 1.455309918444407232e-04 1.479243704831710770e-05 1.569212008159036880e-06
9.000000000000001055e-03 1.283153506164875514e-04 1.236738563432962480e-04 1.915887290833212590e-05 2.962189639763777223e-06
9.250000000000001277e-03 9.866536015518785011e-05 9.877566953582450312e-05 2.391036647930117005e-05 5.479640533120556914e-06
9.500000000000001499e-03 7.450400129246953940e-05 7.567835588686652889e-05 2.788939798551154771e-05 1.027693428738852744e-05
9.750000000000001721e-03 5.310549559688400735e-05 5.185015156259140242e-05 3.042872895862298082e-05 1.822519039406839293e-05
1.000000000000000021e-02 3.106215566212611472e-05 2.978508357734456930e-05 3.062312151665241405e-05 3.037214551076665740e-05
