# time 1 2 D-1 D
0.000000000000000000e+00 9.999999543712948524e-01 2.794313367856808327e-08 1.282023526365557313e-34 2.248867629916888120e-36
2.500000000000000486e-03 9.999990600723392964e-01 7.905962413798559171e-08 7.209885383498038385e-29 9.755253322886004656e-29
5.000000000000000971e-03 9.999843675906809892e-01 1.479579480129772314e-06 5.484386881317901393e-27 1.709679670707621633e-28
7.500000000000001457e-03 9.999171393160141141e-01 9.590195563895270831e-06 1.225627820226064096e-25 9.567273264309135084e-26
1.000000000000000194e-02 9.997224376349290731e-01 4.088964540565329965e-05 9.200607635380817945e-24 2.087843660707904100e-24
1.250000000000000069e-02 9.992695997911587025e-01 1.334243858006938161e-04 4.796070672873742285e-23 1.264253451141724809e-23
1.500000000000000291e-02 9.983363825994097107e-01 3.722539166608824146e-04 1.639453614135381754e-22 4.546510670079588695e-23
1.750000000000000167e-02 9.965508162070921827e-01 9.239466701199261630e-04 4.198133525001874479e-22 1.232590103608628030e-22
2.000000000000000389e-02 9.933076732573808965e-01 2.078212090322619464e-03 7.895365214831209239e-22 3.201624114706356330e-22
2.250000000000000264e-02 9.876650724040789697e-01 4.368761245325921555e-03 7.897004135143090035e-22 9.309756973597794243e-22
2.500000000000000139e-02 9.782462277593673150e-01 8.613799762842492408e-03 9.274821532670473171e-23 3.545201926940742574e-21
2.750000000000000361e-02 9.632080780015468413e-01 1.596034202647564001e-02 2.037875101400606813e-20 1.911747300276093567e-20
3.000000000000000583e-02 9.403892442565565668e-01 2.792555411125227996e-02 3.281213708518878131e-19 1.250843327254439249e-19
3.250000000000000111e-02 9.077756709607652796e-01 4.573978865808031591e-02 3.456047308057768298e-18 8.075122708967666130e-19
3.500000000000000333e-02 8.643195560814962430e-01 6.973192500349532919e-02 1.252470484797100055e-17 4.606914241943547786e-18
3.750000000000000555e-02 8.108197329995976421e-01 9.603250291803340499e-02 4.388380766032355063e-17 2.231155365265178154e-17
4.000000000000000777e-02 7.502140969091404266e-01 6.706174495318403816e-02 1.364990505096981650e-16 9.100677916362891055e-17
4.250000000000000999e-02 6.868155236238453476e-01 7.604866310093679090e-03 3.728910618393031437e-16 3.149989155488479424e-16
4.500000000000000527e-02 6.248710093529735721e-01 1.975451023403493583e-03 9.176029038921462574e-16 9.373981067499103784e-16
4.750000000000000749e-02 5.673956252745347983e-01 8.697853821761031366e-04 2.206351943596491901e-15 2.431505518119541734e-15
5.000000000000000278e-02 5.158287517375961251e-01 4.874725161746957841e-04 5.615053483309861333e-15 5.573196467671915831e-15
5.250000000000000500e-02 4.703336340678400118e-01 2.999876397465422399e-04 1.849518590387704214e-14 1.143820017670455756e-14
5.500000000000000722e-02 4.302933200516581569e-01 2.259534231052354278e-04 6.021610078011446006e-14 2.127438226482738419e-14
5.750000000000000944e-02 3.947673191924168656e-01 1.649394123403511412e-04 1.140391305031856992e-13 3.625289424923557299e-14
6.000000000000001166e-02 3.627010439633521766e-01 1.654102743953026259e-04 1.688205055069429550e-13 5.716797169381456691e-14
6.250000000000000000e-02 3.332441600734646348e-01 1.664546414888133381e-04 2.270514371496844907e-13 8.417309026357471845e-14
6.500000000000000222e-02 3.056604390903363555e-01 2.073547628663353491e-04 2.879046270805118218e-13 1.166263916723448910e-13
6.750000000000000444e-02 2.796002797548428065e-01 2.325304138275643636e-04 3.465402554083833108e-13 1.532470675459584475e-13
7.000000000000000666e-02 2.549030790569990490e-01 2.686229500238328672e-04 3.997961110090605131e-13 1.921071193123298448e-13
7.250000000000000888e-02 2.315551468472748786e-01 4.180453855585093540e-04 4.453446910301509136e-13 2.310976796293117700e-13
7.500000000000001110e-02 2.099612354714562867e-01 4.899660490232186352e-04 4.803720023010118351e-13 2.686100573712062483e-13
7.750000000000001332e-02 1.899946572751402829e-01 8.363911488454585505e-04 5.066051394352892289e-13 3.011064141215082258e-13
8.000000000000001554e-02 1.718628031835002234e-01 1.399315748560398280e-03 5.226798216614002448e-13 3.294692390822434579e-13
8.250000000000001776e-02 1.559274438709118693e-01 1.851142531882219540e-03 5.309447748279860017e-13 3.522263473388673942e-13
8.500000000000001998e-02 1.401217845755262370e-01 4.182367055284793439e-03 5.347148334210806303e-13 3.679051684519851445e-13
8.750000000000000833e-02 1.254548153810141342e-01 7.226747309770728545e-03 5.363900481866007087e-13 3.764149304990323656e-13
9.000000000000001055e-02 1.085257240268847762e-01 1.418205910597440840e-02 5.431229103613848857e-13 3.730143829299625738e-13
9.250000000000001277e-02 9.054960805186131056e-02 2.361407941457558182e-02 5.586592551407508383e-13 3.561890385635886394e-13
9.500000000000001499e-02 7.120215760307128938e-02 3.563257461354831651e-02 6.021650735882649570e-13 3.086446424690500758e-13
9.750000000000001721e-02 5.500140791347420816e-02 4.552196191238601364e-02 7.160852908047748005e-13 1.893762182009547134e-13
1.000000000000000056e-01 4.915151437553033631e-02 4.590389247411080093e-02 8.951117474655227534e-13 4.722927855584240643e-15
