# time 1 2 D-1 D
0.000000000000000000e+00 9.999999650771301818e-01 9.856159977965386251e-09 3.376255104020514575e-35 1.489322930885214394e-35
2.500000000000000052e-04 9.999979442718276434e-01 1.413295697832030363e-08 2.044592042915421056e-32 1.934023471235472427e-34
5.000000000000000104e-04 9.999654851145551859e-01 1.255104009390965997e-07 1.255393053416916557e-29 4.349928582448611825e-30
7.500000000000001240e-04 9.998097614756921159e-01 3.888962104533732844e-07 1.014452009900155458e-27 2.730589692590373855e-28
1.000000000000000021e-03 9.993389480426635441e-01 4.700421937897436157e-07 4.159296285192831498e-26 8.722938918525249129e-27
1.250000000000000026e-03 9.982142433980307761e-01 1.474653834747510451e-08 1.660731329886629956e-25 5.752536867916787272e-26
1.500000000000000248e-03 9.958852383704892564e-01 6.961272082092661069e-06 3.264201146966114988e-25 1.944927588715048058e-25
1.750000000000000253e-03 9.915082796344824034e-01 6.767609474737936955e-05 2.450762945896723442e-25 4.680018225805698285e-25
2.000000000000000042e-03 9.838444931600260901e-01 3.560917946756263046e-04 3.971333182740695806e-25 5.957336306854612451e-25
2.250000000000000264e-03 9.711255446174090755e-01 1.326886170466152039e-03 2.984587253070493818e-23 2.582201800245796488e-25
2.500000000000000052e-03 9.508681412501120978e-01 4.009095323801224395e-03 4.698421023480327399e-22 7.704206926917989957e-23
2.750000000000000274e-03 9.196575599712941695e-01 1.040830666019932661e-02 4.546753412101041460e-21 2.013462220713753883e-21
3.000000000000000496e-03 8.731703136870718751e-01 2.361632972348027409e-02 3.059695520875906634e-20 2.929620409709065779e-20
3.250000000000000284e-03 8.071503669703292694e-01 4.685831690353199630e-02 1.448141419404925318e-19 2.906893945599343716e-19
3.500000000000000507e-03 7.205697419941226034e-01 8.094647000235215273e-02 4.692457193791783437e-19 2.105251092045790644e-18
3.749999999999999861e-03 6.198326718751159259e-01 1.195504260160738935e-01 9.818959510842538420e-19 1.161072130490472536e-17
4.000000000000000083e-03 5.175000067239052814e-01 1.493563126557727050e-01 1.062494653314391737e-18 5.080130291080571411e-17
4.250000000000000305e-03 4.254117113746861967e-01 1.427425446788372909e-01 2.208355272489555544e-19 1.830374170862607063e-16
4.500000000000000527e-03 3.488850310178553960e-01 3.433938148248669164e-02 4.086719245104443167e-19 5.586936930971509798e-16
4.750000000000000749e-03 2.876068223598935436e-01 3.841623247048187636e-03 1.596180062198028856e-18 1.482080933147127494e-15
5.000000000000000104e-03 2.388816805886743166e-01 7.518851838955100276e-04 4.822488679549106469e-16 3.472577685353839751e-15
5.250000000000000326e-03 1.997875382421289703e-01 2.211760707144372741e-04 3.375036832319768053e-15 7.320991577364457110e-15
5.500000000000000548e-03 1.679489177612886186e-01 8.368235572071138037e-05 9.751120857023250352e-15 1.402411008446137741e-14
5.750000000000000770e-03 1.416928437209123981e-01 4.228707964474546675e-05 2.019792303578789622e-14 2.464090189540939570e-14
6.000000000000000992e-03 1.198279016828111276e-01 4.063291192640070551e-05 3.558855253548765405e-14 4.012503197690763683e-14
6.250000000000000347e-03 1.015288141016374018e-01 7.886797258204382053e-05 5.355880763922980779e-14 6.079996079093211121e-14
6.500000000000000569e-03 8.618213852411775455e-02 1.779298734030113017e-04 6.938325501041814301e-14 8.638215298037520191e-14
6.750000000000000791e-03 7.327383873835387196e-02 3.874907867865960980e-04 7.424082313831757534e-14 1.156824576803561028e-13
7.000000000000001013e-03 6.235153687190526928e-02 7.681537318765921428e-04 6.617370117812381407e-14 1.466513796095662980e-13
7.250000000000001235e-03 5.290410077726247218e-02 1.488387000539802231e-03 4.871582522574164235e-14 1.769020209276738161e-13
7.499999999999999722e-03 4.460115658271390782e-02 2.578094350419301607e-03 3.145471063798097537e-14 2.040626307473309348e-13
7.750000000000000812e-03 3.720537215152844301e-02 4.014776221471378845e-03 1.869022329689808021e-14 2.258561063170097407e-13
8.000000000000000167e-03 3.112024091188683728e-02 5.173847458056236685e-03 1.088266054121576474e-14 2.408934118270073353e-13
8.250000000000000389e-03 2.632156184362003867e-02 5.893087993139391884e-03 6.047651470416542322e-15 2.485024140355599648e-13
8.500000000000000611e-03 2.286217058081072007e-02 5.961324393984764568e-03 2.518198430308950731e-15 2.483392593931975258e-13
8.750000000000000833e-03 2.065435544314286193e-02 5.325819906020344552e-03 4.721149621733262776e-16 2.409054573053338607e-13
9.000000000000001055e-03 1.853953587809667111e-02 5.004053858537767414e-03 1.822612394588523408e-16 2.266423700161648040e-13
9.250000000000001277e-03 1.709377746680159835e-02 4.236108753556965673e-03 2.511019703236136973e-15 2.056771671161971913e-13
9.500000000000001499e-03 1.558566328134644748e-02 3.423889219339448352e-03 9.133636896457045433e-15 1.776312526727266437e-13
9.750000000000001721e-03 1.353605104129156946e-02 2.433462181270489456e-03 1.971500673378413879e-14 1.443165809495606259e-13
1.000000000000000021e-02 1.017201460385848411e-02 1.516280710722558121e-03 3.250396700439035099e-14 1.091796228650423768e-13
