# time 1 2 D-1 D
0.000000000000000000e+00 9.999999816350170212e-01 7.300585034343681633e-09 4.067210453845114243e-35 3.834580121817384507e-34
1.250000000000000243e-03 9.994821351691500766e-01 1.110062804299416733e-07 3.037817965081893238e-21 1.272394777140249376e-24
2.500000000000000486e-03 9.978333059280476425e-01 2.050004778684296353e-06 1.615236606159340252e-18 5.999623627357576970e-21
3.750000000000000729e-03 9.949242990769314732e-01 1.231817066564643676e-05 6.077040545647432629e-17 9.083552260150233361e-19
5.000000000000000971e-03 9.906577556799558426e-01 4.646818911992936209e-05 8.844671095220223545e-16 3.188186694390896259e-17
6.250000000000000347e-03 9.849825804918062033e-01 1.380122346948926360e-04 7.284500951489366792e-15 4.869702919474288197e-16
7.500000000000001457e-03 9.778975590628576908e-01 3.511314410949946461e-04 3.601406799395826801e-14 4.283043165459692617e-15
8.750000000000000833e-03 9.694347633862806513e-01 8.015481544307378548e-04 1.591313211738759322e-13 2.520005953996432573e-14
1.000000000000000194e-02 9.596210377753531251e-01 1.676709445201962937e-03 5.193607380938011165e-13 1.086319586138023720e-13
1.125000000000000132e-02 9.484353021898346281e-01 3.247694910955555968e-03 1.564403725893909014e-12 3.645210051174479949e-13
1.250000000000000069e-02 9.357974645216741161e-01 5.820583317868490911e-03 4.038083650328520942e-12 9.941037769907243794e-13
1.375000000000000180e-02 9.216179775921493622e-01 9.681596172029431277e-03 9.059810728525507142e-12 2.275239756827000450e-12
1.500000000000000291e-02 9.058934034668360002e-01 1.509289172125260169e-02 1.901470016719848225e-11 4.478440176568708197e-12
1.625000000000000056e-02 8.887874054435824789e-01 2.206514595956366939e-02 3.703860251411797614e-11 7.728076382477408050e-12
1.750000000000000167e-02 8.706401262667777807e-01 3.059506473949569899e-02 6.771247827843914041e-11 1.188874847989945472e-11
1.875000000000000278e-02 8.518999462909230269e-01 4.040924688505975748e-02 1.160529272194121445e-10 1.659405665298304771e-11
2.000000000000000389e-02 8.330214500750091622e-01 5.114753872485195557e-02 1.932987427223874578e-10 2.146431233105883301e-11
2.125000000000000500e-02 8.143793365485347824e-01 6.179259280573973223e-02 3.145573321961557833e-10 2.638624113190015922e-11
2.250000000000000264e-02 7.962222847810712656e-01 7.130220623573013672e-02 4.979023373472904935e-10 3.163357828206908875e-11
2.375000000000000375e-02 7.786648225381761490e-01 7.912352768459450514e-02 6.867202527945709279e-10 3.775397256260421587e-11
2.500000000000000139e-02 7.617027646985214950e-01 8.545864094850928738e-02 7.664323547426350105e-10 4.534526513468478886e-11
2.625000000000000250e-02 7.452380816784001105e-01 9.118452140010814555e-02 7.608331580504833225e-10 5.484883141683017283e-11
2.750000000000000361e-02 7.291039504051035625e-01 9.681686070432264646e-02 7.273918553418917379e-10 6.640512350659942715e-11
2.875000000000000472e-02 7.130854920975279176e-01 1.027913250970504816e-01 6.838430455751393074e-10 7.978738776179535893e-11
3.000000000000000583e-02 6.969347284477611648e-01 1.095535170150455373e-01 6.373260774935858980e-10 9.441674448768387521e-11
3.125000000000000000e-02 6.803836427789822228e-01 1.171639039632927926e-01 5.921785434261308390e-10 1.094915976298163774e-10
3.250000000000000111e-02 6.631350977495543697e-01 1.258640653439698220e-01 5.244055071719154018e-10 1.241819436804830729e-10
3.375000000000000222e-02 6.448692281199415177e-01 1.360078074434991346e-01 1.469652748867117250e-10 1.378106327017926365e-10
3.500000000000000333e-02 6.253394075532383578e-01 1.477765734304991307e-01 1.403999473386991859e-10 1.499749061727136075e-10
3.625000000000000444e-02 6.043962458745695265e-01 1.612075459318704218e-01 1.291182168401938632e-10 1.605959241045474538e-10
3.750000000000000555e-02 5.808854365937616837e-01 1.774182049140395900e-01 1.181381017334093772e-10 1.698852736259456634e-10
3.875000000000000666e-02 5.558870353905024375e-01 1.953858583121107773e-01 1.061252954912471249e-10 1.782679314711619443e-10
4.000000000000000777e-02 5.280925197025959639e-01 2.162832239654360056e-01 9.319849350548128471e-11 1.862086923202318753e-10
4.125000000000000888e-02 4.986984427472739290e-01 2.389839122522151027e-01 7.883779904636574667e-11 1.947902214173806790e-10
4.250000000000000999e-02 4.663340800181488000e-01 2.648213140498322238e-01 6.430031949210960867e-11 2.040869147936275354e-10
4.375000000000000416e-02 4.320016907172925524e-01 2.928011442963988076e-01 4.936474837926791908e-11 2.147682492948214546e-10
4.500000000000000527e-02 3.961121363714558696e-01 3.224884525211414443e-01 3.461629749249900100e-11 2.267821025485034669e-10
4.625000000000000638e-02 3.607629504525686759e-01 3.517941360956815533e-01 2.074631277389625780e-11 2.398554305095465123e-10
4.750000000000000749e-02 3.250493703039782911e-01 3.816171872321715286e-01 9.585726620573068565e-12 2.524541410417240474e-10
4.875000000000000860e-02 2.905088195447351196e-01 4.104160647904583348e-01 2.941117308998672862e-12 2.629577518006900401e-10
5.000000000000000278e-02 2.571420841242947897e-01 4.381944959681723373e-01 2.923274714996083553e-12 2.693294092351131161e-10
