# time 1 2 D-1 D
0.000000000000000000e+00 9.999999816350170212e-01 7.300585034343681633e-09 4.067210453845114243e-35 3.834580121817384507e-34
1.250000000000000243e-03 9.994812999429492084e-01 4.664059175774759525e-07 3.035778510322907215e-21 6.522668279141046012e-25
2.500000000000000486e-03 9.978179406649091421e-01 8.862962880033678579e-06 1.608050220671418960e-18 3.187572623245712751e-21
3.750000000000000729e-03 9.948336461869643488e-01 5.411897944975545093e-05 5.998005942078245925e-17 5.160286744992551248e-19
5.000000000000000971e-03 9.903243745731065140e-01 2.037886166870040284e-04 8.639503789866690175e-16 1.958232097202613097e-17
6.250000000000000347e-03 9.840422153428910468e-01 5.914122733327589147e-04 7.049701397463799464e-15 3.270621014138579963e-16
7.500000000000001457e-03 9.756723416924988346e-01 1.437790564748944429e-03 3.452192487369344340e-14 3.184894634236248067e-15
8.750000000000000833e-03 9.648130721846686075e-01 3.073954221749521359e-03 1.535461014953798098e-13 2.103216959844092096e-14
1.000000000000000194e-02 9.509825485445503324e-01 5.930513467901125935e-03 5.086082091253690353e-13 1.031844870384118860e-13
1.125000000000000132e-02 9.336829990348254338e-01 1.049914939492179941e-02 1.589787582977833535e-12 3.991461968086554058e-13
1.250000000000000069e-02 9.125384405505131413e-01 1.714100827552601097e-02 4.323986769912219849e-12 1.268482522261177836e-12
1.375000000000000180e-02 8.874738613879950000e-01 2.601335500192290470e-02 1.035108186979468834e-11 3.410295404391549824e-12
1.500000000000000291e-02 8.588502739815796483e-01 3.718969823571352529e-02 2.355262031053886507e-11 7.924128940349261863e-12
1.625000000000000056e-02 8.274658125414848797e-01 5.014923588681204081e-02 5.027935804247830696e-11 1.617726923129511482e-11
1.750000000000000167e-02 7.944031601108786367e-01 6.450172834426846913e-02 1.014643483829387995e-10 2.942870210261809692e-11
1.875000000000000278e-02 7.607963411456485359e-01 7.942728313595597001e-02 1.923700814284299446e-10 4.840000381972980648e-11
2.000000000000000389e-02 7.276222863315828793e-01 9.409755062893124244e-02 3.545240757762055952e-10 7.320804729522047823e-11
2.125000000000000500e-02 6.955829734096812267e-01 1.068926060308410808e-01 6.362684177600730790e-10 1.038919918694395075e-10
2.250000000000000264e-02 6.650822225889814199e-01 1.167246044104525149e-01 1.107449336888925009e-09 1.412050579867128425e-10
2.375000000000000375e-02 6.362648396460717226e-01 1.236009672803305703e-01 1.674936490994808853e-09 1.870531507361011113e-10
2.500000000000000139e-02 6.090813190448004510e-01 1.285814310756574208e-01 2.044966350887637895e-09 2.443270030755251892e-10
2.625000000000000250e-02 5.833527458223641826e-01 1.332264951528358554e-01 2.217991362410729768e-09 3.163265261304944682e-10
2.750000000000000361e-02 5.588239173299880402e-01 1.381809288191496177e-01 2.319326460811170988e-09 4.059837754864683220e-10
2.875000000000000472e-02 5.352020065715787922e-01 1.438596061150053118e-01 2.387677957012667597e-09 5.152036576204016668e-10
3.000000000000000583e-02 5.121818775088898823e-01 1.506479234120598754e-01 2.442901289735487564e-09 6.443862001769138877e-10
3.125000000000000000e-02 4.894647063534795506e-01 1.583561162629985863e-01 2.501749857070026767e-09 7.923513929990090171e-10
3.250000000000000111e-02 4.667519877458286004e-01 1.670784996853233173e-01 2.406852543909446612e-09 9.567038494758181292e-10
3.375000000000000222e-02 4.437549030100536585e-01 1.770478867163259307e-01 1.389509232581647830e-09 1.134517392241568555e-09
3.500000000000000333e-02 4.202841062720544252e-01 1.882935573989517331e-01 1.450525791448837052e-09 1.323082788093364162e-09
3.625000000000000444e-02 3.962652037402893401e-01 2.007009127396557902e-01 1.471209630566792568e-09 1.520545302693172728e-09
3.750000000000000555e-02 3.707575241004613664e-01 2.151060994469948806e-01 1.483424720467867589e-09 1.726341700936393042e-09
3.875000000000000666e-02 3.448426543415057943e-01 2.304668310704398038e-01 1.469177531613042774e-09 1.941324780061271197e-09
4.000000000000000777e-02 3.175197869897311564e-01 2.476112580846735467e-01 1.424699801481863038e-09 2.166494217668329033e-09
4.125000000000000888e-02 2.899314454103087413e-01 2.654605224424594345e-01 1.335967319644730624e-09 2.411592797113982566e-09
4.250000000000000999e-02 2.611097915413839177e-01 2.849259565457654131e-01 1.212965622976268563e-09 2.673942175995259828e-09
4.375000000000000416e-02 2.320151034345402929e-01 3.050453905321982573e-01 1.048463355368963779e-09 2.960104430893590218e-09
4.500000000000000527e-02 2.030822754547235154e-01 3.253461281616772394e-01 8.480171618316337834e-10 3.266511509265197708e-09
4.625000000000000638e-02 1.758710610451315881e-01 3.442692468809262496e-01 6.186039889490431512e-10 3.588581298987135982e-09
4.750000000000000749e-02 1.497375510149901723e-01 3.624431061189758996e-01 3.907909257451974879e-10 3.898272877886302103e-09
4.875000000000000860e-02 1.256909347020743750e-01 3.788454305774257014e-01 1.952796145718232819e-10 4.167042924597461051e-09
5.000000000000000278e-02 1.036628933486537507e-01 3.935393563923928473e-01 8.224042670550455992e-11 4.346721312671444621e-09
