# time 1 2 D-1 D
0.000000000000000000e+00 9.999999826962556737e-01 4.869858876859263817e-09 2.412231957322415767e-34 2.246604803291555885e-34
2.500000000000000486e-03 9.990475799393713219e-01 3.104179666249716033e-08 3.735378578223344258e-16 2.972469659733901318e-21
5.000000000000000971e-03 9.959765083409684028e-01 8.562492600425477586e-07 1.157974632847615252e-13 1.846908921903135393e-17
7.500000000000001457e-03 9.904118866521344211e-01 7.299893867743501030e-06 3.596711044846127732e-12 3.605670844646352000e-15
1.000000000000000194e-02 9.818857794912967396e-01 3.898033532944822599e-05 4.355790974413188985e-11 1.702847762712096026e-13
1.250000000000000069e-02 9.697826707280595704e-01 1.593917907422955278e-04 3.149390397315354450e-10 3.644585477318797017e-12
1.500000000000000291e-02 9.532254212116905157e-01 5.604675949696851043e-04 1.631659423065115516e-09 4.591753416990106213e-11
1.750000000000000167e-02 9.308313823931743114e-01 1.777686906865071428e-03 6.604137549062993739e-09 3.825388491906146272e-10
2.000000000000000389e-02 9.001316358674281704e-01 5.295910417294135038e-03 2.189732264754869848e-08 2.222524977460794315e-09
2.250000000000000264e-02 8.565520138612340295e-01 1.467638170119069975e-02 6.072197362113405195e-08 9.361799136982954223e-09
2.500000000000000139e-02 7.909085768001591354e-01 3.833113215955731568e-02 1.399720199622674060e-07 2.998461368311113359e-08
2.750000000000000361e-02 6.897881622211637920e-01 8.956074448366091456e-02 2.656158001249652887e-07 7.703283841983727382e-08
3.000000000000000583e-02 5.505482237295673542e-01 1.717811845517968616e-01 4.377434064818259253e-07 1.666524399419586657e-07
3.250000000000000111e-02 4.041562395274311270e-01 2.555363829413690446e-01 6.658786192041367377e-07 3.156533041987180242e-07
3.500000000000000333e-02 2.884364749600123456e-01 3.044352389390792002e-01 9.548637272108665051e-07 5.391412660515258965e-07
3.750000000000000555e-02 2.097404200500092020e-01 3.124902226612519818e-01 1.301754131542821405e-06 8.489828472420052278e-07
4.000000000000000777e-02 1.578612734994397637e-01 2.883498546352383785e-01 1.703324972892875448e-06 1.253206785055306878e-06
4.250000000000000999e-02 1.229254775597485305e-01 2.376078581968643355e-01 2.151447084983169322e-06 1.756108525600056897e-06
4.500000000000000527e-02 9.856364966176421605e-02 1.676023797708228180e-01 2.645470160004033236e-06 2.358748720008204875e-06
4.750000000000000749e-02 8.097939540017166926e-02 1.005462128269306171e-01 3.180639155870909890e-06 3.059596750963522600e-06
5.000000000000000278e-02 6.789481113880541097e-02 6.136485322925412655e-02 3.752800894645290823e-06 3.855146973494604328e-06
5.250000000000000500e-02 5.790121786221821137e-02 2.820700846668344058e-02 4.360983889009910018e-06 4.740486780437249080e-06
5.500000000000000722e-02 5.009678515328435527e-02 2.208826700216822217e-02 5.002715653906314566e-06 5.709766400557481548e-06
5.750000000000000944e-02 4.388473779642054068e-02 1.922836336339474317e-02 5.676969023763835672e-06 6.756482274162122415e-06
6.000000000000001166e-02 3.885819774218299272e-02 1.725868911746687370e-02 6.384750717609617342e-06 7.873787558201863067e-06
6.250000000000000000e-02 3.473230319959084988e-02 1.581069007771365026e-02 7.118197121267280319e-06 9.054725422096632901e-06
6.500000000000000222e-02 3.130290449933842423e-02 1.466783732228206689e-02 7.878655570827949327e-06 1.029236047065743213e-05
6.750000000000000444e-02 2.842064220193989826e-02 1.372240123410919076e-02 8.665492058184095909e-06 1.157975848388679091e-05
7.000000000000000666e-02 2.597421220232764075e-02 1.291983940064659643e-02 9.485114015619777134e-06 1.291035518566411920e-05
7.250000000000000888e-02 2.387930854470302067e-02 1.224164317052599607e-02 1.031562151930302751e-05 1.427769085247257066e-05
7.500000000000001110e-02 2.207112752601153235e-02 1.163803817126649216e-02 1.117707808697730197e-05 1.567563661594331586e-05
7.750000000000001332e-02 2.049919637682249413e-02 1.111423446134971772e-02 1.204117208820572099e-05 1.709834755462743348e-05
8.000000000000001554e-02 1.912372845934546053e-02 1.064919776608059566e-02 1.293877333468334610e-05 1.854030128278539390e-05
8.250000000000001776e-02 1.791302287762050471e-02 1.023250251739371564e-02 1.384279625459526428e-05 1.999674487981709814e-05
8.500000000000001998e-02 1.684156480758288582e-02 9.860043413253213526e-03 1.477676303732656782e-05 2.146210980918933833e-05
8.750000000000000833e-02 1.588863084329207587e-02 9.519272503277198191e-03 1.569553648387549008e-05 2.293282650612759308e-05
9.000000000000001055e-02 1.503725025970728199e-02 9.212062444740669667e-03 1.663374101317767966e-05 2.440286435692695267e-05
9.250000000000001277e-02 1.427341462382247447e-02 8.931325348225119254e-03 1.760292666194946347e-05 2.586992763038880921e-05
9.500000000000001499e-02 1.358547964389984243e-02 8.675968748427664509e-03 1.854427035114306744e-05 2.732995825883029648e-05
9.750000000000001721e-02 1.296369859919365916e-02 8.436982698844474465e-03 1.949533831735574400e-05 2.877948838885900081e-05
1.000000000000000056e-01 1.239987599855056112e-02 8.221319020899262725e-03 2.045811052089398387e-05 3.021522347916706468e-05
