# time 1 2 D-1 D
0.000000000000000000e+00 9.999999410942514988e-01 2.670417008037477110e-08 1.914076736898124462e-35 1.201899925826964751e-36
1.250000000000000243e-03 9.999972774390720742e-01 2.927094417664273885e-09 3.300576575791279842e-31 7.583306911696508495e-34
2.500000000000000486e-03 9.999610876419455785e-01 6.104897689852963734e-08 1.675560274890729189e-27 2.796156172430247182e-29
3.750000000000000729e-03 9.998153812800500972e-01 3.578874750287313407e-07 5.123387515322645308e-25 1.083210134627831715e-26
5.000000000000000971e-03 9.994438948516317645e-01 1.157727794835433224e-06 1.606994935860641265e-25 3.964246461296323928e-26
6.250000000000000347e-03 9.986840031968197140e-01 2.270400423681671205e-06 2.001459750730915138e-23 2.239474364019065993e-24
7.500000000000001457e-03 9.973033109868792989e-01 2.528966620664573462e-06 1.789082066325505421e-22 1.921740385280061978e-23
8.750000000000000833e-03 9.949540912745228338e-01 4.744572822557214325e-07 1.029357454428078379e-21 1.196828502695124077e-22
1.000000000000000194e-02 9.910919192039304715e-01 5.600670327615001028e-06 5.949640786606496735e-21 6.588565080653707334e-22
1.125000000000000132e-02 9.848163185501234151e-01 9.395160601494078017e-05 3.568494935541116468e-20 3.440049771034453221e-21
1.250000000000000069e-02 9.744998644313715985e-01 6.293623892707070951e-04 2.152567428585629072e-19 1.841583425078458070e-20
1.375000000000000180e-02 9.567782698974720557e-01 3.076481553441707661e-03 1.464721625019807257e-18 1.057721413388774673e-19
1.500000000000000291e-02 9.231927189051691851e-01 1.318960569860662402e-02 1.067068349710064895e-17 6.319047606264717493e-19
1.625000000000000056e-02 8.516043519295408704e-01 4.955034973606189941e-02 7.789669636227913659e-17 3.561987502064325666e-18
1.750000000000000167e-02 6.997757624566706136e-01 1.505110033733791375e-01 5.485415789270472548e-16 1.748694315505877797e-17
1.875000000000000278e-02 4.865371170176566173e-01 2.943599729063125503e-01 1.530538872581670201e-15 7.200005420038996656e-17
2.000000000000000389e-02 3.213830932563335741e-01 3.718724822889715176e-01 4.517956229831528146e-15 2.477345801963584228e-16
2.125000000000000500e-02 2.245960892098188832e-01 3.689118546107427177e-01 1.271808881893550494e-14 7.177154322396179093e-16
2.250000000000000264e-02 1.678194754695141733e-01 3.242287640156795714e-01 3.129805987856734539e-14 1.771956227352912735e-15
2.375000000000000375e-02 1.317163467107664576e-01 2.688652292372109009e-01 7.078731681790229346e-14 3.779048631463864722e-15
2.500000000000000139e-02 1.071619978706037646e-01 1.178554161944593837e-01 1.416556152900527572e-13 7.052303093280163387e-15
2.625000000000000250e-02 8.956231920145622805e-02 1.080780983930513563e-02 2.555634134788789680e-13 1.165572803788319918e-14
2.750000000000000361e-02 7.642948222692522164e-02 9.185268236564259406e-03 4.317135495056433271e-13 1.723763386885424512e-14
2.875000000000000472e-02 6.630717966743462921e-02 8.696646135379924869e-03 6.785098686508149949e-13 2.268820266958036945e-14
3.000000000000000583e-02 5.828905986318277249e-02 8.551037931091408015e-03 1.009011321978826126e-12 2.680499288717826230e-14
3.125000000000000000e-02 5.178412541222528892e-02 8.625494429381546854e-03 1.415751701414066744e-12 2.795233267303086816e-14
3.250000000000000111e-02 4.639312728043043510e-02 8.849394035643587050e-03 1.898578435503655411e-12 2.529085529212134261e-14
3.375000000000000222e-02 4.183896829820270974e-02 9.232672817063233839e-03 2.425856040748819367e-12 1.888735586033698408e-14
3.500000000000000333e-02 3.792541099145996242e-02 9.707763334860348980e-03 3.010807814256378809e-12 1.039265362500217085e-14
3.625000000000000444e-02 3.451144669982899454e-02 1.019524590726817934e-02 3.625060381296118068e-12 2.999356282895176881e-15
3.750000000000000555e-02 3.149480799545161663e-02 1.078721042902586885e-02 4.227586859813832308e-12 1.475054722116958248e-15
3.875000000000000666e-02 2.880092684308842646e-02 1.140925781959161063e-02 4.854966170413388996e-12 1.167590611475836239e-14
4.000000000000000777e-02 2.637509513229339617e-02 1.202809327477917176e-02 5.418280352701807768e-12 3.973404861233964774e-14
4.125000000000000888e-02 2.417724318366872363e-02 1.267301874210452137e-02 5.945357713987111924e-12 9.176756985224844011e-14
4.250000000000000999e-02 2.217765367084408371e-02 1.331253674290017869e-02 6.415251980778328817e-12 1.729700173778130886e-13
4.375000000000000416e-02 2.036856561285114303e-02 1.393062573034754142e-02 6.872220500370491550e-12 2.869209070704676171e-13
4.500000000000000527e-02 1.868888640676794749e-02 1.454874940958246314e-02 7.244618861486253033e-12 4.362319382801744060e-13
4.625000000000000638e-02 1.716838798563726648e-02 1.514975536762588025e-02 7.510118200974194683e-12 6.217982428558257671e-13
4.750000000000000749e-02 1.578097717542707029e-02 1.568484445514802331e-02 7.718142607905554900e-12 8.424661979078707744e-13
4.875000000000000860e-02 1.451593013079268552e-02 1.618858390410255269e-02 7.953181983115630320e-12 1.095776033210918412e-12
5.000000000000000278e-02 1.336318187193399204e-02 1.665914466573776773e-02 8.045691962509751424e-12 1.379649873654781788e-12
