# time 1 2 D-1 D
0.000000000000000000e+00 9.999999681552038666e-01 2.122402100078685431e-09 5.191938142391263675e-35 3.176332672715673098e-35
5.000000000000000104e-04 9.999966702670808338e-01 1.040000495769757072e-09 2.327860503343225049e-26 5.314760147258654727e-27
1.000000000000000021e-03 9.999514555786392922e-01 9.884190162681201168e-09 2.322820404382411758e-21 2.236242351099049797e-22
1.500000000000000248e-03 9.997743184760490287e-01 7.713958264299159780e-08 6.153982670284416723e-21 7.634245533027686921e-23
2.000000000000000042e-03 9.993314273442021056e-01 4.078548485826527351e-07 7.478653772789537092e-21 9.596786073295373817e-22
2.500000000000000052e-03 9.984312721654124978e-01 1.718909567882546758e-06 3.947441002352094834e-20 5.547824121989971921e-21
3.000000000000000496e-03 9.967873276205243549e-01 6.255056959104637244e-06 4.252595360823302913e-19 7.089917736258169187e-21
3.500000000000000507e-03 9.939536590959925366e-01 2.080620793311378176e-05 6.246893157399786895e-18 9.426150360757006898e-21
4.000000000000000083e-03 9.892219661115388973e-01 6.533546026717480706e-05 1.462516775269582404e-16 7.549743125139895225e-19
4.500000000000000527e-03 9.814574988054215465e-01 2.010000226148727091e-04 1.768716753464384495e-15 7.711885169801904023e-18
5.000000000000000104e-03 9.688613701900123942e-01 5.887914441660875575e-04 9.736081733416920951e-15 3.122946136548862269e-17
5.500000000000000548e-03 9.485364206269553122e-01 1.733488564342318579e-03 4.071513741796451527e-14 3.457357943615167438e-17
6.000000000000000992e-03 9.156637467564489041e-01 5.227850757779857124e-03 1.305907402968520644e-13 3.599965263315590018e-17
6.500000000000000569e-03 8.628395556718878590e-01 1.470594938732313131e-02 3.347252023378142932e-13 2.247555977438537594e-15
7.000000000000001013e-03 7.759208981384388970e-01 4.106067154011458498e-02 7.170948232808258472e-13 2.039796446293343038e-14
7.499999999999999722e-03 6.409383865005767733e-01 9.750474804303035925e-02 1.333582170725014981e-12 1.015701447524926653e-13
8.000000000000000167e-03 4.745813942820741871e-01 1.711053442663676150e-01 2.204359411879928948e-12 3.621524750817351196e-13
8.500000000000000611e-03 3.383038849920860791e-01 2.087341721012089812e-01 3.271004594022916816e-12 1.024148874340954338e-12
9.000000000000001055e-03 2.456960904212341368e-01 2.067147178175440247e-01 4.522940235980695243e-12 2.431137697468799824e-12
9.500000000000001499e-03 1.889917866342241404e-01 1.803152584607955189e-01 5.848056255765072720e-12 5.026164790690445315e-12
1.000000000000000021e-02 1.492136246727394921e-01 1.516924817096191869e-01 7.138302510473774463e-12 9.302887675711885879e-12
1.050000000000000065e-02 1.211919614220541425e-01 1.256254766525326250e-01 8.387258089708346513e-12 1.571878369326746462e-11
1.100000000000000110e-02 1.007212230827946309e-01 1.041418543014578230e-01 9.540676501857218884e-12 2.461495640364516312e-11
1.150000000000000154e-02 8.521898756687408538e-02 8.726162936696357786e-02 1.059207209330873380e-11 3.615832501982243687e-11
1.200000000000000198e-02 7.302657118715534523e-02 7.438663178294635525e-02 1.162569231647096337e-11 5.035184946714265808e-11
1.250000000000000069e-02 6.325064230992422099e-02 6.441383347473601806e-02 1.259755371514722181e-11 6.699458457191315632e-11
1.300000000000000114e-02 5.546111107399168128e-02 5.673140289624239996e-02 1.362328216124622979e-11 8.576262456229787607e-11
1.350000000000000158e-02 4.920586343022968767e-02 5.035573507164142065e-02 1.466872681369006331e-11 1.062156603910725095e-10
1.400000000000000203e-02 4.408090613412683767e-02 4.554203272641108718e-02 1.584281098736213204e-11 1.278733175549004030e-10
1.450000000000000247e-02 3.963251190653150485e-02 4.144877945129005897e-02 1.713943258232917694e-11 1.502551610046114009e-10
1.499999999999999944e-02 3.575621705289650648e-02 3.831618735646480367e-02 1.859421640448225733e-11 1.728934973819741767e-10
1.550000000000000162e-02 3.229329672451751454e-02 3.629145187359973657e-02 2.020923578903352260e-11 1.954025563152217494e-10
1.600000000000000033e-02 2.912089056339494872e-02 3.409996330395420605e-02 2.200652972896772628e-11 2.174687537079915349e-10
1.650000000000000078e-02 2.614569345783530549e-02 1.353424667766382587e-02 2.407516215698219904e-11 2.387932300961557399e-10
1.700000000000000122e-02 2.330163186993231689e-02 1.465374275834383129e-02 2.633373876581463603e-11 2.592290491854908125e-10
1.750000000000000167e-02 2.055038717993389052e-02 1.589791325668273025e-02 2.877082141992277792e-11 2.786500178043937177e-10
1.800000000000000211e-02 1.788282732138238990e-02 1.689760956619597299e-02 3.127466048281375023e-11 2.969250591225723470e-10
1.850000000000000255e-02 1.531831061594058144e-02 1.832339233329050368e-02 3.415749625092948167e-11 3.140531575690556944e-10
1.900000000000000300e-02 1.289828953353513649e-02 1.969998209154857557e-02 3.697558522044603917e-11 3.300310328396517799e-10
1.950000000000000344e-02 1.067439084384572481e-02 2.107504655407161503e-02 4.029827181133416116e-11 3.448462268608788483e-10
2.000000000000000042e-02 8.693768917050455694e-03 2.239250181838699574e-02 4.344870655380181316e-11 3.585308770544979778e-10
