# time 1 2 D-1 D
0.000000000000000000e+00 9.999999399906451814e-01 3.638654722239999947e-08 6.770780019043885021e-37 1.063546881005696221e-36
2.500000000000000486e-03 9.949782709763554944e-01 1.991795067639060782e-03 2.652259293172892197e-28 1.302627507997448378e-30
5.000000000000000971e-03 9.766999635852978701e-01 1.003369763703943623e-02 4.721406231485311965e-24 8.273389564193006751e-26
7.500000000000001457e-03 9.387249877870585957e-01 2.726472763934319199e-02 1.531188362539524831e-21 5.415540305549552433e-23
1.000000000000000194e-02 8.724082975984103205e-01 5.735423473343410905e-02 1.016580981078098112e-19 5.594280855781502825e-21
1.250000000000000069e-02 7.686976705854294822e-01 1.013335460056308257e-01 2.829460671256365647e-18 2.157776407565243077e-19
1.500000000000000291e-02 6.247514437994449166e-01 1.544775701413501345e-01 4.705941819153079767e-17 4.590810111679008303e-18
1.750000000000000167e-02 4.551450398484230275e-01 1.995790145793676640e-01 5.519957818540402285e-16 6.681912125725682224e-17
2.000000000000000389e-02 2.937711087632919327e-01 2.183359386894234422e-01 5.052503298299931540e-15 7.624429372573519902e-16
2.250000000000000264e-02 1.715742623936905575e-01 2.029557429351549758e-01 3.806619853525941477e-14 7.506019141588063575e-15
2.500000000000000139e-02 9.481362240846914757e-02 1.771723477211628317e-01 2.393531407779444840e-13 6.835440602006226860e-14
2.750000000000000361e-02 5.177540637751159441e-02 2.826923657324975636e-02 1.221215562895211371e-12 5.948504602236960906e-13
3.000000000000000583e-02 2.875458946004596020e-02 1.566212684909435229e-02 4.628085437148539232e-12 4.660109616916094138e-12
3.250000000000000111e-02 1.648463622506846776e-02 9.246718397019465172e-03 1.262306681568796380e-11 2.806381785570609203e-11
3.500000000000000333e-02 9.813605245292603488e-03 5.745754578958731269e-03 3.046949472648297081e-11 1.222834054365249335e-10
3.750000000000000555e-02 6.073485238311531094e-03 3.704615656376657531e-03 8.382860971586110264e-11 4.178544829129155558e-10
4.000000000000000777e-02 3.902491956274142890e-03 2.471679975635246267e-03 3.611027865664750662e-10 1.202647257071951624e-09
4.250000000000000999e-02 2.597171977527611489e-03 1.706380270292144532e-03 3.967487005083407468e-08 3.043896041887861846e-09
4.500000000000000527e-02 1.785243547686544280e-03 1.216534901490778746e-03 1.236730588822826969e-07 6.961574355090025006e-09
4.750000000000000749e-02 1.263845976623687939e-03 8.876920428277531010e-04 2.323610474952462779e-07 1.466192371488721255e-08
5.000000000000000278e-02 9.189757301665779600e-04 6.644483127260873137e-04 4.035561427671419937e-07 2.883789406099798500e-08
5.250000000000000500e-02 6.845867271356080672e-04 5.083044378416653802e-04 6.578444513906283738e-07 5.353261848346842436e-08
5.500000000000000722e-02 5.212740180931462949e-04 3.970659015979476612e-04 1.017050316873800406e-06 9.437480932347353633e-08
5.750000000000000944e-02 4.048717466354792528e-04 3.150516361778621290e-04 1.501925072382516129e-06 1.603139602872190017e-07
6.000000000000001166e-02 3.201666368675268521e-04 2.547069511762328807e-04 2.133907982485037284e-06 2.609733341171426557e-07
6.250000000000000000e-02 2.573506553468383139e-04 2.087334383625675811e-04 2.926567408810831184e-06 4.123655932117031606e-07
6.500000000000000222e-02 2.099542944719428586e-04 1.737372619942462648e-04 3.889185395072632683e-06 6.346450274714049585e-07
6.750000000000000444e-02 1.736231347564433911e-04 1.461638582605238922e-04 5.031824181270941476e-06 9.458251273629267228e-07
7.000000000000000666e-02 1.453671894534588676e-04 1.243815211813023396e-04 6.350292909192748706e-06 1.375190933729101626e-06
7.250000000000000888e-02 1.230982629694574138e-04 1.070687596616866767e-04 7.830476759008026384e-06 1.959111887990012573e-06
7.500000000000001110e-02 1.053324340615951121e-04 9.291784592547642769e-05 9.470720841045407232e-06 2.718230055557857113e-06
7.750000000000001332e-02 9.100045034237682316e-05 8.149083603004069528e-05 1.123122918654066783e-05 3.707752023421369693e-06
8.000000000000001554e-02 7.931551681870832159e-05 7.197621512899853523e-05 1.308053823028912065e-05 4.970928903919106605e-06
8.250000000000001776e-02 6.970030921470466334e-05 6.400179173279946471e-05 1.500497968710471278e-05 6.529542309817930557e-06
8.500000000000001998e-02 6.171756607491924471e-05 5.740157251774583242e-05 1.699465072652732320e-05 8.398060303882143947e-06
8.750000000000000833e-02 5.503604380994024003e-05 5.180567002928768437e-05 1.894077933550186881e-05 1.068636453411576587e-05
9.000000000000001055e-02 4.940158513108597571e-05 4.700017034477308803e-05 2.092866326847196527e-05 1.330706390200746295e-05
9.250000000000001277e-02 4.461677669939127983e-05 4.287571320751728756e-05 2.286195818021989076e-05 1.635132795708249437e-05
9.500000000000001499e-02 4.052748881747025226e-05 3.935998714945680227e-05 2.469002004397266223e-05 1.986195547068869474e-05
9.750000000000001721e-02 3.701138054173998732e-05 3.625262503886454913e-05 2.655673694670928524e-05 2.368455264122173442e-05
1.000000000000000056e-01 3.397161664051851751e-05 3.356602028401779579e-05 2.826279009376717321e-05 2.800571235593861779e-05
