# time 1 2 D-1 D
0.000000000000000000e+00 9.999999443448409631e-01 2.882129337522584604e-08 2.296294809169611605e-34 2.585823544757578627e-36
2.500000000000000486e-03 9.988031687607453746e-01 7.761096599428607623e-08 5.569623445579992358e-29 4.524294659294520478e-34
5.000000000000000971e-03 9.949003218446146324e-01 1.426151342461323041e-06 1.300623704201244642e-24 2.220850378863897613e-28
7.500000000000001457e-03 9.877151882363062185e-01 9.275927233105953228e-06 5.325452238580379326e-22 5.784156362103712942e-25
1.000000000000000194e-02 9.765483043559176624e-01 3.939264722261447664e-05 4.291693078140235514e-20 1.805283744653563277e-22
1.250000000000000069e-02 9.605786046455248028e-01 1.308596219790370560e-04 1.429036842056390685e-18 1.717694979732179313e-20
1.500000000000000291e-02 9.388245671577453155e-01 3.725841467846170360e-04 2.771976199157279875e-17 7.463095765234642559e-19
1.750000000000000167e-02 9.100421525628817898e-01 9.662760642334143396e-04 3.719729803717010167e-16 1.784269976992572315e-17
2.000000000000000389e-02 8.725164383157788528e-01 2.339205989404396537e-03 3.736940773075713642e-15 2.560021861774450304e-16
2.250000000000000264e-02 8.236640154609207176e-01 5.413684333649412990e-03 2.850510697004000984e-14 2.328067924606384402e-15
2.500000000000000139e-02 7.593195212702604779e-01 1.213498814525272411e-02 1.717704710691288595e-13 1.422081642412678350e-14
2.750000000000000361e-02 6.727743806865947862e-01 2.623590591854023379e-02 7.635010148870008158e-13 6.222532625972219082e-14
3.000000000000000583e-02 5.556549680741338371e-01 5.255065259746043854e-02 1.706252783239827508e-12 2.074366425179673920e-13
3.250000000000000111e-02 4.090497220877348794e-01 8.767633548844387670e-02 3.905695174279786452e-12 5.555652642920707585e-13
3.500000000000000333e-02 2.636727725636995867e-01 1.059585091165304027e-01 8.005589107437180792e-12 1.248285868079059349e-12
3.750000000000000555e-02 1.586615121102452342e-01 8.803875005181585611e-02 1.448569880125432254e-11 2.435563969422572400e-12
4.000000000000000777e-02 9.545127503317094031e-02 5.631579507098988940e-02 2.009006976926821442e-11 4.241652210867855391e-12
4.250000000000000999e-02 5.854427050910149255e-02 3.220156313804323212e-02 2.185847518973994373e-11 6.737706926724609596e-12
4.500000000000000527e-02 3.697856100167797033e-02 1.768850487525057413e-02 2.480520088792066362e-11 9.931189525559365483e-12
4.750000000000000749e-02 2.367575739022719644e-02 9.891200239404457362e-03 2.954356247918123441e-11 1.377159485276472625e-11
5.000000000000000278e-02 1.534722956887631627e-02 5.632167033239081182e-03 3.393669342984226484e-11 1.816626415384916922e-11
5.250000000000000500e-02 9.987807089515587239e-03 3.285045363155235810e-03 3.985163213210558599e-11 2.300107248177998677e-11
5.500000000000000722e-02 6.498865226647860573e-03 1.954424481859915429e-03 4.475868440723993607e-11 2.815870146191300792e-11
5.750000000000000944e-02 4.200270930856660721e-03 1.188077846639633024e-03 5.097979862582448959e-11 3.353085449431260824e-11
6.000000000000001166e-02 2.691206795458873924e-03 7.355664131225612230e-04 5.594283473043870297e-11 3.902595594621021379e-11
6.250000000000000000e-02 1.704115328160325706e-03 4.652555762006574760e-04 6.195083697655882759e-11 4.457278748173128735e-11
6.500000000000000222e-02 1.069343252071259642e-03 2.992638790626875214e-04 6.685576746594178678e-11 5.012139526999564350e-11
6.750000000000000444e-02 6.667729581827922707e-04 1.922616145431232254e-04 7.274821231618103530e-11 5.564015099719855043e-11
7.000000000000000666e-02 4.147133564276162475e-04 1.232753664307290227e-04 7.868619315985938198e-11 6.111118391864631622e-11
7.250000000000000888e-02 2.556398187925959498e-04 8.098097904791825836e-05 8.375433865857685843e-11 6.653023402330009582e-11
7.500000000000001110e-02 1.581292631930337090e-04 5.331309650828150546e-05 8.947206680798957580e-11 7.190014502602050894e-11
7.750000000000001332e-02 9.776531123461651256e-05 3.538914461112979579e-05 9.422107664907482263e-11 7.722832342538476036e-11
8.000000000000001554e-02 6.077308436267160895e-05 2.338782309047265925e-05 1.001724764894396368e-10 8.252533305537918526e-11
8.250000000000001776e-02 3.783467467053170573e-05 1.561424787649275884e-05 1.061897319223300000e-10 8.780381647678858759e-11
8.500000000000001998e-02 2.359455397057004714e-05 1.047271889172777212e-05 1.116535779935461117e-10 9.307486400652518658e-11
8.750000000000000833e-02 1.468643263656600681e-05 7.146366479953039908e-06 1.184522027313402679e-10 9.834692990600247813e-11
9.000000000000001055e-02 9.182140509924402655e-06 4.850116257910932634e-06 1.236581002701674030e-10 1.036287774153087547e-10
9.250000000000001277e-02 5.747273762218171461e-06 3.297975064300228906e-06 1.299297398917892041e-10 1.089287737345143488e-10
9.500000000000001499e-02 3.583859776884776623e-06 2.257082738074100789e-06 1.367839079279579184e-10 1.142579984890373814e-10
9.750000000000001721e-02 2.227003133771271203e-06 1.548060476154253421e-06 1.435649313848807829e-10 1.196255223337607514e-10
1.000000000000000056e-01 1.376582266235557662e-06 1.062888243448905270e-06 1.516567952548818126e-10 1.250084418922023222e-10
