# time 1 2 D-1 D
0.000000000000000000e+00 9.999999666968519829e-01 6.390249819523869419e-09 5.931617962646189158e-35 5.295602050454406293e-35
2.500000000000000486e-03 9.999969791969893773e-01 1.780549390122012293e-06 2.506043405419537379e-27 1.405783030603539341e-27
5.000000000000000971e-03 9.999350558793964616e-01 4.341736850026138003e-05 1.231285281379506086e-23 1.324894134234927286e-24
7.500000000000001457e-03 9.995351409385092589e-01 3.470025503159192542e-04 2.114159369155676198e-22 7.926626897478962823e-24
1.000000000000000194e-02 9.978712879359195043e-01 1.732192936619520026e-03 1.300701028313995047e-21 1.846816662069956752e-22
1.250000000000000069e-02 9.924913905684789039e-01 6.494050904265967136e-03 7.306976862813564108e-21 1.434239639709962655e-21
1.500000000000000291e-02 9.784868391720705771e-01 1.923585031360348918e-02 4.931807131313320181e-20 4.124233069479876551e-21
1.750000000000000167e-02 9.499195318389391796e-01 4.501773217152935797e-02 3.873034374933409616e-19 1.585771220075681974e-21
2.000000000000000389e-02 9.058599460897758249e-01 8.214167691147956918e-02 2.915166748314900042e-18 4.670004210458031505e-19
2.250000000000000264e-02 8.542451979886054314e-01 1.205968082179038753e-01 1.776516373173039014e-17 6.567341479231985070e-18
2.500000000000000139e-02 8.056120065064656943e-01 1.567481104322829555e-01 7.627881870574995161e-17 3.043886389579193791e-17
2.750000000000000361e-02 7.657655209309589539e-01 6.276268699583245625e-02 1.867358566391784483e-16 6.064024801131608642e-17
3.000000000000000583e-02 7.354686366171048206e-01 3.512700735771154964e-02 1.864651558758866207e-16 6.010225607254525217e-17
3.250000000000000111e-02 7.131664401963937472e-01 2.591174762685176380e-02 1.298518914077529619e-17 4.395911509737627153e-17
3.500000000000000333e-02 6.968816659562456772e-01 2.135511306767664749e-02 2.753329570343800662e-16 3.650127469615513532e-17
3.750000000000000555e-02 6.849325384149712592e-01 1.857641094077305821e-02 1.417100430812286784e-16 3.973567659000396358e-17
4.000000000000000777e-02 6.760641440742358732e-01 1.676267958802913141e-02 3.785676601571329903e-16 4.488238200711334407e-17
4.250000000000000999e-02 6.693863269499067403e-01 1.558095127764827503e-02 1.462020855571132420e-15 5.947687283448770123e-17
4.500000000000000527e-02 6.642784905357433933e-01 1.475758453330332405e-02 3.213072459891714559e-15 1.887334025890525017e-16
4.750000000000000749e-02 6.603086223207260685e-01 1.418076267220309133e-02 6.818411062364941983e-15 6.592705216561100972e-16
5.000000000000000278e-02 6.571742301136274111e-01 1.372735228961761283e-02 1.426526430768285777e-14 1.762747880201967803e-15
5.250000000000000500e-02 6.546615672966297206e-01 1.336747656527950516e-02 2.799246427546211916e-14 3.925345452363449169e-15
5.500000000000000722e-02 6.526181750397892500e-01 1.310279738727634577e-02 5.047044849626205182e-14 7.669966164353759792e-15
5.750000000000000944e-02 6.509343293570749589e-01 1.289931254759606009e-02 8.310429790052353214e-14 1.416237638578433309e-14
6.000000000000001166e-02 6.495305251684031500e-01 1.272734250482885840e-02 1.272636823010164583e-13 2.471740704475476838e-14
6.250000000000000000e-02 6.483488468284969164e-01 1.259309548208500593e-02 1.825869150996342317e-13 4.126318285695382661e-14
6.500000000000000222e-02 6.473469920068669614e-01 1.248221021097874021e-02 2.472358373954278259e-13 6.560046863315904580e-14
6.750000000000000444e-02 6.464940270091295016e-01 1.240178472931217045e-02 3.192518481212327985e-13 9.940650545500256992e-14
7.000000000000000666e-02 6.457672871698508787e-01 1.233468967426853968e-02 3.951796026019347443e-13 1.439973492343502122e-13
7.250000000000000888e-02 6.451501576788956083e-01 1.227361243486357542e-02 4.702740908907477389e-13 1.996182026024580914e-13
7.500000000000001110e-02 6.446302307106877016e-01 1.223856653706621375e-02 5.427573495958503636e-13 2.663966844782452674e-13
7.750000000000001332e-02 6.441980933800667275e-01 1.221966709144561326e-02 6.089508544534813796e-13 3.430411486339143767e-13
8.000000000000001554e-02 6.438461757823920051e-01 1.219194330337110277e-02 6.681841849016866346e-13 4.288419483328797595e-13
8.250000000000001776e-02 6.435681442806819863e-01 1.218554253969690929e-02 7.184303754590724300e-13 5.224312982070219739e-13
8.500000000000001998e-02 6.433582367657115775e-01 1.218911938624964685e-02 7.569340295978277859e-13 6.202136044756416478e-13
8.750000000000000833e-02 6.432108367177812314e-01 1.218672489597060100e-02 7.898513015257466104e-13 7.226877055612408857e-13
9.000000000000001055e-02 6.431204105497431156e-01 1.219656630493258162e-02 8.140950939170048876e-13 8.288655899672900959e-13
9.250000000000001277e-02 6.430813662009752241e-01 1.220264793548589931e-02 8.281084595834917334e-13 9.360633066367366653e-13
9.500000000000001499e-02 6.430880185670139193e-01 1.221932493102599777e-02 8.394855522223161831e-13 1.042600142732284011e-12
9.750000000000001721e-02 6.431347041813533227e-01 1.223924246482043822e-02 8.440490777292307266e-13 1.152738040397683834e-12
1.000000000000000056e-01 6.432225301422690444e-01 1.224845400732553664e-02 8.437051270661982756e-13 1.261000762781165288e-12
