# time 1 2 D-1 D
0.000000000000000000e+00 9.999999666968519829e-01 6.390249819523869419e-09 5.931617962646189158e-35 5.295602050454406293e-35
1.250000000000000243e-03 9.999957370756183961e-01 2.865243366309831610e-06 9.900121570327628762e-28 1.460218832279398258e-27
2.500000000000000486e-03 9.999073098922739433e-01 6.846117618736772192e-05 1.287297963885469431e-23 1.804043782350864065e-24
3.750000000000000729e-03 9.993364127991669621e-01 5.314819953993790138e-04 2.422533799837275860e-22 7.433912472094973533e-24
5.000000000000000971e-03 9.969894108988339720e-01 2.567513580594919798e-03 1.493379377313300058e-21 1.861110388376904898e-22
6.250000000000000347e-03 9.895606734084199108e-01 9.301541141688537614e-03 8.325926119270494624e-21 1.448824046792312713e-21
7.500000000000001457e-03 9.707090851610848947e-01 2.666180682556772152e-02 6.010933878244910865e-20 5.675585939096638954e-21
8.750000000000000833e-03 9.331455076418306849e-01 6.064754829413113169e-02 5.460927317447657418e-19 6.793006129408905253e-21
1.000000000000000194e-02 8.761656343974574268e-01 1.081955847254083142e-01 4.839070485446317948e-18 3.895504705165621737e-21
1.125000000000000132e-02 8.099279961663589100e-01 1.561841165225746064e-01 3.359059842870321262e-17 8.937715314784285281e-20
1.250000000000000069e-02 7.474699907642512464e-01 2.004572871894587938e-01 1.598089056138267736e-16 2.919137118880422903e-19
1.375000000000000180e-02 6.959258698370510698e-01 7.899202148652166577e-02 4.620583903421272511e-16 1.950353477496728958e-17
1.500000000000000291e-02 6.562903030082077871e-01 4.363800137835386478e-02 6.894141983963789274e-16 1.660077203280552532e-16
1.625000000000000056e-02 6.267257194432871437e-01 3.194208500808322360e-02 3.431201184192816228e-16 4.721855307956229255e-16
1.750000000000000167e-02 6.048428305257284032e-01 2.622550045070668606e-02 4.549428705229530587e-18 5.415289887901550222e-16
1.875000000000000278e-02 5.885770590244591149e-01 2.277814561337692875e-02 8.286905059877763680e-17 1.698506782547364245e-16
2.000000000000000389e-02 5.763635013423872300e-01 2.054761685421571671e-02 4.546816959481991749e-17 8.826231837531347126e-17
2.125000000000000500e-02 5.670752399613246952e-01 1.910587047385214551e-02 2.880000633298000592e-16 1.276323668722857397e-15
2.250000000000000264e-02 5.599151732455999175e-01 1.810639497274883769e-02 1.302269535854621773e-15 3.772597021759018960e-15
2.375000000000000375e-02 5.543209496655350232e-01 1.740873167886195297e-02 5.557587674541914066e-15 6.445541723927866930e-15
2.500000000000000139e-02 5.498938059587077376e-01 1.686000445027153669e-02 1.920992424577497813e-14 7.819445967588651421e-15
2.625000000000000250e-02 5.463483318161991287e-01 1.642470196882055491e-02 5.118382087230943542e-14 7.141901071372526620e-15
2.750000000000000361e-02 5.434784007614844592e-01 1.610485564376600010e-02 1.085243861104012417e-13 4.924932196270831783e-15
2.875000000000000472e-02 5.411336627912919361e-01 1.585926328766079293e-02 1.922469739280603190e-13 2.972840635751182827e-15
3.000000000000000583e-02 5.392034607011095826e-01 1.565245079220521987e-02 2.992697142540734775e-13 3.897187427430912150e-15
3.125000000000000000e-02 5.376056675617575387e-01 1.549276662240633116e-02 4.229516144610331381e-13 1.054913527460722313e-14
3.250000000000000111e-02 5.362788661113694344e-01 1.536243757670661611e-02 5.564286161095636463e-13 2.551567008685702660e-14
3.375000000000000222e-02 5.351767262216063914e-01 1.527056196522471460e-02 6.930562100063093632e-13 5.079019788544057766e-14
3.500000000000000333e-02 5.342639826380540802e-01 1.519594158862075037e-02 8.274341481473261730e-13 8.765255233763593094e-14
3.625000000000000444e-02 5.335134384707181932e-01 1.513060199610237293e-02 9.546820454870812006e-13 1.367144543877475244e-13
3.750000000000000555e-02 5.329037052771244953e-01 1.509790738887844923e-02 1.072329089322873238e-12 1.978201364787810242e-13
3.875000000000000666e-02 5.324176275279454140e-01 1.508573590835109689e-02 1.178867396039228721e-12 2.704159163291884761e-13
4.000000000000000777e-02 5.320409445443464724e-01 1.506407464822083139e-02 1.273083805159237598e-12 3.539082344642645659e-13
4.125000000000000888e-02 5.317616149095238942e-01 1.506913978546688647e-02 1.354499663080136682e-12 4.468734380653982025e-13
4.250000000000000999e-02 5.315690477860133267e-01 1.508700331241203535e-02 1.423703494061121571e-12 5.480524981473937143e-13
4.375000000000000416e-02 5.314536770310214209e-01 1.509849460654834677e-02 1.480838645205833843e-12 6.562268610554706543e-13
4.500000000000000527e-02 5.314067931593570160e-01 1.512474222088597622e-02 1.526768145738950638e-12 7.699102905983239949e-13
4.625000000000000638e-02 5.314203377186338395e-01 1.514705646596645194e-02 1.561288017208101382e-12 8.875513230708041259e-13
4.750000000000000749e-02 5.314868184264756046e-01 1.518248444834449130e-02 1.585969101476474017e-12 1.007984032314968803e-12
4.875000000000000860e-02 5.315993420045185269e-01 1.522172893145252656e-02 1.601419338882854211e-12 1.129826643463915793e-12
5.000000000000000278e-02 5.317515050034538060e-01 1.524955732588713364e-02 1.608193863602238810e-12 1.251587619670936729e-12
