# time 1 2 D-1 D
0.000000000000000000e+00 9.999999365346320390e-01 1.614928045393736527e-08 1.770781220468002608e-35 4.570689951953536783e-36
1.250000000000000243e-03 9.984697733371468154e-01 3.221822491465866348e-05 1.505742227861306213e-27 4.725606733847787638e-33
2.500000000000000486e-03 9.930703985786160093e-01 6.611997659193533409e-04 3.447352726421720828e-23 1.539859256770059216e-27
3.750000000000000729e-03 9.810318352203215575e-01 4.343709601822322297e-03 1.362562099272330614e-20 2.744819421880502600e-24
5.000000000000000971e-03 9.558685900696058946e-01 1.754547824623305802e-02 1.019806539817189953e-18 5.747994944175852263e-22
6.250000000000000347e-03 9.056608134304641178e-01 5.216297045601000354e-02 3.023239104305195679e-17 3.763007427346004807e-20
7.500000000000001457e-03 8.165695373338813789e-01 1.183057235031265558e-01 4.997055249413506625e-16 1.213454003453262547e-18
8.750000000000000833e-03 6.877563412863627601e-01 1.989255227258129588e-01 5.494938370653826460e-15 2.497954145440507151e-17
1.000000000000000194e-02 5.429744832130048993e-01 2.442544283190729026e-01 4.477076368473864596e-14 3.904722860214006279e-16
1.125000000000000132e-02 4.130738638335319513e-01 2.445490404333323375e-01 2.877864722023375540e-13 5.276289103871016742e-15
1.250000000000000069e-02 3.128419941251668335e-01 2.514305191752128077e-01 1.509301801175429174e-12 6.674728986337882220e-14
1.375000000000000180e-02 2.412375778019445194e-01 1.040748198934228763e-01 6.407086543868785781e-12 7.900614190379837371e-13
1.500000000000000291e-02 1.914386446543464571e-01 6.924413227027755025e-02 2.149210986760417705e-11 6.844617006854072128e-12
1.625000000000000056e-02 1.567623779190888411e-01 5.421744679833529618e-02 6.241462663674048973e-11 3.461884309877197295e-11
1.750000000000000167e-02 1.322527330369852039e-01 4.487188591376578550e-02 1.734093223287846819e-10 1.153949235242787110e-10
1.875000000000000278e-02 1.145669372239180445e-01 3.818326419274074846e-02 4.462271603751156887e-10 2.967556213360252089e-10
2.000000000000000389e-02 1.015173327890226546e-01 3.370324538992753444e-02 1.020800792410475892e-09 6.460933087792288088e-10
2.125000000000000500e-02 9.167480101721879604e-02 3.054910710225869006e-02 2.055544758672591243e-09 1.246833850003123963e-09
2.250000000000000264e-02 8.409548138817278529e-02 2.805091781883201074e-02 3.727763155722031947e-09 2.194334504450212668e-09
2.375000000000000375e-02 7.814550186394589315e-02 2.631627386164109642e-02 6.179090191265607253e-09 3.589812892648247150e-09
2.500000000000000139e-02 7.339109817879349573e-02 2.488937897406328856e-02 9.321604889072886680e-09 5.535344096338829228e-09
2.625000000000000250e-02 6.952976078202331711e-02 2.380022703581455984e-02 1.285931278784263701e-08 8.129825995720986217e-09
2.750000000000000361e-02 6.634665440994227947e-02 2.293162777746758987e-02 1.654316346142442433e-08 1.146594596104023575e-08
2.875000000000000472e-02 6.368655050054024269e-02 2.220227300187650743e-02 1.942387395148769867e-08 1.562799773152757907e-08
3.000000000000000583e-02 6.143548015981355886e-02 2.164585386782784046e-02 2.252463357170417340e-08 2.069011944696726587e-08
3.125000000000000000e-02 5.950852590050070140e-02 2.113632187569890880e-02 2.517714398047715844e-08 2.671441334049025069e-08
3.250000000000000111e-02 5.784155452925204138e-02 2.074137237250983298e-02 2.756747635932596519e-08 3.374878157134117940e-08
3.375000000000000222e-02 5.638551356087400518e-02 2.045485111978286724e-02 2.952343842888435606e-08 4.182424804371109303e-08
3.500000000000000333e-02 5.510243951157718645e-02 2.012649789327900299e-02 3.098357282425364116e-08 5.095130581277052944e-08
3.625000000000000444e-02 5.396263361698429989e-02 1.990028282264737214e-02 3.160830429108297671e-08 6.111637743392541720e-08
3.750000000000000555e-02 5.294262592704884751e-02 1.971282054729753264e-02 3.189995589951367598e-08 7.228047965598168802e-08
3.875000000000000666e-02 5.202368322370532622e-02 1.949852440955648913e-02 3.115837895826782343e-08 8.437599453571268967e-08
4.000000000000000777e-02 5.119072295499749181e-02 1.936258766578448712e-02 2.995838252793532576e-08 9.728773458632306701e-08
4.125000000000000888e-02 5.043149834334492015e-02 1.922341400753086946e-02 2.813322619539586358e-08 1.109224874846923681e-07
4.250000000000000999e-02 4.973599778705721508e-02 1.909217340444537350e-02 2.600871617381218677e-08 1.250868616378741345e-07
4.375000000000000416e-02 4.909595177450587489e-02 1.897913037162370087e-02 2.333825095807039098e-08 1.396098935107581141e-07
4.500000000000000527e-02 4.850445890008566602e-02 1.889132120624999536e-02 2.052095628405191797e-08 1.545188201917295780e-07
4.625000000000000638e-02 4.795576378587124849e-02 1.878283809906611604e-02 1.769416971581821355e-08 1.693171867184390983e-07
4.750000000000000749e-02 4.744503090078062979e-02 1.869700901124921044e-02 1.486657582908542444e-08 1.840889796491769346e-07
4.875000000000000860e-02 4.696815863350938675e-02 1.863435279369056105e-02 1.201908554157119327e-08 1.987799548246798031e-07
5.000000000000000278e-02 4.652359887999660271e-02 1.857331926879924808e-02 9.636495850961770640e-09 2.130128333737131393e-07
