# time 1 2 D-1 D
0.000000000000000000e+00 9.999999640527886813e-01 4.861533204602054958e-09 1.431974361202248737e-34 1.528142656068973760e-35
1.250000000000000243e-03 9.990955553683337209e-01 1.478644304509387643e-05 7.911764019811999061e-28 4.372426533337100443e-25
2.500000000000000486e-03 9.959592739173394049e-01 3.042851858760606417e-04 8.444404725174962159e-24 2.376533364306873660e-21
3.750000000000000729e-03 9.892453125032570904e-01 1.968863593480655629e-03 3.245240076110769886e-21 4.045302929754468736e-19
5.000000000000000971e-03 9.759520393554282913e-01 7.875511201788231927e-03 2.661178963281679236e-19 1.659081857976392070e-17
6.250000000000000347e-03 9.504544340062719421e-01 2.370896213581384290e-02 8.880772614000850227e-18 3.112924706498754217e-16
7.500000000000001457e-03 9.046851831458844195e-01 5.736083303873579925e-02 1.616012430521713761e-16 3.561091116714403248e-15
8.750000000000000833e-03 8.321451871638533282e-01 1.112334505448339950e-01 1.855850736350709965e-15 2.899218259310583809e-14
1.000000000000000194e-02 7.354140359748003730e-01 1.569515565155912007e-01 1.453057896644200433e-14 1.843147376563147272e-13
1.125000000000000132e-02 6.280510693796728106e-01 1.450295676911425580e-01 7.865327822686074647e-14 9.694329748164133022e-13
1.250000000000000069e-02 5.257176297534338349e-01 1.186064299189516641e-01 2.850933844902511240e-13 4.353488632836760696e-12
1.375000000000000180e-02 4.376448950618798128e-01 1.036116457297978077e-01 6.493629978743726005e-13 1.679047565502582588e-11
1.500000000000000291e-02 3.661085835206946970e-01 9.905945090915843632e-02 9.676774070774735282e-13 5.493137659191413927e-11
1.625000000000000056e-02 3.096171562624184803e-01 6.380022798690382357e-02 2.362389266755486775e-12 1.515849012439502066e-10
1.750000000000000167e-02 2.654691240372751282e-01 4.794782442891172558e-02 3.022309640871197998e-11 3.579391630215492652e-10
1.875000000000000278e-02 2.309747935084424941e-01 4.460615058407654127e-02 8.582443438958379027e-10 7.400968741879279394e-10
2.000000000000000389e-02 2.038708431588057701e-01 4.238222662957017578e-02 8.043205182844856949e-09 1.369583048916383141e-09
2.125000000000000500e-02 1.823828336457866406e-01 4.076468657507339305e-02 1.420588030254158507e-08 2.311655575854405291e-09
2.250000000000000264e-02 1.651642448447167844e-01 3.945846487245129042e-02 2.001193040412507869e-08 3.616385455016091018e-09
2.375000000000000375e-02 1.512076197129276489e-01 3.859332399504986078e-02 2.640443975325321511e-08 5.314471260006001175e-09
2.500000000000000139e-02 1.397622620215986378e-01 3.796193528168526760e-02 3.339158655105589131e-08 7.417244464282105101e-09
2.625000000000000250e-02 1.302677699059529015e-01 3.728399493556940753e-02 4.089006434448099871e-08 9.918696616169430727e-09
2.750000000000000361e-02 1.223036419538944680e-01 3.689150106317072575e-02 4.862443977924078790e-08 1.280261112635441008e-08
2.875000000000000472e-02 1.155520700601254391e-01 3.649993279230483167e-02 5.661731744693670481e-08 1.604360232291239198e-08
3.000000000000000583e-02 1.097708618756865484e-01 3.618774819526858477e-02 6.459130852404428079e-08 1.961222491825378277e-08
3.125000000000000000e-02 1.047738089969170866e-01 3.586311674104139535e-02 7.251910372527106655e-08 2.347546884040311820e-08
3.250000000000000111e-02 1.004164473088213771e-01 3.570133003236948543e-02 8.033690951350002693e-08 2.758350213206303508e-08
3.375000000000000222e-02 9.658569395388798273e-02 3.548713056458249054e-02 8.806372631274154347e-08 3.183039187455005997e-08
3.500000000000000333e-02 9.319237244888037286e-02 3.533815598933220947e-02 9.539979520585165582e-08 3.644622140000220561e-08
3.625000000000000444e-02 9.016516348486193488e-02 3.519153688091619658e-02 1.026377774738031197e-07 4.108682097582414619e-08
3.750000000000000555e-02 8.744757787952878170e-02 3.506453278122235312e-02 1.095132182183433416e-07 4.597991356379098697e-08
3.875000000000000666e-02 8.499296823957697145e-02 3.495526514650661165e-02 1.161916938119638084e-07 5.093368774330616686e-08
4.000000000000000777e-02 8.276387146455561894e-02 3.488049577063424139e-02 1.223931167738477390e-07 5.621049816485780250e-08
4.125000000000000888e-02 8.072942755400944193e-02 3.479570017621631123e-02 1.280829458739924262e-07 6.183357713765510662e-08
4.250000000000000999e-02 7.886407398391098722e-02 3.468785776711659496e-02 1.335219814207516588e-07 6.753555816419176636e-08
4.375000000000000416e-02 7.714665556508734645e-02 3.465272606527321220e-02 1.389820384893153418e-07 7.304183139468287214e-08
4.500000000000000527e-02 7.555932217034889986e-02 3.457278824248749549e-02 1.429971396951426496e-07 7.981806685789680156e-08
4.625000000000000638e-02 7.408711996362417340e-02 3.453139767401122717e-02 1.467700622349860738e-07 8.666328203469280565e-08
4.750000000000000749e-02 7.271715991019064851e-02 3.446821679103655861e-02 1.461490281502604846e-07 9.773150941927748093e-08
4.875000000000000860e-02 7.143872966164604987e-02 3.441746661176192656e-02 1.383310750084655687e-07 1.158287319610493008e-07
5.000000000000000278e-02 7.024267992899646540e-02 3.437830060453237607e-02 9.522269640526803299e-09 2.547505429674027700e-07
