# time 1 2 D-1 D
0.000000000000000000e+00 9.999999599150601881e-01 2.083700746219852163e-08 1.209657155393060239e-35 3.184487664774503252e-35
2.500000000000000486e-03 9.999977660569716598e-01 1.256128834531263635e-06 5.073548218163138079e-29 3.174008508737258101e-27
5.000000000000000971e-03 9.999527551419316040e-01 3.029852443932869868e-05 2.033773602738074409e-24 2.175937118459462449e-25
7.500000000000001457e-03 9.996639888064939861e-01 2.406957735601571451e-04 2.962862585711186935e-23 6.669442274077931150e-23
1.000000000000000194e-02 9.984570269022059463e-01 1.207743631503764700e-03 1.263641262120258320e-22 7.154854417673841160e-22
1.250000000000000069e-02 9.944530492551099110e-01 4.645066594622803899e-03 7.516814609638419827e-23 4.212160151478137231e-21
1.500000000000000291e-02 9.834010833794104567e-01 1.452369123016820397e-02 3.354793906814698115e-21 1.461221211909817380e-20
1.750000000000000167e-02 9.585500527592500930e-01 3.707557022905441646e-02 1.615080505064490637e-19 1.060665378045336089e-20
2.000000000000000389e-02 9.152345724100360291e-01 7.611901725194530899e-02 2.628756444898242454e-18 2.395756170198518994e-19
2.250000000000000264e-02 8.583532046468220766e-01 1.252460163493247236e-01 2.411065312241236200e-17 8.167805112778408126e-18
2.500000000000000139e-02 8.003262810682690853e-01 1.686055529382496088e-01 1.425573390269437504e-16 7.535284785648854730e-17
2.750000000000000361e-02 7.507484424228034747e-01 1.872505949539519376e-01 5.928236851983012552e-16 3.622073989384864288e-16
3.000000000000000583e-02 7.124693242847713881e-01 1.649629704966955046e-01 1.855749854762628063e-15 1.076410191914652623e-15
3.250000000000000111e-02 6.843127763379808215e-01 1.187011583205611898e-01 4.652261450832877098e-15 2.239579730892189503e-15
3.500000000000000333e-02 6.639758937396733618e-01 9.351323269830520701e-02 9.275853536262285127e-15 3.966492997427633196e-15
3.750000000000000555e-02 6.493217425437788348e-01 7.727593886557800051e-02 1.377869340653894303e-14 6.655151274130274389e-15
4.000000000000000777e-02 6.387047795877182077e-01 6.882948735606429780e-02 1.418013389733901639e-14 9.454554168963397927e-15
4.250000000000000999e-02 6.309426004922964459e-01 6.104473560247436481e-02 1.020633350698792444e-14 9.929070567634958850e-15
4.500000000000000527e-02 6.252075795021539983e-01 5.344569524999266685e-02 5.434416169581099437e-15 7.194434973072523621e-15
4.750000000000000749e-02 6.209235658659798540e-01 4.777466350821021890e-02 3.156246255507582141e-15 6.159940805642549608e-15
5.000000000000000278e-02 6.176880196602884121e-01 5.314077645754035351e-02 4.804482345832454045e-15 1.821248855575337134e-14
5.250000000000000500e-02 6.152174240767146474e-01 1.601818156474316482e-02 1.066562530498676112e-14 5.824982085264959781e-14
5.500000000000000722e-02 6.133101465696670918e-01 1.452085312640919931e-02 2.245198872445299679e-14 1.406541981763633990e-13
5.750000000000000944e-02 6.118213847347826473e-01 1.255718404703536246e-02 4.819969350539361935e-14 2.784202608840815083e-13
6.000000000000001166e-02 6.106463576747175326e-01 1.130665324418824412e-02 1.062058313417475152e-13 4.835080530304316209e-13
6.250000000000000000e-02 6.097088291050475339e-01 1.027728468619358571e-02 2.284388706138225385e-13 7.705008812522619253e-13
6.500000000000000222e-02 6.089532214221722306e-01 9.644948075288976852e-03 4.598347696825255743e-13 1.156481210178827429e-12
6.750000000000000444e-02 6.083391244993298086e-01 9.361249490686042452e-03 8.464724981839974204e-13 1.667956960146985345e-12
7.000000000000000666e-02 6.078373564297872012e-01 8.789861900512199039e-03 1.445545926002431533e-12 2.326613338461458347e-12
7.250000000000000888e-02 6.074271038352770935e-01 8.603111434419814449e-03 2.296963252943965887e-12 3.157055925694311849e-12
7.500000000000001110e-02 6.070937521307486762e-01 8.329729200107665807e-03 3.444215130254485160e-12 4.177800327604021534e-12
7.750000000000001332e-02 6.068271958848193703e-01 8.059145877880771747e-03 4.897750302865022425e-12 5.398126791560095983e-12
8.000000000000001554e-02 6.066205139779730082e-01 8.005163029207746500e-03 6.676789865671099659e-12 6.821907031340108627e-12
8.250000000000001776e-02 6.064688204403334559e-01 7.788560687093760287e-03 8.770403148424105490e-12 8.436552520343050575e-12
8.500000000000001998e-02 6.063684352451020887e-01 7.715795778777470582e-03 1.116049048881218887e-11 1.023462425159596128e-11
8.750000000000000833e-02 6.063162302799659509e-01 7.684474962371643479e-03 1.384016159177168748e-11 1.219202681563179655e-11
9.000000000000001055e-02 6.063091154211649458e-01 7.579072190901836939e-03 1.675907231433869418e-11 1.430654346419895761e-11
9.250000000000001277e-02 6.063437137865825832e-01 7.518068235037081957e-03 1.996825776975894154e-11 1.652843855450179979e-11
9.500000000000001499e-02 6.064163635702969346e-01 7.462052543961874944e-03 2.337342942482473199e-11 1.886864561424142832e-11
9.750000000000001721e-02 6.065230388759222935e-01 7.417771004655072421e-03 2.695734370148966629e-11 2.132896580029072464e-11
1.000000000000000056e-01 6.066626568364111849e-01 7.423178918519907597e-03 3.080685938822205750e-11 2.386614162479433783e-11
