# time 1 2 D-1 D
0.000000000000000000e+00 9.999999766176367322e-01 1.182700872371491091e-08 1.162799011833406803e-34 5.112224931726128372e-35
5.000000000000000104e-04 9.999991912729510046e-01 5.727278904093763071e-07 6.517665584803493082e-22 3.324037560730701973e-23
1.000000000000000021e-03 9.999835357993160923e-01 1.230364060385211709e-05 1.094309767259475673e-20 4.278541511049044002e-22
1.500000000000000248e-03 9.998896516788470246e-01 8.614494338005275345e-05 9.480095239147657261e-20 2.940763908268596337e-22
2.000000000000000042e-03 9.995354704507748433e-01 3.778445223486092547e-04 4.769469748093643340e-19 2.527436281772678618e-22
2.500000000000000052e-03 9.984996816698846756e-01 1.257766477331774373e-03 2.405201558167601163e-18 2.644842227617106239e-20
3.000000000000000496e-03 9.959743569461022572e-01 3.445282433476268800e-03 1.403488337539152863e-17 6.877220825228836963e-19
3.500000000000000507e-03 9.907284705952781323e-01 8.014492835157845455e-03 8.134508933575917642e-17 1.077800508442504331e-17
4.000000000000000083e-03 9.814392608152888720e-01 1.606707677707837345e-02 4.230617661873551681e-16 1.180357615544296719e-16
4.500000000000000527e-03 9.674698667448593525e-01 2.783266117722388994e-02 1.908597996225556018e-15 9.734865260094621127e-16
5.000000000000000104e-03 9.495485691900640290e-01 4.164159097166425516e-02 6.891782698890743679e-15 5.934143846366063252e-15
5.500000000000000548e-03 9.295755816435516961e-01 5.230849050325180050e-02 1.910405382812296167e-14 2.646472806849721126e-14
6.000000000000000992e-03 9.096794719437615306e-01 5.156119441831254896e-02 3.892691084101391222e-14 8.718100909291121897e-14
6.500000000000000569e-03 8.914116032294217007e-01 4.133116075081334079e-02 5.476350657603453639e-14 2.131524753695259704e-13
7.000000000000001013e-03 8.755406285141461575e-01 3.073850312825268660e-02 4.556898722822158828e-14 3.843052946812193396e-13
7.499999999999999722e-03 8.622403859645404456e-01 2.286026403220306133e-02 1.171810741453486738e-14 4.936362130428024809e-13
8.000000000000000167e-03 8.513511734011086629e-01 1.743382366472208053e-02 8.499774592627160459e-15 4.055007639522020242e-13
8.500000000000000611e-03 8.425710616334612935e-01 1.410227223578246029e-02 1.412663733755871311e-13 1.398809345950251355e-13
9.000000000000001055e-03 8.355641824941572038e-01 1.177903844954352602e-02 5.379860627424922190e-13 4.828408654938021709e-15
9.500000000000001499e-03 8.300122892390880969e-01 1.027427522911294154e-02 1.489216361176118139e-12 2.934508239224769902e-13
1.000000000000000021e-02 8.256348780831280765e-01 9.153132359583327979e-03 3.772348900606660186e-12 5.115297127506348956e-13
1.050000000000000065e-02 8.221941015932213714e-01 8.322051774288239875e-03 7.139183453515915292e-12 4.482209503804441388e-13
1.100000000000000110e-02 8.194928334207022269e-01 7.662591584446808504e-03 9.849399182407613971e-12 6.314032151847410494e-13
1.150000000000000154e-02 8.173701345524734263e-01 7.167938818440460803e-03 1.038854119270444023e-11 1.189033187556954955e-12
1.200000000000000198e-02 8.156960553854462059e-01 6.739431221867788618e-03 7.996758582197701126e-12 2.258646561440985772e-12
1.250000000000000069e-02 8.143667801060370248e-01 6.359076198445050287e-03 3.604144584912205289e-12 3.949188545440596649e-12
1.300000000000000114e-02 8.133002837577678612e-01 6.060064675276587674e-03 5.453232717415178820e-13 6.267845519135021307e-12
1.350000000000000158e-02 8.124325368144070803e-01 5.790926772208981714e-03 4.704345984785422592e-12 9.118798377643141093e-12
1.400000000000000203e-02 8.117145479076657288e-01 5.556461083602995572e-03 2.396037617760405701e-11 1.229675278655684656e-11
1.450000000000000247e-02 8.111098328134697111e-01 5.334828614374370614e-03 6.973936292491929445e-11 1.553248099352214288e-11
1.499999999999999944e-02 8.105923244375188297e-01 5.166764392270874542e-03 1.499792292399870640e-10 1.854059224541714713e-11
1.550000000000000162e-02 8.101445925390472480e-01 4.989403138481731184e-03 2.844146911436450867e-10 2.105847768982287990e-11
1.600000000000000033e-02 8.097562309247344770e-01 4.846027550082890843e-03 4.846956403453509116e-10 2.289245560805003474e-11
1.650000000000000078e-02 8.094222946125058105e-01 4.717293865308666741e-03 7.769628363628415675e-10 2.393843165829603141e-11
1.700000000000000122e-02 8.091417339891070482e-01 4.612472010281077478e-03 1.207235820946576122e-09 2.419154873784377950e-11
1.750000000000000167e-02 8.089158299095161597e-01 4.511267133911921710e-03 1.837624497091103463e-09 2.373445613184222922e-11
1.800000000000000211e-02 8.087467096340342776e-01 4.417566589882225905e-03 2.919421788943946523e-09 2.271034034790359732e-11
1.850000000000000255e-02 8.086360857982747286e-01 4.323752112332998089e-03 4.764942559655449204e-09 2.129605854723723413e-11
1.900000000000000300e-02 8.085843516049222579e-01 4.250817970044713442e-03 7.559675505343365392e-09 1.966530642337657313e-11
1.950000000000000344e-02 8.085901173449103752e-01 4.192573451290762358e-03 1.050507534238652422e-08 1.797184714255552189e-11
2.000000000000000042e-02 8.086503332095487107e-01 4.121967804445378185e-03 1.242034952409970725e-08 1.633168031408104782e-11
