# time 1 2 D-1 D
0.000000000000000000e+00 9.999999740576739349e-01 1.075960957450730569e-08 1.394136300075232984e-34 5.036993293273503041e-35
2.500000000000000052e-04 9.987257787149789179e-01 7.725232279897851085e-09 7.064649767877634588e-16 1.320459069427551078e-20
5.000000000000000104e-04 9.946408074076061867e-01 1.978815000134532233e-07 2.226864270606616887e-13 7.586900215350852143e-17
7.500000000000001240e-04 9.873030093217284309e-01 1.621715337488864554e-06 7.115388915962591590e-12 1.419996055991154463e-14
1.000000000000000021e-03 9.761717885782063009e-01 8.181573687974004556e-06 9.046146435264766684e-11 6.532502962384522453e-13
1.250000000000000026e-03 9.605531632027132227e-01 3.225381464788295617e-05 7.004841034745901631e-10 1.374093845869265337e-11
1.500000000000000248e-03 9.395175134117970117e-01 1.118422056040429776e-04 3.983359490885566109e-09 1.698308616060572915e-10
1.750000000000000253e-03 9.117596048179853474e-01 3.602448611523863405e-04 1.823216523945321357e-08 1.371354084760307796e-09
2.000000000000000042e-03 8.753434380419363725e-01 1.100274161885869987e-03 6.833320226494483719e-08 7.632654054436458469e-09
2.250000000000000264e-03 8.272894399489539863e-01 3.147155243574828280e-03 1.884050274250518704e-07 3.079020895091476186e-08
2.500000000000000052e-03 7.628838165437729080e-01 8.508040926764605730e-03 3.885651448903533408e-07 9.535348143166545143e-08
2.750000000000000274e-03 6.759142612055439869e-01 2.070048028267219148e-02 7.109037258755812458e-07 2.395999754997923366e-07
3.000000000000000496e-03 5.634606686188031732e-01 4.176544583741838984e-02 1.266655805717267464e-06 5.115689802449076388e-07
3.250000000000000284e-03 4.342478145418228741e-01 6.695939588161663181e-02 2.252492455323344114e-06 9.621380110498300974e-07
3.500000000000000507e-03 3.159463891566128835e-01 7.898588278037219079e-02 4.505280396586947583e-06 1.638412576010052103e-06
3.749999999999999861e-03 2.259410475694919318e-01 7.315037028610386904e-02 1.042145935209345909e-05 2.579349306697030131e-06
4.000000000000000083e-03 1.635926398193555120e-01 5.805436681777697422e-02 1.461739971545739942e-05 3.813836414234404058e-06
4.250000000000000305e-03 1.209930559117410459e-01 4.251393192413344818e-02 1.873091294290717677e-05 5.360584603040032601e-06
4.500000000000000527e-03 9.108968755463521527e-02 3.035488726065646917e-02 2.390358554891100916e-05 7.229054684323928588e-06
4.750000000000000749e-03 6.968907760630320414e-02 2.164739364966716470e-02 3.020515363644476263e-05 9.420850069836109519e-06
5.000000000000000104e-03 5.415264103615410191e-02 1.557535892897236006e-02 3.738579052284602468e-05 1.193122378249897216e-05
5.250000000000000326e-03 4.263321911848452772e-02 1.142605339783108430e-02 4.563057275313270420e-05 1.475050991091605534e-05
5.500000000000000548e-03 3.395216301639787659e-02 8.596725219243643579e-03 5.465064226601093738e-05 1.786538906170278927e-05
5.750000000000000770e-03 2.746304929533080127e-02 6.511264492590840627e-03 6.465694803558369712e-05 2.125996397889427127e-05
6.000000000000000992e-03 2.246359435860603715e-02 5.032960864197875105e-03 7.535848810396129427e-05 2.491663724415551484e-05
6.250000000000000347e-03 1.857825591111407146e-02 3.957395325085807068e-03 8.681219155086907402e-05 2.881681240354772724e-05
6.500000000000000569e-03 1.553522237213919750e-02 3.151290385631545093e-03 9.915437119122222918e-05 3.294144830582172067e-05
6.750000000000000791e-03 1.312637082292249929e-02 2.536469493605862310e-03 1.119014211318835006e-04 3.727147460303509085e-05
7.000000000000001013e-03 1.120885661596258791e-02 2.050935655575823486e-03 1.256257574768608891e-04 4.178811499388640922e-05
7.250000000000001235e-03 9.632887676808201197e-03 1.696124287589217006e-03 1.396663700635188512e-04 4.647311299850383779e-05
7.499999999999999722e-03 8.357300507384165730e-03 1.404445947723349276e-03 1.538908083977792783e-04 5.130890182953967932e-05
7.750000000000000812e-03 7.299075722932335877e-03 1.178268428784969230e-03 1.691729439471780037e-04 5.627871869503668260e-05
8.000000000000000167e-03 6.424543039451164131e-03 9.907773804692942849e-04 1.844694072739388427e-04 6.136666592063400570e-05
8.250000000000000389e-03 5.687005192767108017e-03 8.428218565957914772e-04 1.999750532498512470e-04 6.655776598116374429e-05
8.500000000000000611e-03 5.063174500599166433e-03 7.225800722117202294e-04 2.159895899329543020e-04 7.183797068161254594e-05
8.750000000000000833e-03 4.535775194905971273e-03 6.201798309052329638e-04 2.326467245186637138e-04 7.719415196807217962e-05
9.000000000000001055e-03 4.082317981268223164e-03 5.369249016727482230e-04 2.490834632414096824e-04 8.261409745840493147e-05
9.250000000000001277e-03 3.691736535034477375e-03 4.672041944669714239e-04 2.654579017400567325e-04 8.808648050786151032e-05
9.500000000000001499e-03 3.352152048992252699e-03 4.096592918787966202e-04 2.825611935548872538e-04 9.360081607691495941e-05
9.750000000000001721e-03 3.054616288880090871e-03 3.626487339596928014e-04 2.993290929062164996e-04 9.914744402103730920e-05
1.000000000000000021e-02 2.795931069773765088e-03 3.208355414071656277e-04 3.168410977698918438e-04 1.047170070035006919e-04
