# time 1 2 D-1 D
0.000000000000000000e+00 9.999999368454445259e-01 3.856385554690576535e-08 6.196290158460925116e-36 1.221300174390340729e-36
5.000000000000000104e-04 9.992501228125221235e-01 1.977490402126857302e-07 3.178733573091124413e-30 2.963345781124581424e-35
1.000000000000000021e-03 9.968207795096903912e-01 4.472757362258649024e-06 7.027277564853273254e-26 6.967077631086752323e-30
1.500000000000000248e-03 9.923919531707722230e-01 2.912101550638598155e-05 2.589733091197629048e-23 1.634803783578448475e-26
2.000000000000000042e-03 9.855789657299358630e-01 1.176313805539261391e-04 1.817972773907470113e-21 4.772049374415570455e-24
2.500000000000000052e-03 9.759185854249998737e-01 3.668774030561542526e-04 4.998366674306230105e-20 3.959917812795978543e-22
3.000000000000000496e-03 9.628245944971359771e-01 9.831856567340572454e-04 7.510490018958674769e-19 1.462360973165053494e-20
3.500000000000000507e-03 9.454990922523104357e-01 2.342621440771164819e-03 7.411482137847259153e-18 2.976424233094408349e-19
4.000000000000000083e-03 9.227876774790219061e-01 5.139018615566265900e-03 5.277841891400215996e-17 3.741280729205185152e-18
4.500000000000000527e-03 8.929872859163087151e-01 1.044874297879206868e-02 2.832291658122799390e-16 3.101989548956910870e-17
5.000000000000000104e-03 8.536885407404856130e-01 1.973046576114951059e-02 1.238308812190266009e-15 1.778614306630699921e-16
5.500000000000000548e-03 8.019061922460523073e-01 3.392767372253251840e-02 4.289043850610385929e-15 7.374088737026191319e-16
6.000000000000000992e-03 7.349661784440868484e-01 5.209492458427555928e-02 8.197495787400866171e-15 2.313510279796355505e-15
6.500000000000000569e-03 6.524240924810598141e-01 6.879957035299925916e-02 1.431901056055585726e-14 5.739640758171394566e-15
7.000000000000001013e-03 5.580138752190942908e-01 7.708274692477189161e-02 2.349010722554385166e-14 1.172265121545337203e-14
7.499999999999999722e-03 4.593438730103666656e-01 7.812620419404117666e-02 3.590256603718696843e-14 2.041315175283820841e-14
8.000000000000000167e-03 3.648368983558871737e-01 7.547400705275152111e-02 5.298012947768218211e-14 3.121177200295801063e-14
8.500000000000000611e-03 2.806984703301679818e-01 7.131345961759343044e-02 7.283119244295188953e-14 4.292259173107711745e-14
9.000000000000001055e-03 2.100596297750949026e-01 6.495221181042987180e-02 1.141114465244687431e-13 5.415271596943370203e-14
9.500000000000001499e-03 1.535919535188558505e-01 5.537241762075862522e-02 2.148205885460516972e-13 6.369227015934585074e-14
1.000000000000000021e-02 1.103309672089815285e-01 4.534817346673179067e-02 8.440925005633418245e-13 7.072887063932662217e-14
1.050000000000000065e-02 7.835369984734018300e-02 3.567117418642366811e-02 4.830582769375391340e-12 7.503303343115692580e-14
1.100000000000000110e-02 5.536174671721391660e-02 2.770659717023205015e-02 5.624938329985113724e-12 7.671403687277061461e-14
1.150000000000000154e-02 3.913750084099699988e-02 2.115373028149094073e-02 6.144105767518770275e-12 7.615302448550368122e-14
1.200000000000000198e-02 2.780691534094915582e-02 1.619109554998930320e-02 6.567444905313990549e-12 7.388111945961350259e-14
1.250000000000000069e-02 1.992007168334814990e-02 1.241538421287418162e-02 6.895413941508452877e-12 7.042174418947396978e-14
1.300000000000000114e-02 1.441862024954470613e-02 9.544299318693875989e-03 7.157600465439872578e-12 6.620206039855025618e-14
1.350000000000000158e-02 1.055773711562991470e-02 7.353879686221294863e-03 7.366144717042720674e-12 6.159084165998979772e-14
1.400000000000000203e-02 7.824473018890183013e-03 5.671140621884742349e-03 7.496057474066670088e-12 5.686059060123046953e-14
1.450000000000000247e-02 5.869269756924458750e-03 4.384688032640238035e-03 7.595271036801724662e-12 5.216635663264727335e-14
1.499999999999999944e-02 4.454717115683072895e-03 3.409216141004753516e-03 7.648223417038210765e-12 4.765566737906793525e-14
1.550000000000000162e-02 3.419272799339364340e-03 2.657106676480330745e-03 7.679493684218466401e-12 4.343555934545549404e-14
1.600000000000000033e-02 2.652432480790003436e-03 2.084496374725436363e-03 7.686583285213474503e-12 3.952731114816620403e-14
1.650000000000000078e-02 2.078023771890737115e-03 1.639138644895170088e-03 7.672109573426589251e-12 3.594096144486335263e-14
1.700000000000000122e-02 1.643053801401672242e-03 1.296263624654614465e-03 7.661951267003288389e-12 3.271094075094957678e-14
1.750000000000000167e-02 1.310276704850472452e-03 1.026187474742118032e-03 7.632804464527497332e-12 2.978407688695443205e-14
1.800000000000000211e-02 1.053229338380068684e-03 5.747255843877149741e-04 7.605777182697304467e-12 2.715809765886265161e-14
1.850000000000000255e-02 8.528994864531123368e-04 3.293479303133245364e-06 7.576064321633878974e-12 2.482043994293546648e-14
1.900000000000000300e-02 6.954753226908550259e-04 2.822947527039252604e-06 7.554937254204427529e-12 2.275115888812139609e-14
1.950000000000000344e-02 5.708130377663669496e-04 1.091870715112768298e-06 7.531188031276776152e-12 2.089150090086204925e-14
2.000000000000000042e-02 4.713843393236688659e-04 5.635561246206975161e-06 7.513185692020055102e-12 1.919474718923517753e-14
