# time 1 2 D-1 D
0.000000000000000000e+00 9.999999782985286023e-01 4.729592783302461705e-10 4.275037855070495209e-34 6.112570624275895041e-35
2.500000000000000486e-03 9.995214390381846892e-01 2.965985657815085002e-06 1.707619584337747637e-17 2.377841013805844380e-22
5.000000000000000971e-03 9.979633149337411302e-01 6.162581335206056851e-05 4.936531337428164675e-15 1.151706965171538021e-18
7.500000000000001457e-03 9.950430500664448896e-01 4.001915155930214473e-04 1.331265015663823661e-13 1.641276876155989265e-16
1.000000000000000194e-02 9.902361946036839502e-01 1.588624304262168914e-03 1.288072310610618411e-12 5.186740429542522471e-15
1.250000000000000069e-02 9.826502459384106603e-01 4.707256881789469508e-03 6.758007892432157492e-12 6.777789045806050707e-14
1.500000000000000291e-02 9.711319523302835988e-01 1.122356812233810813e-02 2.302200679385659758e-11 4.799799212803994080e-13
1.750000000000000167e-02 9.549301205004555593e-01 2.206732624731509371e-02 5.623077813108298138e-11 2.126089672994929236e-12
2.000000000000000389e-02 9.347176916531999558e-01 3.603512608911917797e-02 1.051432156907737211e-10 6.451896487772509963e-12
2.250000000000000264e-02 9.128550065564187133e-01 4.910802970647216298e-02 1.592702970848168704e-10 1.437664476973076817e-11
2.500000000000000139e-02 8.922454328689863878e-01 5.735367288703771549e-02 2.056419402147608593e-10 2.499351833887352832e-11
2.750000000000000361e-02 8.749063076075513923e-01 6.111140781786963266e-02 2.378345023128211692e-10 3.584657925715317247e-11
3.000000000000000583e-02 8.615120105304356901e-01 6.330536114671463099e-02 2.563630145081122628e-10 4.460575260585250855e-11
3.250000000000000111e-02 8.517852389071149943e-01 6.565752880288498738e-02 2.656048234377901388e-10 5.025722681405786149e-11
3.500000000000000333e-02 8.450458947879333493e-01 5.426305608423184074e-02 2.692313219490812796e-10 5.300701557529239534e-11
3.750000000000000555e-02 8.405672290640755495e-01 2.124323835751691300e-02 2.671789223181715974e-10 5.358307779960677605e-11
4.000000000000000777e-02 8.377284045047113104e-01 1.334923095290282795e-02 2.591251621518666899e-10 5.269217781544661374e-11
4.250000000000000999e-02 8.360495879572666933e-01 1.025340153229640887e-02 2.442182591100662753e-10 5.082034953046130426e-11
4.500000000000000527e-02 8.351781842859953287e-01 9.068708128889277700e-03 2.240414220088330380e-10 4.825723579438574148e-11
4.750000000000000749e-02 8.348617540061183950e-01 7.954036229030219535e-03 2.003728431998410409e-10 4.509300742984947201e-11
5.000000000000000278e-02 8.349219067228073055e-01 7.238448692139735907e-03 1.751011390487508069e-10 4.167055434016059137e-11
5.250000000000000500e-02 8.352333539419135588e-01 6.742577397531304348e-03 1.500278077135459313e-10 3.785037424951413321e-11
5.500000000000000722e-02 8.357083126968113396e-01 6.235788253112811014e-03 1.260340553323717148e-10 3.384850827707023006e-11
5.750000000000000944e-02 8.362854005919784228e-01 5.869215267891904515e-03 1.035348306077975022e-10 2.983526028838911576e-11
6.000000000000001166e-02 8.369217396201430459e-01 5.577288594322121588e-03 8.385381509629337322e-11 2.578128932999656582e-11
6.250000000000000000e-02 8.375874453454223989e-01 5.328776783780992711e-03 6.650931824576463228e-11 2.195998177579976179e-11
6.500000000000000222e-02 8.382618457687481817e-01 5.059528859064810376e-03 5.180147019959663991e-11 1.843351962545384082e-11
6.750000000000000444e-02 8.389307523843776426e-01 4.798538907168001938e-03 3.909485193884736481e-11 1.526881314886060803e-11
7.000000000000000666e-02 8.395845723818041728e-01 4.667821402915438810e-03 2.879293793689269586e-11 1.249273419355727461e-11
7.250000000000000888e-02 8.402169788578798260e-01 4.444482050187312239e-03 2.045521731638094344e-11 1.016455523810437674e-11
7.500000000000001110e-02 8.408239646373797394e-01 4.332197257973886481e-03 1.397107281843742789e-11 8.260739620400830945e-12
7.750000000000001332e-02 8.414031605614690212e-01 4.145397921796643674e-03 9.120756308796783377e-12 6.753307411992324512e-12
8.000000000000001554e-02 8.419533562427903295e-01 3.986920677802566378e-03 5.561489495501064894e-12 5.587386045677086493e-12
8.250000000000001776e-02 8.424741608456435271e-01 3.876791564290495064e-03 3.142225089759489506e-12 4.697487536968556452e-12
8.500000000000001998e-02 8.429657541686206290e-01 3.769444361073070581e-03 1.705355273595431380e-12 4.018969849343375410e-12
8.750000000000000833e-02 8.434286659968824873e-01 3.648742561219098495e-03 1.024034695916510741e-12 3.433335111972749903e-12
9.000000000000001055e-02 8.438637213246508173e-01 3.600962783258607799e-03 1.065635891267465125e-12 2.860036749322596978e-12
9.250000000000001277e-02 8.442718801581611254e-01 3.521117952325933647e-03 1.904774289373941955e-12 2.158008660509803896e-12
9.500000000000001499e-02 8.446541874106161529e-01 3.376426136720296622e-03 3.259018740118178160e-12 1.291570210861571736e-12
9.750000000000001721e-02 8.450117592920601828e-01 3.330143468533844787e-03 4.920445577811498420e-12 4.182151840740357626e-13
1.000000000000000056e-01 8.453458609588065942e-01 3.224063396819314923e-03 5.579893016777458473e-12 6.491864099467466242e-13
