# time 1 2 D-1 D
0.000000000000000000e+00 9.999999762953536431e-01 2.859749631659638203e-09 3.679297318073759472e-34 5.313234465716740204e-36
2.500000000000000052e-04 9.999990795392648124e-01 3.828615499857145507e-08 1.668425674133384142e-19 1.480438244799625795e-21
5.000000000000000104e-04 9.999857402230033498e-01 8.208014326315875208e-07 8.645255623155831018e-19 1.116761138779667333e-21
7.500000000000001240e-04 9.999285384305284241e-01 5.921886798245742650e-06 1.032889051067625301e-20 3.995065736479771486e-19
1.000000000000000021e-03 9.997705575548735402e-01 2.715333118955098909e-05 2.872606530166902735e-20 1.631881120016193591e-18
1.250000000000000026e-03 9.994119719005160052e-01 9.718849659366933502e-05 3.496976973420854301e-17 7.059664242495625144e-18
1.500000000000000248e-03 9.986697098136231299e-01 2.989407593476521748e-04 1.364806049617158215e-15 4.178820742864956434e-17
1.750000000000000253e-03 9.971931154365708538e-01 8.337078701279562786e-04 2.414239082244454788e-14 3.421128253145078341e-16
2.000000000000000042e-03 9.942930116604695723e-01 2.168383452594049767e-03 2.751568825084002843e-13 3.194155439554670519e-15
2.250000000000000264e-03 9.886084716964989028e-01 5.333152075103519615e-03 2.273689644865327216e-12 2.713268165734690955e-14
2.500000000000000052e-03 9.775166638419685583e-01 1.248290314478303978e-02 1.421245549618335718e-11 1.982012215535134349e-13
2.750000000000000274e-03 9.563265163480888509e-01 2.766103206985855503e-02 6.950008993352397194e-11 1.220590390565770027e-12
3.000000000000000496e-03 9.179955159802832831e-01 5.701168276860189843e-02 2.762826314130469276e-10 6.183143142550359752e-12
3.250000000000000284e-03 8.556044082531097938e-01 1.062724969317620921e-01 9.260447303656153998e-10 2.557950023783065570e-11
3.500000000000000507e-03 7.691960628432049640e-01 1.739017498435032061e-01 2.655131551933405837e-09 8.743582711416529571e-11
3.749999999999999861e-03 6.702824186068682133e-01 2.465587120668317478e-01 6.393233723797069498e-09 2.518282041171382049e-10
4.000000000000000083e-03 5.746710515195404545e-01 3.064344213655596505e-01 1.269158277694660681e-08 6.250851141957594977e-10
4.250000000000000305e-03 4.920497157812612765e-01 3.420346766908511360e-01 2.152824257706225235e-08 1.367095074247113282e-09
4.500000000000000527e-03 4.244717779397309543e-01 3.476695092710888613e-01 3.330005313905047124e-08 2.685353347404483292e-09
4.750000000000000749e-03 3.701340191359865917e-01 3.111162361474399396e-01 4.857669627788469067e-08 4.815733027881891059e-09
5.000000000000000104e-03 3.263408254912217865e-01 2.270404836013730498e-01 6.784365327254130171e-08 7.995379296899339877e-09
5.250000000000000326e-03 2.906668288838530345e-01 1.517172409752118034e-01 9.129208190487485241e-08 1.243278816525386300e-08
5.500000000000000548e-03 2.611991653825440074e-01 1.061490983559731788e-01 1.188076540281174602e-07 1.828384792539025559e-08
5.750000000000000770e-03 2.364863853008148942e-01 8.265919523707855598e-02 1.503683569913583166e-07 2.563807408548053492e-08
6.000000000000000992e-03 2.154345435582253054e-01 7.077137868542898724e-02 1.848413213999427331e-07 3.451364972707746260e-08
6.250000000000000347e-03 1.972163112544493002e-01 6.483306102280007865e-02 2.224657010832201953e-07 4.486204105551273757e-08
6.500000000000000569e-03 1.812025736189998848e-01 6.229785931535334470e-02 2.626137767446946711e-07 5.657890645594809107e-08
6.750000000000000791e-03 1.669145122954953653e-01 6.180361333684320641e-02 3.033096269119221833e-07 6.951800992654371205e-08
7.000000000000001013e-03 1.539818181448977530e-01 6.270629505030514417e-02 3.454683946821175714e-07 8.350302985502655864e-08
7.250000000000001235e-03 1.421521426465785221e-01 6.466750541876931102e-02 3.883889337729406391e-07 9.834371722701973515e-08
7.499999999999999722e-03 1.312370166174579578e-01 6.720144595554700118e-02 4.301038130022414422e-07 1.138461584504327751e-07
7.750000000000000812e-03 1.209573604398576918e-01 7.043462444736170447e-02 4.718786123920928832e-07 1.298217872128890566e-07
8.000000000000000167e-03 1.113264135212175682e-01 7.414724478215942161e-02 5.125283033603054051e-07 1.460945375201251872e-07
8.250000000000000389e-03 1.024711397162797050e-01 7.779565922074790918e-02 5.514867011693035369e-07 1.625055133856741051e-07
8.500000000000000611e-03 9.402066787217971955e-02 8.188407264916786055e-02 5.874839561388618609e-07 1.789150084621758914e-07
8.750000000000000833e-03 8.603501055903044203e-02 8.611642096793697965e-02 6.244484734300710027e-07 1.952033532440691169e-07
9.000000000000001055e-03 7.868028308627143808e-02 9.018552743630142698e-02 6.573564053056129684e-07 2.112709693570115558e-07
9.250000000000001277e-03 7.167386005915575564e-02 9.434892536798353269e-02 6.881081686402776151e-07 2.270373028328339292e-07
9.500000000000001499e-03 6.537810357437823239e-02 9.818484540806637906e-02 7.180834259053717775e-07 2.424390413812731483e-07
9.750000000000001721e-03 5.955684740170978653e-02 1.018119329524134198e-01 7.452002887218136993e-07 2.574282555736197836e-07
1.000000000000000021e-02 5.403985225939042514e-02 1.054412592696151313e-01 7.707410452907494694e-07 2.720102768848054357e-07
