# time 1 2 D-1 D
0.000000000000000000e+00 9.999999519787087232e-01 1.691095869702523031e-08 1.533432380647674321e-35 2.759270950463772344e-35
2.500000000000000486e-03 9.999971698519942720e-01 1.708124539729811713e-07 3.567450098720654080e-27 2.454158091907622581e-28
5.000000000000000971e-03 9.999566550585833324e-01 3.325238650995375272e-06 3.686522082979385941e-22 8.422142513008575987e-24
7.500000000000001457e-03 9.997860824066889807e-01 2.219192574668272982e-05 1.421970270854943108e-21 9.850241391129853107e-24
1.000000000000000194e-02 9.993281275355795357e-01 9.545148222087989048e-05 4.248655534432235482e-21 7.397727349888910615e-24
1.250000000000000069e-02 9.983263394138826019e-01 3.229787832390707382e-04 2.021238854241138324e-20 4.489529519426269014e-23
1.500000000000000291e-02 9.963406332494593176e-01 9.282322222409742935e-04 1.725774351026896871e-19 9.041852965389286800e-22
1.750000000000000167e-02 9.925775591328204195e-01 2.400500214827757869e-03 2.165457904824677357e-18 2.643147083023661942e-20
2.000000000000000389e-02 9.855743878732856622e-01 5.794390494914912829e-03 2.987527623301565645e-17 5.614505161378732849e-19
2.250000000000000264e-02 9.726552539166376521e-01 1.316705339066476764e-02 3.808966925920922538e-16 8.285634597677315948e-18
2.500000000000000139e-02 9.491601788425347852e-01 2.840359665447166060e-02 3.929656509232492650e-15 8.267835936334574519e-17
2.750000000000000361e-02 9.079649413226127397e-01 5.733339809713736135e-02 2.939594067142645620e-14 5.712736960188995858e-16
3.000000000000000583e-02 8.412163006124321329e-01 1.063481588831561436e-01 1.714460342161911667e-13 2.916064637106992505e-15
3.250000000000000111e-02 7.468104464603448900e-01 1.752358427110492223e-01 9.878519657329701931e-13 1.073026821870657680e-14
3.500000000000000333e-02 6.353864118214384016e-01 2.497435896764875207e-01 2.403843251584743396e-12 3.044283930372578138e-14
3.750000000000000555e-02 5.256273953400087962e-01 3.047842386540766113e-01 5.705750740141676834e-12 6.946857024306937400e-14
4.000000000000000777e-02 4.310217765159227721e-01 3.204160799076001265e-01 1.267093886035001085e-11 1.308830333341232321e-13
4.250000000000000999e-02 3.552994865834522842e-01 2.824566589992797971e-01 2.519035160544701191e-11 2.067434459768645990e-13
4.500000000000000527e-02 2.964251892937317945e-01 1.850587023458761249e-01 4.658885212691575652e-11 2.758656437676797985e-13
4.750000000000000749e-02 2.508163732413362657e-01 9.917714662068034814e-02 7.939474576734289925e-11 3.098628712387200877e-13
5.000000000000000278e-02 2.151842909445310370e-01 6.077137058700967515e-02 1.265240766191349888e-10 2.863530307277028127e-13
5.250000000000000500e-02 1.869652322139530309e-01 4.433200027460316994e-02 1.928570924781924352e-10 2.012979182523972147e-13
5.500000000000000722e-02 1.642645862949922986e-01 3.675004675378056723e-02 2.791317877911400696e-10 8.443464897496265501e-14
5.750000000000000944e-02 1.457254688911293894e-01 3.278094604841276516e-02 3.857440355748665765e-10 4.734763627751808528e-15
6.000000000000001166e-02 1.302584642729151809e-01 3.076720482492387512e-02 5.149724483136708151e-10 6.617450404838487241e-14
6.250000000000000000e-02 1.171355278083441864e-01 2.998664648419539086e-02 6.615174236589044938e-10 3.969856604983115003e-13
6.500000000000000222e-02 1.059867767901803565e-01 2.988532934270902996e-02 8.237342327312701792e-10 1.134192635974029630e-12
6.750000000000000444e-02 9.599768124976466865e-02 3.060556076145383789e-02 9.975126548886541898e-10 2.403294438772281015e-12
7.000000000000000666e-02 8.727583205566019631e-02 3.160710476347251136e-02 1.160291162508245016e-09 4.309819725054868721e-12
7.250000000000000888e-02 7.912356643665165168e-02 3.326193526347899498e-02 1.321462812580615546e-09 6.920341066817925391e-12
7.500000000000001110e-02 7.171208483277266565e-02 3.515798070699305972e-02 1.444901541297529860e-09 1.026590740789974281e-11
7.750000000000001332e-02 6.471644083405361791e-02 3.743618520220613061e-02 1.545415060272950723e-09 1.434910692387016486e-11
8.000000000000001554e-02 5.793891476751646813e-02 4.015088164431257489e-02 1.644479950812396906e-09 1.913293599708857423e-11
8.250000000000001776e-02 5.138820516691949836e-02 4.318074724281870808e-02 1.692899280261344731e-09 2.450138656527135687e-11
8.500000000000001998e-02 4.507617518157389092e-02 4.642367139671344650e-02 1.702661941493202401e-09 3.040970171359088174e-11
8.750000000000000833e-02 3.899647592886353042e-02 4.981322856318287640e-02 1.761214231891552355e-09 3.678029439266810682e-11
9.000000000000001055e-02 3.321150101158904661e-02 5.322773972903133144e-02 1.751682710193616066e-09 4.347445872884898185e-11
9.250000000000001277e-02 2.779042373316376741e-02 5.654935357893791509e-02 1.798396063757616555e-09 5.032212005157816496e-11
9.500000000000001499e-02 2.291921513231265362e-02 5.955185928456083883e-02 1.843576638513054424e-09 5.733492173395050863e-11
9.750000000000001721e-02 1.834510565935478302e-02 6.245457830870062427e-02 1.911999243430861810e-09 6.447590276029673287e-11
1.000000000000000056e-01 1.457323569661243649e-02 6.472444122403746281e-02 2.040079951045987912e-09 7.145475028702776752e-11
