# time 1 2 D-1 D
0.000000000000000000e+00 9.999999762953536431e-01 2.859749631659638203e-09 3.679297318073759472e-34 5.313234465716740204e-36
2.500000000000000052e-04 9.999993965539799579e-01 2.014966313257764013e-08 1.774513777413091912e-19 1.691388227591533146e-21
5.000000000000000104e-04 9.999904431727408838e-01 4.304267884476411553e-07 1.104149693150173163e-18 2.784378130084980669e-22
7.500000000000001240e-04 9.999506749650763915e-01 3.162725641254326687e-06 8.759738737181324580e-21 4.252250843641335148e-19
1.000000000000000021e-03 9.998370448882925032e-01 1.487002768048779650e-05 1.486978242531405107e-19 1.573274074932403943e-18
1.250000000000000026e-03 9.995716788430596411e-01 5.490294150872780985e-05 5.799435628832294780e-17 5.660672018402393165e-18
1.500000000000000248e-03 9.990107586622343216e-01 1.753286361541399850e-04 1.979022796888639749e-15 2.826811326831880305e-17
1.750000000000000253e-03 9.978783679645398808e-01 5.110110882986125796e-04 3.370642066347655402e-14 2.018372499106084459e-16
2.000000000000000042e-03 9.956254678568998706e-01 1.397534628316417097e-03 3.778692999915704058e-13 1.772268965539320428e-15
2.250000000000000264e-03 9.911363217160270578e-01 3.631138433405621622e-03 3.073854835015512785e-12 1.571750099251692868e-14
2.500000000000000052e-03 9.821694122503947799e-01 8.994931790970018062e-03 1.891272586738661023e-11 1.277286898705067008e-13
2.750000000000000274e-03 9.645178895059703938e-01 2.105609328836855268e-02 9.104838764715227868e-11 8.818405448819376161e-13
3.000000000000000496e-03 9.315219533207527158e-01 4.559504019280025133e-02 3.560668364831507678e-10 4.893707100563190947e-12
3.250000000000000284e-03 8.760951610831310132e-01 8.855612480380588292e-02 1.172854088702183768e-09 2.148698058520647265e-11
3.500000000000000507e-03 7.971892177216168829e-01 1.495779899993270046e-01 3.302877709960373093e-09 7.580715781844561250e-11
3.749999999999999861e-03 7.047659432099837584e-01 2.170576085438770120e-01 7.819116519354045549e-09 2.211153716930158250e-10
4.000000000000000083e-03 6.137052855888115444e-01 2.744613719453407041e-01 1.530907857399902357e-08 5.488648190917617578e-10
4.250000000000000305e-03 5.337251714663975299e-01 3.107770488372642026e-01 2.573768956590261152e-08 1.190435827399929706e-09
4.500000000000000527e-03 4.673716152366604315e-01 3.208026821253441296e-01 3.963688386590452229e-08 2.307738104130089171e-09
4.750000000000000749e-03 4.133496203105497258e-01 2.928551636573908379e-01 5.774386029901132486e-08 4.073203373255836943e-09
5.000000000000000104e-03 3.693398709253720158e-01 2.186203004067723277e-01 8.068597736396049651e-08 6.646435832486111896e-09
5.250000000000000326e-03 3.331625485782729323e-01 1.481442683967954532e-01 1.087159732589877618e-07 1.015464446709576417e-08
5.500000000000000548e-03 3.030548504711771396e-01 1.041824864784127308e-01 1.416971290701977691e-07 1.467930101032921139e-08
5.750000000000000770e-03 2.776516596012145177e-01 8.122363601892525209e-02 1.795738569164745058e-07 2.025214771236472630e-08
6.000000000000000992e-03 2.559044091927429321e-01 6.962301082093987070e-02 2.209475572393539171e-07 2.685887040294021105e-08
6.250000000000000347e-03 2.370054473754440727e-01 6.391372090228582270e-02 2.660195665968036483e-07 3.444627784521407817e-08
6.500000000000000569e-03 2.203294884097863060e-01 6.163903610468789152e-02 3.139583925086636969e-07 4.293160647896467677e-08
6.750000000000000791e-03 2.053922009115789205e-01 6.143859546597001814e-02 3.623450351860682579e-07 5.221199671940290618e-08
7.000000000000001013e-03 1.918118593446160869e-01 6.270301853887660926e-02 4.121682026307620962e-07 6.217302010285595527e-08
7.250000000000001235e-03 1.793257467858049015e-01 6.508141589302038343e-02 4.625295127402890378e-07 7.269363066343070449e-08
7.499999999999999722e-03 1.677347999148310620e-01 6.812145382241077685e-02 5.110586314495191496e-07 8.365297526417862108e-08
7.750000000000000812e-03 1.567293895973226325e-01 7.196650978182544955e-02 5.592025272619447663e-07 9.493387325492982281e-08
8.000000000000000167e-03 1.463282840935997697e-01 7.637695065733046684e-02 6.055418199002801271e-07 1.064259239177317977e-07
8.250000000000000389e-03 1.366870922034153779e-01 8.079595817898828358e-02 6.494148422561318888e-07 1.180273092986083742e-07
8.500000000000000611e-03 1.273779489751220018e-01 8.575890368892119531e-02 6.893439498883048216e-07 1.296467677399858478e-07
8.750000000000000833e-03 1.184737288406309680e-01 9.097064353336262177e-02 7.299282953114684486e-07 1.412046666965915634e-07
9.000000000000001055e-03 1.101824230424699874e-01 9.606576680873224472e-02 7.653444327234047095e-07 1.526331578077411549e-07
9.250000000000001277e-03 1.021691287868896347e-01 1.013550999693488830e-01 7.978360736398732506e-07 1.638760440116080624e-07
9.500000000000001499e-03 9.489141903428076341e-02 1.063174779867099712e-01 8.290587076632824456e-07 1.748883442541031356e-07
9.750000000000001721e-03 8.807230944388598493e-02 1.111095863269764283e-01 8.566231344692118267e-07 1.856354905052836990e-07
1.000000000000000021e-02 8.150606208903111993e-02 1.159744110081191992e-01 8.820878795339868960e-07 1.961224041272032495e-07
