# time 1 2 D-1 D
0.000000000000000000e+00 9.999999358219696655e-01 1.947303707989851385e-08 2.200493282315666918e-37 3.319236166371570126e-36
2.500000000000000486e-03 9.999991216688876028e-01 1.453042102842957093e-08 3.498713433358312916e-35 1.712217222342681731e-37
5.000000000000000971e-03 9.999835586002451260e-01 1.614797886259291703e-07 7.026211237581611903e-31 8.386727659716198144e-32
7.500000000000001457e-03 9.998999812005215926e-01 6.578309716228766728e-07 5.624055212471368741e-30 1.546135012552309989e-30
1.000000000000000194e-02 9.996203073743994416e-01 2.113095828642301956e-06 9.667662112319173934e-28 5.703436345928589076e-29
1.250000000000000069e-02 9.988930454052978858e-01 5.443419329508157481e-06 8.324657467940203318e-27 1.892362485793729828e-28
1.500000000000000291e-02 9.972899265148995607e-01 1.112215409685301758e-05 2.767415734453790102e-26 7.748391573162261289e-28
1.750000000000000167e-02 9.941727628707478504e-01 1.992925224877411646e-05 7.249371892631949182e-26 2.520318859394242046e-27
2.000000000000000389e-02 9.887194585483343179e-01 3.246362761323629470e-05 1.556809267141843808e-25 6.852882102320711793e-27
2.250000000000000264e-02 9.800413153574293323e-01 5.395323929199549653e-05 2.621230623908057828e-25 1.433359002335647463e-26
2.500000000000000139e-02 9.673831544792529380e-01 8.254205239994291557e-05 2.315553062779310026e-25 1.582533005873790145e-26
2.750000000000000361e-02 9.503385147480375439e-01 1.133147362817375439e-04 7.689056944106208502e-26 1.241084415928415913e-27
3.000000000000000583e-02 9.289828519847327382e-01 1.457073548116642812e-04 1.194778231305208074e-23 5.957617310920056625e-25
3.250000000000000111e-02 9.038646379225433458e-01 1.827180354888475729e-04 1.972935299494430331e-22 1.056827172969426242e-23
3.500000000000000333e-02 8.758670003951283256e-01 2.247397617771531078e-04 1.835657789194273676e-21 1.022738233473457695e-22
3.750000000000000555e-02 8.460143136465344549e-01 2.875268206008786145e-04 1.215107941941373037e-20 7.113782354711439525e-22
4.000000000000000777e-02 8.152988290812389627e-01 3.611368365736567225e-04 6.105996645694153856e-20 3.832534261520439181e-21
4.250000000000000999e-02 7.845711173781879655e-01 4.634557202453798170e-04 2.430707171131470128e-19 1.662745438800572894e-20
4.500000000000000527e-02 7.544959946981453225e-01 5.850393524693073017e-04 7.876995468774707371e-19 5.927424754030432398e-20
4.750000000000000749e-02 7.255529367330609825e-01 7.401581099821300490e-04 2.127305603991205810e-18 1.752631702068125550e-19
5.000000000000000278e-02 6.980603532039625359e-01 9.175555251807661914e-04 4.921709595046355828e-18 4.261395366547016681e-19
5.250000000000000500e-02 6.722065125781445660e-01 1.132201997981210906e-03 9.951688395959139148e-18 8.313307442634319714e-19
5.500000000000000722e-02 6.480420329327168938e-01 1.414779244689635430e-03 1.812760305891324387e-17 1.136717362456393888e-18
5.750000000000000944e-02 6.256730731797258693e-01 1.678894960733966994e-03 2.992673084970052410e-17 9.048837275760129857e-19
6.000000000000001166e-02 6.050176352999366847e-01 1.985597700069233890e-03 4.432120922029409914e-17 3.082308815226974757e-19
6.250000000000000000e-02 5.858877542940215122e-01 2.446026134469666321e-03 5.895094389502475986e-17 5.574870588149764921e-20
6.500000000000000222e-02 5.682870305032313718e-01 2.966488571041172879e-03 7.207671061775646260e-17 4.001038293455209342e-20
6.750000000000000444e-02 5.520045892977603064e-01 3.656407621242310606e-03 8.242021346417829192e-17 2.892941014421915631e-19
7.000000000000000666e-02 5.368946237012803824e-01 4.499180325077512844e-03 8.960834129998204801e-17 1.559700184005950811e-18
7.250000000000000888e-02 5.227718135532225530e-01 5.577579188648721688e-03 9.476573733252112016e-17 5.099193667310890556e-18
7.500000000000001110e-02 5.094016677337872556e-01 6.967244089018258951e-03 9.909087844021252386e-17 1.224395300650364079e-17
7.750000000000001332e-02 4.965016506606842461e-01 8.743900622996668773e-03 1.033454407509495450e-16 2.503272161361055695e-17
8.000000000000001554e-02 4.837325636498835402e-01 1.105626745367497415e-02 1.092998935343672904e-16 4.317531496029340638e-17
8.250000000000001776e-02 4.705210919975111317e-01 1.411447611463864833e-02 1.157611322615724365e-16 6.689758765930990802e-17
8.500000000000001998e-02 4.569050122656333479e-01 1.743314254512713657e-02 1.242074166484650547e-16 9.481400791877665963e-17
8.750000000000000833e-02 4.410066267809346630e-01 2.223441270190646898e-02 1.314921024328549789e-16 1.234715368589884725e-16
9.000000000000001055e-02 4.225474997072273808e-01 2.700800357681268707e-02 1.356440387823347269e-16 1.493265082840592474e-16
9.250000000000001277e-02 3.999454713635043901e-01 3.060980954954298575e-02 1.352445844270325677e-16 1.671548629625877899e-16
9.500000000000001499e-02 3.699870133787745985e-01 2.924189589599255484e-02 1.343336062693381088e-16 1.645540657614485946e-16
9.750000000000001721e-02 3.285893235165363024e-01 2.110131899845752584e-02 1.135410565780241161e-16 1.512393880563904054e-16
1.000000000000000056e-01 1.275184359625304298e-01 1.546654594927509008e-01 8.839408036874293284e-17 7.409980325033128411e-17
