# time 1 2 D-1 D
0.000000000000000000e+00 9.999999771272872762e-01 1.498852600635161646e-09 1.106022634688690316e-34 6.480500356083271031e-35
2.500000000000000486e-03 9.999996101399943882e-01 1.634972696292410511e-07 2.979015811652547272e-23 2.573409033644866095e-26
5.000000000000000971e-03 9.999927034120162928e-01 3.322603935416815325e-06 2.633104352465040411e-22 1.067079852775659245e-24
7.500000000000001457e-03 9.999555910525264046e-01 2.201722782973733109e-05 5.863659684899421028e-22 9.364762692066969570e-23
1.000000000000000194e-02 9.998302119179720560e-01 9.153464633626423510e-05 2.560051003434114651e-21 7.881314652112555589e-22
1.250000000000000069e-02 9.994961185252321245e-01 2.944282769423738804e-04 2.719838929769529608e-20 2.791651950984245236e-21
1.500000000000000291e-02 9.987260545374013754e-01 7.989852477967309373e-04 2.346337735577809726e-19 8.183882870856527839e-21
1.750000000000000167e-02 9.971211455407664737e-01 1.922294155611941908e-03 1.653745574532106264e-18 2.344810333193266480e-20
2.000000000000000389e-02 9.940279449142450652e-01 4.204560535100060163e-03 9.709276713763084029e-18 8.077990723917532341e-20
2.250000000000000264e-02 9.884564638666301084e-01 8.483832403675379760e-03 5.039020299771239760e-17 3.893392635270244606e-19
2.500000000000000139e-02 9.790507102140008078e-01 1.589522541354902729e-02 2.311084364910317242e-16 2.463862747587844125e-18
2.750000000000000361e-02 9.642031072407690750e-01 2.772862578207488729e-02 9.227661293203704069e-16 1.654569107173074257e-17
3.000000000000000583e-02 9.424067274087194468e-01 4.491810689264036371e-02 3.224004273082308275e-15 1.033766610765334437e-16
3.250000000000000111e-02 9.128236873305660692e-01 6.730443240349411049e-02 1.000044569867776993e-14 5.722919230312287210e-16
3.500000000000000333e-02 8.758026681637033350e-01 9.287017209267366125e-02 2.746308248027377980e-14 2.781402298718278694e-15
3.750000000000000555e-02 8.329822009240623881e-01 1.177263039858745391e-01 6.661620863631721751e-14 1.187210186703033888e-14
4.000000000000000777e-02 7.867320163498729979e-01 1.379093974755185581e-01 1.415785559337163434e-13 4.430274184504046442e-14
4.250000000000000999e-02 7.394221834189045328e-01 1.519476499716151952e-01 2.613731118584604520e-13 1.427712669560496301e-13
4.500000000000000527e-02 6.928467602676618986e-01 1.607715685327156530e-01 4.168669825574887040e-13 3.938367679717481190e-13
4.750000000000000749e-02 6.480597875599538593e-01 1.670289956074696436e-01 5.894724051645239483e-13 9.191960038279463806e-13
5.000000000000000278e-02 6.055388024431757055e-01 1.721240729531854641e-01 7.781486939378311132e-13 1.839840969217757225e-12
5.250000000000000500e-02 5.653964953953914963e-01 1.751719786194349260e-01 1.062010506414821720e-12 3.234999188966623320e-12
5.500000000000000722e-02 5.275931234331097119e-01 1.749466374450621142e-01 1.678498055853696532e-12 5.116941349344453888e-12
5.750000000000000944e-02 4.920611970018001768e-01 1.662527938998206167e-01 3.596078619206988179e-12 7.411213751381039047e-12
6.000000000000001166e-02 4.587636061653979636e-01 1.439141455153676585e-01 1.226447799236971598e-11 9.944895907986915731e-12
6.250000000000000000e-02 4.277041632187419951e-01 1.086099401702620565e-01 6.416743602476157690e-11 1.245180668221353166e-11
6.500000000000000222e-02 3.989122566314269869e-01 7.265015832767705850e-02 1.320036877561631491e-10 1.459957528514348763e-11
6.750000000000000444e-02 3.724186943295210717e-01 4.578015777134859798e-02 1.574272272788737602e-10 1.603642659224965271e-11
7.000000000000000666e-02 3.482342341447298151e-01 2.879851182955275868e-02 1.654253502677211235e-10 1.644949625489230520e-11
7.250000000000000888e-02 3.263406958878666275e-01 1.848938463905504259e-02 1.608792300309543903e-10 1.562722846724246330e-11
7.500000000000001110e-02 3.066451680970442295e-01 1.225194566066915847e-02 1.449357599625163630e-10 1.352203667419064831e-11
7.750000000000001332e-02 2.890652369384500431e-01 7.821207868178201364e-03 1.206952732225934618e-10 1.030996318812104426e-11
8.000000000000001554e-02 2.734016523711127467e-01 4.686868775688819017e-03 9.135087944530502815e-11 6.448259281330749488e-12
8.250000000000001776e-02 2.594575096207744624e-01 2.370554509120756815e-03 6.248784945055119293e-11 2.729780933365951068e-12
8.500000000000001998e-02 2.468490687505722481e-01 8.106621433293401211e-04 3.858536337754819674e-11 3.249338324903579850e-13
8.750000000000000833e-02 2.352288559492787534e-01 2.761720596103819564e-05 2.087050458629820734e-11 7.855024900984204360e-13
9.000000000000001055e-02 2.239583415448336279e-01 4.095058092508079700e-04 1.024472700955699438e-11 5.957589812620012028e-12
9.250000000000001277e-02 2.122788947406582527e-01 2.507527839082044577e-03 4.885614542003577589e-12 1.774105704899148533e-11
9.500000000000001499e-02 1.994839244178535642e-01 6.853812228135827862e-03 2.633417255979983421e-12 3.764309289127739070e-11
9.750000000000001721e-02 1.851776376342220420e-01 1.369532304871921152e-02 2.522289401456012974e-12 6.628498948361617980e-11
1.000000000000000056e-01 1.699716249796042189e-01 2.229256470098293572e-02 3.909339571820196696e-12 1.030744275672927189e-10
