# time 1 2 D-1 D
0.000000000000000000e+00 9.999999482837178544e-01 1.680676963759791208e-08 1.096617991115890564e-35 3.379619727011002978e-35
2.500000000000000052e-04 9.974550809444288069e-01 4.309377654537654740e-05 4.498908602411223755e-25 4.870893524140058702e-27
5.000000000000000104e-04 9.899199395634495913e-01 1.971634998521554715e-04 3.613194689710379698e-21 5.669984772189051184e-23
7.500000000000001240e-04 9.775112241797226931e-01 5.139406940583733305e-04 9.338591836607721760e-19 2.024510797140942657e-20
1.000000000000000021e-03 9.602627178866667279e-01 1.057190716217362931e-03 5.879709130817031477e-17 1.717575771946675747e-18
1.250000000000000026e-03 9.380912009183099975e-01 1.950068158192343019e-03 1.748764094183381341e-15 6.553044808931118820e-17
1.500000000000000248e-03 9.107723569620165271e-01 3.270037311788670780e-03 3.231804592652171483e-14 1.481485805740465970e-15
1.750000000000000253e-03 8.779304769398698083e-01 5.162460166785500133e-03 4.188834713269261641e-13 2.275877410552115434e-14
2.000000000000000042e-03 8.390502993443431645e-01 7.894720060445148055e-03 3.968078437899505615e-13 2.554980136950813428e-13
2.250000000000000264e-03 7.935260720195637107e-01 1.176623495859393208e-02 2.438376647474595821e-12 2.186171809258745276e-12
2.500000000000000052e-03 7.407701749104553812e-01 1.682807859675861800e-02 1.147142082545268961e-11 1.467857041530031774e-11
2.750000000000000274e-03 6.804070467346319262e-01 2.329726361727972248e-02 4.595905772276572716e-11 7.928716815187706693e-11
3.000000000000000496e-03 6.125660744737695396e-01 3.127840814215637061e-02 1.597445450518989554e-10 3.528400973547186125e-10
3.250000000000000284e-03 5.382442629137778045e-01 4.063732138423071377e-02 4.842731185692065303e-10 1.323756046231728436e-09
3.500000000000000507e-03 4.596259784300416040e-01 5.044526214020156329e-02 1.275437476038088832e-09 4.279080344777784400e-09
3.749999999999999861e-03 3.801456928801336121e-01 5.961876818135489198e-02 3.000698622855886811e-09 1.215921885250682478e-08
4.000000000000000083e-03 3.040633889621093267e-01 6.606055145147896046e-02 6.355079747032562616e-09 3.092489847319812033e-08
4.250000000000000305e-03 2.355056471265991880e-01 6.800537925624509927e-02 1.211425634675784240e-08 7.150151438398834232e-08
4.500000000000000527e-03 1.773591274531086670e-01 6.372915723909149122e-02 2.086113596609497279e-08 1.524514655601498884e-07
4.750000000000000749e-03 1.306485664996174523e-01 5.231078344020420601e-02 3.318748156676539770e-08 3.029521072389798802e-07
5.000000000000000104e-03 9.471643740461217764e-02 3.360485628106923972e-02 4.683448812835405678e-08 5.673402108766925644e-07
5.250000000000000326e-03 6.792160260710282393e-02 1.445851705504518948e-02 6.061073060705323944e-08 1.008291370823451952e-06
5.500000000000000548e-03 4.834621158866003049e-02 4.353512944000713022e-03 6.794577269122746878e-08 1.712490430093677320e-06
5.750000000000000770e-03 3.423233464869538528e-02 6.323806942909062203e-04 6.396212739711200628e-08 2.793231583518315240e-06
6.000000000000000992e-03 2.414876335825086665e-02 3.064679997971098531e-05 4.137669221281801560e-08 4.397526300483693019e-06
6.250000000000000347e-03 1.699821878072558384e-02 8.072866568675820783e-04 1.045747925128970230e-08 6.695346598534982545e-06
6.500000000000000569e-03 1.196226180979147700e-02 1.755709281161197885e-03 5.530489351941086216e-09 9.881925221769333875e-06
6.750000000000000791e-03 8.437269490975413816e-03 2.160685773474085424e-03 1.183151641156386026e-07 1.415690758072411566e-05
7.000000000000001013e-03 5.981181145693231262e-03 2.217842089699545351e-03 5.241508231583561043e-07 1.971361103489727346e-05
7.250000000000001235e-03 4.273424330331737284e-03 2.062303997909095341e-03 1.560253513748815821e-06 2.667984906144425005e-05
7.499999999999999722e-03 3.084767934069654934e-03 1.807648036363916893e-03 3.633888218185139258e-06 3.523683237417801946e-05
7.750000000000000812e-03 2.253894346345455997e-03 1.520526573375088203e-03 7.449832703042194057e-06 4.538989500797345001e-05
8.000000000000000167e-03 1.668943096424074660e-03 1.269319605543848227e-03 1.364068843538904327e-05 5.740603133885701157e-05
8.250000000000000389e-03 1.253200215921249951e-03 1.039956396236690461e-03 2.317771085575709257e-05 7.134154974655657966e-05
8.500000000000000611e-03 9.544181843647839194e-04 8.479824274020908784e-04 3.719881923735715709e-05 8.726347189322011865e-05
8.750000000000000833e-03 7.370238168772734596e-04 6.890431390910573255e-04 5.633646772671305702e-05 1.057406297343114777e-04
9.000000000000001055e-03 5.764968219506013498e-04 5.613977923381695137e-04 8.175058713618630355e-05 1.268633053089207585e-04
9.250000000000001277e-03 4.573332951555703746e-04 4.545708724458810625e-04 1.133796420211117975e-04 1.508553532050367564e-04
9.500000000000001499e-03 3.669817655482688766e-04 3.686049254230581410e-04 1.513484750227387971e-04 1.781891794436802495e-04
9.750000000000001721e-03 2.977818353968557505e-04 3.000266687236047606e-04 1.956203527594994277e-04 2.090389325082175215e-04
1.000000000000000021e-02 2.442516808212096468e-04 2.440077062487902950e-04 2.437924831871009256e-04 2.442697185196115680e-04
