# time 1 2 D-1 D
0.000000000000000000e+00 9.999999629452941408e-01 1.995713526055252065e-08 8.561882999882023348e-35 5.246102718025247960e-35
1.250000000000000243e-03 9.993211264528791826e-01 3.130723862445065520e-07 2.388632520824900286e-29 1.340153619055890371e-28
2.500000000000000486e-03 9.971030221302517038e-01 5.667090033779923452e-06 5.608801182010166617e-25 7.262793435949443374e-25
3.750000000000000729e-03 9.929672912985857414e-01 3.388494308017616356e-05 2.023270009301933520e-22 1.225549910025900399e-22
5.000000000000000971e-03 9.863509266924063157e-01 1.252866050168367936e-04 1.325483270971679574e-20 4.946265901636740191e-21
6.250000000000000347e-03 9.764550155406118703e-01 3.593934791803980039e-04 3.435323854011355410e-19 9.026399943398964155e-20
7.500000000000001457e-03 9.622204506596582219e-01 8.444017989306714517e-04 4.899576321476891030e-18 9.870492989460965377e-19
8.750000000000000833e-03 9.423741722700662571e-01 1.719851127595871691e-03 4.590327140855297496e-17 7.497342608287065322e-18
1.000000000000000194e-02 9.155942715463417647e-01 3.180571036162435552e-03 3.142063378895349303e-16 4.312085835933548728e-17
1.125000000000000132e-02 8.808052329107469713e-01 5.420937305378392516e-03 1.675633471048734506e-15 1.983511821277437053e-16
1.250000000000000069e-02 8.375227668831279892e-01 8.609645488950502454e-03 7.259621455076693010e-15 7.581993392766795271e-16
1.375000000000000180e-02 7.860757749903309888e-01 1.296910395554093029e-02 2.626570811654684434e-14 2.482715988034674709e-15
1.500000000000000291e-02 7.275523128003811291e-01 1.861490213047522352e-02 8.090384971637995738e-14 7.153839239984490641e-15
1.625000000000000056e-02 6.634833225334667572e-01 2.596622410711804316e-02 2.153594659310374625e-13 1.860227222171205105e-14
1.750000000000000167e-02 5.954496700079380256e-01 3.535780864778722415e-02 5.020447579020630207e-13 4.466002378710245670e-14
1.875000000000000278e-02 5.248429823819185103e-01 4.696733005089143154e-02 1.036960155839258121e-12 1.008545966888048677e-13
2.000000000000000389e-02 4.528779787765039866e-01 6.135231947663614960e-02 1.920960535020154764e-12 2.168095306861457965e-13
2.125000000000000500e-02 3.809151869839252358e-01 7.805216196232162007e-02 3.212330506921425083e-12 4.457946339210729372e-13
2.250000000000000264e-02 3.110138051232105849e-01 9.590870961795666672e-02 4.879202579453896980e-12 8.798726546308645163e-13
2.375000000000000375e-02 2.463531386374205046e-01 1.122498786576782148e-01 6.742491833065410551e-12 1.659451902458658912e-12
2.500000000000000139e-02 1.900780649018491142e-01 1.240801636258778706e-01 8.475526140736215432e-12 2.936069802728960843e-12
2.625000000000000250e-02 1.445251967673433224e-01 1.293599269256493767e-01 9.628768270929486807e-12 4.865829068101821338e-12
2.750000000000000361e-02 1.092478431469106753e-01 1.281680151639411069e-01 9.849937527854728447e-12 7.407009404485284299e-12
2.875000000000000472e-02 8.321171181912120907e-02 1.214802702124688910e-01 8.989681733167029551e-12 1.027799063699066785e-11
3.000000000000000583e-02 6.422610650336189886e-02 1.109650384303292603e-01 7.361157580629390101e-12 1.279023860458333087e-11
3.125000000000000000e-02 5.033300995204156164e-02 9.846683174746199974e-02 5.417768705599090553e-12 1.422050285094480330e-11
3.250000000000000111e-02 4.012015675766563566e-02 8.527685394273142039e-02 3.493940253320675873e-12 1.417013314227129502e-11
3.375000000000000222e-02 3.248727643285576755e-02 7.228455224547912505e-02 1.964450453655879442e-12 1.243129430925003615e-11
3.500000000000000333e-02 2.669287500458795634e-02 6.010498303696068523e-02 8.312523277841593281e-13 9.406001049353422549e-12
3.625000000000000444e-02 2.222196478865706357e-02 4.882026419323831634e-02 2.429272754499379350e-13 5.720681999735396068e-12
3.750000000000000555e-02 1.871786912845730191e-02 3.925172760070327199e-02 2.145950860449071155e-14 2.322731695342042483e-12
3.875000000000000666e-02 1.593111840189829001e-02 3.094502168698957945e-02 1.647623211626430517e-13 2.766501534541227410e-13
4.000000000000000777e-02 1.368492824979254327e-02 2.436015077793078631e-02 5.438425667085405651e-13 6.983409077490599323e-13
4.125000000000000888e-02 1.185218524871746101e-02 1.895512337538789172e-02 1.133322304552507021e-12 4.648853530745904650e-12
4.250000000000000999e-02 1.034012359114216788e-02 1.471218783117465498e-02 2.226909543353861053e-12 1.305246405955215107e-11
4.375000000000000416e-02 9.080049149566574163e-03 1.134331561696908831e-02 3.608812249755096311e-12 2.663383191392097928e-11
4.500000000000000527e-02 8.020378563791371110e-03 8.751167519369069253e-03 5.083472576634278487e-12 4.588349132671581732e-11
4.625000000000000638e-02 7.121862863767862428e-03 6.713949034715604829e-03 8.000364185524042065e-12 7.105204697853076170e-11
4.750000000000000749e-02 6.354266522398330230e-03 5.145293133177421784e-03 1.300215729474452096e-11 1.021656014381460495e-10
4.875000000000000860e-02 5.694027464437399939e-03 3.892475764987539302e-03 2.442052417546029473e-11 1.390613265371995359e-10
5.000000000000000278e-02 5.122587824510442187e-03 2.932707954321842579e-03 4.973526322767677192e-11 1.813729039215521414e-10
