# time 1 2 D-1 D
0.000000000000000000e+00 9.999999912214612152e-01 1.378953040709122476e-09 4.548222742201594826e-34 1.100262712369660894e-34
2.500000000000000486e-03 9.994893485999790661e-01 4.823244856775712716e-08 1.419681058697623206e-17 1.620728054971203813e-23
5.000000000000000971e-03 9.978567327315792657e-01 1.941951363753630640e-07 1.763653588120882361e-15 8.157877687425854971e-20
7.500000000000001457e-03 9.949475429505924007e-01 4.142874804632687788e-08 7.773079289054142495e-14 1.338248204229327885e-17
1.000000000000000194e-02 9.906048898803788694e-01 2.492146216859317542e-07 8.541146679096392780e-13 5.255146620052506804e-16
1.250000000000000069e-02 9.846713575694011622e-01 1.412541831738529343e-06 1.265365209649829032e-11 9.259098738335274276e-15
1.500000000000000291e-02 9.769881334067415102e-01 6.382356030743152862e-06 5.900826971840379077e-11 9.648772082831002898e-14
1.750000000000000167e-02 9.673924130834331558e-01 2.286641512616258899e-05 2.112378493564393424e-10 6.859687570082488038e-13
2.000000000000000389e-02 9.557228972439368864e-01 6.579799754737530393e-05 6.199831882392231336e-10 3.609102826312251819e-12
2.250000000000000264e-02 9.418512480877534454e-01 1.725657756286894887e-04 1.517472922348381593e-09 1.476620627428992625e-11
2.500000000000000139e-02 9.257460837513290519e-01 4.002986898243063416e-04 3.171444134403938898e-09 4.853690706741001057e-11
2.750000000000000361e-02 9.075193215843712080e-01 8.851603298986540375e-04 5.828297359235663246e-09 1.311818854837923515e-10
3.000000000000000583e-02 8.873477651816572553e-01 1.878465573331248315e-03 9.708907727451368177e-09 2.967036169988886644e-10
3.250000000000000111e-02 8.652207470854405003e-01 3.856673978121057372e-03 1.487711552172248938e-08 5.689311137141408336e-10
3.500000000000000333e-02 8.406076904951051976e-01 7.614350320546458932e-03 2.136583777056166319e-08 9.311131677274557465e-10
3.750000000000000555e-02 8.122084615974246580e-01 1.449794097301675654e-02 2.929492882576808799e-08 1.295212984045456401e-09
4.000000000000000777e-02 7.777688385827270512e-01 2.653326085097157394e-02 3.885441534639468128e-08 1.493047082276901230e-09
4.250000000000000999e-02 7.349373435881495498e-01 4.576018611278726694e-02 5.031961942440864839e-08 1.325535705962153483e-09
4.500000000000000527e-02 6.814528243350803649e-01 7.411318244577623504e-02 6.389790465923501266e-08 7.323080148704110680e-10
4.750000000000000749e-02 6.186792144280300887e-01 1.099328517335010774e-01 7.926034504614330148e-08 1.528112715544861033e-10
5.000000000000000278e-02 5.494506985155308554e-01 1.501926277704101476e-01 9.509983573587031021e-08 9.973673245676244379e-10
5.250000000000000500e-02 4.820865042719527649e-01 1.865124732460615165e-01 1.089499468981314097e-07 5.681205860741425798e-09
5.500000000000000722e-02 4.205286917577008010e-01 2.150378599699484805e-01 1.183147836100807788e-07 1.657580743309825957e-08
5.750000000000000944e-02 3.686055363813025565e-01 2.321496435661193070e-01 1.220552808485298133e-07 3.455104396516364282e-08
6.000000000000001166e-02 3.257042573554445597e-01 2.388968903271749267e-01 1.205052003687454078e-07 5.880036558925372726e-08
6.250000000000000000e-02 2.908637813551713802e-01 2.369143537437593539e-01 1.149765938638991240e-07 8.768121182149367358e-08
6.500000000000000222e-02 2.622849359662817736e-01 2.281855365955039461e-01 1.051948673401942171e-07 1.194429323080819875e-07
6.750000000000000444e-02 2.390302554192748896e-01 2.147450061120751708e-01 8.459772489764068325e-08 1.525495055970754607e-07
7.000000000000000666e-02 2.197330047762761362e-01 1.983755538676466590e-01 5.225436043634751552e-08 1.858205674882163948e-07
7.250000000000000888e-02 2.035592589648733686e-01 1.806600748879947371e-01 2.932509115992245958e-08 2.184868923512678404e-07
7.500000000000001110e-02 1.898348491215899880e-01 1.626121658048666208e-01 1.588402620908275769e-08 2.501646411586325538e-07
7.750000000000001332e-02 1.780631281213625183e-01 1.449746819381589058e-01 7.260271957271973061e-09 2.807705626504889766e-07
8.000000000000001554e-02 1.678621606120281884e-01 1.282366396526287144e-01 2.277992005810894302e-09 3.104122345732343536e-07
8.250000000000001776e-02 1.589410064439455983e-01 1.126750538798570872e-01 4.558130484875289335e-10 3.393020836988704865e-07
8.500000000000001998e-02 1.510745224227202921e-01 9.841710954962480662e-02 1.587024285419652637e-09 3.676894627061569549e-07
8.750000000000000833e-02 1.440867459519220573e-01 8.549071569363438095e-02 5.562416692871239289e-09 3.958204610257685800e-07
9.000000000000001055e-02 1.378384917639095819e-01 7.389285417215397944e-02 1.230069764762357876e-08 4.239191688554739479e-07
9.250000000000001277e-02 1.322184477577758588e-01 6.351982404885564426e-02 2.158056208708138852e-08 4.521783992944785007e-07
9.500000000000001499e-02 1.271366326935210178e-01 5.435052578971465154e-02 3.340243134420465479e-08 4.807542064424081912e-07
9.750000000000001721e-02 1.225195908421428947e-01 4.637463749629502918e-02 4.676385460135949883e-08 5.097753408499510680e-07
1.000000000000000056e-01 1.183076329509744895e-01 3.947488524486924416e-02 6.213077418233833712e-08 5.392904042058015736e-07
