# time 1 2 D-1 D
0.000000000000000000e+00 9.999999629452941408e-01 1.995713526055252065e-08 8.561882999882023348e-35 5.246102718025247960e-35
1.250000000000000243e-03 9.993241397632416367e-01 1.016203024766138884e-07 1.693618307877198586e-28 1.341452767867214350e-28
2.500000000000000486e-03 9.971552947465109895e-01 1.866672746169540295e-06 3.809360229508236972e-24 7.327050108998957188e-25
3.750000000000000729e-03 9.932582836647632085e-01 1.196457235948603171e-05 1.396999580400888905e-21 1.262360856204885718e-22
5.000000000000000971e-03 9.873576361127897050e-01 4.801980362313173296e-05 9.295065635217618963e-20 5.296832189946807687e-21
6.250000000000000347e-03 9.791201711769391691e-01 1.503514010066916767e-04 2.394550342662494649e-18 1.025749327961085044e-19
7.500000000000001457e-03 9.681339147890575259e-01 3.891097825798745511e-04 3.303582729421754931e-17 1.212829145583325094e-18
8.750000000000000833e-03 9.538943592671058624e-01 8.800203306817048045e-04 2.895885522831092539e-16 1.010388860164073023e-17
1.000000000000000194e-02 9.358184941836553694e-01 1.814216366360088973e-03 1.788677826024928817e-15 6.407097482622630135e-17
1.125000000000000132e-02 9.133023510035931380e-01 3.456828647580644821e-03 8.301112046987591191e-15 3.234446111198879881e-16
1.250000000000000069e-02 8.858092134750792379e-01 6.147785047016336366e-03 3.032279171803099008e-14 1.337970544679314658e-15
1.375000000000000180e-02 8.529326559590214574e-01 1.035293974755052172e-02 9.037087591789599206e-14 4.640174855178014092e-15
1.500000000000000291e-02 8.143728195046592289e-01 1.657722845722800487e-02 2.265161248648762935e-13 1.379329863221907970e-14
1.625000000000000056e-02 7.698256435433310507e-01 2.563232615675482828e-02 4.906490893143801959e-13 3.597293665260186221e-14
1.750000000000000167e-02 7.188649907533741779e-01 3.841847644379162152e-02 9.413475861645436020e-13 8.424872187356080345e-14
1.875000000000000278e-02 6.609478013372372951e-01 5.579992474255679458e-02 1.633741897923071408e-12 1.811329147729613060e-13
2.000000000000000389e-02 5.956335351136879952e-01 7.897871204277367996e-02 2.611097266734212031e-12 3.636984563553257522e-13
2.125000000000000500e-02 5.231685547089102162e-01 1.080450314990590854e-01 3.877556982901847738e-12 6.900804878598490146e-13
2.250000000000000264e-02 4.454750746832903951e-01 1.417205002190620455e-01 5.375973310307793719e-12 1.250389489874508780e-12
2.375000000000000375e-02 3.671067564091482494e-01 1.759905211289141125e-01 6.950729270400069005e-12 2.168463317642877243e-12
2.500000000000000139e-02 2.937729400480230679e-01 2.054853405802281041e-01 8.344144395139399622e-12 3.557276647254840032e-12
2.625000000000000250e-02 2.309211830807688104e-01 2.254572130209258618e-01 9.206141394320686350e-12 5.528267894149737885e-12
2.750000000000000361e-02 1.798981283243203388e-01 2.344947931234201699e-01 9.284942906827341450e-12 8.006053941519004480e-12
2.875000000000000472e-02 1.408838514385913065e-01 2.328237337462921441e-01 8.485558566767894130e-12 1.073203544353133793e-11
3.000000000000000583e-02 1.116096370348810124e-01 2.224029972067577132e-01 7.095729010843983942e-12 1.311966213274008598e-11
3.125000000000000000e-02 8.966830459752794802e-02 2.059833962152004816e-01 5.482522211160484409e-12 1.459253285311294707e-11
3.250000000000000111e-02 7.322687286163050147e-02 1.858002013617020554e-01 3.873167864059825672e-12 1.487320948071970664e-11
3.375000000000000222e-02 6.072896048148731379e-02 1.636606330482210936e-01 2.567970927617872493e-12 1.376498533240725135e-11
3.500000000000000333e-02 5.109788116130531410e-02 1.410690152382757523e-01 1.513957521051960770e-12 1.155837508771556886e-11
3.625000000000000444e-02 4.356337228881101975e-02 1.184661966501688313e-01 8.445349532021805039e-13 8.598686185531429097e-12
3.750000000000000555e-02 3.758056608410322713e-02 9.821933524324155673e-02 3.852728714270256829e-13 5.441120271217757746e-12
3.875000000000000666e-02 3.276198807518813233e-02 7.963245974827010132e-02 1.475334156688362620e-13 2.647822754611595218e-12
4.000000000000000777e-02 2.882937963114748023e-02 6.437238115419456619e-02 2.941069293914783707e-14 7.793894584449541115e-13
4.125000000000000888e-02 2.558046832445559984e-02 5.136478748593572424e-02 4.177961843218788418e-14 3.317521413489645359e-13
4.250000000000000999e-02 2.286628130418589741e-02 4.089233119958602530e-02 1.811717973540420090e-13 1.705247853418550669e-12
4.375000000000000416e-02 2.057563168010362667e-02 3.237054778711454667e-02 4.577034626822472538e-13 5.180997220744224260e-12
4.500000000000000527e-02 1.862444800226333713e-02 2.572681189148989453e-02 7.123712203254395105e-13 1.091429603570412605e-11
4.625000000000000638e-02 1.694836004245372368e-02 2.041791732294019959e-02 1.346355983826917653e-12 1.894048164508013957e-11
4.750000000000000749e-02 1.549749135546712835e-02 1.629681861212663868e-02 2.491451202620374225e-12 2.919139042749916014e-11
4.875000000000000860e-02 1.423275932604154380e-02 1.291948416714197058e-02 5.319920382839414453e-12 4.151727294805316595e-11
5.000000000000000278e-02 1.312324446956660527e-02 1.030634647427224916e-02 1.233427076462798892e-11 5.570427993980072994e-11
