# time 1 2 D-1 D
0.000000000000000000e+00 9.999999629452941408e-01 1.995713526055252065e-08 8.561882999882023348e-35 5.246102718025247960e-35
2.500000000000000052e-04 9.993241388155013061e-01 1.016415102217918058e-07 1.693803053908574769e-28 1.341489814651666173e-28
5.000000000000000104e-04 9.971552748720523551e-01 1.866916710536188500e-06 3.810410398097233469e-24 7.327127077030136306e-25
7.500000000000001240e-04 9.932581768845325509e-01 1.196559289078287919e-05 1.397215243196833270e-21 1.262552471215270165e-22
1.000000000000000021e-03 9.873572926498274116e-01 4.802257679057296764e-05 9.296867985783814875e-20 5.297785837290991456e-21
1.250000000000000026e-03 9.791193264907245286e-01 1.503578943893716161e-04 2.395118623903456020e-18 1.026047933941244783e-19
1.500000000000000248e-03 9.681321720379958418e-01 3.891246342641644881e-04 3.304630538993552492e-17 1.213308040375852166e-18
1.750000000000000253e-03 9.538911834324484973e-01 8.800483416502527132e-04 2.897079895473129535e-16 1.010886885865058404e-17
2.000000000000000042e-03 9.358132215957859490e-01 1.814274116657274387e-03 1.789608360610636918e-15 6.411056914383479273e-17
2.250000000000000264e-03 9.132942299833388677e-01 3.456941454807863946e-03 8.306433619679998279e-15 3.236803918617214439e-16
2.500000000000000052e-03 8.857974572117393031e-01 6.147984300894913587e-03 3.034602193149136330e-14 1.339089427863964385e-15
2.750000000000000274e-03 8.529164482937382497e-01 1.035327324723103043e-02 9.045372130717197414e-14 4.644656432762667286e-15
3.000000000000000496e-03 8.143514189103359113e-01 1.657772999080049312e-02 2.267583839141479756e-13 1.380813757378287600e-14
3.250000000000000284e-03 7.697983602494368194e-01 2.563308584018648625e-02 4.912550737998168238e-13 3.601588071202858982e-14
3.500000000000000507e-03 7.188312325998286179e-01 3.841941727693390374e-02 9.426771890497087110e-13 8.435965077581601696e-14
3.749999999999999861e-03 6.609071592368489512e-01 5.580104993435211491e-02 1.636316067917472593e-12 1.813906208897380518e-13
4.000000000000000083e-03 5.955859657409099395e-01 7.897951877291889411e-02 2.615619983028854235e-12 3.642590750896925772e-13
4.250000000000000305e-03 5.231142394418180075e-01 1.080449218127783051e-01 3.884725175757266270e-12 6.912188819892540170e-13
4.500000000000000527e-03 4.454152661587091333e-01 1.417178215389432727e-01 5.386326585965662945e-12 1.252525421524918422e-12
4.750000000000000749e-03 3.670430784557506820e-01 1.759833714270480631e-01 6.964271620620821725e-12 2.172222136075098020e-12
5.000000000000000104e-03 2.937091976113230807e-01 2.054698302319653835e-01 8.359756753367194645e-12 3.563577889874923225e-12
5.250000000000000326e-03 2.308542181715631803e-01 2.254360204762529130e-01 9.221739713351694399e-12 5.537801160313245012e-12
5.500000000000000548e-03 1.798325016946102639e-01 2.344636016967527048e-01 9.298256294043276407e-12 8.018267552417277136e-12
5.750000000000000770e-03 1.408191414666215280e-01 2.327837371269114719e-01 8.493443160736180742e-12 1.074540083970946072e-11
6.000000000000000992e-03 1.115449707125276274e-01 2.223557088526196268e-01 7.096725313551042337e-12 1.312980887574279479e-11
6.250000000000000347e-03 8.960533109303837895e-02 2.059258054468362242e-01 5.476075461861818074e-12 1.459270976165702681e-11
6.500000000000000569e-03 7.316427675339272352e-02 1.857358562817533199e-01 3.860307884715552265e-12 1.485487069428016854e-11
6.750000000000000791e-03 6.066652484077239560e-02 1.635903164132312126e-01 2.549587678084882161e-12 1.371976183032297140e-11
7.000000000000001013e-03 5.103532368914510259e-02 1.409964666321638638e-01 1.490579318092325281e-12 1.147794480920166034e-11
7.250000000000001235e-03 4.350043571570683110e-02 1.183925863486838537e-01 8.180802055776897737e-13 8.477315755436564646e-12
7.499999999999999722e-03 3.751702155462942334e-02 9.814502933823215924e-02 3.576429047413570505e-13 5.275277065368762163e-12
7.750000000000000812e-03 3.269763303318888592e-02 7.955950754240216638e-02 1.105943886462061935e-13 2.437844256622846283e-12
8.000000000000000167e-03 2.876403492053715080e-02 6.430058919259275252e-02 6.509983610017834044e-15 5.297244092767605988e-13
8.250000000000000389e-03 2.551397497775245021e-02 5.129774438949544907e-02 1.619209724328516023e-14 5.178267128818263954e-14
8.500000000000000611e-03 2.279849734966396882e-02 4.082855993193600791e-02 1.505600371052564649e-13 1.409442996489402885e-12
8.750000000000000833e-03 2.050642956662642249e-02 3.231090622757680497e-02 3.904862334858729122e-13 4.888973179393563899e-12
9.000000000000001055e-03 1.855371223202832362e-02 2.566936607384920355e-02 6.679158337317452625e-13 1.065060186512492170e-11
9.250000000000001277e-03 1.687598530151374066e-02 2.036469370479797661e-02 1.279186534135943231e-12 1.873417123177747793e-11
9.500000000000001499e-03 1.542338094744706567e-02 1.624815340398559627e-02 2.376814589737778890e-12 2.907536654016885539e-11
9.750000000000001721e-03 1.415682382053668441e-02 1.287416730018547083e-02 5.079983687265441827e-12 4.152731948432464761e-11
1.000000000000000021e-02 1.304538120659030388e-02 1.026460734075665578e-02 1.181587803444976504e-11 5.588301579392317045e-11
