# time 1 2 D-1 D
0.000000000000000000e+00 9.999999440465779932e-01 7.216900344888871545e-09 1.982494181535827915e-35 1.563272603208660336e-36
2.500000000000000052e-04 9.989343247835968942e-01 1.513990569697245672e-07 6.954679016929774813e-29 1.308250705896694301e-33
5.000000000000000104e-04 9.955129084481215695e-01 3.088475020686049008e-06 1.563043736273571044e-24 4.659186444441880836e-28
7.500000000000001240e-04 9.893639158964876446e-01 2.052925305194797318e-05 6.220159480163474959e-22 1.079561067738239231e-24
1.000000000000000021e-03 9.800550224155105683e-01 8.862885269510370001e-05 4.754659453564793995e-20 3.002537725178042053e-22
1.250000000000000026e-03 9.670501987049056059e-01 3.059515004849161501e-04 1.488839779445102627e-18 2.574865243525894442e-20
1.500000000000000248e-03 9.496093396261995334e-01 9.190150777778613228e-04 2.625507539996409587e-17 1.031318869103563719e-18
1.750000000000000253e-03 9.265777428045085529e-01 2.512519006498254142e-03 3.042617972421799032e-16 2.357369043616046559e-17
2.000000000000000042e-03 8.959969380295753627e-01 6.347784268899382340e-03 2.527459714353771759e-15 3.373420894205519777e-16
2.250000000000000264e-03 8.545644967778769363e-01 1.484836013835564086e-02 1.539586069940195818e-14 3.150921467027600965e-15
2.500000000000000052e-03 7.975027125478580947e-01 3.175846827283467649e-02 7.281812271552858133e-14 1.985755202295678540e-14
2.750000000000000274e-03 7.206117550841212305e-01 5.925338529439012902e-02 3.084150650758845429e-13 8.835612118107109273e-14
3.000000000000000496e-03 6.258235951215187498e-01 8.946478306944997960e-02 4.528203953514912959e-13 2.931770123386034117e-13
3.250000000000000284e-03 5.245313757713913061e-01 3.943832468973402366e-02 9.774220614595433757e-13 7.656137622286320073e-13
3.500000000000000507e-03 4.306100740965878582e-01 1.280103829910373379e-03 2.163559655498384967e-12 1.648958810988924990e-12
3.749999999999999861e-03 3.514520565646419570e-01 7.760890733638360454e-03 4.904966362707366436e-12 3.043032271399046019e-12
4.000000000000000083e-03 2.876961539767826093e-01 1.277759088474740741e-02 1.207954251001926018e-11 4.959387018894776025e-12
4.250000000000000305e-03 2.371694774447209719e-01 1.641872026124838874e-02 3.991622220788337999e-11 7.309167493442591343e-12
4.500000000000000527e-03 1.973526296685044201e-01 1.852934221155573546e-02 7.665465617479500003e-11 9.924540594420335957e-12
4.750000000000000749e-03 1.660614233714293175e-01 1.884543043228996059e-02 8.790193838661435254e-11 1.259945118183244347e-11
5.000000000000000104e-03 1.414785327948081262e-01 1.707090844345968486e-02 1.046766928341253212e-10 1.513253227934020945e-11
5.250000000000000326e-03 1.221058488441162104e-01 1.138369512578378366e-02 1.208332144817761404e-10 1.735960068874363986e-11
5.500000000000000548e-03 1.067375767920925311e-01 7.080075804527521878e-05 1.373866705664431314e-10 1.917103052060091744e-11
5.750000000000000770e-03 9.443165622241585233e-02 1.255039873224533375e-03 1.544145905197476287e-10 2.051468892060423650e-11
6.000000000000000992e-03 8.446903180598250294e-02 1.745775411848085774e-03 1.657311035579520149e-10 2.138851708639606503e-11
6.250000000000000347e-03 7.630795464221763746e-02 1.682124447699006242e-03 1.782396102865058612e-10 2.182808738613222479e-11
6.500000000000000569e-03 6.954140516861753718e-02 1.451126600972594454e-03 1.848724323710292647e-10 2.189158820204522728e-11
6.750000000000000791e-03 6.386204755452935811e-02 1.171333647466063282e-03 1.937591795081569117e-10 2.164859836085263339e-11
7.000000000000001013e-03 5.903535725557454428e-02 8.863427685145115016e-04 1.962855657876991983e-10 2.117010796191131901e-11
7.250000000000001235e-03 5.487954325568516339e-02 6.172171597375933610e-04 1.998570509045752093e-10 2.052206582541256606e-11
7.499999999999999722e-03 5.125138918706444169e-02 3.805502483632086956e-04 1.996021428191639107e-10 1.976160345576315282e-11
7.750000000000000812e-03 4.803740528477311311e-02 1.885689839828252206e-04 2.013420335997326500e-10 1.893539401450284625e-11
8.000000000000000167e-03 4.514134503626720391e-02 5.976893686722661397e-05 1.984902928731857793e-10 1.808090900694340755e-11
8.250000000000000389e-03 4.249297118472011858e-02 1.468726641636623387e-06 1.965398843206564206e-10 1.722635990337534973e-11
8.500000000000000611e-03 4.002955735179665464e-02 2.810036059925764311e-05 1.965838960142562848e-10 1.639201066458174998e-11
8.750000000000000833e-03 3.770302364157059050e-02 1.491070745110492071e-04 1.926758035683308424e-10 1.559174993580916250e-11
9.000000000000001055e-03 3.548400140779180145e-02 3.646872482369159811e-04 1.895843300590605776e-10 1.483482266852975924e-11
9.250000000000001277e-03 3.334848030454640871e-02 6.708719226410690900e-04 1.878144547686435169e-10 1.412626257515225849e-11
9.500000000000001499e-03 3.132177393180812092e-02 1.023264887751903314e-03 1.849086599340613361e-10 1.346843163432217356e-11
9.750000000000001721e-03 2.936432495033497111e-02 1.446471010599467439e-03 1.809639974094448792e-10 1.286092778799581818e-11
1.000000000000000021e-02 2.752453653035652134e-02 1.878118550531770363e-03 1.794685645230032953e-10 1.229814854861930755e-11
