# time 1 2 D-1 D
0.000000000000000000e+00 9.999999439993420003e-01 3.130988924647251380e-08 9.564953910780281079e-36 4.041221008432403265e-36
2.500000000000000486e-03 9.999987436495139104e-01 5.210759978339860351e-07 3.100173782737777549e-35 3.501228291023414105e-37
5.000000000000000971e-03 9.999734726978535271e-01 1.221295152778238975e-05 8.889079139842440404e-32 7.415993485764630802e-33
7.500000000000001457e-03 9.998259678296406161e-01 8.826982158965322170e-05 3.750696348630860390e-30 1.093829062925092167e-30
1.000000000000000194e-02 9.992857890158770573e-01 3.903826257421338258e-04 7.888382250905545135e-29 2.892617145250803421e-29
1.250000000000000069e-02 9.977471082637376920e-01 1.293717695940812141e-03 1.137509498747694993e-28 7.587866737141997425e-29
1.500000000000000291e-02 9.940734746383215192e-01 3.469096710097370733e-03 2.720176735691302807e-29 7.209790688565093313e-29
1.750000000000000167e-02 9.865239985142941759e-01 7.779736868427487677e-03 2.342515762381361070e-27 1.813592020405885367e-29
2.000000000000000389e-02 9.730424019302144067e-01 1.500408855377484765e-02 2.876013389051944341e-26 6.804237077871836700e-29
2.250000000000000264e-02 9.519528797834413414e-01 2.547492278046744121e-02 1.837338499953146288e-25 6.132400567195881305e-28
2.500000000000000139e-02 9.226227074924185922e-01 3.941648720926446692e-02 8.325847715024592909e-25 2.719147223982545122e-27
2.750000000000000361e-02 8.855308177290952543e-01 5.727073831981759761e-02 2.899628384790530302e-24 1.789679529069670088e-26
3.000000000000000583e-02 8.418096471904041866e-01 7.933540388517795749e-02 7.872359569665604635e-24 1.841039999426215212e-25
3.250000000000000111e-02 7.928254952017554924e-01 1.045198149638302126e-01 1.626418366162799835e-23 1.911446127754569686e-24
3.500000000000000333e-02 7.400851383631177338e-01 1.292510793259835367e-01 2.359475058905737022e-23 1.634257570868488212e-23
3.750000000000000555e-02 6.852936249494228083e-01 1.481090063210574459e-01 1.973710288483286200e-23 1.069071749138545681e-22
4.000000000000000777e-02 6.303093677091325953e-01 1.614383215160709872e-01 2.805405456220175423e-24 5.391873181358533158e-22
4.250000000000000999e-02 5.769372257955444061e-01 1.719150945921385232e-01 2.320477809848683523e-23 2.137588902297121376e-21
4.500000000000000527e-02 5.266688832720144431e-01 1.807641883310820152e-01 2.529182824858678500e-22 6.838553535677136248e-21
4.750000000000000749e-02 4.805065268947632529e-01 1.891757402793942944e-01 1.018686649263605210e-21 1.813764291609773700e-20
5.000000000000000278e-02 4.389305463676523855e-01 1.963379733784849923e-01 2.627052489376370532e-21 4.082301683042156971e-20
5.250000000000000500e-02 4.019848849724122486e-01 2.009409611069186974e-01 5.222496111551653639e-21 8.123298702731305857e-20
5.500000000000000722e-02 3.694154874201135974e-01 1.853179629143531602e-05 7.847574260142005510e-21 1.441087089087302491e-19
5.750000000000000944e-02 3.408047381604215609e-01 2.634057931759396247e-05 8.762162709318329854e-21 2.337673944046449470e-19
6.000000000000001166e-02 3.156736859512070947e-01 5.664160684926719622e-05 3.115393352086173003e-21 3.511715635303845325e-19
6.250000000000000000e-02 2.935472186746191925e-01 8.761683675581587725e-05 1.581941431698543499e-19 5.032199592700410394e-19
6.500000000000000222e-02 2.739890256736676188e-01 8.893785371145186550e-05 3.829097587143243673e-19 6.592154717651333973e-19
6.750000000000000444e-02 2.566160886404020847e-01 9.319693983352642628e-05 6.653188496783584898e-19 8.600842614752477186e-19
7.000000000000000666e-02 2.411012302745613178e-01 9.019005725001106265e-05 1.152542564385821061e-18 1.055540948498107143e-18
7.250000000000000888e-02 2.271695317751559196e-01 9.204236668396823429e-05 1.498690494338298274e-18 1.252559807896595116e-18
7.500000000000001110e-02 2.145922404714621368e-01 7.606659424811669718e-05 1.927165875673248042e-18 1.513098972873224319e-18
7.750000000000001332e-02 2.031800001396826538e-01 8.789756381372102758e-05 2.147012985692993314e-18 1.678094817019420604e-18
8.000000000000001554e-02 1.927764223899889884e-01 8.047158507473209344e-05 2.083308453783765743e-18 1.942194387868396946e-18
8.250000000000001776e-02 1.832536053381042529e-01 8.737123687418012934e-05 1.873952526621476621e-18 2.081170144428376731e-18
8.500000000000001998e-02 1.745016882800333735e-01 7.426642138620411166e-05 1.179476931705039494e-18 2.214619980066596194e-18
8.750000000000000833e-02 1.664349861170166534e-01 7.447698244834337800e-05 6.525318507932472373e-19 2.254439141268972041e-18
9.000000000000001055e-02 1.589783750351299596e-01 7.179512367160163203e-05 1.114358184510643152e-19 2.003835943885449774e-18
9.250000000000001277e-02 1.520696951859299706e-01 7.829433530407224715e-05 5.063864792845183603e-20 1.753609785321495391e-18
9.500000000000001499e-02 1.456550870113089979e-01 7.919611078659583145e-05 5.897741135206902898e-19 1.110709495338708901e-18
9.750000000000001721e-02 1.396885183744469572e-01 7.632333030909371025e-05 1.997295292777216879e-18 4.737407449264120755e-19
1.000000000000000056e-01 1.341304156983432194e-01 6.890614313541935021e-05 3.614488244478426897e-18 8.733816259401928250e-20
