# time 1 2 D-1 D
0.000000000000000000e+00 9.999999437830572324e-01 2.984740217943511374e-08 1.472285885861937152e-35 1.184634852549262738e-36
2.500000000000000052e-04 9.999897327482176745e-01 1.900681460844418711e-08 4.671989757435771468e-30 2.431993804995068749e-32
5.000000000000000104e-04 9.998413829410154330e-01 3.093586218855722441e-07 7.183995686925165685e-26 1.447796050198527626e-27
7.500000000000001240e-04 9.992319278338986921e-01 1.781987370516306153e-06 1.006443130044784991e-24 1.388817967279025321e-26
1.000000000000000021e-03 9.976889466968885678e-01 6.433705778195902112e-06 8.747958588754817988e-23 7.052202860966837856e-24
1.250000000000000026e-03 9.946418006915554999e-01 1.780923450580821661e-05 1.056830638840760615e-21 7.074831455193323742e-23
1.500000000000000248e-03 9.894538001226319546e-01 4.068949698463815196e-05 6.905315222317270315e-21 4.727506619456727411e-22
1.750000000000000253e-03 9.814271658048545621e-01 8.046481899550984558e-05 2.890121483726981670e-20 2.679009839360849568e-21
2.000000000000000042e-03 9.697791127913581999e-01 1.393990049431212007e-04 1.110277320660937259e-19 1.364071006980544835e-20
2.250000000000000264e-03 9.535943314434655038e-01 2.121875845674850685e-04 4.451546895426311107e-19 6.175801044234261205e-20
2.500000000000000052e-03 9.317561134221036268e-01 2.811218121999478755e-04 1.926133637988665731e-18 2.524324890679439327e-19
2.750000000000000274e-03 9.028442766311598477e-01 3.130025731076643489e-04 8.568881008340560811e-18 8.985448624714142610e-19
3.000000000000000496e-03 8.649438617216449465e-01 2.709505693407617639e-04 3.662802253765137124e-17 2.704360832627569906e-18
3.250000000000000284e-03 8.152243032509822740e-01 1.372504535436241816e-04 1.375464951921266067e-16 6.414119580912960897e-18
3.500000000000000507e-03 7.490607198320103910e-01 4.769782281480091123e-07 4.377402303813684912e-16 1.119064273465304689e-17
3.749999999999999861e-03 6.587320427940884793e-01 6.065771254083800407e-04 1.198771920972505556e-15 1.234701177874827067e-17
4.000000000000000083e-03 5.323201388578063797e-01 7.735112784943859628e-03 2.888468472325698871e-15 5.066429493378120240e-18
4.250000000000000305e-03 3.525969121070854362e-01 4.811735511258112552e-02 6.290710862227503245e-15 1.414068024846693454e-18
4.500000000000000527e-03 1.765444525218889393e-01 9.779279554335397473e-02 1.248402449115031584e-14 6.793530839599532314e-17
4.750000000000000749e-03 9.692708493930277114e-02 8.769301544582769337e-02 2.443515396807312948e-14 3.701130185339829759e-16
5.000000000000000104e-03 6.295288162386726560e-02 6.511994208353924507e-02 4.629716922854877580e-14 1.200346614423717869e-15
5.250000000000000326e-03 4.420299774606106791e-02 4.858226685204756340e-02 6.019334385032192085e-14 3.028414334608512637e-15
5.500000000000000548e-03 3.326158383072010116e-02 3.668817937459864509e-02 7.104672230310215219e-14 6.520005574357681864e-15
5.750000000000000770e-03 2.563515938750068890e-02 2.884414414953518843e-02 7.877713919674787727e-14 1.197951740259144429e-14
6.000000000000000992e-03 2.051329020388896127e-02 2.305380535189176239e-02 8.174937864975442621e-14 2.019602214874941246e-14
6.250000000000000347e-03 1.677114761500465845e-02 1.883912585818973279e-02 7.964414556676733504e-14 3.151550481506328889e-14
6.500000000000000569e-03 1.393625422744586631e-02 1.571302293938377573e-02 7.443371085071120285e-14 4.522991020119369538e-14
6.750000000000000791e-03 1.182253451968811112e-02 1.323377506492120007e-02 6.431708896997197594e-14 6.283616501053937392e-14
7.000000000000001013e-03 1.020310242354412547e-02 1.126354286160596678e-02 5.174494798609907927e-14 8.268684599020044059e-14
7.250000000000001235e-03 8.943616714445589214e-03 9.647514403875515759e-03 3.934316716987080549e-14 1.041518685978047211e-13
7.499999999999999722e-03 7.948896517574738710e-03 8.303226252390924489e-03 2.622108168965919333e-14 1.291608602129540981e-13
7.750000000000000812e-03 7.155426254867566609e-03 7.160876831018172725e-03 1.497419717692226229e-14 1.535446985689177454e-13
8.000000000000000167e-03 6.514902195575587342e-03 6.243033525273669442e-03 6.923429547071883071e-15 1.797699570356263235e-13
8.250000000000000389e-03 5.992136069894488104e-03 5.445991580456702522e-03 1.416213517433350867e-15 2.064091002297200180e-13
8.500000000000000611e-03 5.561261374479674335e-03 4.706518584684586150e-03 4.369413938147092881e-17 2.319194259637457957e-13
8.750000000000000833e-03 5.202812993149768389e-03 4.137146522438082778e-03 2.699161096837238967e-15 2.579347396938134946e-13
9.000000000000001055e-03 4.901570915846220969e-03 3.592152087261241133e-03 9.182439716819903907e-15 2.827370724505974873e-13
9.250000000000001277e-03 4.647233170229115272e-03 3.154053774574575465e-03 1.971539013947164014e-14 3.063746102901960541e-13
9.500000000000001499e-03 4.429883407193135891e-03 2.741786719400333971e-03 3.437287032359194590e-14 3.297705290491442338e-13
9.750000000000001721e-03 4.242964888668859097e-03 2.392202634228451832e-03 5.267474773425321603e-14 3.519626350180099930e-13
1.000000000000000021e-02 4.081024419292534657e-03 2.098195947160083619e-03 7.340592460831592693e-14 3.725360855559977869e-13
