# time 1 2 D-1 D
0.000000000000000000e+00 9.999999587260044454e-01 1.319050592011484721e-08 1.176642294524262398e-36 1.890069216286872062e-36
5.000000000000000104e-04 9.991049681409835959e-01 4.360024993674146854e-06 2.261403788129475462e-29 2.454566542628659501e-34
1.000000000000000021e-03 9.961352067330384585e-01 8.735716672741895047e-05 4.818370743614949918e-25 5.282253365188746960e-29
1.500000000000000248e-03 9.903383151879281421e-01 5.593086615652376019e-04 1.680883895308164186e-22 8.921097065219864203e-26
2.000000000000000042e-03 9.802300635571306042e-01 2.156552363393411231e-03 1.011192089655694679e-20 1.513308402488437456e-23
2.500000000000000052e-03 9.632771206416640419e-01 6.283821805958353206e-03 2.206625270960420661e-19 6.786963405058311456e-22
3.000000000000000496e-03 9.361525667198786760e-01 1.479972803655724492e-02 2.413004722938373337e-18 1.198615673403103831e-20
3.500000000000000507e-03 8.962455556440173110e-01 2.977490146758050849e-02 1.568532671349792957e-17 1.002578156610610365e-19
4.000000000000000083e-03 8.440658163032924710e-01 5.145619600195608379e-02 6.775930564377421643e-17 4.224161165622523118e-19
4.500000000000000527e-03 7.843556775058889707e-01 7.759673857517841722e-02 2.126588768037752215e-16 8.027475959834238174e-19
5.000000000000000104e-03 7.241791651790527862e-01 1.049896388010553155e-01 5.241567431809044189e-16 2.329361814207998033e-19
5.500000000000000548e-03 6.695808159105209878e-01 1.307299244084423051e-01 1.073496264981207432e-15 2.365633659701190713e-18
6.000000000000000992e-03 6.237280400820313098e-01 1.538014993690275112e-01 1.932334311014624216e-15 3.934889313476020920e-17
6.500000000000000569e-03 5.871662781632240868e-01 1.744961255919122434e-01 3.171065958836675117e-15 2.085847183566219545e-16
7.000000000000001013e-03 5.589453173641498740e-01 1.932088760186015108e-01 5.442759512835787128e-15 6.609472122940857389e-16
7.499999999999999722e-03 5.375814126225360035e-01 2.007750791059670359e-01 7.525163347640416431e-15 1.503938956828746551e-15
8.000000000000000167e-03 5.215909136016526615e-01 1.376150888642619641e-01 7.718448725215289660e-15 2.732611161668354663e-15
8.500000000000000611e-03 5.097038239427144068e-01 7.733620416692735255e-02 8.760164464211812709e-15 4.254203109382304375e-15
9.000000000000001055e-03 5.009092810702268084e-01 5.571815777305212658e-02 9.502146384938489216e-15 5.936677769946161494e-15
9.500000000000001499e-03 4.944318874466138158e-01 4.725227054123078141e-02 9.830329670288681868e-15 7.653577304112244046e-15
1.000000000000000021e-02 4.896871846706674636e-01 4.240950532414119317e-02 9.707213442395543761e-15 9.271442436735311956e-15
1.050000000000000065e-02 4.862387587052635074e-01 3.949769108092745368e-02 9.207191898111105776e-15 1.071021542131093532e-14
1.100000000000000110e-02 4.837614905197865633e-01 3.751080279064832046e-02 8.443852580203080075e-15 1.192105759993999305e-14
1.150000000000000154e-02 4.820126809703461079e-01 3.596809298928047016e-02 7.533338120320868187e-15 1.285565957009327532e-14
1.200000000000000198e-02 4.808110501357398814e-01 3.485775226595436149e-02 6.564129710792709446e-15 1.350272469392560318e-14
1.250000000000000069e-02 4.800206490884804666e-01 3.410853809581627233e-02 5.566330595148230672e-15 1.388101407889314332e-14
1.300000000000000114e-02 4.795390025475318452e-01 3.344480081730415860e-02 4.606246086287547383e-15 1.402126215522628848e-14
1.350000000000000158e-02 4.792886820344212651e-01 3.287162959652222688e-02 3.753632270882968661e-15 1.386438701589753142e-14
1.400000000000000203e-02 4.792109141681781814e-01 3.227702060352146546e-02 3.035789021362759729e-15 1.344526728638998530e-14
1.450000000000000247e-02 4.792609846892566527e-01 3.194985783936060003e-02 2.341553220061784146e-15 1.288181220089637611e-14
1.499999999999999944e-02 4.794047710403817608e-01 3.170767991914585915e-02 1.819811778748066657e-15 1.204036980208475238e-14
1.550000000000000162e-02 4.796161895898006233e-01 3.127590031325177405e-02 1.354659132462403250e-15 1.106709781051403036e-14
1.600000000000000033e-02 4.798753142427101270e-01 3.117515678785636249e-02 9.670385236048418046e-16 9.886196737460913311e-15
1.650000000000000078e-02 4.801668393500763132e-01 3.081251094646872760e-02 6.907205830930474886e-16 8.531307359021953547e-15
1.700000000000000122e-02 4.804791140415443085e-01 3.078018730809478284e-02 4.583658616311577171e-16 7.071527961720782056e-15
1.750000000000000167e-02 4.808031951360033918e-01 3.061728764819219781e-02 2.749954822217440146e-16 5.448043691518003659e-15
1.800000000000000211e-02 4.811323397722897521e-01 3.046850106984341430e-02 1.938371532148873771e-16 3.693380028970228931e-15
1.850000000000000255e-02 4.814614409131505179e-01 3.036356877383965258e-02 1.015966193073579694e-16 2.083029653178238853e-15
1.900000000000000300e-02 4.817866233081696814e-01 3.026148169740831145e-02 6.443053065499441135e-17 8.042840934237509711e-16
1.950000000000000344e-02 4.821062264089105986e-01 3.007020097417847232e-02 6.563909098790712336e-17 9.354631002501211475e-17
2.000000000000000042e-02 4.824513487854984461e-01 2.997382276806944204e-02 8.405546431906045064e-17 1.553656279669102251e-16
