# time 1 2 D-1 D
0.000000000000000000e+00 9.999999693896528541e-01 8.122237150448380062e-09 2.574920375476220359e-34 1.246024011871624758e-35
5.000000000000000104e-04 9.999885721395094240e-01 5.359003878542447333e-08 1.620434757406178522e-19 9.054984176664451151e-22
1.000000000000000021e-03 9.998353282626523120e-01 1.128563713952348006e-06 9.129329129304810359e-19 1.502603521824266796e-21
1.500000000000000248e-03 9.992380299846049807e-01 8.000818393984018324e-06 9.997009533606324305e-19 1.365911853004119753e-19
2.000000000000000042e-03 9.977856652108706426e-01 3.696532493869149609e-05 2.554657816448582651e-18 1.175927749028635633e-18
2.500000000000000052e-03 9.949652189415479908e-01 1.356398094031120596e-04 1.352304860251108162e-17 1.920086550917932255e-17
3.000000000000000496e-03 9.900556613087704294e-01 4.310176939308010694e-04 9.152095387388632264e-17 5.307869139052947203e-16
3.500000000000000507e-03 9.818616978233346559e-01 1.237507723699331035e-03 1.957067974204905553e-15 1.160134562883102160e-14
4.000000000000000083e-03 9.682098938086104445e-01 3.289587119698320766e-03 6.919614876927524065e-14 1.608638985635947450e-13
4.500000000000000527e-03 9.450655691209725040e-01 8.247689534573214576e-03 1.189347563883878398e-12 1.439315276606591816e-12
5.000000000000000104e-03 9.054020321430988893e-01 1.944872011945779702e-02 8.890888250501513884e-12 8.880564271729571328e-12
5.500000000000000548e-03 8.378455997854159509e-01 4.325988141471769771e-02 4.379250071957679051e-11 4.043406802297789364e-11
6.000000000000000992e-03 7.310688450146720641e-01 8.607157640457498149e-02 1.850855286835148313e-10 1.438881148680826166e-10
6.500000000000000569e-03 5.924299666771929429e-01 1.393602038518100827e-01 7.342076082773315380e-10 4.191361242363160124e-10
7.000000000000001013e-03 4.540772455509676231e-01 1.776664546478151085e-01 3.139292096030939339e-09 1.036983717027006480e-09
7.499999999999999722e-03 3.460362326680635481e-01 1.841749533727196075e-01 1.368088495507100504e-08 2.242909641769648811e-09
8.000000000000000167e-03 2.692676235260737516e-01 1.700554724488076153e-01 2.773489373495489317e-08 4.341485775877593512e-09
8.500000000000000611e-03 2.156141422544839148e-01 1.490191690279653314e-01 4.434555377430321627e-08 7.662017158454435092e-09
9.000000000000001055e-03 1.784224608871910756e-01 1.275456079002029175e-01 6.708860244950601030e-08 1.251732754892754201e-08
9.500000000000001499e-03 1.503936953558052125e-01 1.102352912831002507e-01 9.688641745216110502e-08 1.916341875253735130e-08
1.000000000000000021e-02 1.299484332689733734e-01 9.562001384514082214e-02 1.334248212016800050e-07 2.776886502722289316e-08
1.050000000000000065e-02 1.139250866332970208e-01 8.428324824130371817e-02 1.773891713666141893e-07 3.839932845863150553e-08
1.100000000000000110e-02 1.012022134861419731e-01 7.538262129837644543e-02 2.282997506549609134e-07 5.101703001350000694e-08
1.150000000000000154e-02 9.118865333294913500e-02 6.806679055140207879e-02 2.855555197878494003e-07 6.549157427479067494e-08
1.200000000000000198e-02 8.290006862748609817e-02 6.227347558378245468e-02 3.492293702949970666e-07 8.161871598640700050e-08
1.250000000000000069e-02 7.639906793515170713e-02 5.717801903016738602e-02 4.168093101512314559e-07 9.914262150506922077e-08
1.300000000000000114e-02 7.084313487398007092e-02 5.306476233573359513e-02 4.888994889602681623e-07 1.177765757933757161e-07
1.350000000000000158e-02 6.638652316728523017e-02 4.936458413408920110e-02 5.644583828331733380e-07 1.372289666112524589e-07
1.400000000000000203e-02 6.254894603287797228e-02 4.624672800640293457e-02 6.414403905738633299e-07 1.572124854359036994e-07
1.450000000000000247e-02 5.931376207323664496e-02 4.349147830448195362e-02 7.211947380044144672e-07 1.774534554269861889e-07
1.499999999999999944e-02 5.645606148370480720e-02 4.114212771622797332e-02 8.004790805266250827e-07 1.977146845237084664e-07
1.550000000000000162e-02 5.399640596938386217e-02 3.903699523143902561e-02 8.789974492555208627e-07 2.177851789888225815e-07
1.600000000000000033e-02 5.185883814592199409e-02 3.714135351270865526e-02 9.578621577970575980e-07 2.374878930831026914e-07
1.650000000000000078e-02 5.002335234261300750e-02 3.538743235508459012e-02 1.034759705267844601e-06 2.566801309916856221e-07
1.700000000000000122e-02 4.832405574297480438e-02 3.387099672643423265e-02 1.109001015553129528e-06 2.752523006247083037e-07
1.750000000000000167e-02 4.676634754941650512e-02 3.253009499096489593e-02 1.181111161125593330e-06 2.931160990187562252e-07
1.800000000000000211e-02 4.541661298273468733e-02 3.125236930464055096e-02 1.252032273916218289e-06 3.102151011493534529e-07
1.850000000000000255e-02 4.427146137621775640e-02 3.000354954158324788e-02 1.319219760384797651e-06 3.265116036856737216e-07
1.900000000000000300e-02 4.306473593670053640e-02 2.901870842348978560e-02 1.381997338849032308e-06 3.419824267099950417e-07
1.950000000000000344e-02 4.207828501334735793e-02 2.799016467202362912e-02 1.443820594930046628e-06 3.566228782091657707e-07
2.000000000000000042e-02 4.110942516816887271e-02 2.709896813994625356e-02 1.501608658803657674e-06 3.704417076937023800e-07
