# time 1 2 D-1 D
0.000000000000000000e+00 9.999999630786605698e-01 1.893933502962167784e-08 4.729381115342694075e-35 2.232943354883092311e-35
5.000000000000000104e-04 9.994564360995119578e-01 1.085438531470779352e-06 5.547394867977094041e-29 6.326764603665179399e-26
1.000000000000000021e-03 9.976961245163555869e-01 2.205108785254303967e-05 1.961102252064999763e-24 3.482081371688561175e-22
1.500000000000000248e-03 9.944590553735510596e-01 1.437909064751746301e-04 1.207436220916049955e-21 6.017722231019117155e-20
2.000000000000000042e-03 9.893315668390297857e-01 5.948195950020397291e-04 1.267618852585842929e-19 2.496833028854756731e-18
2.500000000000000052e-03 9.815997069688493504e-01 1.913353358323423249e-03 4.542686415198567562e-18 4.691048869833372662e-17
3.000000000000000496e-03 9.699959976633408809e-01 5.230831126966199729e-03 9.679291391637545763e-17 5.284841775597621280e-16
3.500000000000000507e-03 9.523596348779999055e-01 1.257137025247530814e-02 1.239360423048996318e-15 4.146434846705504385e-15
4.000000000000000083e-03 9.254622510032057825e-01 2.716860872468591578e-02 1.138550104569619413e-14 2.483126826313566728e-14
4.500000000000000527e-03 8.857264226953760478e-01 5.215289931149561659e-02 8.026580635694942996e-14 1.209274008597683523e-13
5.000000000000000104e-03 8.316254367403529413e-01 8.783837605602776155e-02 4.324388736552639589e-13 5.033256654137336681e-13
5.500000000000000548e-03 7.666240211822121786e-01 1.288085690187751042e-01 1.883114453618150386e-12 1.864207945228103107e-12
6.000000000000000992e-03 6.989011894160421789e-01 1.645036403420873650e-01 6.539459679033809164e-12 6.321791978503770866e-12
6.500000000000000569e-03 6.369370946217173257e-01 1.873408148816818330e-01 1.837592894746045801e-11 1.979777116681690156e-11
7.000000000000001013e-03 5.856166462285458119e-01 1.978236542003412035e-01 4.156354727953363131e-11 5.619820922545767631e-11
7.499999999999999722e-03 5.458964312317446943e-01 1.995511084530037782e-01 7.642990583697636139e-11 1.392695822871657327e-10
8.000000000000000167e-03 5.164522238126304510e-01 2.026992866700861318e-01 1.189740301399545819e-10 2.931751146139049899e-10
8.500000000000000611e-03 4.952093153999554964e-01 2.066228058384865507e-01 1.643449136805358465e-10 5.258267185175273215e-10
9.000000000000001055e-03 4.801572336806866903e-01 2.295828461494316408e-01 2.073461248176864646e-10 8.237421584418746184e-10
9.500000000000001499e-03 4.696404542242709201e-01 1.774038688857590418e-01 2.429727136255068944e-10 1.161175245589457104e-09
1.000000000000000021e-02 4.623948168827976546e-01 1.044188581646595254e-01 2.704666053414461165e-10 1.511625169041294228e-09
1.050000000000000065e-02 4.574913310115943932e-01 8.324563392759581903e-02 2.883971323957144479e-10 1.854225748439587680e-09
1.100000000000000110e-02 4.542605676807575654e-01 6.608610756850682999e-02 3.018090448456728103e-10 2.175385802704810062e-09
1.150000000000000154e-02 4.522241914396081253e-01 5.600738449039005529e-02 3.145195324388580676e-10 2.467735399815449163e-09
1.200000000000000198e-02 4.510414834226047498e-01 4.921490324423293677e-02 3.279778937416676435e-10 2.728335416244375830e-09
1.250000000000000069e-02 4.504693292531175564e-01 4.265054642629977771e-02 3.477448603859259941e-10 2.957114436704863439e-09
1.300000000000000114e-02 4.503335149624030920e-01 3.901468271905425556e-02 3.752903729300854855e-10 3.155627846612199835e-09
1.350000000000000158e-02 4.505086857299734349e-01 3.563364890452575678e-02 4.131466821885742257e-10 3.326346106373342447e-09
1.400000000000000203e-02 4.509040308588670998e-01 3.277746571432989253e-02 4.612626714127807187e-10 3.472044614755439832e-09
1.450000000000000247e-02 4.514534109489880542e-01 3.065806162841730811e-02 5.078792064010673367e-10 3.595560387478137471e-09
1.499999999999999944e-02 4.521083866316945588e-01 2.892712305974183204e-02 5.400419042839582741e-10 3.699572945442715815e-09
1.550000000000000162e-02 4.528333229642969027e-01 2.760269953411877142e-02 5.503229634566782514e-10 3.786583116827675714e-09
1.600000000000000033e-02 4.536019226423649853e-01 2.653834801695385479e-02 5.395754426209453105e-10 3.858823074988049170e-09
1.650000000000000078e-02 4.543947335694049627e-01 2.538317165919089236e-02 5.180862847527983265e-10 3.918306161557218523e-09
1.700000000000000122e-02 4.551973906717907137e-01 2.481702261351754688e-02 4.911760401824886501e-10 3.966776964350642385e-09
1.750000000000000167e-02 4.559993154599803478e-01 2.391948784226894179e-02 4.657021947490242115e-10 4.005804692708945749e-09
1.800000000000000211e-02 4.567927420984808640e-01 2.334419207311995426e-02 4.427747594994837334e-10 4.036749247928865800e-09
1.850000000000000255e-02 4.575719906306665030e-01 2.324377483754465346e-02 4.227579153821001745e-10 4.060708252574121951e-09
1.900000000000000300e-02 4.583330608460709499e-01 2.282425939133944301e-02 4.068656851796678392e-10 4.078788475889916125e-09
1.950000000000000344e-02 4.590731156119427503e-01 2.246081199670965298e-02 3.954365663114077305e-10 4.091810730698613483e-09
2.000000000000000042e-02 4.597905803616735843e-01 2.221099462116195994e-02 3.857550801505346425e-10 4.100466311944531127e-09
