# time 1 2 D-1 D
0.000000000000000000e+00 9.999999747243134562e-01 7.281348841060351753e-09 2.069134543676161029e-34 9.612017306673846022e-35
2.500000000000000486e-03 9.992143102025768941e-01 9.343018638743718019e-06 6.075630474066821424e-17 3.674784627416835616e-23
5.000000000000000971e-03 9.965348384172559859e-01 1.966375732238208622e-04 1.887612002671123922e-14 1.394174829327013660e-19
7.500000000000001457e-03 9.909766442969508704e-01 1.297193770515083031e-03 5.811491594512298856e-13 1.503156856620360473e-17
1.000000000000000194e-02 9.803305525591324843e-01 5.319831118994184857e-03 6.890725279437692479e-12 3.395977609274748056e-16
1.250000000000000069e-02 9.602222061954582832e-01 1.660426295355077464e-02 4.820399386564960678e-11 2.669659020833215256e-15
1.500000000000000291e-02 9.235721951013242670e-01 4.249889993278802708e-02 2.397365792991644607e-10 5.827250631341906103e-15
1.750000000000000167e-02 8.628217672456772736e-01 9.100902690933466987e-02 9.399059018830742345e-10 6.948195303431126483e-15
2.000000000000000389e-02 7.769593180036874491e-01 1.620295188772898631e-01 3.076968232718128055e-09 1.043879637602249887e-12
2.250000000000000264e-02 6.769266246429284095e-01 2.318753091889462492e-01 8.730197366319951181e-09 1.933790978587141246e-11
2.500000000000000139e-02 5.790795586098040904e-01 2.416710973474922863e-01 2.199398808125199720e-08 2.036593989187479805e-10
2.750000000000000361e-02 4.942822514459137007e-01 1.940849591120301088e-01 4.973412921089417581e-08 1.486041221672169829e-09
3.000000000000000583e-02 4.255187047822201474e-01 1.589366654163337778e-01 1.014928088694849313e-07 7.677197015156701467e-09
3.250000000000000111e-02 3.713642608283574398e-01 1.410293980856896501e-01 1.902384409568114816e-07 2.759172475176502206e-08
3.500000000000000333e-02 3.290884076738851416e-01 1.305851837922999414e-01 3.406221216848654785e-07 7.090206933964020801e-08
3.750000000000000555e-02 2.960426273626818316e-01 1.220920936922329503e-01 5.994161187514358064e-07 1.425289110893863679e-07
4.000000000000000777e-02 2.700548119683750525e-01 1.120781352211861481e-01 1.039178926463070305e-06 2.430213780745549243e-07
4.250000000000000999e-02 2.494482540384738156e-01 9.985624167420308062e-02 1.754520979284529453e-06 3.697503954102103693e-07
4.500000000000000527e-02 2.329573010192288740e-01 8.653789161998350077e-02 2.854667637652306196e-06 5.182711084340821414e-07
4.750000000000000749e-02 2.196326463340758650e-01 7.437374530306081755e-02 4.428841437854907094e-06 6.829267427660886542e-07
5.000000000000000278e-02 2.087615513842767667e-01 6.457687101400313989e-02 4.055612954979683342e-06 8.577026528446421396e-07
5.250000000000000500e-02 1.998064807932163622e-01 5.686585884893531617e-02 1.085598399226756698e-06 1.036944417646409860e-06
5.500000000000000722e-02 1.923595251734314393e-01 5.142634366437204979e-02 7.653995087741891991e-07 1.215837980705839958e-06
5.750000000000000944e-02 1.861089767428847908e-01 4.707753351547673548e-02 6.774186995110439144e-07 1.390627243239722510e-06
6.000000000000001166e-02 1.808149466683124651e-01 4.399412681568324462e-02 6.438412200436427426e-07 1.558624646659946274e-06
6.250000000000000000e-02 1.762915178398763438e-01 4.149022157979511544e-02 6.112884791874893711e-07 1.718102254190796325e-06
6.500000000000000222e-02 1.723935954784323876e-01 3.939949825769358677e-02 6.037772702181069281e-07 1.868116071722956507e-06
6.750000000000000444e-02 1.690072058207885697e-01 3.780969352594780453e-02 5.902305144964386223e-07 2.008322135302685360e-06
7.000000000000000666e-02 1.660422232559816969e-01 3.652243773514324970e-02 5.806921737043283187e-07 2.138805677864741773e-06
7.250000000000000888e-02 1.634269560444441827e-01 3.546213018672581679e-02 5.751054474777026211e-07 2.259941506187489217e-06
7.500000000000001110e-02 1.611040354914760331e-01 3.458037317761990942e-02 5.778213121929036175e-07 2.372282392266931640e-06
7.750000000000001332e-02 1.590272839863332011e-01 3.385309255766152242e-02 5.787068212170784848e-07 2.476476263627933371e-06
8.000000000000001554e-02 1.571593193114637077e-01 3.322730422909252884e-02 5.806622898200403411e-07 2.573208249806307549e-06
8.250000000000001776e-02 1.554697112427623762e-01 3.270215930984691349e-02 5.834066260369631389e-07 2.663160032850308043e-06
8.500000000000001998e-02 1.539335546339196392e-01 3.230900650207726293e-02 5.903069174169940915e-07 2.746986834214425980e-06
8.750000000000000833e-02 1.525303545445209907e-01 3.186915895940758969e-02 6.016030968229468190e-07 2.825300695464165539e-06
9.000000000000001055e-02 1.512431534434523495e-01 3.158615842014426273e-02 6.124134233065975962e-07 2.898663095742017320e-06
9.250000000000001277e-02 1.500578461569677946e-01 3.130031919410579400e-02 6.257136817531774298e-07 2.967582191675840027e-06
9.500000000000001499e-02 1.489626407138354702e-01 3.105027133483898027e-02 6.402860216876437304e-07 3.032514199533093023e-06
9.750000000000001721e-02 1.479476343815330497e-01 3.086519564000731256e-02 6.577240281479935862e-07 3.093865765538891618e-06
1.000000000000000056e-01 1.470044832367156662e-01 3.064749021980656130e-02 6.749542462145009715e-07 3.151994873454696171e-06
