# time 1 2 D-1 D
0.000000000000000000e+00 9.999999573339024561e-01 1.515231511551899204e-08 4.572838328591782790e-35 1.259248323318375660e-36
1.250000000000000243e-03 9.994137097589309571e-01 6.092672411435191446e-08 2.274965356175397289e-28 2.178252609034590018e-27
2.500000000000000486e-03 9.975286575400139633e-01 1.175522383126904378e-06 5.693633460122524244e-24 1.185059612701059335e-23
3.750000000000000729e-03 9.941356597701913600e-01 7.359058614991838725e-06 2.414428774026505913e-21 2.034074093445832788e-21
5.000000000000000971e-03 9.890000963563430059e-01 2.849427462829683079e-05 1.963164393958358051e-19 8.554264975957880604e-20
6.250000000000000347e-03 9.818568601678557828e-01 8.754664913007882297e-05 6.559823431734158600e-18 1.684471629564020207e-18
7.500000000000001457e-03 9.723956035330437730e-01 2.272934600318426100e-04 1.253707404238823959e-16 2.074768019174285805e-17
8.750000000000000833e-03 9.602337963873103233e-01 5.299586809326156016e-04 1.462432945124792119e-15 1.852922800758763969e-16
1.000000000000000194e-02 9.448763269033115808e-01 1.127068139705146707e-03 3.276477684206074970e-15 1.293471670451394284e-15
1.125000000000000132e-02 9.256636818291750224e-01 2.256568018924935432e-03 2.030635525888620783e-14 7.308673781943557442e-15
1.250000000000000069e-02 9.017194031893620565e-01 4.281758292278711742e-03 9.877897748306281012e-14 3.397597804911318218e-14
1.375000000000000180e-02 8.719242713651239596e-01 7.666178888659006679e-03 3.835505248246958375e-13 1.314585712134366181e-13
1.500000000000000291e-02 8.349699256350806564e-01 1.310374619218629411e-02 1.216332638032969913e-12 4.290030021369205975e-13
1.625000000000000056e-02 7.895679283967464990e-01 2.131554313214665056e-02 3.239319159746825353e-12 1.199915751165361542e-12
1.750000000000000167e-02 7.348791975316676384e-01 3.259994609445317215e-02 7.299210543027418219e-12 2.927655191057325077e-12
1.875000000000000278e-02 6.711273477053009140e-01 4.690974550175976143e-02 1.415913684881057122e-11 6.342914461251596474e-12
2.000000000000000389e-02 6.001375498025615096e-01 6.278447714332585639e-02 2.411912938112657670e-11 1.240659532116832875e-11
2.125000000000000500e-02 5.253464147195723299e-01 7.741962905679852791e-02 3.666187166774852896e-11 2.226394149414456919e-11
2.250000000000000264e-02 4.510087182913258275e-01 8.695074577183219133e-02 5.061459885108476071e-11 3.710149021746604201e-11
2.375000000000000375e-02 3.809600464828944433e-01 8.657674575885705714e-02 6.385556763967079390e-11 5.813300836756639236e-11
2.500000000000000139e-02 3.177161946622235611e-01 7.105543281293090485e-02 7.436792650582668543e-11 8.619542537393164792e-11
2.625000000000000250e-02 2.623335914930300383e-01 4.397106778611346856e-02 8.014795566988636869e-11 1.224163026649305572e-10
2.750000000000000361e-02 2.148129344139366736e-01 2.246385507392606104e-02 8.023368133917150568e-11 1.669719745905048346e-10
2.875000000000000472e-02 1.746094022316393435e-01 9.219255518468822547e-03 7.385328260002492892e-11 2.201014342856778188e-10
3.000000000000000583e-02 1.409912301287858660e-01 1.906745836044764940e-03 6.137975729552408474e-11 2.816000584427985804e-10
3.125000000000000000e-02 1.132078691974169049e-01 6.190227167228724747e-07 4.498186644015174195e-11 3.497028838937303771e-10
3.250000000000000111e-02 9.053317516423982358e-02 1.196295910948473335e-03 2.690722133518541909e-11 4.228828032488101254e-10
3.375000000000000222e-02 7.226141899719007444e-02 3.075901662065244450e-03 1.089044477783503525e-11 4.983275302726972873e-10
3.500000000000000333e-02 5.770571949776947401e-02 4.345411043306253961e-03 1.390441119003043879e-12 5.726304361913912251e-10
3.625000000000000444e-02 4.621334461129050775e-02 4.792985067473290450e-03 3.065462110469758447e-12 6.422898573456635018e-10
3.750000000000000555e-02 3.718979529193797151e-02 4.817353338672459781e-03 1.971051786727398918e-11 7.047029655820617997e-10
3.875000000000000666e-02 3.011887508210834077e-02 4.516552487832113313e-03 5.392659759515502411e-11 7.584544944352969974e-10
4.000000000000000777e-02 2.457115330988670146e-02 3.978392612572678212e-03 1.063530702188108964e-10 8.039117915237139203e-10
4.125000000000000888e-02 2.020191036754013375e-02 3.451062816387001804e-03 1.775480061644551600e-10 8.414888461540264324e-10
4.250000000000000999e-02 1.674090542757170411e-02 2.908082202955739656e-03 2.646487028935811393e-10 8.741391718156593422e-10
4.375000000000000416e-02 1.398051329630547145e-02 2.380923308716079677e-03 3.652247956170103707e-10 9.038684410763847794e-10
4.500000000000000527e-02 1.176158717799078574e-02 1.936613127891936847e-03 4.763771816665265844e-10 9.322091398903314891e-10
4.625000000000000638e-02 9.964014839623605221e-03 1.537574673439616891e-03 5.923922666997035614e-10 9.613353288056576863e-10
4.750000000000000749e-02 8.495729140416543451e-03 1.215778892220265592e-03 7.110191509556428260e-10 9.915089549148444644e-10
4.875000000000000860e-02 7.287729567229475798e-03 9.389755226832472573e-04 8.242573368277376855e-10 1.024313714415274149e-09
5.000000000000000278e-02 6.286629602965752156e-03 7.225523217173557755e-04 9.310140181568374812e-10 1.059659039151110759e-09
