# time 1 2 D-1 D
0.000000000000000000e+00 9.999999811653602633e-01 1.084390264304879452e-09 1.183017514667550362e-34 3.479463278433971024e-36
5.000000000000000104e-04 9.979751956129602197e-01 4.653594816633143370e-05 2.974274982575755122e-19 6.810247371664599422e-23
1.000000000000000021e-03 9.913745205970719843e-01 1.968510384793659639e-04 7.230651708325379052e-17 1.020267331902206932e-19
1.500000000000000248e-03 9.793363453911975158e-01 5.123631114307928159e-04 1.678460778523049570e-15 8.335265214824523785e-18
2.000000000000000042e-03 9.609230256027095907e-01 1.003284880543027719e-03 1.556755402446286261e-14 2.030850783394777328e-16
2.500000000000000052e-03 9.351732619541134328e-01 1.772509403600881685e-03 8.951102738668181894e-14 2.508003192292191502e-15
3.000000000000000496e-03 9.012051829230183220e-01 2.977289817351296171e-03 3.862158223425573340e-13 1.983165084660331025e-14
3.500000000000000507e-03 8.583877984633488945e-01 4.461042726380073410e-03 1.432219141789347729e-12 1.133738317232162035e-13
4.000000000000000083e-03 8.065790924853135646e-01 6.433182120563772470e-03 5.010468202866765187e-12 5.018026327567014550e-13
4.500000000000000527e-03 7.463826528452121023e-01 8.978967011068378010e-03 1.856276040266249627e-11 1.788079552810172186e-12
5.000000000000000104e-03 6.793128461678401564e-01 1.190831672065448613e-02 8.609814506645987859e-11 5.233312306472214278e-12
5.500000000000000548e-03 6.077349413334923733e-01 1.502856984454803251e-02 6.727464917919561605e-10 1.264668630132452093e-11
6.000000000000000992e-03 5.345248711610839365e-01 1.850781748210552843e-02 1.391281145059733411e-09 2.498834039247641182e-11
6.500000000000000569e-03 4.625572603002164884e-01 2.200175689082144517e-02 2.503411499613981489e-09 3.911276021478898603e-11
7.000000000000001013e-03 3.942274683879055663e-01 2.540935384803444733e-02 3.877337299149055047e-09 4.481606751749235112e-11
7.499999999999999722e-03 3.312523720612342570e-01 2.846864250086815137e-02 4.853765160495115809e-09 2.965105063619990646e-11
8.000000000000000167e-03 2.745273861601003063e-01 3.109500989224391054e-02 4.405389202788415482e-09 2.245693388636539935e-12
8.500000000000000611e-03 2.246560555645298884e-01 3.293305060551830754e-02 1.955424661790634198e-09 3.670121716193624185e-11
9.000000000000001055e-03 1.817466734860056499e-01 3.368193714039349057e-02 5.129204616083450046e-11 3.129519982023286547e-10
9.500000000000001499e-03 1.453069386122483042e-01 3.351440066783470395e-02 1.012259653837748075e-08 1.083288798022749153e-09
1.000000000000000021e-02 1.151540697270932584e-01 3.233302870548728641e-02 6.297349720230777815e-08 2.476071630704645938e-09
1.050000000000000065e-02 9.069943503608254853e-02 3.019413707305428421e-02 2.263451599077314083e-07 4.007924376150769221e-09
1.100000000000000110e-02 7.129214511742626437e-02 2.735483098303632260e-02 6.308523756426094867e-07 4.452216546272684758e-09
1.150000000000000154e-02 5.601235421624095601e-02 2.425111751895896173e-02 1.507337829371592569e-06 2.293158180075457202e-09
1.200000000000000198e-02 4.407484620368105899e-02 2.116133470526004520e-02 3.234753840430063387e-06 1.482022251560427381e-10
1.250000000000000069e-02 3.484177235603890671e-02 1.822522646624089721e-02 6.399603575960659502e-06 1.827986244703433142e-08
1.300000000000000114e-02 2.772875815542518579e-02 1.551438492008972402e-02 1.186823122280203274e-05 1.205077652338723917e-07
1.350000000000000158e-02 2.216518838729070184e-02 1.320459374946325246e-02 2.084433232277521365e-05 4.945278987369583358e-07
1.400000000000000203e-02 1.787621141722136459e-02 1.117167349977736361e-02 3.499374185771169716e-05 1.515300761945847841e-06
1.450000000000000247e-02 1.448354339974652037e-02 9.474092124247678048e-03 5.638940056805140345e-05 4.065008467544545147e-06
1.499999999999999944e-02 1.183250716555194967e-02 8.025556877977499393e-03 8.767995764551042917e-05 9.741994350102394540e-06
1.550000000000000162e-02 9.702602885438244701e-03 6.821496772509020104e-03 1.321947880977882841e-04 2.125363649669216265e-05
1.600000000000000033e-02 7.993708644105122080e-03 5.830075416548410883e-03 1.938487895300404311e-04 4.316596646613114172e-05
1.650000000000000078e-02 6.617028581635490264e-03 5.002382076705432466e-03 2.776960291510739893e-04 8.207139735049032777e-05
1.700000000000000122e-02 5.498643739209552184e-03 4.317053253234885701e-03 3.879751246320138408e-04 1.491490897798393835e-04
1.750000000000000167e-02 4.589502189838001733e-03 3.730873620688778154e-03 5.281961933080550923e-04 2.602303015834099044e-04
1.800000000000000211e-02 3.845244627080777761e-03 3.236617433036192634e-03 7.134994483265243766e-04 4.226091595198865091e-04
1.850000000000000255e-02 3.226856701566883315e-03 2.832493244595564019e-03 9.383898785815291202e-04 6.652333877406257315e-04
1.900000000000000300e-02 2.724338246452538258e-03 2.494231006623072282e-03 1.214286814436790762e-03 9.976760908355880413e-04
1.950000000000000344e-02 2.299967228480259002e-03 2.202855605650119557e-03 1.564541651972573390e-03 1.411505563878707363e-03
2.000000000000000042e-02 1.953804399164776277e-03 1.958683034872315664e-03 1.944573736070605730e-03 1.957281067160174508e-03
