# time 1 2 D-1 D
0.000000000000000000e+00 9.999999841717653881e-01 3.115589092770580117e-09 1.285638171494335847e-34 3.453602402715879843e-34
1.250000000000000243e-03 9.999994898155932788e-01 6.328976256030295393e-09 2.935217054259049926e-20 2.778305454775474447e-22
2.500000000000000486e-03 9.999923017158831584e-01 9.639154701102957833e-08 3.244695803572793726e-19 2.348831661459004546e-23
3.750000000000000729e-03 9.999621430928447019e-01 6.637002417331899404e-07 1.836500863971626629e-19 5.766159346949156305e-20
5.000000000000000971e-03 9.998822855323272751e-01 2.825889337864721627e-06 1.412120126974320021e-19 3.720335411683323449e-19
6.250000000000000347e-03 9.997128845785119289e-01 9.417714730958804366e-06 4.470563738336740915e-19 1.204351874786757106e-18
7.500000000000001457e-03 9.993944768397896583e-01 2.696353345285898296e-05 4.892059657365041075e-18 5.077826836425024356e-18
8.750000000000000833e-03 9.988367182338326877e-01 6.833894476860238984e-05 9.848842149180911395e-17 3.353837653990515147e-17
1.000000000000000194e-02 9.979014536481163322e-01 1.604877588233053626e-04 1.525215446389307899e-15 2.835973605805337304e-16
1.125000000000000132e-02 9.963792664828077239e-01 3.541822160041852735e-04 1.873104805777925251e-14 2.344274643492079837e-15
1.250000000000000069e-02 9.939588156467981106e-01 7.414835343196976743e-04 1.996021543525522441e-13 1.657619291933828250e-14
1.375000000000000180e-02 9.901883975662454374e-01 1.483365843590532009e-03 2.045652516877513825e-12 9.589639731425239623e-14
1.500000000000000291e-02 9.844289071809914082e-01 2.858692784694961270e-03 1.327271961540597333e-11 4.564724156360282540e-13
1.625000000000000056e-02 9.757957752914995231e-01 5.313632211666036685e-03 4.493017402153466222e-11 1.822182075670655870e-12
1.750000000000000167e-02 9.630834916985864247e-01 9.581008753683298296e-03 1.193561019672567023e-10 6.226542604465540322e-12
1.875000000000000278e-02 9.446525882843455069e-01 1.681150870484799872e-02 2.665969730133668958e-10 1.853005532926452807e-11
2.000000000000000389e-02 9.182808793028240935e-01 2.874240273514322083e-02 5.193045257472937328e-10 4.876374826038740324e-11
2.125000000000000500e-02 8.814372251328824737e-01 4.744215066054499608e-02 9.001913480189668360e-10 1.150257677064880287e-10
2.250000000000000264e-02 8.307623475505270250e-01 7.573475537068431740e-02 1.417207319812297379e-09 2.461978295704339293e-10
2.375000000000000375e-02 7.642268576585887763e-01 1.149058322921720082e-01 2.059453610355947512e-09 4.831896481229775277e-10
2.500000000000000139e-02 6.836198378804627662e-01 1.619076642951148282e-01 2.798150135704017743e-09 8.776997702161153981e-10
2.625000000000000250e-02 5.926407831499029832e-01 2.105734317354292784e-01 3.583289411008447729e-09 1.487912908007251409e-09
2.750000000000000361e-02 5.019952484721101893e-01 2.463458291726480232e-01 4.372326635862270792e-09 2.371471600170967039e-09
2.875000000000000472e-02 4.205924745021485389e-01 2.575272796836163836e-01 5.112908944161902291e-09 3.575636246797143758e-09
3.000000000000000583e-02 3.526938023913814280e-01 2.407915918565018687e-01 5.765302957681005241e-09 5.137424637725820574e-09
3.125000000000000000e-02 2.973923468031461348e-01 2.068009101263441063e-01 6.303459769439184030e-09 7.059804420863672724e-09
3.250000000000000111e-02 2.529004045520435451e-01 1.700953719159983279e-01 6.730155393968325979e-09 9.327618824758738435e-09
3.375000000000000222e-02 2.166604889030529779e-01 1.389986321652053880e-01 7.040874029068138718e-09 1.190465639316723441e-08
3.500000000000000333e-02 1.884111170167487026e-01 1.138398323256075012e-01 7.251482621802797497e-09 1.472751505883915411e-08
3.625000000000000444e-02 1.643061644934742105e-01 9.580258147969904214e-02 7.370873023863318942e-09 1.774405717690021209e-08
3.750000000000000555e-02 1.441786783098614466e-01 8.232425743663913942e-02 7.445112379981512929e-09 2.085741070184949940e-08
3.875000000000000666e-02 1.257424146717248670e-01 7.338272602681024381e-02 7.461852789163014458e-09 2.402587095680061968e-08
4.000000000000000777e-02 1.100739750308748766e-01 6.618257222632015213e-02 7.463394876482608869e-09 2.716881826402831724e-08
4.125000000000000888e-02 9.723106563982829298e-02 5.939240281345003342e-02 7.455664632238280453e-09 3.024292107057176052e-08
4.250000000000000999e-02 8.272876577600488113e-02 5.654383789831714940e-02 7.436551030463341256e-09 3.322149403356400691e-08
4.375000000000000416e-02 7.058650944920960568e-02 5.290073727629878569e-02 7.432044304932579774e-09 3.606489290965484511e-08
4.500000000000000527e-02 6.281289288385759340e-02 4.594966681319156282e-02 7.425407160420066374e-09 3.877861160246866558e-08
4.625000000000000638e-02 4.759235190856776765e-02 4.725977266712613756e-02 7.424302603863922454e-09 4.133203392469676595e-08
4.750000000000000749e-02 4.742419193423039886e-02 3.444341631205023041e-02 7.424474306077440542e-09 4.374526678097951582e-08
4.875000000000000860e-02 4.656999268702356753e-02 2.374564490862878310e-02 7.426198815802275086e-09 4.601900236931910092e-08
5.000000000000000278e-02 4.567971053242709384e-02 1.519942406123059135e-02 7.420814616293795804e-09 4.815469292801216021e-08
