# time 1 2 D-1 D
0.000000000000000000e+00 9.999999841717653881e-01 3.115589092770580117e-09 1.285638171494335847e-34 3.453602402715879843e-34
1.250000000000000243e-03 9.999990869666331994e-01 1.064278894071683435e-08 2.745677348740649618e-20 2.365641105984209933e-22
2.500000000000000486e-03 9.999861218632699611e-01 1.792793625366370253e-07 2.329253968100218765e-19 2.701620021118324447e-23
3.750000000000000729e-03 9.999322524269035339e-01 1.215082679921657161e-06 1.599514801675799917e-19 4.599626603065972343e-20
5.000000000000000971e-03 9.997919778895097975e-01 5.032015832033858552e-06 8.744337775030392497e-20 2.579560596099035142e-19
6.250000000000000347e-03 9.995013714679887862e-01 1.622630296921987879e-05 3.176601103016183414e-19 1.069015653666171583e-18
7.500000000000001457e-03 9.989711643873118163e-01 4.476585388403807103e-05 8.565711976827913790e-19 5.644778961862792679e-18
8.750000000000000833e-03 9.980738961355678507e-01 1.088323149507364207e-04 5.768025118718210392e-18 4.267889642740044488e-17
1.000000000000000194e-02 9.966250467870041430e-01 2.443973588199062808e-04 1.383243099543726899e-16 4.108943241355924174e-16
1.125000000000000132e-02 9.943587300872120949e-01 5.145564727872646311e-04 2.741061659758600783e-15 3.685156109380322959e-15
1.250000000000000069e-02 9.908989522501181479e-01 1.026338450322060577e-03 4.325038447370051546e-14 2.683506586835155442e-14
1.375000000000000180e-02 9.857274195992680177e-01 1.956135665072158709e-03 5.908969037216108487e-13 1.560894968404812458e-13
1.500000000000000291e-02 9.781476440810172868e-01 3.597704203928877437e-03 4.413294686371328966e-12 7.351349596011407529e-13
1.625000000000000056e-02 9.672422672104310504e-01 6.398541727051260120e-03 1.519327650898950411e-11 2.864246479076800466e-12
1.750000000000000167e-02 9.518156809309665789e-01 1.108236397389805554e-02 3.930864833242276861e-11 9.461516722803303526e-12
1.875000000000000278e-02 9.302998583613607542e-01 1.876526340200873610e-02 8.362146160095974430e-11 2.710071872163824684e-11
2.000000000000000389e-02 9.006258112516750680e-01 3.110701739715108008e-02 1.527920718211099177e-10 6.855667429229531968e-11
2.125000000000000500e-02 8.605243577415082612e-01 5.003801734531122813e-02 2.448561084840351500e-10 1.556042589819456399e-10
2.250000000000000264e-02 8.069937645385270031e-01 7.817932095560954642e-02 3.513173437823888398e-10 3.212227059880131204e-10
2.375000000000000375e-02 7.384451433107340756e-01 1.165953174945786180e-01 4.584739980728702841e-10 6.099088142908454574e-10
2.500000000000000139e-02 6.570271012800820154e-01 1.620982711507948371e-01 5.510140073529691199e-10 1.075395095450058214e-09
2.625000000000000250e-02 5.665855987978432040e-01 2.087046762169608716e-01 6.119311585971554199e-10 1.775670990746515403e-09
2.750000000000000361e-02 4.775463296018342407e-01 2.424764396858714033e-01 6.348786671542225733e-10 2.765406575110505551e-09
2.875000000000000472e-02 3.983131683608888141e-01 2.524038467320883772e-01 6.154374741052775242e-10 4.087411051566749538e-09
3.000000000000000583e-02 3.326917672388556846e-01 2.355645849997874686e-01 5.575746815345954313e-10 5.768055180084279435e-09
3.125000000000000000e-02 2.795472262458777446e-01 2.022567389810604466e-01 4.715337782966802391e-10 7.806382183052811251e-09
3.250000000000000111e-02 2.369811200572351506e-01 1.663984773767774594e-01 3.734553244013087785e-10 1.017939584103531363e-08
3.375000000000000222e-02 2.024301192390154935e-01 1.359833298678190805e-01 2.741361112849896547e-10 1.284276672143681207e-08
3.500000000000000333e-02 1.755773128469415301e-01 1.113388295610458628e-01 1.853383366023300185e-10 1.573389590230149642e-08
3.625000000000000444e-02 1.527124966157255848e-01 9.359421028617632976e-02 1.131115706823175051e-10 1.878479989617718467e-08
3.750000000000000555e-02 1.336605194796302021e-01 8.028641901653689461e-02 6.428269651442763166e-11 2.191987992276193606e-08
3.875000000000000666e-02 1.162406127216517454e-01 7.137043416138441621e-02 3.613426887820863221e-11 2.507404601639023791e-08
4.000000000000000777e-02 1.014750804989026089e-01 6.416944246269566665e-02 2.747889777315141885e-11 2.818826548594726444e-08
4.125000000000000888e-02 8.941218522345932562e-02 5.741319863327298129e-02 3.526036081664218031e-11 3.121553925881668250e-08
4.250000000000000999e-02 7.582858563698126331e-02 5.441515575029556850e-02 5.560240661576757508e-11 3.412170822594180912e-08
4.375000000000000416e-02 6.451801972752389813e-02 5.070204616334841180e-02 8.249207816788076604e-11 3.688631475154187174e-08
4.500000000000000527e-02 5.738187952854970769e-02 4.389645978184102126e-02 1.134684238795797621e-10 3.949486049374597275e-08
4.625000000000000638e-02 4.521225796383121498e-02 4.297172356141953226e-02 1.505673236124243525e-10 4.194412537779787532e-08
4.750000000000000749e-02 4.480655601950819106e-02 3.122205294881424953e-02 1.868748808321529466e-10 4.423580520588299186e-08
4.875000000000000860e-02 4.377395637776163723e-02 2.148261243429775216e-02 2.227795738675123472e-10 4.637557365710004696e-08
5.000000000000000278e-02 4.271849315108976197e-02 1.374425330254242655e-02 2.608680014643568387e-10 4.837053502965004172e-08
