# lambda 1 2 D-1 D
0.000000000000000000e+00 -1.499999993805808174e+01 -1.300000003451684094e+01 1.299999998455692563e+01 1.499999993370889229e+01
2.500000000000000139e-02 -1.463773575265436300e+01 -1.279342286928915406e+01 1.279380855761007574e+01 1.463843970883334400e+01
5.000000000000000278e-02 -1.430125905875717329e+01 -1.260973794045695406e+01 1.261282872582010661e+01 1.430728125377217275e+01
7.500000000000001110e-02 -1.399168744980764423e+01 -1.244869586806122008e+01 1.245908371324078878e+01 1.401368338312498985e+01
1.000000000000000056e-01 -1.371115206042884083e+01 -1.230989020117482724e+01 1.233458036805465952e+01 1.376817562905276660e+01
1.250000000000000000e-01 -1.346305110570223107e+01 -1.219279660881912974e+01 1.224461179294609181e+01 1.358557472470226202e+01
1.500000000000000222e-01 -1.325232720524700092e+01 -1.209741496865753696e+01 1.221752196373243926e+01 1.348444573633961774e+01
1.750000000000000167e-01 -1.308557297249486417e+01 -1.202732858790375481e+01 1.228371766727685888e+01 1.348330002903188252e+01
2.000000000000000111e-01 -1.297055741526211747e+01 -1.199775079041032200e+01 1.243774603454303573e+01 1.359447818939700525e+01
2.250000000000000056e-01 -1.291486735569890065e+01 -1.202738778453962887e+01 1.267321684523009573e+01 1.382057340188742778e+01
2.500000000000000000e-01 -1.292428763203928632e+01 -1.211492131823712803e+01 1.298235769272731410e+01 1.415556947209224781e+01
2.750000000000000222e-01 -1.300227914929265260e+01 -1.225108571941765767e+01 1.335708435285040174e+01 1.458810610793356410e+01
3.000000000000000444e-01 -1.315043548547935615e+01 -1.242590887633126329e+01 1.378980054387365328e+01 1.510467611427078083e+01
3.250000000000000111e-01 -1.336810354819182400e+01 -1.263072345117434203e+01 1.427344396145808325e+01 1.569199310160469274e+01
3.500000000000000333e-01 -1.365113623504919715e+01 -1.286060663537338655e+01 1.480154758624783895e+01 1.633827777253497970e+01
3.750000000000000000e-01 -1.399210748388968284e+01 -1.311464817454055520e+01 1.536835578451148798e+01 1.703365851742403692e+01
4.000000000000000222e-01 -1.438236704354693529e+01 -1.339395524205760779e+01 1.607225204199075108e+01 1.777008248692325054e+01
4.250000000000000444e-01 -1.481390959666371998e+01 -1.369965762789153274e+01 1.681737229588751603e+01 1.854104395647778603e+01
4.500000000000000111e-01 -1.528008915273593971e+01 -1.417673465570953084e+01 1.758739614945279328e+01 1.934128788129864773e+01
4.750000000000000333e-01 -1.577559693388091233e+01 -1.472054089708784375e+01 1.837827807462175400e+01 2.016654888782875332e+01
5.000000000000000000e-01 -1.629621384606123868e+01 -1.528932982779930327e+01 1.918676495162786821e+01 2.101333981807941953e+01
5.250000000000000222e-01 -1.683855948420830373e+01 -1.587967839365028055e+01 2.001022374333716414e+01 2.187878643080702545e+01
5.500000000000000444e-01 -1.739989229149368910e+01 -1.648880198618683224e+01 2.084650826171943905e+01 2.276049997811400871e+01
5.750000000000000666e-01 -1.797796075145874894e+01 -1.711440215493481176e+01 2.169385646941148948e+01 2.365647926076086449e+01
6.000000000000000888e-01 -1.857089433276549428e+01 -1.775455435482721001e+01 2.255081131902751324e+01 2.456503510783478461e+01
6.250000000000000000e-01 -1.917712350402694099e+01 -1.840762459636101411e+01 2.341615950231674148e+01 2.548473177449224281e+01
6.500000000000000222e-01 -1.979532063732621339e+01 -1.907220681013556884e+01 2.428888376481634026e+01 2.641434109927963192e+01
6.750000000000000444e-01 -2.042435792124571137e+01 -1.974707450982649348e+01 2.516812561716956864e+01 2.735280632478992757e+01
7.000000000000000666e-01 -2.106327413511972324e+01 -2.043114149960050341e+01 2.605315596258309441e+01 2.829921328658659618e+01
7.250000000000000888e-01 -2.171125351534750436e+01 -2.112343263142689054e+01 2.694335182949729912e+01 2.925276726638867686e+01
7.500000000000000000e-01 -2.236761086757175221e+01 -2.182305508658066984e+01 2.783817785305184955e+01 3.021277424072701123e+01
7.750000000000000222e-01 -2.303178373294502634e+01 -2.252917358580080176e+01 2.873717143793177442e+01 3.117862556516962869e+01
8.000000000000000444e-01 -2.370333093384169132e+01 -2.324098562190087591e+01 2.963993074470361933e+01 3.214978538057194157e+01
8.250000000000000666e-01 -2.438193736663880173e+01 -2.395769539558106942e+01 3.054610501854638116e+01 3.312578017966275468e+01
8.500000000000000888e-01 -2.506742390591499259e+01 -2.467848648484974206e+01 3.145538662614095315e+01 3.410619011588752869e+01
8.750000000000000000e-01 -2.575975922043909350e+01 -2.540249557108045764e+01 3.236750460202155466e+01 3.509064171488742545e+01
9.000000000000000222e-01 -2.645906400512395606e+01 -2.612879605253223758e+01 3.328221922799895083e+01 3.607880173953708436e+01
9.250000000000000444e-01 -2.716558883053090767e+01 -2.685640986514216166e+01 3.419931765942683910e+01 3.707037198803729439e+01
9.500000000000000666e-01 -2.787963918968352317e+01 -2.758437357052445549e+01 3.511861007350537989e+01 3.806508486985701012e+01
9.750000000000000888e-01 -2.860143533991400489e+01 -2.831187084238352725e+01 3.603992685289104259e+01 3.906269971917420492e+01
1.000000000000000000e+00 -2.933094719667761296e+01 -2.903839088798042667e+01 3.696311561742817275e+01 4.006299934294727905e+01
