# time 1 2 D-1 D
0.000000000000000000e+00 9.999999675213415706e-01 5.723602671602080999e-09 5.830922177818874955e-34 3.846217515890524192e-35
2.500000000000000486e-03 9.999936794303784238e-01 2.952863856510137554e-08 5.392644336217466939e-20 5.494375318266694421e-22
5.000000000000000971e-03 9.999004411710332718e-01 4.233659633701820701e-07 3.725126754245091025e-20 1.063229620825040022e-20
7.500000000000001457e-03 9.995091158456068658e-01 2.639290001146945309e-06 7.970911241672590717e-19 2.949481045097668614e-19
1.000000000000000194e-02 9.984963284957967256e-01 1.110204761146171913e-05 1.126532332791401000e-17 2.212342686361233857e-18
1.250000000000000069e-02 9.964512765336154265e-01 3.594892312470489347e-05 6.895252965151917092e-17 1.233495102854738037e-17
1.500000000000000291e-02 9.928900313555667489e-01 1.011276932527825547e-04 5.709545412580282467e-16 1.019009159898314024e-16
1.750000000000000167e-02 9.872478194711303834e-01 2.618529485271123497e-04 6.300938433566651246e-15 1.252170887033809464e-15
2.000000000000000389e-02 9.788382010870211314e-01 6.279994227784533754e-04 6.130976743035607799e-14 1.508248929652459479e-14
2.250000000000000264e-02 9.667677377992649479e-01 1.451682610913273457e-03 4.616157101728363531e-13 1.437184880970965465e-13
2.500000000000000139e-02 9.497879174829163551e-01 3.236960611677585850e-03 2.567740594446617203e-12 1.000501209109752722e-12
2.750000000000000361e-02 9.260391396558198540e-01 7.045031892607003278e-03 1.038141495754343474e-11 5.181191036421568781e-12
3.000000000000000583e-02 8.925980211798614228e-01 1.511299064462993599e-02 2.816470376798416898e-11 2.062122693168508510e-11
3.250000000000000111e-02 8.446344460539557675e-01 3.175367145461669566e-02 5.508091972205104191e-11 6.582388123269311486e-11
3.500000000000000333e-02 7.751879951050812956e-01 6.394459852848066728e-02 9.399065288836986849e-11 1.747889769706426837e-10
3.750000000000000555e-02 6.784705140976095006e-01 1.181485930970581633e-01 1.486099799999469110e-10 3.987577916396983681e-10
4.000000000000000777e-02 5.591218469504949384e-01 1.910359392931324229e-01 2.189063391943296542e-10 8.022068786299262984e-10
4.250000000000000999e-02 4.383940149068576431e-01 2.631615173061988000e-01 3.032923420375164294e-10 1.453927024831518453e-09
4.500000000000000527e-02 3.376793561965601431e-01 3.152578477119590827e-01 3.892100188865552654e-10 2.415430380791384619e-09
4.750000000000000749e-02 2.623534619890097730e-01 3.439321835281687889e-01 4.687535477556798659e-10 3.730423315068589826e-09
5.000000000000000278e-02 2.084543068735758287e-01 3.553363385238399452e-01 5.273639091461214840e-10 5.417752703376284767e-09
5.250000000000000500e-02 1.694200138387348675e-01 3.581337809411817008e-01 5.882162009096598150e-10 7.469038882504774096e-09
5.500000000000000722e-02 1.404707839421616977e-01 3.529328315402826544e-01 5.946119817038509320e-10 9.850543046321440883e-09
5.750000000000000944e-02 1.183948909515716574e-01 2.860303671916042956e-01 4.014666671005659622e-10 1.250847867102593834e-08
6.000000000000001166e-02 1.010970495873614872e-01 1.710778932952687903e-01 1.335518869598512677e-09 1.537522195975635459e-08
6.250000000000000000e-02 8.720033331829267487e-02 1.185948458690944812e-01 2.455911262405140416e-09 1.837685829507527025e-08
6.500000000000000222e-02 7.578316100508203368e-02 9.574486310332824823e-02 3.182343628633510690e-09 2.143886992328474794e-08
6.750000000000000444e-02 6.621661423326707929e-02 8.467165859975825382e-02 4.317402000896208646e-09 2.449282433415600961e-08
7.000000000000000666e-02 5.806403787451841492e-02 7.883788192519228244e-02 5.606278664757988406e-09 2.747885656811991792e-08
7.250000000000000888e-02 5.101841640991452986e-02 7.568234078529557929e-02 7.077046915248885503e-09 3.034808579662356030e-08
7.500000000000001110e-02 4.486159760942672048e-02 7.420226487339828814e-02 8.655361452103797226e-09 3.306338625543792625e-08
7.750000000000001332e-02 3.943418771331801825e-02 7.372940049683282537e-02 1.057846187793897940e-08 3.559868618778705138e-08
8.000000000000001554e-02 3.462225662877878307e-02 7.393663078224990692e-02 1.246475602846548295e-08 3.793847913986455101e-08
8.250000000000001776e-02 3.034300484891463978e-02 7.451002291910685527e-02 1.472413963974544596e-08 4.007554702086347252e-08
8.500000000000001998e-02 2.653161723808183589e-02 7.535916422573882278e-02 1.654836727727150534e-08 4.200963348601009045e-08
8.750000000000000833e-02 2.311532402882783901e-02 7.647707876478988809e-02 1.914721499522117415e-08 4.374558557054928682e-08
9.000000000000001055e-02 2.006658782394674101e-02 7.786255948552180117e-02 2.098330069674018535e-08 4.529168011911931217e-08
9.250000000000001277e-02 1.741500765388995578e-02 7.897759488412213480e-02 2.373380327653933254e-08 4.665859768062008494e-08
9.500000000000001499e-02 1.498344529324111690e-02 8.038388041150572316e-02 2.558199842248683533e-08 4.785817939183489860e-08
9.750000000000001721e-02 1.288700535923260372e-02 8.162506684782469546e-02 2.753465457483610744e-08 4.890284711137568602e-08
1.000000000000000056e-01 1.102395718692182267e-02 8.303851530129437164e-02 3.038848667296395422e-08 4.980523495285685312e-08
