# time 1 2 D-1 D
0.000000000000000000e+00 9.999999514621790153e-01 6.740662475110478376e-09 1.588563065701239124e-34 9.235510139525311514e-35
5.000000000000000104e-04 9.999796902112126906e-01 1.673441915990955326e-05 7.232984027410194317e-28 7.194306997786026819e-28
1.000000000000000021e-03 9.995886561219180511e-01 3.404432953155198203e-04 7.146516619964121106e-24 8.448284786972601203e-25
1.500000000000000248e-03 9.973947281211055227e-01 2.182081078758236689e-03 1.090597164398174436e-22 7.945592932795742795e-24
2.000000000000000042e-03 9.898447173059812254e-01 8.615111062785674179e-03 4.511333624074241402e-22 1.247940854354944467e-22
2.500000000000000052e-03 9.702254848934616094e-01 2.546594062543413098e-02 6.358201701770841850e-22 4.983601029328001926e-22
3.000000000000000496e-03 9.292415760543875081e-01 6.028635122250407957e-02 7.206871484618416367e-22 3.688409782734701104e-22
3.500000000000000507e-03 8.601201590608232861e-01 1.155334642693950642e-01 1.137790996667828221e-19 4.448505237179032352e-21
4.000000000000000083e-03 7.670508397969765246e-01 1.787909003047269130e-01 2.444578642689926070e-18 1.897097271105292361e-19
4.500000000000000527e-03 6.660335259490454130e-01 2.264682135828934573e-01 2.986103837467326019e-17 2.374645356142523940e-18
5.000000000000000104e-03 5.737185991877429281e-01 2.455952592238816734e-01 2.591599178976222033e-16 1.752720318197374367e-17
5.500000000000000548e-03 4.983644362109411752e-01 2.351486721156247628e-01 1.743530789544854877e-15 8.997590256988094293e-17
6.000000000000000992e-03 4.405521951171159079e-01 1.857000373910841773e-01 9.545230875598029670e-15 3.551794780085155959e-16
6.500000000000000569e-03 3.974372488353027366e-01 1.216955347480038335e-01 4.405153937943604928e-14 1.209228509505679642e-15
7.000000000000001013e-03 3.655856873047011457e-01 8.314739397490378270e-02 1.716965229852326921e-13 4.332226465339425980e-15
7.499999999999999722e-03 3.420558218261481320e-01 6.271248741367958790e-02 5.608877609630941476e-13 1.637867684749108973e-14
8.000000000000000167e-03 3.246019825722051833e-01 5.153418557385382182e-02 1.520948095324010612e-12 5.588688767168863177e-14
8.500000000000000611e-03 3.115837190458182193e-01 4.470870822302212139e-02 3.482549186283647342e-12 1.239485900827027948e-13
9.000000000000001055e-03 3.018194545005694618e-01 3.983525566822090219e-02 7.012260233546756821e-12 3.753818616756798619e-14
9.500000000000001499e-03 2.944587076794569214e-01 3.633290380074996606e-02 2.574723354729915753e-12 9.488314037683489395e-12
1.000000000000000021e-02 2.888860790239455856e-01 3.384242190602967243e-02 2.866022849920484001e-12 1.556157448458213217e-11
1.050000000000000065e-02 2.846529797827371255e-01 3.181093974411457193e-02 3.578208720678665125e-12 2.193806848488212116e-11
1.100000000000000110e-02 2.814298934757403226e-01 3.011205910437438765e-02 4.051879133041711578e-12 2.833917909875068293e-11
1.150000000000000154e-02 2.789731926255700767e-01 2.863549826761162959e-02 4.179610857861704160e-12 3.383746743010682947e-11
1.200000000000000198e-02 2.771017873588015323e-01 2.742847051676879089e-02 3.653278149974216544e-12 3.791824166218786770e-11
1.250000000000000069e-02 2.756801486414662827e-01 2.621151557932167170e-02 2.575104671654216058e-12 4.001728202169636833e-11
1.300000000000000114e-02 2.746068408193261257e-01 2.522411865575074907e-02 1.267266053021910147e-12 3.987462812100979930e-11
1.350000000000000158e-02 2.738055762039076635e-01 2.443384479829029121e-02 2.611006108920479980e-13 3.754968185133409153e-11
1.400000000000000203e-02 2.732187662847827547e-01 2.359878440358444476e-02 9.317609096927926080e-14 3.342198382010406973e-11
1.450000000000000247e-02 2.728027498720645982e-01 2.278348482855750354e-02 1.010485775963496841e-12 2.794044605894392258e-11
1.499999999999999944e-02 2.725243175069700374e-01 2.211082166005081187e-02 3.128631444696492524e-12 2.180793339334370295e-11
1.550000000000000162e-02 2.723577630680553696e-01 2.139873381472083905e-02 5.897642977155929946e-12 1.560134979684351457e-11
1.600000000000000033e-02 2.722831632857032336e-01 2.075393241763692775e-02 8.395451527856298487e-12 9.907322671377848158e-12
1.650000000000000078e-02 2.722848048655619468e-01 2.024833257987718876e-02 9.711712691215414160e-12 5.237523326398919514e-12
1.700000000000000122e-02 2.723499929278047071e-01 1.971011297760576556e-02 1.007134340170078726e-11 1.944128587550641093e-12
1.750000000000000167e-02 2.724683567454949662e-01 1.918773440867321822e-02 8.524969281199114623e-12 2.332683540429457448e-13
1.800000000000000211e-02 2.726313188597507819e-01 1.863903458491872334e-02 5.577713982636312848e-12 2.046059015286580242e-13
1.850000000000000255e-02 2.728315435650276455e-01 1.824556183429137945e-02 3.112497923920867291e-12 1.825081158779881614e-12
1.900000000000000300e-02 2.730627666339278670e-01 1.778167547300099280e-02 1.103115270176428279e-12 4.999281431489455759e-12
1.950000000000000344e-02 2.733196398234555846e-01 1.744805845065449529e-02 1.221889322301501341e-12 9.532064434455110819e-12
2.000000000000000042e-02 2.735974504256983297e-01 1.701959781610900765e-02 4.158036807103506499e-12 1.522330056851980882e-11
