# time 1 2 D-1 D
0.000000000000000000e+00 9.999999514621790153e-01 6.740662475110478376e-09 1.588563065701239124e-34 9.235510139525311514e-35
2.500000000000000052e-04 9.999957879804919347e-01 3.125091887431538990e-06 1.817926359482283979e-27 6.749791470053305994e-28
5.000000000000000104e-04 9.999062485592585814e-01 7.238411292636228876e-05 5.670790185024655231e-24 3.412640114174353313e-25
7.500000000000001240e-04 9.993414178476833776e-01 5.297424209960985893e-04 9.837171420640199930e-23 6.851961418029747918e-24
1.000000000000000021e-03 9.971295579317571711e-01 2.394630843648996605e-03 5.664615217529463297e-22 1.423144970218149059e-22
1.250000000000000026e-03 9.905699579437432511e-01 8.089413500658341333e-03 1.926723997601371051e-21 6.821293672181997132e-22
1.500000000000000248e-03 9.750423732309451141e-01 2.171570761047017170e-02 3.521282978528037319e-21 2.572668822585056810e-22
1.750000000000000253e-03 9.458595237091204089e-01 4.660789532334735225e-02 1.686053229673651515e-21 1.919801074561613566e-19
2.000000000000000042e-03 9.031044543370271294e-01 7.969026976104791327e-02 1.929411289593648034e-22 4.946366657231172981e-18
2.250000000000000264e-03 8.539592242858154991e-01 1.103291171111594471e-01 1.167379028424899576e-20 5.151985098968514490e-17
2.500000000000000052e-03 8.076518955369391684e-01 1.298430381657431909e-01 1.157260167882214004e-18 2.830786309245805358e-16
2.750000000000000274e-03 7.695962233626911786e-01 1.342426670618329099e-01 1.558805931371596843e-17 8.910349615589470190e-16
3.000000000000000496e-03 7.407663507646077283e-01 1.141116227074047279e-01 8.650054623312756013e-17 1.624507022947226140e-15
3.250000000000000284e-03 7.198367747560303620e-01 8.013866292959664905e-02 2.554106627226548781e-16 1.585751956914955533e-15
3.500000000000000507e-03 7.049243084987169006e-01 5.812942530642307287e-02 4.584061131414933044e-16 5.571556927228073057e-16
3.749999999999999861e-03 6.943511775407757991e-01 4.607046416998994420e-02 5.222971212252155212e-16 2.344594518973340194e-17
4.000000000000000083e-03 6.868339695277687618e-01 3.936448492466167182e-02 3.868200113595038434e-16 1.407868687923162520e-15
4.250000000000000305e-03 6.814524334959625174e-01 3.519545763115575904e-02 1.692594852470283730e-16 4.821632659109694473e-15
4.500000000000000527e-03 6.775646212261886570e-01 3.216110141717513221e-02 7.016882503616170817e-16 9.505416862745428747e-15
4.750000000000000749e-03 6.747270479628855178e-01 2.994366333969283520e-02 1.480036059702815473e-14 3.062309067581654231e-15
5.000000000000000104e-03 6.726335280348475498e-01 2.834015656658530821e-02 2.213691594106263423e-14 5.654442500133034270e-15
5.250000000000000326e-03 6.710716001743930459e-01 2.702028503077372190e-02 2.775005598175407745e-14 1.025485209914896364e-14
5.500000000000000548e-03 6.698931248421822193e-01 2.591172508410368239e-02 2.949553650137665013e-14 1.507748610005693238e-14
5.750000000000000770e-03 6.689941829115815253e-01 2.494917202425057934e-02 2.480760385220981193e-14 1.840289715896876458e-14
6.000000000000000992e-03 6.683015318212286449e-01 2.416389328082352295e-02 1.438393415704034165e-14 1.803893954469842370e-14
6.250000000000000347e-03 6.677633859404759065e-01 2.338139183809271118e-02 3.567044404222698739e-15 1.352298557851627656e-14
6.500000000000000569e-03 6.673431102432818562e-01 2.275144216064631936e-02 4.055018058736263490e-15 6.685322185169367584e-15
6.750000000000000791e-03 6.670148399597631839e-01 2.225425372533795451e-02 3.321596226247292812e-14 2.220624883912908345e-15
7.000000000000001013e-03 6.667604140093409404e-01 2.173541832722541284e-02 1.108592433093623032e-13 7.634855826591408882e-15
7.250000000000001235e-03 6.665671937688540938e-01 2.123449635246983658e-02 2.536895663896467419e-13 3.278100508457938396e-14
7.499999999999999722e-03 6.664264275214034638e-01 2.082895513640825591e-02 4.698479635244863092e-13 8.904700782040642958e-14
7.750000000000000812e-03 6.663320915600237093e-01 2.040122671396839976e-02 7.560089988443873404e-13 1.885761413795545777e-13
8.000000000000000167e-03 6.662799926312817922e-01 2.001863147424937789e-02 1.098288929671583434e-12 3.426143469226018373e-13
8.250000000000000389e-03 6.662670588148332795e-01 1.972819423837979605e-02 1.483149575043061206e-12 5.629284387059265537e-13
8.500000000000000611e-03 6.662907952798144962e-01 1.941704846972917495e-02 1.890625357996860796e-12 8.596418795065524083e-13
8.750000000000000833e-03 6.663489681600776038e-01 1.911595716640280759e-02 2.320806257520826639e-12 1.240458344510444949e-12
9.000000000000001055e-03 6.664393124289649251e-01 1.879572533314475061e-02 2.785191584633739890e-12 1.714367228598540918e-12
9.250000000000001277e-03 6.665593825935565153e-01 1.857798761350802630e-02 3.287839453828968103e-12 2.290787204732942253e-12
9.500000000000001499e-03 6.667065415437891662e-01 1.831129200925744882e-02 3.862513347237540056e-12 2.970899447570227106e-12
9.750000000000001721e-03 6.668779713863334235e-01 1.813075561744217565e-02 4.535835058159348495e-12 3.768340867286458975e-12
1.000000000000000021e-02 6.670780721865786633e-01 1.788266507312492176e-02 5.366496494195482399e-12 4.685689510378544788e-12
