# time 1 2 D-1 D
0.000000000000000000e+00 9.999999556435694714e-01 5.908354337210424033e-09 3.089818125205077287e-34 4.273748484704437012e-35
2.500000000000000052e-04 9.992130878276650474e-01 2.250997314861250538e-08 2.740229877666998786e-26 3.093145764641049416e-25
5.000000000000000104e-04 9.966682740933490159e-01 3.843875092942162388e-07 6.505080215737528936e-22 1.673415243987733318e-21
7.500000000000001240e-04 9.920412681835739654e-01 2.604361799632858996e-06 2.617504606524083723e-19 2.849782734135956727e-19
1.000000000000000021e-03 9.849432234617034876e-01 1.137651445367274413e-05 1.962934258949205659e-17 1.187284534791142373e-17
1.250000000000000026e-03 9.749081379670939684e-01 3.947220409174732463e-05 5.712133548046945609e-16 2.315247038185202653e-16
1.500000000000000248e-03 9.613618833007659958e-01 1.181023181968972861e-04 8.914893923900510989e-15 2.822638030898294855e-15
1.750000000000000253e-03 9.435643911233918546e-01 3.271279417913632395e-04 8.834162078540181085e-14 2.474193874782304377e-14
2.000000000000000042e-03 9.205061252608847111e-01 8.573537225584740339e-04 6.088780760201534343e-13 1.648182842619206315e-13
2.250000000000000264e-03 8.907138710926894021e-01 2.166553914090504993e-03 3.134806200823901653e-12 8.441072724876222252e-13
2.500000000000000052e-03 8.518554200214999428e-01 5.376726716922566526e-03 1.264505654553143207e-11 3.341278629844176149e-12
2.750000000000000274e-03 7.998720486864210333e-01 1.315558358882047349e-02 4.062961994807599877e-11 1.041682502609350501e-11
3.000000000000000496e-03 7.273020558047706974e-01 3.156569533051181708e-02 9.258565741157464222e-11 2.637627122600379877e-11
3.250000000000000284e-03 6.232562922792046489e-01 7.031932563589736451e-02 1.672701166196554954e-10 5.611605544836667220e-11
3.500000000000000507e-03 4.815427166192163266e-01 1.349499285947805827e-01 2.904523380286969197e-10 1.035051798230393607e-10
3.749999999999999861e-03 3.319698912936177582e-01 1.956321701931211243e-01 5.658356201099926999e-10 1.699843676609724055e-10
4.000000000000000083e-03 2.164481613509761093e-01 2.123808700006863670e-01 1.344178285475899460e-09 2.540518622310541050e-10
4.250000000000000305e-03 1.428179085257411385e-01 1.813752110316358968e-01 1.443475261611379930e-09 3.517049751427608470e-10
4.500000000000000527e-03 9.778805910437218807e-02 1.281404704604492961e-01 1.702875700492408512e-09 4.574622740462033594e-10
4.750000000000000749e-03 6.932520400039847430e-02 7.772593604550485924e-02 2.011128367810634733e-09 5.654920616927526972e-10
5.000000000000000104e-03 5.064454146916239768e-02 4.313041275360206955e-02 2.305325621246343086e-09 6.705205140936843576e-10
5.250000000000000326e-03 3.791183824077939274e-02 2.322777731652919675e-02 2.573213596609347749e-09 7.683671207111915861e-10
5.500000000000000548e-03 2.894730600527696540e-02 1.268959217470847292e-02 2.823396551706746704e-09 8.561591985324201091e-10
5.750000000000000770e-03 2.246030757795257696e-02 7.371642280706016022e-03 3.042623269616959410e-09 9.322520281208382856e-10
6.000000000000000992e-03 1.765572022902480928e-02 6.639429314267242081e-03 3.228043906712433311e-09 9.960491017962117513e-10
6.250000000000000347e-03 1.402615775677861637e-02 6.062929283666446123e-03 3.386335423048761897e-09 1.047746029017650977e-09
6.500000000000000569e-03 1.123778417123415772e-02 5.587742090714567511e-03 3.509294629010378211e-09 1.088093897570168444e-09
6.750000000000000791e-03 9.064976235114608968e-03 5.194202675840943299e-03 3.606198828182918054e-09 1.118144891451788514e-09
7.000000000000001013e-03 7.351559740625819919e-03 4.861351760668622575e-03 3.686289425221446919e-09 1.139114684306554116e-09
7.250000000000001235e-03 5.987061994705741505e-03 4.568526803926188477e-03 3.736062699334613075e-09 1.152256669946801288e-09
7.499999999999999722e-03 4.891745757916960390e-03 4.300288560322989596e-03 3.774590219795992072e-09 1.158782976742527223e-09
7.750000000000000812e-03 4.006979758866000343e-03 4.063525794497379467e-03 3.797876786894687973e-09 1.159808657195348776e-09
8.000000000000000167e-03 3.288761993675595220e-03 3.840474109295363096e-03 3.814945013628741512e-09 1.156341986733862807e-09
8.250000000000000389e-03 2.703683525425791111e-03 3.635882411287890466e-03 3.813353844870786463e-09 1.149264345005487143e-09
8.500000000000000611e-03 2.225786195604946734e-03 3.443307617189722124e-03 3.806110871862904779e-09 1.139332391564880270e-09
8.750000000000000833e-03 1.832553845384156778e-03 3.262162188241452248e-03 3.784423877177016992e-09 1.127186784952378552e-09
9.000000000000001055e-03 1.514341956430606800e-03 3.087353170710573427e-03 3.770674768759893843e-09 1.113360779443739164e-09
9.250000000000001277e-03 1.251528213198340508e-03 2.922539680489720602e-03 3.741377272955018570e-09 1.098305534331428135e-09
9.500000000000001499e-03 1.035860619168979535e-03 2.766472817012510018e-03 3.713040144002453637e-09 1.082396539265325268e-09
9.750000000000001721e-03 8.585904361367429358e-04 2.618417137698610380e-03 3.683556170804742661e-09 1.065916314150637919e-09
1.000000000000000021e-02 7.128738674039476492e-04 2.478528906808488783e-03 3.648987263267500758e-09 1.048962133587616569e-09
