# time 1 2 D-1 D
0.000000000000000000e+00 9.999999556435694714e-01 5.908354337210424033e-09 3.089818125205077287e-34 4.273748484704437012e-35
2.500000000000000486e-03 9.992059586184830478e-01 6.520288265004782568e-08 1.369868878948710697e-29 3.087968825175873252e-25
5.000000000000000971e-03 9.965556140873780278e-01 1.121761085886010623e-06 3.773564600097423842e-24 1.650999660437914310e-21
7.500000000000001457e-03 9.914817680291091451e-01 7.048057849164397450e-06 3.724494861180164103e-21 2.714925453836305455e-19
1.000000000000000194e-02 9.832233982239310111e-01 2.807520511970691652e-05 4.705304511204869201e-19 1.047710028834089696e-17
1.250000000000000069e-02 9.708610166004446596e-01 8.808029724579558776e-05 1.959747713207544494e-17 1.783900627213163215e-16
1.500000000000000291e-02 9.533478876746098729e-01 2.362725000093283923e-04 3.942165847222572094e-16 1.767322616998285069e-15
1.750000000000000167e-02 9.295241469260785427e-01 5.855457033106775244e-04 4.680329131137310457e-15 1.174390135290323408e-14
2.000000000000000389e-02 8.980934731131352544e-01 1.371293227570670632e-03 3.665704352427384083e-14 5.658615577075317089e-14
2.250000000000000264e-02 8.575222017703656441e-01 3.099518736091872242e-03 2.054428589587706480e-13 2.066049092107012810e-13
2.500000000000000139e-02 8.057720972578373830e-01 6.923156859147802135e-03 8.601995987305645076e-13 5.889307912292957744e-13
2.750000000000000361e-02 7.396562711165156623e-01 1.534902250152117911e-02 2.743034728811283319e-12 1.348419596384607199e-12
3.000000000000000583e-02 6.536471308337294950e-01 3.368533296105299252e-02 5.825636285877373028e-12 2.558305545475197333e-12
3.250000000000000111e-02 5.406682264430916485e-01 6.945526230478121787e-02 9.213487719533152883e-12 4.152240952391338185e-12
3.500000000000000333e-02 3.999508952381183313e-01 1.246933566233313917e-01 1.373915655158511738e-11 5.938136913058082174e-12
3.750000000000000555e-02 2.618946729553697228e-01 1.710138769832119932e-01 2.420584841511942431e-11 7.678211827396819337e-12
4.000000000000000777e-02 1.612315936660678739e-01 1.771105643334358881e-01 6.660217088468449655e-11 9.170138305451840555e-12
4.250000000000000999e-02 1.001044512137144599e-01 1.453829958831326097e-01 6.767517779124427460e-11 1.029478708777003442e-11
4.500000000000000527e-02 6.436826207099627384e-02 9.944729911775115894e-02 7.046056599859803089e-11 1.101680710117277866e-11
4.750000000000000749e-02 4.278885801404693628e-02 5.887540094720550982e-02 7.307500962994704921e-11 1.136517375892014717e-11
5.000000000000000278e-02 2.927581122589520066e-02 3.210389757242133879e-02 7.418869608467593439e-11 1.140237133277757416e-11
5.250000000000000500e-02 2.050423420509215819e-02 1.706725286905518002e-02 7.405040727634571517e-11 1.120512428585176455e-11
5.500000000000000722e-02 1.463431553176614865e-02 9.223891038029851525e-03 7.323876184959485425e-11 1.084755716842094414e-11
5.750000000000000944e-02 1.060485010495924516e-02 6.211872444337969423e-03 7.181610970924739180e-11 1.039089879679431424e-11
6.000000000000001166e-02 7.779148318107236351e-03 5.267775539387689610e-03 6.997826305536118139e-11 9.884104186547228747e-12
6.250000000000000000e-02 5.761816062591992686e-03 4.526027799871029829e-03 6.798596680286991679e-11 9.362035306265546671e-12
6.500000000000000222e-02 4.299864883074763083e-03 3.924192038314889414e-03 6.583955021283270656e-11 8.848120727800528693e-12
6.750000000000000444e-02 3.227146425822881477e-03 3.432092287958697988e-03 6.371812761876137946e-11 8.357175035122080813e-12
7.000000000000000666e-02 2.431994377254366024e-03 3.023845465697947918e-03 6.175410538445562663e-11 7.898312459396370989e-12
7.250000000000000888e-02 1.837787793414094204e-03 2.677026598443434015e-03 5.980851067698868312e-11 7.476113229170367557e-12
7.500000000000001110e-02 1.390953106222009381e-03 2.376140052372784171e-03 5.808175048002282611e-11 7.092130768931805082e-12
7.750000000000001332e-02 1.053394298021431350e-03 2.119875352392411490e-03 5.651687985536185189e-11 6.746879500655255625e-12
8.000000000000001554e-02 7.975593833632319864e-04 1.893931539869157365e-03 5.517840312086237009e-11 6.437781613599119653e-12
8.250000000000001776e-02 6.033115360600494696e-04 1.697381753644945906e-03 5.392715460907516038e-11 6.163451011285436464e-12
8.500000000000001998e-02 4.556914635692134365e-04 1.524001547595065951e-03 5.287247718883913886e-11 5.921109820844706560e-12
8.750000000000000833e-02 3.429146604637214098e-04 1.370606423668108967e-03 5.189671882041499436e-11 5.707556464223610888e-12
9.000000000000001055e-02 2.583349560673612222e-04 1.233922066121149932e-03 5.119090604027507439e-11 5.519870065968247565e-12
9.250000000000001277e-02 1.937182397758844545e-04 1.112584868010951323e-03 5.052139558221262625e-11 5.356543494533659837e-12
9.500000000000001499e-02 1.448025362255244601e-04 1.004767697384744947e-03 5.001617030064104710e-11 5.215148025837771310e-12
9.750000000000001721e-02 1.078042195634150972e-04 9.087700949270127986e-04 4.964924597827417434e-11 5.093596880299740367e-12
1.000000000000000056e-01 7.991233670854470267e-05 8.233173140627890723e-04 4.935896795633148445e-11 4.988407864954968786e-12
