# time 1 2 D-1 D
0.000000000000000000e+00 9.999999417396085999e-01 8.045498143365339206e-09 1.374506462771462096e-35 7.467339343035599807e-36
1.250000000000000243e-03 9.975346745129530790e-01 8.112418115059688757e-05 2.987239942295264338e-35 4.586600451662908761e-36
2.500000000000000486e-03 9.893849638715868089e-01 3.738399288665982716e-04 4.757670788821478119e-31 1.885282865021487758e-34
3.750000000000000729e-03 9.742946001572974080e-01 9.556624937030819148e-04 4.543286069660121466e-28 4.321597280777418625e-30
5.000000000000000971e-03 9.508865616731029258e-01 1.846214864080524464e-03 8.969537370360853782e-26 3.560401137288332905e-27
6.250000000000000347e-03 9.177703966630686994e-01 3.164078533196268677e-03 6.515397622477873199e-24 5.134785397198895332e-25
7.500000000000001457e-03 8.737395317954473883e-01 5.098439147530968094e-03 2.348003312567162288e-22 2.982834917316563487e-23
8.750000000000000833e-03 8.180717406368773759e-01 7.041045589391330128e-03 5.563257600968170855e-21 9.715844347535809350e-22
1.000000000000000194e-02 7.509067089102596793e-01 9.596494195237701558e-03 8.612146374760455757e-20 2.114629405723599595e-20
1.125000000000000132e-02 6.736037698563390741e-01 1.186243448488096333e-02 1.030980468569491633e-18 3.418463573476540569e-19
1.250000000000000069e-02 5.889159451245753463e-01 1.389910863324856152e-02 8.760118400778996186e-18 4.394911233502962409e-18
1.375000000000000180e-02 5.008123062598571762e-01 1.570383367233652017e-02 4.908783608997856205e-17 4.702576394896344237e-17
1.500000000000000291e-02 4.138965408501082410e-01 1.650302323000093704e-02 4.787693986750993308e-17 4.315155079512003634e-16
1.625000000000000056e-02 3.325702599884675648e-01 1.668697497894099102e-02 3.664778608077836094e-15 3.459796521505273386e-15
1.750000000000000167e-02 2.602417207342289651e-01 1.593036019327293343e-02 7.201394034534955728e-14 2.449643377385539326e-14
1.875000000000000278e-02 1.988630713677672635e-01 1.440560978224311381e-02 4.620361279365797319e-13 1.540052931377570508e-13
2.000000000000000389e-02 1.489037916360917979e-01 1.272094598426246406e-02 2.258377045627179797e-12 8.622716364947495315e-13
2.125000000000000500e-02 1.096661425163046599e-01 1.069372357137904871e-02 9.455301712537580666e-12 4.308557088640648446e-12
2.250000000000000264e-02 7.974576674803507403e-02 8.773214839412639757e-03 3.476579382586931272e-11 1.924781174418616748e-11
2.375000000000000375e-02 5.746137140394510373e-02 6.928027273500600436e-03 1.136134843083523083e-10 7.704144841913966260e-11
2.500000000000000139e-02 4.116155917465892655e-02 5.481175773386442150e-03 3.300915712889884747e-10 2.772010960087324900e-10
2.625000000000000250e-02 2.939573740329181131e-02 5.872172846027841689e-04 8.516285283386089304e-10 9.033036513724873323e-10
2.750000000000000361e-02 2.097888531772090434e-02 2.663714716425323223e-04 1.967266832331950064e-09 2.674873871915108366e-09
2.875000000000000472e-02 1.499030538255387117e-02 1.547850780809101757e-04 4.021099642393579192e-09 7.308236746711858819e-09
3.000000000000000583e-02 1.073971056057100755e-02 1.045437432584043184e-04 7.150718232547727525e-09 1.859268638953886095e-08
3.125000000000000000e-02 7.722564425346217787e-03 7.189397478743560948e-05 1.079985508114921978e-08 4.412893427722715677e-08
3.250000000000000111e-02 5.576638490663099641e-03 5.260427479942301695e-05 1.290884773775993907e-08 9.798354300206535322e-08
3.375000000000000222e-02 4.044999091439069501e-03 3.988936119762344357e-05 1.021999036647799955e-08 2.029963077361344194e-07
3.500000000000000333e-02 2.946767222868291406e-03 3.091328870630598010e-05 2.831137152299835205e-09 3.898017642871728123e-07
3.625000000000000444e-02 2.155092875024272169e-03 2.403548589753768262e-05 2.230486881802092762e-09 6.935255359008371085e-07
3.750000000000000555e-02 1.581141733601998259e-03 1.844767677530268439e-05 4.292162572452652085e-08 1.148186021153461703e-06
3.875000000000000666e-02 1.162565739883196113e-03 1.368977547454329409e-05 1.830268988414332809e-07 1.793390336866657160e-06
4.000000000000000777e-02 8.555064002761987065e-04 9.500766807389427769e-06 5.038209084528432748e-07 2.683013446897073372e-06
4.125000000000000888e-02 6.289539278582154114e-04 6.042357789842215907e-06 1.109661693103700760e-06 3.893490227934041325e-06
4.250000000000000999e-02 4.608306271263253886e-04 2.941690635433039824e-06 2.154996845026634108e-06 5.503485928793734777e-06
4.375000000000000416e-02 3.352632949200347692e-04 5.670353152987754397e-07 3.829747904992272064e-06 7.611433270238621325e-06
4.500000000000000527e-02 2.406515234275635642e-04 1.853918259612157915e-07 6.407695194939848072e-06 1.028457021924292252e-05
4.625000000000000638e-02 1.682768562379523660e-04 3.606275628360760854e-06 9.999274794034893486e-06 1.379642018867958948e-05
4.750000000000000749e-02 1.113814973341926642e-04 1.177897221367905372e-05 1.506324756472704247e-05 1.809951916377886569e-05
4.875000000000000860e-02 6.553260681793755501e-05 2.236454445410460140e-05 2.162857849753433055e-05 2.358213974186413960e-05
5.000000000000000278e-02 3.089904569956882749e-05 3.056162617938030081e-05 3.015572715841676097e-05 3.019905021553914132e-05
