# time 1 2 D-1 D
0.000000000000000000e+00 9.999999630113677318e-01 2.588516591373525280e-08 4.285974085130468737e-34 8.616373591527367433e-36
1.250000000000000243e-03 9.999960562385702412e-01 3.532641270623979799e-06 2.182333438489841800e-20 6.683377131276984168e-22
2.500000000000000486e-03 9.999180484165376415e-01 7.499266765470036841e-05 4.298645074563825786e-19 4.662716251217198449e-21
3.750000000000000729e-03 9.994481403860364654e-01 5.144449659509973266e-04 3.765813026584455574e-18 6.667846562920483137e-22
5.000000000000000971e-03 9.976762820923874564e-01 2.200752985612231417e-03 2.425033124085460155e-17 1.492131778751932773e-19
6.250000000000000347e-03 9.925301315313651562e-01 7.156488972707959230e-03 1.981816847610528881e-16 3.111922965779470003e-18
7.500000000000001457e-03 9.802113376738095241e-01 1.906836289520112346e-02 1.675512796635649222e-15 4.029979145275524578e-17
8.750000000000000833e-03 9.556387056947603931e-01 4.252935794723883972e-02 1.298075792502618891e-14 4.207917181818106724e-16
1.000000000000000194e-02 9.153345849275601465e-01 7.906603745317029863e-02 8.482219811242326276e-14 3.682763471077016094e-15
1.125000000000000132e-02 8.615398979560756620e-01 1.205458365683225175e-01 4.522987683551681219e-13 2.551387208924518810e-14
1.250000000000000069e-02 8.022886894464824614e-01 1.508855914660788555e-01 1.999452905038017823e-12 1.439104161132797601e-13
1.375000000000000180e-02 7.462558181306899741e-01 1.600908397507673497e-01 7.413421585488834577e-12 6.840171540406898670e-13
1.500000000000000291e-02 6.985029100291949566e-01 1.543550052831808850e-01 2.337209471557377844e-11 2.848673197742479965e-12
1.625000000000000056e-02 6.602934599199329346e-01 1.426381955451638817e-01 6.317524531481925121e-11 1.076454713304612048e-11
1.750000000000000167e-02 6.307666127793201127e-01 1.293173268490326044e-01 1.462668953271888358e-10 3.775026721843844843e-11
1.875000000000000278e-02 6.083452866287971661e-01 1.155828180511831033e-01 2.873788242603402475e-10 1.223297452417284709e-10
2.000000000000000389e-02 5.914478118808764728e-01 1.027080604259192620e-01 4.708425811438369470e-10 3.542394033449659105e-10
2.125000000000000500e-02 5.787413262959497651e-01 9.167885264882409679e-02 6.427070868125002578e-10 8.694395506779059547e-10
2.250000000000000264e-02 5.691832803616329040e-01 8.214630678111156659e-02 7.599239788879436010e-10 1.762256378182793668e-09
2.375000000000000375e-02 5.619859459681448843e-01 7.434814150003374311e-02 8.637756853393986148e-10 2.962194144595070938e-09
2.500000000000000139e-02 5.565635041325712740e-01 6.773457555144800357e-02 1.396792739945926476e-09 3.898814910991348104e-09
2.625000000000000250e-02 5.524826598264593880e-01 6.233860412737120271e-02 6.695627075068736088e-09 3.567198682887619777e-11
2.750000000000000361e-02 5.494227663231663339e-01 5.773230974894690004e-02 7.877633179501566109e-09 3.643398707461537299e-11
2.875000000000000472e-02 5.471456930018372411e-01 5.380045557917367133e-02 8.616045581836484059e-09 4.616016274611555727e-11
3.000000000000000583e-02 5.454735116961929586e-01 5.047789832837017848e-02 8.857791960020050360e-09 1.573922064180311474e-11
3.125000000000000000e-02 5.442722901155571114e-01 4.760410806118228061e-02 8.533605026566531941e-09 1.031747706665749225e-11
3.250000000000000111e-02 5.434404711249315456e-01 4.506799032429756324e-02 7.691959020090323322e-09 6.975521232187373684e-11
3.375000000000000222e-02 5.429003928212001728e-01 4.286067847652167556e-02 6.478918161448983726e-09 2.044376001767566623e-10
3.500000000000000333e-02 5.425921456899230888e-01 4.091265576996128139e-02 5.071595982139349236e-09 4.280443025087820617e-10
3.625000000000000444e-02 5.424690991325060718e-01 3.916329624389774250e-02 3.627230330745746043e-09 7.743865470053275127e-10
3.750000000000000555e-02 5.424946255171354537e-01 3.755611559419157197e-02 2.308491616861614238e-09 1.244330996647662479e-09
3.875000000000000666e-02 5.426396726012763239e-01 3.614655996209639732e-02 1.244215615416079374e-09 1.826842513953579722e-09
4.000000000000000777e-02 5.428809939797747397e-01 3.485290869809897635e-02 5.026792983166401484e-10 2.517773595376692334e-09
4.125000000000000888e-02 5.431997876583281037e-01 3.366520347750937003e-02 9.309482143488530487e-11 3.319326114552050385e-09
4.250000000000000999e-02 5.435807139664171617e-01 3.257235149916729022e-02 6.808905958241338978e-12 4.206282247003426117e-09
4.375000000000000416e-02 5.440111559214837467e-01 3.161880899893142194e-02 1.888747871339391466e-10 5.165035692225145847e-09
4.500000000000000527e-02 5.444806560304616960e-01 3.069822099923824599e-02 5.749588178893437847e-10 6.169627581546621672e-09
4.625000000000000638e-02 5.449804935501840752e-01 2.985814923554723499e-02 1.081518676027431935e-09 7.203876328273273017e-09
4.750000000000000749e-02 5.455033207902350023e-01 2.909102650595338929e-02 1.633136376288256349e-09 8.244828422630512047e-09
4.875000000000000860e-02 5.460429841180156618e-01 2.838767126556560397e-02 2.170317470958228467e-09 9.263204923619653459e-09
5.000000000000000278e-02 5.465944392562440690e-01 2.772768190595983548e-02 2.621978481206900280e-09 1.025740170379959075e-08
