# time 1 2 D-1 D
0.000000000000000000e+00 9.999999599670592598e-01 1.333564190024913135e-08 5.139378851230122358e-34 1.377679379163721173e-34
2.500000000000000052e-04 9.947422804812183772e-01 2.751822832681374929e-03 1.900745103649944547e-17 6.420688765822817532e-20
5.000000000000000104e-04 9.758257037266750977e-01 1.308373410278120680e-02 3.192688751956165648e-15 4.610039361697216962e-17
7.500000000000001240e-04 9.378417896487920569e-01 3.400662984843108583e-02 5.083529126441296987e-14 1.776276962053328711e-15
1.000000000000000021e-03 8.755324648230486950e-01 6.833539996874413158e-02 2.914333281573446137e-13 1.990319853438070152e-14
1.250000000000000026e-03 7.863811430246573364e-01 1.126535810558340900e-01 8.853473597959958035e-13 1.086923694663271706e-13
1.500000000000000248e-03 6.740501076214695519e-01 1.601091172906120019e-01 1.600672190618082093e-12 3.561300643497942608e-13
1.750000000000000253e-03 5.497712872688688135e-01 1.933076445009790645e-01 1.552229564386262896e-12 7.491344817758384949e-13
2.000000000000000042e-03 4.287004040779140990e-01 1.925021407625450709e-01 2.340022334286974426e-13 9.448365815226399076e-13
2.250000000000000264e-03 3.232031317723602637e-01 1.583981589957337843e-01 2.104620590412516577e-12 4.291087126354920633e-13
2.500000000000000052e-03 2.388404099697338800e-01 1.211975908289703030e-01 2.618625710152985427e-11 1.936049723774257583e-13
2.750000000000000274e-03 1.751783618053055491e-01 9.375153049613377254e-02 1.232377367023538018e-10 7.526818633810299135e-12
3.000000000000000496e-03 1.287448829316472365e-01 7.492030529647314419e-02 3.929888707682294005e-10 4.535285674645644875e-11
3.250000000000000284e-03 9.542329207511407452e-02 6.110760447522065736e-02 1.043664170167932200e-09 1.667227126805508376e-10
3.500000000000000507e-03 7.160995448522032569e-02 5.058510823576280180e-02 2.396147622108061094e-09 4.743330293581595527e-10
3.749999999999999861e-03 5.452921057348386613e-02 4.231465652691857038e-02 5.030412667049842050e-09 1.145991428199037814e-09
4.000000000000000083e-03 4.217295196520397249e-02 3.564622038740479504e-02 9.793996909291726991e-09 2.471174664921413557e-09
4.250000000000000305e-03 3.313229936880302678e-02 3.010632124377955049e-02 1.816820471007586557e-08 4.920481226766935056e-09
4.500000000000000527e-03 2.643170832522360320e-02 2.551762237762847038e-02 3.216481712452981286e-08 9.293305707707219695e-09
4.750000000000000749e-03 2.139764108595920700e-02 2.165768636059229105e-02 5.345016053693674313e-08 1.711265726449195605e-08
5.000000000000000104e-03 1.756353302431222160e-02 1.841561816818703193e-02 8.266422032613954991e-08 3.207171371928741069e-08
5.250000000000000326e-03 1.460389016169201699e-02 1.565976714707295256e-02 1.123221634496621181e-07 6.484676677240155895e-08
5.500000000000000548e-03 1.228949488725454044e-02 1.332895253847503000e-02 1.129435963658545856e-07 1.493907715485884659e-07
5.750000000000000770e-03 1.045719346176488332e-02 1.137574490051245814e-02 5.579810132642317488e-08 3.215616084797552644e-07
6.000000000000000992e-03 8.989528095544345107e-03 9.760908315549007494e-03 2.683516695595484464e-08 5.110952925630274972e-07
6.250000000000000347e-03 7.800950992000083711e-03 8.407235318607262850e-03 3.325922490593701353e-08 7.446538159628503125e-07
6.500000000000000569e-03 6.828430094928749673e-03 7.291312067532579669e-03 8.385118564086167058e-08 1.081162980826312283e-06
6.750000000000000791e-03 6.024992973202418674e-03 6.377115107881181459e-03 2.312455416982283506e-07 1.592512400021048433e-06
7.000000000000001013e-03 5.355247570937287510e-03 5.595550971590994641e-03 5.338654020363212480e-07 2.387780829522403389e-06
7.250000000000001235e-03 4.792243196200756880e-03 4.962371199960981943e-03 9.272255876931731758e-07 3.631661848467345753e-06
7.499999999999999722e-03 4.315247937374235877e-03 4.427986387221074724e-03 1.732916192139498954e-06 5.598776892178810461e-06
7.750000000000000812e-03 3.908158668344458020e-03 3.979746152463402298e-03 1.353992270129837812e-03 8.747578450613827279e-06
8.000000000000000167e-03 3.558351955804381784e-03 3.591572079504579042e-03 1.565550547856393469e-03 1.387163864390859020e-05
8.250000000000000389e-03 3.255845295106012376e-03 3.269967637306247198e-03 1.790918721998311465e-03 2.240302753261024741e-05
8.500000000000000611e-03 2.992678914120802842e-03 2.991860174630854314e-03 2.025616861525266540e-03 3.684164137878612254e-05
8.750000000000000833e-03 2.762455862441553969e-03 2.753892619476328279e-03 2.267815603090038261e-03 6.235519473967342447e-05
9.000000000000001055e-03 2.559996799125354144e-03 2.551485620094381696e-03 2.500983076022425360e-03 1.126297751071199626e-04
9.250000000000001277e-03 2.381078640327787769e-03 2.371001710769202360e-03 2.697167452086790193e-03 2.159886113583818533e-04
9.500000000000001499e-03 2.222234732350947695e-03 2.213833105451968892e-03 2.787703072762677276e-03 4.407371063350023458e-04
9.750000000000001721e-03 2.080601317928164763e-03 2.075998521415754663e-03 2.573408986168206677e-03 9.856685205379357630e-04
1.000000000000000021e-02 1.953798455802572848e-03 1.952416181757316233e-03 1.968003015507783712e-03 1.936671871395862637e-03
