# time 1 2 D-1 D
0.000000000000000000e+00 9.999999744768063303e-01 9.730757012789661371e-09 2.292507857691166480e-35 5.168648660565598173e-35
2.500000000000000052e-04 9.993929807798023202e-01 6.902731973802925230e-06 4.004548846745181924e-28 3.545602535212236796e-26
5.000000000000000104e-04 9.973689471035481757e-01 1.309628863017823022e-04 1.132680801649603944e-23 1.887391306831300538e-22
7.500000000000001240e-04 9.933821196434365897e-01 8.173363824454307888e-04 4.819994539145832374e-21 3.079443818487647536e-20
1.000000000000000021e-03 9.863562801970580107e-01 3.126776821172460707e-03 3.634384103828177820e-19 1.178575359424935895e-18
1.250000000000000026e-03 9.744397188320856884e-01 8.970159975676034875e-03 1.045661791883188044e-17 2.003732006320327065e-17
1.500000000000000248e-03 9.550404535876900747e-01 2.084128021472047426e-02 1.613326453630644482e-16 2.016775123134398042e-16
1.750000000000000253e-03 9.255440521500301054e-01 4.059687670674391735e-02 1.574866900786392812e-15 1.407890058724813718e-15
2.000000000000000042e-03 8.847625111907362339e-01 6.765501201260953890e-02 1.095743209448715429e-14 7.538565522475574660e-15
2.250000000000000264e-03 8.342316419272770567e-01 9.781014513119201670e-02 5.862740643510230194e-14 3.322494319250128001e-14
2.500000000000000052e-03 7.780835512657146014e-01 1.165568250028790748e-01 2.534703764079582305e-13 1.269390155580307574e-13
2.750000000000000274e-03 7.214224117662060287e-01 1.004587024845424725e-01 9.222717074494470702e-13 4.361176104696331835e-13
3.000000000000000496e-03 6.685259126665604734e-01 8.723822192797313357e-02 2.865764430427993338e-12 1.378327853468302691e-12
3.250000000000000284e-03 6.219777729414042167e-01 8.338984523794532033e-02 7.773533913686379082e-12 4.045322720255241450e-12
3.500000000000000507e-03 5.827469655556708483e-01 8.365498672705565242e-02 1.851304777451314129e-11 1.100328823941588061e-11
3.749999999999999861e-03 5.506912492323748909e-01 8.440480943345260445e-02 3.896125385717632053e-11 2.746425103550425554e-11
4.000000000000000083e-03 5.250736170921961321e-01 8.467065760408443165e-02 7.341160794020118057e-11 6.213079757937209745e-11
4.250000000000000305e-03 5.049318120776676855e-01 8.452509408194780471e-02 1.278270227932927154e-10 1.262836626201620785e-10
4.500000000000000527e-03 4.892929530021967732e-01 8.449096809928292873e-02 2.159413346415936601e-10 2.305533746147296029e-10
4.750000000000000749e-03 4.772774918093006247e-01 8.381051133268152542e-02 3.783432611821253680e-10 3.812505900612610413e-10
5.000000000000000104e-03 4.681366599661394567e-01 8.350434917529178658e-02 7.393929220076854762e-10 5.787916956189035928e-10
5.250000000000000326e-03 4.612549908219572004e-01 8.322704259965563178e-02 1.520282852624731274e-09 8.186454666704146530e-10
5.500000000000000548e-03 4.561374026103969803e-01 8.268554500681708774e-02 2.326181270268073103e-09 1.093443703731595213e-09
5.750000000000000770e-03 4.523907122161797134e-01 8.253988689318246530e-02 2.801295786294064899e-09 1.395059870081444388e-09
6.000000000000000992e-03 4.497052470201176044e-01 8.222249716712470846e-02 3.113226303872874590e-09 1.716122364663827961e-09
6.250000000000000347e-03 4.478383570741531483e-01 8.217721462005642130e-02 3.335157993814831491e-09 2.050475960648174520e-09
6.500000000000000569e-03 4.466003624551869722e-01 8.214591587102595960e-02 3.480664245659577320e-09 2.397051514911756307e-09
6.750000000000000791e-03 4.458432253579961424e-01 8.204635206427073058e-02 3.563114146607596849e-09 2.747568699259580970e-09
7.000000000000001013e-03 4.454515993677239383e-01 8.209301123363774155e-02 3.577841332709108378e-09 3.107932315651502043e-09
7.250000000000001235e-03 4.453356053277722770e-01 8.222814034352930734e-02 3.527540482184077421e-09 3.479488209622784997e-09
7.499999999999999722e-03 4.454252404105614738e-01 8.235935493054935552e-02 3.409488761640388736e-09 3.870113760200883900e-09
7.750000000000000812e-03 4.456660467990595786e-01 8.255458357343102571e-02 3.230555330613185409e-09 4.278062593614443202e-09
8.000000000000000167e-03 4.460156995515102696e-01 8.273432739154457094e-02 3.000446439132686008e-09 4.698897403374524642e-09
8.250000000000000389e-03 4.464413655858335273e-01 8.304384982565965467e-02 2.705311134056049017e-09 5.151528814702452059e-09
8.500000000000000611e-03 4.469176440029188346e-01 8.329676162415111662e-02 2.360556434611235354e-09 5.625182652316115046e-09
8.750000000000000833e-03 4.474249539467185510e-01 8.359416191648252892e-02 1.966472823001981010e-09 6.123771235299220241e-09
9.000000000000001055e-03 4.479482815595582923e-01 8.389344555792724312e-02 1.550013724277753095e-09 6.624031373878402595e-09
9.250000000000001277e-03 4.484761994236134419e-01 8.421709395594766112e-02 1.127570027560774649e-09 7.112824966829401681e-09
9.500000000000001499e-03 4.490000570635537813e-01 8.449110060411343937e-02 7.432908452750158041e-10 7.548780530733399162e-09
9.750000000000001721e-03 4.495134259351439843e-01 8.487545053774056547e-02 4.250768959986924460e-10 7.906341047182391368e-09
1.000000000000000021e-02 4.500116404424062688e-01 8.523336631375770522e-02 1.845550185482980263e-10 8.175922419213458416e-09
