# time 1 2 D-1 D
0.000000000000000000e+00 9.999999768669115552e-01 1.016565380626425565e-08 4.685167834072392176e-34 2.827063913727601991e-35
2.500000000000000486e-03 9.993507620617078091e-01 2.065889413887330560e-06 1.945120495325849549e-16 1.326119466543456701e-21
5.000000000000000971e-03 9.972419710156938955e-01 4.569429704715702014e-05 5.937857618194588248e-14 6.540776624752051099e-18
7.500000000000001457e-03 9.933218356617466993e-01 3.139410273590121725e-04 1.774956751416432177e-12 1.009775663759466532e-15
1.000000000000000194e-02 9.869474381767997517e-01 1.347318619817027691e-03 1.993973666710327031e-11 3.657713363361440975e-14
1.250000000000000069e-02 9.768931949995465214e-01 4.421179628321530997e-03 1.281866925144820705e-10 5.806150810449007002e-13
1.500000000000000291e-02 9.610578872127940597e-01 1.193406584640978492e-02 5.615452490585887694e-10 5.293858002716379018e-12
1.750000000000000167e-02 9.367937291672118194e-01 2.703658672653900391e-02 1.844649219226554357e-09 3.189235280253162535e-11
2.000000000000000389e-02 9.027878255299898180e-01 5.115931713166103206e-02 4.799282816031970911e-09 1.381642595271300484e-10
2.250000000000000264e-02 8.616340498747276921e-01 7.981627400059738975e-02 1.032463912553333231e-08 4.584101858503218371e-10
2.500000000000000139e-02 8.195037661783046712e-01 1.023152548190117417e-01 1.899067099554106186e-08 1.232201254836457761e-09
2.750000000000000361e-02 7.823325578951422221e-01 1.119704840680994379e-01 3.082729683799786229e-08 2.835753006153094221e-09
3.000000000000000583e-02 7.530010865648815166e-01 1.115786844397243099e-01 4.542456685209258482e-08 5.885970220372580182e-09
3.250000000000000111e-02 7.315610761363844361e-01 1.071426445255296428e-01 6.183548756658692001e-08 1.160211632655904822e-08
3.500000000000000333e-02 7.166832514924976749e-01 1.004048765893935935e-01 7.835470052955372200e-08 2.217013441574280794e-08
3.750000000000000555e-02 7.067507511341193371e-01 9.295406445950919749e-02 9.241475782213752659e-08 4.109167114430965104e-08
4.000000000000000777e-02 7.003512910523034263e-01 8.591565917622562276e-02 9.963202053518751877e-08 7.365793054081324649e-08
4.250000000000000999e-02 6.964033321469462745e-01 7.972848887283907893e-02 9.970868229662006655e-08 1.203799919066556134e-07
4.500000000000000527e-02 6.941297480626157368e-01 7.428161259989327081e-02 9.398225468806161411e-08 1.786248248748130304e-07
4.750000000000000749e-02 6.929898809436176865e-01 6.975479467969820935e-02 9.572675379600762776e-08 2.327107984140242322e-07
5.000000000000000278e-02 6.926131064641148916e-01 6.597132582829355607e-02 1.399666593895747309e-07 2.452344574510003114e-07
5.250000000000000500e-02 6.927467465578384109e-01 6.292373382980630259e-02 4.409796569810732559e-07 1.496621877544722695e-10
5.500000000000000722e-02 6.932184843040427591e-01 6.037417043386007071e-02 4.719539287767109971e-07 2.308568963165155929e-08
5.750000000000000944e-02 6.939104011141612460e-01 5.831841691939108896e-02 5.167407118174298259e-07 2.942543212199947145e-08
6.000000000000001166e-02 6.947414722875547843e-01 5.656573517370506315e-02 5.597243654604971814e-07 3.429931318479292851e-08
6.250000000000000000e-02 6.956557744863779424e-01 5.511862430081986008e-02 6.021442006749485221e-07 3.617568332063800981e-08
6.500000000000000222e-02 6.966145974745551195e-01 5.398569641563591426e-02 6.431553947996369184e-07 3.574282570022275332e-08
6.750000000000000444e-02 6.975911539028960551e-01 5.297111893631720886e-02 6.789758396935549211e-07 3.672976935590584171e-08
7.000000000000000666e-02 6.985668919455670922e-01 5.211949958964334773e-02 7.107560269065690703e-07 3.800753287529863686e-08
7.250000000000000888e-02 6.995290829899507568e-01 5.144468858068747957e-02 7.394349648465871485e-07 3.871956505398437659e-08
7.500000000000001110e-02 7.004690835302213037e-01 5.079903676960124959e-02 7.653781616092433643e-07 3.863392741205752764e-08
7.750000000000001332e-02 7.013811493129754604e-01 5.028094320857321581e-02 7.882926305854564523e-07 3.821192458804225466e-08
8.000000000000001554e-02 7.022616370839552813e-01 4.982923580133551827e-02 8.075845447119615284e-07 3.824880812272864745e-08
8.250000000000001776e-02 7.031083202908688934e-01 4.949360007360840974e-02 8.237089617853619062e-07 3.850445486211680841e-08
8.500000000000001998e-02 7.039200867203012635e-01 4.915456057715947291e-02 8.365295387458649785e-07 3.934667545029841847e-08
8.750000000000000833e-02 7.046965246912945124e-01 4.886099141553401637e-02 8.485868665283366064e-07 3.846720410662135928e-08
9.000000000000001055e-02 7.054377591890845789e-01 4.865107954765277715e-02 8.567006166347672313e-07 3.927677146966636699e-08
9.250000000000001277e-02 7.061443124298426577e-01 4.843276268760580983e-02 8.645532687808594962e-07 3.832045365994763918e-08
9.500000000000001499e-02 7.068168913429961897e-01 4.825240019888235588e-02 8.689893840715746977e-07 3.896500307149543997e-08
9.750000000000001721e-02 7.074564502704127067e-01 4.811903151929283751e-02 8.731621729816317326e-07 3.826355220225464015e-08
1.000000000000000056e-01 7.080647453114217171e-01 4.798952283696072268e-02 8.750414738966908648e-07 3.842028130439953008e-08
