# time 1 2 D-1 D
0.000000000000000000e+00 9.999999653152854551e-01 7.886842839505736699e-09 1.223707986305232894e-35 4.291183453650031644e-35
5.000000000000000104e-04 9.995927959267990603e-01 1.211048686906703434e-07 2.767567771793500427e-30 8.079825423469716989e-29
1.000000000000000021e-03 9.982887759268922467e-01 2.647503530558647826e-06 6.016984087653921860e-26 4.248759365557860015e-25
1.500000000000000248e-03 9.959574798507064841e-01 1.604442262703858414e-05 2.292897338654553871e-23 6.779055238261113081e-23
2.000000000000000042e-03 9.924594741001974141e-01 5.985383748279177218e-05 1.605616079968456204e-21 2.500200211831748750e-21
2.500000000000000052e-03 9.876439107770939030e-01 1.733223938241492952e-04 4.276452113751805277e-20 3.994605276233034283e-20
3.000000000000000496e-03 9.813418868307232090e-01 4.265597793792260534e-04 5.989835613016197354e-19 3.638778738335405109e-19
3.500000000000000507e-03 9.733530660350209196e-01 9.499178002244464862e-04 5.266206757979211659e-18 2.175548492257076292e-18
4.000000000000000083e-03 9.634211634823407477e-01 1.944165078775958715e-03 3.068708654619633427e-17 9.247440412441561016e-18
4.500000000000000527e-03 9.511923455948685380e-01 3.754434765131961765e-03 1.187893540410931712e-16 2.935043902215459621e-17
5.000000000000000104e-03 9.361540230122696871e-01 6.934102658996980396e-03 2.637730831992070919e-16 7.191202514106828484e-17
5.500000000000000548e-03 9.175646216761597085e-01 1.227302781152435004e-02 1.374440439208290444e-16 1.396319265150050625e-16
6.000000000000000992e-03 8.944115236057669227e-01 2.084166693702573306e-02 1.975013035721281031e-17 2.200393065301031083e-16
6.500000000000000569e-03 8.654733887309605800e-01 3.395785991084440680e-02 2.939372925172354217e-16 2.879422117449727443e-16
7.000000000000001013e-03 8.295884985898642761e-01 5.274460019986468295e-02 5.065253413925823878e-16 3.194866968707331440e-16
7.499999999999999722e-03 7.861752608310292878e-01 7.781407867513615018e-02 5.053751633062668483e-16 3.053421090443105562e-16
8.000000000000000167e-03 7.358385598435871477e-01 1.078204832871396956e-01 3.123203035659476172e-16 2.534089861528233263e-16
8.500000000000000611e-03 6.806327900059727654e-01 1.369575255977230066e-01 1.072396871544231735e-16 1.818001288728099321e-16
9.000000000000001055e-03 6.236234940344186350e-01 1.411418958569461424e-01 5.173990157276182285e-18 1.103393486708054433e-16
9.500000000000001499e-03 5.679363273984976423e-01 8.321168500003231494e-02 3.582427459674035382e-17 5.359324643414600142e-17
1.000000000000000021e-02 5.159210616929836846e-01 4.196645567725232340e-02 1.074295472951410295e-16 1.815970884529079712e-17
1.050000000000000065e-02 4.688515224949069138e-01 2.684197899719356628e-02 1.948416759288259278e-16 2.630942229524987111e-18
1.100000000000000110e-02 4.270886416680861886e-01 2.029349108815844266e-02 2.643025472418300933e-16 1.590089433786867756e-19
1.150000000000000154e-02 3.904152513140790592e-01 1.693512598279629452e-02 1.976391456578955726e-16 2.213715743288299418e-18
1.200000000000000198e-02 3.583335397711783221e-01 1.514376554706706700e-02 1.275184823441418681e-16 2.849544496515332112e-18
1.250000000000000069e-02 3.302589612319965506e-01 1.402553561425218254e-02 5.776288718840366350e-17 1.044957491326843135e-18
1.300000000000000114e-02 3.056230468160457403e-01 1.335623695274277753e-02 1.214577010924719100e-17 3.797653087710537101e-19
1.350000000000000158e-02 2.839172792980846904e-01 1.286097945321007692e-02 1.290900529912454542e-18 5.271815432233831545e-18
1.400000000000000203e-02 2.647045834685041732e-01 1.242339844075590789e-02 1.556854210476290328e-17 1.439031078040387039e-17
1.450000000000000247e-02 2.476165870065502317e-01 1.196244802431505570e-02 2.879341249166377757e-17 1.948065321416679455e-17
1.499999999999999944e-02 2.323410089940704804e-01 1.136106820803201543e-02 1.432952770259712386e-17 9.036815322508267398e-18
1.550000000000000162e-02 2.186102139588701476e-01 1.044795444802604570e-02 4.261387658130091480e-18 2.405233375692705962e-18
1.600000000000000033e-02 2.061846296532242884e-01 9.210710606472726630e-03 1.353726185941463194e-16 1.104225743563385660e-16
1.650000000000000078e-02 1.948339327412886846e-01 7.589322026086382095e-03 7.992765219292152331e-16 6.464043164828245297e-16
1.700000000000000122e-02 1.843104894966870466e-01 5.597182694010494931e-03 2.781219626953351270e-15 2.256579221845787218e-15
1.750000000000000167e-02 1.743116965011870245e-01 3.433913539212937564e-03 7.999144811695730643e-15 5.981157236590220573e-15
1.800000000000000211e-02 1.644324364422207752e-01 1.414759525314076552e-03 1.780825740073323049e-14 1.321977138495365323e-14
1.850000000000000255e-02 1.541231965939138526e-01 1.539947769278782771e-04 3.635339157364343077e-14 2.482898474212625756e-14
1.900000000000000300e-02 1.427816155129733589e-01 2.747096897860434308e-04 6.843344389594411272e-14 4.062559306655296752e-14
1.950000000000000344e-02 1.300255192190710452e-01 2.220141479568711260e-03 1.296516197877041958e-13 4.811884270891187945e-14
2.000000000000000042e-02 1.161301953393595876e-01 5.793120190671565903e-03 2.672100110748066660e-13 7.217885539375330476e-16
