# time 1 2 D-1 D
0.000000000000000000e+00 9.999999379384704179e-01 2.766265168546017398e-08 2.641522060163324922e-35 3.233757408463266059e-38
2.500000000000000052e-04 9.990525447782778734e-01 1.648508947046629721e-06 1.691929529085246985e-33 2.036934263658284904e-36
5.000000000000000104e-04 9.960051232395953358e-01 2.995027888689427034e-05 3.256714080769868300e-29 9.421522018638362203e-34
7.500000000000001240e-04 9.904875089818584444e-01 1.814118431792979770e-04 1.112737403462574739e-26 3.268730462234194618e-30
1.000000000000000021e-03 9.819846660772154623e-01 6.613072536967642013e-04 6.255057326597855659e-25 1.130129713317737671e-27
1.250000000000000026e-03 9.697291189474492867e-01 1.626526288131091135e-03 1.254802498639712688e-23 1.125509104588430198e-25
1.500000000000000248e-03 9.526091801881636512e-01 2.810967168298243550e-03 1.070286555169815248e-22 4.922766619521729414e-24
1.750000000000000253e-03 9.292435717128962880e-01 4.149857043793121758e-03 4.700390191995788224e-22 1.180668072595010461e-22
2.000000000000000042e-03 8.984069959146711026e-01 6.101156718539421479e-03 5.950991359699772515e-22 1.767496436375471081e-21
2.250000000000000264e-03 8.597218747584820520e-01 9.342107006812039316e-03 3.430521931396798398e-22 1.787674476200847943e-20
2.500000000000000052e-03 8.140176479784426711e-01 1.470318813028194047e-02 3.207013612273223384e-20 1.287359924276596387e-19
2.750000000000000274e-03 7.627902787375137050e-01 2.344672639252756013e-02 2.714373268608693286e-19 6.825917454067016820e-19
3.000000000000000496e-03 7.071427486422817710e-01 3.696877251853781382e-02 9.786190936486323431e-19 2.725634365168352906e-18
3.250000000000000284e-03 6.472237751954594831e-01 5.676396857470342866e-02 2.223398679164770698e-18 8.342607714555489866e-18
3.500000000000000507e-03 5.826947972451004265e-01 8.362085769803681568e-02 3.872217422285852505e-18 1.996409866180058699e-17
3.749999999999999861e-03 5.139191185383010785e-01 1.171503363259454311e-01 7.391037250942236684e-18 3.850190968117154656e-17
4.000000000000000083e-03 4.429815961180807449e-01 1.541657751160829815e-01 1.709817127768022573e-17 6.271984646564541038e-17
4.250000000000000305e-03 3.735558827138039661e-01 1.909401235130562535e-01 4.300933326999976939e-17 9.210671589047443011e-17
4.500000000000000527e-03 3.095242115887748002e-01 2.197878320792499562e-01 1.042177931879007964e-16 1.317073264942337892e-16
4.750000000000000749e-03 2.534947743931640352e-01 1.841163614583606056e-01 2.151609056123306121e-16 1.968203450058343150e-16
5.000000000000000104e-03 2.063002857265489043e-01 1.054156468011145376e-01 3.955584254779757528e-16 3.180184201180937861e-16
5.250000000000000326e-03 1.674230948932290686e-01 7.581993748294854618e-02 6.103990005715507305e-16 5.488728364860864114e-16
5.500000000000000548e-03 1.356888424074393085e-01 6.310089388656257847e-02 8.097551909481018921e-16 9.730769871843617410e-16
5.750000000000000770e-03 1.097911161570661737e-01 5.725918117606860341e-02 1.003309165840706106e-15 1.702307235485114304e-15
6.000000000000000992e-03 8.858226015692220734e-02 5.384539111654345483e-02 1.217798977415890245e-15 2.865965768480240413e-15
6.250000000000000347e-03 7.104355272393221565e-02 5.202532654275206919e-02 1.262859329246856248e-15 4.588600288527008548e-15
6.500000000000000569e-03 5.664525648602679320e-02 5.072640981999680665e-02 1.027143096143722092e-15 6.982619545651236958e-15
6.750000000000000791e-03 4.474864402518805712e-02 4.962760165528761619e-02 1.034343873265415223e-15 1.011717297906604838e-14
7.000000000000001013e-03 3.502259464877568312e-02 4.853375053062723016e-02 1.180224797141373578e-15 1.403019058637066870e-14
7.250000000000001235e-03 2.719792326088610671e-02 4.716917981052565906e-02 5.555059335655227973e-15 1.876217452425875721e-14
7.499999999999999722e-03 2.089018380040063086e-02 4.549831458915732513e-02 3.640503459218407465e-13 2.431947148351519068e-14
7.750000000000000812e-03 1.598435561643771555e-02 4.344451218782618973e-02 4.011852815558331509e-13 3.071706115525527264e-14
8.000000000000000167e-03 1.218021136307955408e-02 4.091510130180084359e-02 4.280181057558893309e-13 3.807529562912523851e-14
8.250000000000000389e-03 9.212691223879840297e-03 3.824785951554444258e-02 4.625478246540832457e-13 4.640546350441902906e-14
8.500000000000000611e-03 6.957168649300736127e-03 3.504158632517451882e-02 5.032482488317632898e-13 5.584276277419995673e-14
8.750000000000000833e-03 5.245765548484735384e-03 3.142416647911029648e-02 5.535349430304611028e-13 6.660124261610564793e-14
9.000000000000001055e-03 3.936224221457808141e-03 2.730113462746043204e-02 6.148007078158364098e-13 7.877483770214794671e-14
9.250000000000001277e-03 2.937949632564347286e-03 2.264026611444475492e-02 6.872745647911351672e-13 9.254097001987779740e-14
9.500000000000001499e-03 2.176638521475472016e-03 1.693626831200075941e-02 7.716591475024963429e-13 1.082097965444576596e-13
9.750000000000001721e-03 1.596095265262239106e-03 1.089653625802838345e-02 8.692101088022691624e-13 1.258344043027994948e-13
1.000000000000000021e-02 1.154000566424043380e-03 5.541428297270317889e-03 9.802929150080870665e-13 1.455737824382540037e-13
