# time 1 2 D-1 D
0.000000000000000000e+00 9.999999379384704179e-01 2.766265168546017398e-08 2.641522060163324922e-35 3.233757408463266059e-38
1.250000000000000243e-03 9.990510816546496198e-01 2.572504189467528506e-06 1.629654708148254371e-33 7.645305055152768362e-39
2.500000000000000486e-03 9.959781546523139850e-01 4.687243417374012015e-05 3.266170645052423991e-29 6.607862987901832131e-34
3.750000000000000729e-03 9.903275498126058451e-01 2.802378833091657409e-04 1.125972023993524182e-26 2.355208274719926432e-30
5.000000000000000971e-03 9.813969043034415085e-01 1.001617916836748884e-03 6.465016413039814906e-25 8.142834595709810303e-28
6.250000000000000347e-03 9.680889017644420669e-01 2.399770956005971723e-03 1.355067547449691163e-23 8.076053892887318165e-26
7.500000000000001457e-03 9.488187642252091658e-01 4.008699365316010198e-03 1.269293585713477952e-22 3.506146409355752990e-24
8.750000000000000833e-03 9.216776877827261849e-01 5.680233666096079145e-03 6.773763217527428003e-22 8.321861224349259141e-23
1.000000000000000194e-02 8.850637027839748372e-01 7.978370225113672748e-03 1.584060913315975147e-21 1.231513018989555388e-21
1.125000000000000132e-02 8.386210963263058815e-01 1.165103675236809494e-02 5.720942045193169085e-22 1.230775139483278230e-20
1.250000000000000069e-02 7.837085447487088796e-01 1.749686222889158815e-02 8.582590337835504746e-21 8.729044699345573940e-20
1.375000000000000180e-02 7.227227358014816083e-01 2.667922323077507457e-02 1.664040361948036512e-19 4.526071197196575442e-19
1.500000000000000291e-02 6.577812933042488375e-01 4.032137570513456143e-02 1.009975106422955297e-18 1.740390257817210344e-18
1.625000000000000056e-02 5.899820591981038698e-01 5.950578703226056670e-02 4.305968355206914319e-18 4.984395153963581749e-18
1.750000000000000167e-02 5.197944056247210121e-01 8.448921645250036250e-02 1.551205666974092942e-17 1.064275480089018914e-17
1.875000000000000278e-02 4.481550470695007671e-01 1.143927367617273427e-01 5.198469310818466725e-17 1.708083929060143102e-17
2.000000000000000389e-02 3.773222032978448270e-01 1.458268339817312131e-01 1.526908092510151993e-16 2.137881283621513696e-17
2.125000000000000500e-02 3.106270946511298647e-01 1.751793008353201009e-01 3.789441928061114444e-16 2.340323261470754541e-17
2.250000000000000264e-02 2.512023643913294801e-01 1.952051861988603476e-01 7.973396482046178768e-16 2.913411516894025443e-17
2.375000000000000375e-02 2.007968650665403199e-01 1.565723414202830621e-01 1.401864529376673704e-15 5.514598675184177358e-17
2.500000000000000139e-02 1.595401743965139396e-01 8.531472724760204296e-02 2.168671696647053499e-15 1.508516818209868356e-16
2.625000000000000250e-02 1.264666999520465684e-01 5.896631636565097950e-02 2.837013615151148574e-15 4.519164930334303035e-16
2.750000000000000361e-02 1.001756400886237297e-01 4.746923788423401680e-02 3.196133583001458640e-15 1.238030995291485427e-15
2.875000000000000472e-02 7.927634954369976172e-02 4.187148144624061596e-02 3.337156568410504640e-15 2.947626422504530023e-15
3.000000000000000583e-02 6.260370646550467155e-02 3.837846606096795982e-02 3.396060172006157864e-15 6.116278213432390979e-15
3.125000000000000000e-02 4.917849307899112288e-02 3.622603960843034238e-02 2.896538413989735635e-15 1.125802024136942528e-14
3.250000000000000111e-02 3.843358257729596189e-02 3.456466645773118018e-02 1.790812762102628970e-15 1.875527737718821122e-14
3.375000000000000222e-02 2.977893325563871901e-02 3.313037004799348345e-02 1.333475221360185526e-15 2.880151121909993206e-14
3.500000000000000333e-02 2.287374932275064096e-02 3.178064757593225542e-02 1.162937527236313748e-15 4.137540404591067941e-14
3.625000000000000444e-02 1.744170737906488092e-02 3.032402654454086077e-02 8.437546029608177458e-15 5.636087972315032403e-14
3.750000000000000555e-02 1.316033028757575794e-02 2.873323346922544708e-02 8.602970781906072862e-13 7.357578362197505443e-14
3.875000000000000666e-02 9.894862591676841998e-03 2.696994172660422545e-02 9.173767534889476742e-13 9.286536542293760854e-14
4.000000000000000777e-02 7.410363073873555383e-03 2.497211386449797038e-02 9.453074657040563219e-13 1.141984611675428241e-13
4.125000000000000888e-02 5.509324953858718045e-03 2.296178591959064166e-02 9.953929086029874732e-13 1.377131015897794150e-13
4.250000000000000999e-02 4.088741946320875731e-03 2.068405052496443200e-02 1.061661834918536514e-12 1.635313430913784441e-13
4.375000000000000416e-02 3.029532479205552121e-03 1.822589070865807473e-02 1.152651097117959938e-12 1.920525236867734749e-13
4.500000000000000527e-02 2.232717563918393266e-03 1.553821903071510996e-02 1.271564957262384776e-12 2.237121591116158252e-13
4.625000000000000638e-02 1.635671314976511670e-03 1.261416482833174757e-02 1.418737779763139620e-12 2.589348492224840617e-13
4.750000000000000749e-02 1.188283345719244946e-03 9.178246016645632069e-03 1.594086798777234292e-12 2.981822381308017826e-13
4.875000000000000860e-02 8.532902727341967015e-04 5.679036935231646620e-03 1.800313102182737586e-12 3.420731302434909984e-13
5.000000000000000278e-02 6.030630564879104144e-04 2.708776945875803008e-03 2.040443913934951542e-12 3.909408307991274695e-13
