# time 1 2 D-1 D
0.000000000000000000e+00 9.999999743770330296e-01 2.163052234318187715e-09 8.952124165480980630e-36 6.407036550931684893e-35
1.250000000000000243e-03 9.994603074362021777e-01 2.302086804858646341e-07 2.516150695846754996e-30 4.830589374660174864e-28
2.500000000000000486e-03 9.977344265174774574e-01 4.181278903218135033e-06 1.710220982287154168e-26 2.601421315717676803e-24
3.750000000000000729e-03 9.946569055908804913e-01 2.498301127645237166e-05 7.022816613097625397e-24 4.368385410099485945e-22
5.000000000000000971e-03 9.900548589049202874e-01 9.458701535394532279e-05 6.681729737943905568e-22 1.759529056021101117e-20
6.250000000000000347e-03 9.837409633645579632e-01 2.789955306815654584e-04 2.478933263155298150e-20 3.224005632476386660e-19
7.500000000000001457e-03 9.754948636610657475e-01 7.004391553892872326e-04 5.369384957523562028e-19 3.574419519014328607e-18
8.750000000000000833e-03 9.650312701575078922e-01 1.561586224364791727e-03 7.440295129225572603e-18 2.786934686215852555e-17
1.000000000000000194e-02 9.519630780480771159e-01 3.163308342663129300e-03 7.293653419377237433e-17 1.665453859224029348e-16
1.125000000000000132e-02 9.357836988558324576e-01 5.918811986763722333e-03 5.678805004423601411e-16 8.019673306676083308e-16
1.250000000000000069e-02 9.158982096224902447e-01 1.031279479561097653e-02 3.480153031883688815e-15 3.199855647452551879e-15
1.375000000000000180e-02 8.917133532395714601e-01 1.691791641534393098e-02 1.766845094556068369e-14 1.073074032231847290e-14
1.500000000000000291e-02 8.627569683424172187e-01 2.633110761492558557e-02 7.575839139143890570e-14 3.045174691786186511e-14
1.625000000000000056e-02 8.287870062520038550e-01 3.913549368638123693e-02 2.755615484714893526e-13 7.347217695862530024e-14
1.750000000000000167e-02 7.898853557751764898e-01 5.567894722925067347e-02 8.675353140452386916e-13 1.517466757036180688e-13
1.875000000000000278e-02 7.465586371116011977e-01 7.586940425868465843e-02 2.356322968150118056e-12 2.712861382796600759e-13
2.000000000000000389e-02 6.998206382306398909e-01 9.927580870527046020e-02 5.521581132609740768e-12 4.261437386008199023e-13
2.125000000000000500e-02 6.511554309558923448e-01 1.246413242891154655e-01 1.100564600304538475e-11 5.980026850760200304e-13
2.250000000000000264e-02 6.022880705919964051e-01 1.513620245127460795e-01 1.818631148059492519e-11 7.614665114985336763e-13
2.375000000000000375e-02 5.548318545456428774e-01 1.771990615627818122e-01 2.475930319265658653e-11 8.912186000837688116e-13
2.500000000000000139e-02 5.099881363098209830e-01 1.372714004191220305e-01 2.857022382054655046e-11 9.676717073902551771e-13
2.625000000000000250e-02 4.684280007518118460e-01 7.811699128408175485e-02 2.914739607681753001e-11 9.799292163375315796e-13
2.750000000000000361e-02 4.303521093546552878e-01 7.317661757599511207e-02 2.694529612792467728e-11 9.265075259198937482e-13
2.875000000000000472e-02 3.956411306942402284e-01 7.017545284616719115e-02 2.292259017992974126e-11 8.147558319114273003e-13
3.000000000000000583e-02 3.640110016829714579e-01 4.122446125885320667e-02 1.771635090928234118e-11 6.595131335858850193e-13
3.125000000000000000e-02 3.351285343102051728e-01 2.542881075847026884e-02 1.228268987183160540e-11 4.813198094799524821e-13
3.250000000000000111e-02 3.086791076142529344e-01 1.871338340758352606e-02 7.503111092111730376e-12 3.041055448143462856e-13
3.375000000000000222e-02 2.843958140323666339e-01 1.530222781616069443e-02 2.073667342911510146e-12 1.523108165531350180e-13
3.500000000000000333e-02 2.620638475840282866e-01 1.325148923637711577e-02 2.710019054770795843e-13 4.724817063863268498e-14
3.625000000000000444e-02 2.415112757013803957e-01 1.130760604796695809e-02 5.872258446957299093e-14 2.775643326424839451e-15
3.750000000000000555e-02 2.225970260256507904e-01 9.497361953944299592e-03 7.457791278265630703e-13 2.128586654720246369e-14
3.875000000000000666e-02 2.051901084631991556e-01 7.704024128175212920e-03 2.548210865719894841e-12 9.104657354393219631e-14
4.000000000000000777e-02 1.891622974773858046e-01 5.834915881125202729e-03 5.721104371650198852e-12 1.864839616982858818e-13
4.125000000000000888e-02 1.743282629760794233e-01 3.998022492245044586e-03 1.059253579401074305e-11 2.728240231365161603e-13
4.250000000000000999e-02 1.606019043433226934e-01 2.337918199342650487e-03 1.730735123434242145e-11 3.156604603370724473e-13
4.375000000000000416e-02 1.477092799082518337e-01 1.006607042558819607e-03 2.606479395504495992e-11 2.936221746106101877e-13
4.500000000000000527e-02 1.353830032260090743e-01 1.701460340934701060e-04 3.677785521465543419e-11 2.102397403560123128e-13
4.625000000000000638e-02 1.234137049387124679e-01 5.304064088822369643e-05 4.939401265021525901e-11 1.006333089749530479e-13
4.750000000000000749e-02 1.116084930687534504e-01 7.887319094016039152e-04 6.371493979611931509e-11 2.940490594975463421e-14
4.875000000000000860e-02 9.997736161114882669e-02 2.313969583791832072e-03 7.946919158277765686e-11 8.032943980514188691e-14
5.000000000000000278e-02 8.876778341764887670e-02 4.324908326130269196e-03 9.632317689559035686e-11 3.409562344733203319e-13
