# time 1 2 D-1 D
0.000000000000000000e+00 9.999999600449063220e-01 2.796647167287826417e-09 2.498665919185134759e-36 3.434062105020864787e-36
5.000000000000000104e-04 9.973726669599092265e-01 3.985191944271415524e-04 2.300292787856255343e-33 1.230311532450843450e-34
1.000000000000000021e-03 9.885879235850441038e-01 1.915910930359542713e-03 3.746722878981611246e-29 1.238348140281895299e-29
1.500000000000000248e-03 9.721000167911595380e-01 5.115546269325591672e-03 1.747340394870798449e-26 1.066062027911045290e-26
2.000000000000000042e-03 9.461279779916379473e-01 1.103153668335654300e-02 1.541172365451835968e-24 1.400739663541717929e-24
2.500000000000000052e-03 9.087562896389576039e-01 2.051966476053287969e-02 5.623559217800062007e-23 6.607097396760367757e-23
3.000000000000000496e-03 8.581805441723981964e-01 3.444513789945004983e-02 1.182379327433634475e-21 1.637328095738345428e-21
3.500000000000000507e-03 7.931691126609669018e-01 4.938536441300543645e-02 1.577084061181946508e-20 2.613414406474840420e-20
4.000000000000000083e-03 7.137574225175996601e-01 5.166743121100102892e-02 1.518671288556515182e-19 3.035548075608941333e-19
4.500000000000000527e-03 6.220203513943934892e-01 5.094986836165626976e-02 1.018167142447807263e-18 2.776327278702290921e-18
5.000000000000000104e-03 5.225052758811640219e-01 5.214864098588332247e-02 3.698249972725469646e-18 2.109551862697683334e-17
5.500000000000000548e-03 4.217988745949365903e-01 5.570786088881627546e-02 1.916540714363678448e-18 1.382511685519829851e-16
6.000000000000000992e-03 3.270763552713095157e-01 5.872214931388954062e-02 2.347713096098543712e-17 8.022242324539029868e-16
6.500000000000000569e-03 2.442223074004592487e-01 5.856604372135691683e-02 5.038463748751433900e-16 4.196318185246370579e-15
7.000000000000001013e-03 1.764997537818982776e-01 3.217987006466906802e-02 4.000062771023631486e-15 2.002267136866694158e-14
7.499999999999999722e-03 1.243387854897183564e-01 1.603506963086096969e-03 2.155922050449105772e-14 8.778410536826981044e-14
8.000000000000000167e-03 8.606946087953942781e-02 1.540597600128138964e-04 8.601096723484445984e-14 3.547790110135490321e-13
8.500000000000000611e-03 5.900198255781125001e-02 9.292386600077400869e-06 2.671941767383877426e-13 1.319458320865036761e-12
9.000000000000001055e-03 4.032805562204280075e-02 6.359984878387914174e-08 6.199131840181124113e-13 4.481388909701091751e-12
9.500000000000001499e-03 2.763046723828357573e-02 2.696365373449528638e-06 1.032195068349342433e-12 1.374675010129157368e-11
1.000000000000000021e-02 1.904931712829465579e-02 4.121156165715474910e-06 1.014497550895936132e-12 3.777796148768733294e-11
1.050000000000000065e-02 1.324922931316518775e-02 3.440683263426097278e-06 1.608811377174523155e-13 9.296264565555145650e-11
1.100000000000000110e-02 9.311090982593544021e-03 2.547633507592824032e-06 2.373141307945027442e-12 2.059475002455718049e-10
1.150000000000000154e-02 6.617024372068417738e-03 1.712917760354426103e-06 6.580011006437772912e-11 4.134570655739001241e-10
1.200000000000000198e-02 4.757016710561446683e-03 1.001214324297718441e-06 4.299025705283791593e-09 7.554014163367821793e-10
1.250000000000000069e-02 3.459288709371199401e-03 6.460705547123401623e-07 1.261600814010628664e-08 1.256174256121278938e-09
1.300000000000000114e-02 2.544091287593698483e-03 3.774897062292800857e-07 2.858657170571938544e-08 1.890304314259757587e-09
1.350000000000000158e-02 1.891377844261333012e-03 1.894732168727689131e-07 6.310122261001951156e-08 2.535047114936604794e-09
1.400000000000000203e-02 1.420552496791705269e-03 7.377576095607952015e-08 1.323915033613645930e-07 2.929458189167291274e-09
1.450000000000000247e-02 1.076990177921320797e-03 6.346838932078317392e-08 2.748578851563562651e-07 2.696323970583442493e-09
1.499999999999999944e-02 8.234936234691932764e-04 3.726522464264176141e-08 5.524612486916193810e-07 1.569798859121400792e-09
1.550000000000000162e-02 6.342747710638751762e-04 2.704002761306148111e-08 1.071864640671665907e-06 1.263927640975512274e-10
1.600000000000000033e-02 4.914118244406842076e-04 9.370372177340421151e-09 2.006311097315708323e-06 1.743171863001542005e-09
1.650000000000000078e-02 3.822728133667245196e-04 2.874747907925238104e-09 3.603629619915291180e-06 1.738649112776915165e-08
1.700000000000000122e-02 2.979323269335416467e-04 4.570985640522757226e-09 6.129184673924603695e-06 7.716933508746397885e-08
1.750000000000000167e-02 2.320589155544064246e-04 3.272977870229371628e-09 1.002373656714716651e-05 2.591559657097610674e-07
1.800000000000000211e-02 1.800620653743340233e-04 9.227856060660924345e-08 1.521798152002811103e-05 7.652601094934708434e-07
1.850000000000000255e-02 1.390138009645240408e-04 3.316772510633639506e-08 2.161839053401544072e-05 2.126477979147601997e-06
1.900000000000000300e-02 1.054266247871097202e-04 1.091485949398335677e-06 2.827576849141270041e-05 5.531656189375089180e-06
1.950000000000000344e-02 7.075073567407845780e-05 1.022080941692834800e-05 3.210109309476118504e-05 1.395483423118938129e-05
2.000000000000000042e-02 4.478910790176387303e-05 1.638498727167321832e-05 3.051699852509111687e-05 3.039827367902976548e-05
