# time 1 2 D-1 D
0.000000000000000000e+00 9.999999882329664302e-01 2.138462188741341415e-09 9.513936996777111408e-35 5.146784465640304480e-34
2.500000000000000052e-04 9.999994460176969691e-01 2.679768166985559983e-07 2.613003289767237205e-23 1.078035602429857984e-24
5.000000000000000104e-04 9.999903534359059210e-01 4.822476516820275953e-06 1.189677149954222175e-22 1.504489660075707476e-24
7.500000000000001240e-04 9.999406512902563327e-01 3.137387785923337775e-05 1.230250236697659841e-22 1.154311174724083235e-25
1.000000000000000021e-03 9.997702406733330882e-01 1.276868314471283066e-04 4.240487750477585802e-23 1.687503685801515053e-23
1.250000000000000026e-03 9.993179375894859495e-01 3.959299232713184443e-04 4.724232355759115867e-22 2.785909577539327190e-23
1.500000000000000248e-03 9.983046758197280379e-01 1.036180992550391096e-03 1.670322669078461610e-20 1.525678450782325088e-23
1.750000000000000253e-03 9.963079384327969690e-01 2.342587557421386968e-03 2.834083391305747334e-19 1.131095591377419881e-21
2.000000000000000042e-03 9.927715730334929489e-01 4.771528662643273293e-03 3.164433564753959124e-18 1.487115613273324529e-20
2.250000000000000264e-03 9.870755060180940177e-01 8.858382295483888808e-03 2.512566975503704254e-17 1.128414810621338820e-19
2.500000000000000052e-03 9.786686770388917100e-01 1.528593129260115598e-02 1.563212159108129805e-16 6.374491137619445221e-19
2.750000000000000274e-03 9.672285079638037741e-01 1.081806788020990518e-03 7.943801436344572947e-16 2.805239091101137236e-18
3.000000000000000496e-03 9.527751419828832669e-01 9.217523636867542896e-04 3.412831187148032416e-15 9.546229505755137375e-18
3.250000000000000284e-03 9.356795456426795221e-01 9.712298095339327213e-04 1.271898338788732955e-14 2.421942418235655639e-17
3.500000000000000507e-03 9.165615297837590436e-01 1.060928284086088899e-03 4.188386491424127640e-14 4.014295767728325774e-17
3.749999999999999861e-03 8.961336827695935980e-01 1.134224692172922577e-03 1.237950574318236588e-13 2.585751964005304800e-17
4.000000000000000083e-03 8.750604845252403230e-01 1.256422471641585039e-03 3.317218073610709342e-13 1.292435598875504690e-17
4.250000000000000305e-03 8.538734529258440453e-01 1.371557335959482484e-03 8.152685735344267998e-13 7.863063250830396625e-16
4.500000000000000527e-03 8.329437289956219681e-01 1.508798134153761013e-03 1.844082255431704959e-12 6.746501858346931653e-15
4.750000000000000749e-03 8.124935269345454625e-01 1.656986650684846331e-03 3.873709869786728509e-12 3.359505266077799453e-14
5.000000000000000104e-03 7.926243352551400889e-01 1.825474954638165934e-03 7.587107881913483426e-12 1.261419702887754635e-13
5.250000000000000326e-03 7.733451757481303313e-01 2.037282036863687518e-03 1.392373934709274028e-11 4.000517591089522321e-13
5.500000000000000548e-03 7.546412349535348563e-01 2.257336591440236174e-03 2.403370512832079311e-11 1.099582896556054425e-12
5.750000000000000770e-03 7.363217097480986295e-01 2.598248965969986342e-03 3.918069481470326572e-11 2.666657841732416050e-12
6.000000000000000992e-03 7.181271692221226077e-01 3.200740657707110658e-03 6.034362934991871482e-11 6.007547132465253067e-12
6.250000000000000347e-03 7.000813630781848040e-01 3.929400736188883719e-03 8.825731182620828058e-11 1.226470691106476327e-11
6.500000000000000569e-03 6.815683523027608048e-01 5.169079772846217613e-03 1.227927912293709142e-10 2.317377034830324205e-11
6.750000000000000791e-03 6.621489643773559308e-01 7.193223605389827136e-03 1.622608441774454535e-10 4.147257364239637259e-11
7.000000000000001013e-03 6.406438796539678515e-01 1.083069876620659615e-02 2.054614435382284527e-10 6.861031032977311010e-11
7.250000000000001235e-03 6.147090055877921788e-01 1.801905118168770428e-02 2.492501818716998478e-10 1.070090548303762801e-10
7.499999999999999722e-03 5.805725352674414586e-01 3.195323592847563315e-02 2.928791920384288723e-10 1.557027492378519527e-10
7.750000000000000812e-03 5.304609052527484714e-01 5.961844438300728521e-02 3.363524913199510866e-10 2.120989598765139711e-10
8.000000000000000167e-03 4.554911433209356542e-01 1.088449082860803441e-01 3.795914766309713326e-10 2.730538179854991332e-10
8.250000000000000389e-03 3.564687143484008836e-01 1.774730494877239662e-01 4.210845595010588753e-10 3.365711754165913374e-10
8.500000000000000611e-03 2.608531913631225718e-01 2.363914533449962829e-01 4.641584140402895428e-10 3.958623267546052611e-10
8.750000000000000833e-03 1.944477398157894166e-01 2.579328277855775786e-01 5.139515008085534678e-10 4.426808816561352244e-10
9.000000000000001055e-03 1.458167150901804876e-01 2.516841930631358304e-01 5.573384351006434975e-10 4.876142177334575156e-10
9.250000000000001277e-03 1.133184702206757183e-01 2.188281380749027005e-01 6.034319196744916341e-10 5.196579074630628467e-10
9.500000000000001499e-03 8.363030421083203492e-02 1.726773151349875468e-01 6.396219250594473027e-10 5.501979285270020577e-10
9.750000000000001721e-03 5.723692500416858314e-02 1.173192769342664976e-01 6.770494676131863385e-10 5.674811185550904331e-10
1.000000000000000021e-02 3.451388877449650117e-02 7.106429167563757532e-02 6.959787713956047680e-10 5.912475048350728533e-10
