# time 1 2 D-1 D
0.000000000000000000e+00 9.999999847811144038e-01 3.043350490559437295e-09 4.297166536224724771e-34 2.178426130943863210e-34
5.000000000000000104e-04 9.999911701978351219e-01 1.110102833785470117e-07 2.471574371324559445e-20 7.977316483785314972e-23
1.000000000000000021e-03 9.998609385103857106e-01 1.689208571028427830e-06 7.982092175896774693e-21 1.300622375038945108e-20
1.500000000000000248e-03 9.993184414605977839e-01 1.038024374288761410e-05 2.483932158905120993e-18 2.158522839614518502e-19
2.000000000000000042e-03 9.979365760423623000e-01 4.061476832268752350e-05 2.381602404541727463e-17 1.601489164352180102e-18
2.500000000000000052e-03 9.952157653557142103e-01 1.217924914355289105e-04 2.090778436195413449e-16 1.349128319322039830e-17
3.000000000000000496e-03 9.906432559941750204e-01 3.039440113975061509e-04 2.629994880458281519e-15 1.833815210127838373e-16
3.500000000000000507e-03 9.837327544416595293e-01 6.702914917654064419e-04 3.271868015828240622e-14 2.647666072512436989e-15
4.000000000000000083e-03 9.740357389566923763e-01 1.334464689232784176e-03 3.017162736680499086e-13 2.944189847692977634e-14
4.500000000000000527e-03 9.611243954936594669e-01 2.453825767061660473e-03 1.920723223314880583e-12 2.322905453990732808e-13
5.000000000000000104e-03 9.445535920368655081e-01 4.217141418975594441e-03 8.833410007173550208e-12 1.320562830320521216e-12
5.500000000000000548e-03 9.238139330130680227e-01 6.887782821579585893e-03 3.121038840189068219e-11 5.617615552990170576e-12
6.000000000000000992e-03 8.982896006138654244e-01 1.074062929389074661e-02 8.878808204300479915e-11 1.866441862792917960e-11
6.500000000000000569e-03 8.672371610741712589e-01 1.609951623221728828e-02 2.105708863594752561e-10 5.043648573489495628e-11
7.000000000000001013e-03 8.298070506101952182e-01 2.319841321076554497e-02 4.289927188490250714e-10 1.148622734298495929e-10
7.499999999999999722e-03 7.851392501695586557e-01 3.220368024983881472e-02 7.656097229628879552e-10 2.270977928686172057e-10
8.000000000000000167e-03 7.326023315356718912e-01 4.291329443997281973e-02 1.222816136276504264e-09 3.994890657413324012e-10
8.500000000000000611e-03 6.720288491323002100e-01 5.459533854282461879e-02 1.771080207868146030e-09 6.379770335968549013e-10
9.000000000000001055e-03 6.046261166881214955e-01 6.531022639497656435e-02 2.367895873525577018e-09 9.403342864579130257e-10
9.500000000000001499e-03 5.319565183043131196e-01 7.332458791517855456e-02 2.980515931499536824e-09 1.296616274751901720e-09
1.000000000000000021e-02 4.575837180128640713e-01 7.604137530453769500e-02 3.592554612354397175e-09 1.691335666265574443e-09
1.050000000000000065e-02 3.864641478078529313e-01 7.123596386149821935e-02 4.174814230240711217e-09 2.106369260096600270e-09
1.100000000000000110e-02 3.230999981119900832e-01 5.863690295066791014e-02 4.756357568300577319e-09 2.523572847931883324e-09
1.150000000000000154e-02 2.733670401824098706e-01 3.687068888822116197e-02 5.294204284752609448e-09 2.927021273863309168e-09
1.200000000000000198e-02 2.461549546667214927e-01 3.931861318288954691e-04 5.788390866465622320e-09 3.304205853014683760e-09
1.250000000000000069e-02 1.016200209586249348e-01 9.069141892957803541e-02 6.279684379299724239e-09 3.646370074649869042e-09
1.300000000000000114e-02 6.172571981692331206e-02 8.605391311545608490e-02 6.696057880370842234e-09 3.948319211661194426e-09
1.350000000000000158e-02 4.447550116758212241e-02 6.784791071698043075e-02 7.097125325464883399e-09 4.208007127492471109e-09
1.400000000000000203e-02 3.405432075435130268e-02 5.075085098788045812e-02 7.453521718312812457e-09 4.425735300743054909e-09
1.450000000000000247e-02 2.612589675440620679e-02 3.771256786377632370e-02 7.750724116117563730e-09 4.603469577205063641e-09
1.499999999999999944e-02 2.027977858834413907e-02 2.778032371769842759e-02 8.024163446029842004e-09 4.744251668160054833e-09
1.550000000000000162e-02 1.570270030417060536e-02 2.046952376310670965e-02 8.265033949262814946e-09 4.851678420662989328e-09
1.600000000000000033e-02 1.205804168628557549e-02 1.524122447243823723e-02 8.456239952227763792e-09 4.929555952167142104e-09
1.650000000000000078e-02 9.190578099787271790e-03 1.124441841801065642e-02 8.609702046485282268e-09 4.981619011372245842e-09
1.700000000000000122e-02 6.898938911273473640e-03 8.470664456652942167e-03 8.735166504902966110e-09 5.011477154068731932e-09
1.750000000000000167e-02 5.094857276458193522e-03 6.243040947049443255e-03 8.834246975580853297e-09 5.022305921811894280e-09
1.800000000000000211e-02 3.689335402093916506e-03 4.661360714930899880e-03 8.883400843539964689e-09 5.016912767296477970e-09
1.850000000000000255e-02 2.609629863039847515e-03 3.381741630304333206e-03 8.943070874127860553e-09 4.998153172638464627e-09
1.900000000000000300e-02 1.794479820099023279e-03 2.285848546786538402e-03 8.947879298336908405e-09 4.968003645696178997e-09
1.950000000000000344e-02 1.191730575464669626e-03 1.099029523963482692e-03 8.952739467336502580e-09 4.928256156295498050e-09
2.000000000000000042e-02 7.570434562316846966e-04 9.843672814753273834e-05 8.943796864950997886e-09 4.880981855288153251e-09
