# time 1 2 D-1 D
0.000000000000000000e+00 9.999999847811144038e-01 3.043350490559437295e-09 4.297166536224724771e-34 2.178426130943863210e-34
5.000000000000000104e-04 9.999981789539470478e-01 3.758572661375834829e-08 5.032851373158717043e-20 2.709019684893262949e-22
1.000000000000000021e-03 9.999727088315083501e-01 4.397223555184596976e-07 2.651165538086660060e-20 2.094589230582110382e-20
1.500000000000000248e-03 9.998722415469404323e-01 2.666798601446871222e-06 3.272256551416460016e-18 3.698181968006649478e-19
2.000000000000000042e-03 9.996272310873641764e-01 1.077313923892422863e-05 1.647441970408938301e-17 1.962257233388507583e-18
2.500000000000000052e-03 9.991567523720769062e-01 3.392452382097355828e-05 3.289578802218747095e-17 1.124618109337212623e-17
3.000000000000000496e-03 9.983668534131993066e-01 8.995409640518037427e-05 3.559440762627347594e-18 9.542674690137002857e-17
3.500000000000000507e-03 9.971399343514782965e-01 2.128803476153418744e-04 6.262001955142852093e-16 1.069748391696602530e-15
4.000000000000000083e-03 9.953151630496459568e-01 4.590405527606017454e-04 1.630802104013467600e-14 1.101919344970245435e-14
4.500000000000000527e-03 9.926599589203176643e-01 9.213993114284269297e-04 1.645571707767071458e-13 9.163480890221553668e-14
5.000000000000000104e-03 9.888325926333809690e-01 1.739417503897893076e-03 1.014422487841509529e-12 5.877581457208646911e-13
5.500000000000000548e-03 9.833366869207597061e-01 3.132698783231470732e-03 4.494555606790761120e-12 2.961804378755202337e-12
6.000000000000000992e-03 9.754702160237982422e-01 5.398260883172471131e-03 1.579284655803031273e-11 1.199346941273476203e-11
6.500000000000000569e-03 9.642762768666791606e-01 8.944167297048617737e-03 4.689901982363140355e-11 4.016952527720739618e-11
7.000000000000001013e-03 9.485120527578108085e-01 1.423664224349574167e-02 1.197387690405780673e-10 1.140978616050300001e-10
7.499999999999999722e-03 9.266698116386289374e-01 2.179078915867518548e-02 2.720010795651757550e-10 2.813118785330301662e-10
8.000000000000000167e-03 8.971359561951146588e-01 3.192992235285399549e-02 5.468573996623851060e-10 6.141006300618228516e-10
8.500000000000000611e-03 8.583981136707664605e-01 4.456465430157718899e-02 9.880054616706684949e-10 1.207552251773998348e-09
9.000000000000001055e-03 8.100575701310797072e-01 5.824371524330223399e-02 1.608709831788058415e-09 2.170782649032880529e-09
9.500000000000001499e-03 7.520044230808241581e-01 7.134505227955537099e-02 2.383195109656062988e-09 3.611858552221821940e-09
1.000000000000000021e-02 6.865561352244413662e-01 8.053331589028824011e-02 3.261383767908066646e-09 5.621342350188408037e-09
1.050000000000000065e-02 6.185820441648920420e-01 8.170913125448585335e-02 4.184870507819290353e-09 8.259164649096063725e-09
1.100000000000000110e-02 5.538021363768800276e-01 7.213447100548790736e-02 5.097890008532270474e-09 1.154662096556544789e-08
1.150000000000000154e-02 5.017360527980495588e-01 4.676656891075510469e-02 5.949202527294353832e-09 1.546340417581421566e-08
1.200000000000000198e-02 4.682933419633746874e-01 4.146316823433544158e-03 6.697074775568467247e-09 1.995162088595455477e-08
1.250000000000000069e-02 1.901425213107286460e-01 2.110051218115993332e-01 7.347104638371306172e-09 2.492488828493963076e-08
1.300000000000000114e-02 1.229243614183331834e-01 2.139266030510422467e-01 7.839738616085232211e-09 3.027767092896207894e-08
1.350000000000000158e-02 9.660319755451082790e-02 1.841960075533314589e-01 8.224282146479323602e-09 3.589629252366454699e-08
1.400000000000000203e-02 8.163904635448630820e-02 1.517354078963542297e-01 8.483865219646108759e-09 4.166744737760911301e-08
1.450000000000000247e-02 6.949321395901499054e-02 1.246564219870776730e-01 8.605504404853500717e-09 4.748529899858038342e-08
1.499999999999999944e-02 6.027250160993184724e-02 1.019674915136118271e-01 8.655457917995270348e-09 5.325609802697034500e-08
1.550000000000000162e-02 5.246940534547834406e-02 8.373883127557321671e-02 8.638740670813589391e-09 5.890033981471333002e-08
1.600000000000000033e-02 4.560166097800112672e-02 6.960425824703013464e-02 8.538798752567021790e-09 6.435376777232297065e-08
1.650000000000000078e-02 3.965879690570647126e-02 5.778972598131962291e-02 8.388157542264526367e-09 6.956628550458409504e-08
1.700000000000000122e-02 3.427722598730592596e-02 4.885790974723570879e-02 8.214625320905778106e-09 7.450362621129142557e-08
1.750000000000000167e-02 2.947200938484563493e-02 4.093509599727874343e-02 8.034002483462791925e-09 7.914201727889501154e-08
1.800000000000000211e-02 2.518686399613538629e-02 3.465497281874226065e-02 7.788858617119635077e-09 8.346449743265532558e-08
1.850000000000000255e-02 2.138343754653200882e-02 2.884483515155818883e-02 7.639754102379277782e-09 8.746674607391950990e-08
1.900000000000000300e-02 1.803011613594189197e-02 2.286303322680447933e-02 7.409381316255455105e-09 9.114981983094519504e-08
1.950000000000000344e-02 1.509661519888942822e-02 1.439845971783039816e-02 7.249236301172754484e-09 9.451847826288947321e-08
2.000000000000000042e-02 1.255139287216770413e-02 3.327406698829891724e-03 7.121618312742521230e-09 9.758269640411956810e-08
