# time 1 2 D-1 D
0.000000000000000000e+00 9.999999623713803354e-01 1.329750830978080835e-08 7.630960350652889066e-35 2.921838145762648387e-35
5.000000000000000104e-04 9.999953802096638311e-01 3.698177941982705114e-06 1.094156921856284913e-27 6.386758524068474410e-28
1.000000000000000021e-03 9.999113168623340320e-01 7.292413661954871753e-05 2.703732790494591070e-25 3.073551669703123252e-26
1.500000000000000248e-03 9.994449224390195008e-01 4.671031455982851814e-04 2.466285217714566147e-23 6.020441011237139910e-24
2.000000000000000042e-03 9.978116922311074388e-01 1.875287035890728761e-03 1.184549553149375818e-22 4.744098036999377286e-24
2.500000000000000052e-03 9.933131829923740330e-01 5.816238831561556209e-03 4.493961840229807994e-22 1.002014251781532560e-22
3.000000000000000496e-03 9.827069442025279100e-01 1.517607642686976364e-02 1.326047956694013889e-21 6.973423524015631109e-22
3.500000000000000507e-03 9.606395659142620280e-01 3.452110014252824516e-02 2.493959036095801207e-21 2.998953664859319839e-21
4.000000000000000083e-03 9.201510958477845392e-01 6.914751707805442960e-02 1.123229526932995280e-21 1.102320709688275997e-20
4.500000000000000527e-03 8.559682980265830299e-01 1.208000322906733898e-01 1.020547239167416176e-20 4.250881235084328362e-20
5.000000000000000104e-03 7.701767078836945224e-01 1.823626712743038059e-01 3.620831453015704442e-19 2.071298182378536783e-19
5.500000000000000548e-03 6.741399122934659260e-01 2.385201680341059449e-01 4.124550695530986594e-18 1.341111076349357054e-18
6.000000000000000992e-03 5.820784818198936339e-01 2.771795883192506582e-01 2.975028002990433185e-17 1.009933363059348356e-17
6.500000000000000569e-03 5.032547367351876133e-01 2.967763981488412695e-01 1.581295535668042857e-16 7.292823441561619845e-17
7.000000000000001013e-03 4.403163982532371512e-01 3.021438227707548552e-01 6.678588412287740024e-16 4.421112235745002172e-16
7.499999999999999722e-03 3.918967861623365856e-01 2.989968134506775788e-01 2.478547549343475699e-15 2.120141452365670702e-15
8.000000000000000167e-03 3.552609504094048076e-01 2.922596973099638173e-01 1.002786903552143426e-14 8.040330884605696628e-15
8.500000000000000611e-03 3.276827609451148926e-01 1.059211382413387248e-01 6.065702733897445475e-14 2.484726814300520574e-14
9.000000000000001055e-03 3.069080947325169562e-01 2.159636320769255449e-02 3.673472265978582950e-13 6.470806086507444086e-14
9.500000000000001499e-03 2.912063212733610462e-01 1.414840174851377495e-02 1.029370780017343097e-12 1.460021978012863716e-13
1.000000000000000021e-02 2.792881693148340227e-01 1.086327635744874925e-02 2.146973764243717976e-12 2.917747393105028104e-13
1.050000000000000065e-02 2.702026037354183230e-01 8.857978657309912088e-03 3.905551425259448823e-12 5.256085318323270524e-13
1.100000000000000110e-02 2.632483643184201916e-01 7.476546351300278510e-03 6.446004933576740335e-12 8.658308847851374561e-13
1.150000000000000154e-02 2.579063733828192428e-01 6.367381470564710544e-03 9.784196731412169186e-12 1.319973695701888348e-12
1.200000000000000198e-02 2.537904031799487758e-01 5.513912410785400640e-03 1.394562911453834520e-11 1.881977349745803227e-12
1.250000000000000069e-02 2.506117290021127042e-01 4.857916757997676228e-03 1.876902192747276297e-11 2.531680913164826722e-12
1.300000000000000114e-02 2.481536917224032024e-01 4.219925634142179978e-03 2.406741687321929326e-11 3.246762836122514274e-12
1.350000000000000158e-02 2.462532224227230448e-01 3.663002212283184792e-03 2.978181090072455328e-11 3.997147416140028388e-12
1.400000000000000203e-02 2.447874964059063296e-01 3.185392253984172233e-03 3.546189679758320681e-11 4.756862822214124363e-12
1.450000000000000247e-02 2.436638879681330971e-01 2.817821971554825174e-03 4.106424754089465697e-11 5.549511899633845488e-12
1.499999999999999944e-02 2.428124550381064450e-01 2.305755482293271336e-03 4.635729641001054495e-11 6.362453331350197422e-12
1.550000000000000162e-02 2.421802679394157165e-01 2.028339317939126078e-03 5.122270136193245092e-11 7.230635663794631661e-12
1.600000000000000033e-02 2.417270220547982351e-01 1.560558966243795996e-03 5.550466845409923643e-11 8.260082513683434858e-12
1.650000000000000078e-02 2.414217665477446928e-01 1.324440116082367322e-03 5.908558947550564703e-11 9.527920637698197424e-12
1.700000000000000122e-02 2.412404027077030833e-01 1.048752784276846609e-03 6.186259719044517875e-11 1.114420468317674456e-11
1.750000000000000167e-02 2.411638119327082774e-01 9.441868899914487726e-04 6.381228526226004755e-11 1.315096796051445360e-11
1.800000000000000211e-02 2.411764904631126805e-01 6.933523745511405894e-04 6.468151898806080569e-11 1.583307470393532105e-11
1.850000000000000255e-02 2.412655740323096654e-01 6.580485933051866089e-04 6.463671075197356769e-11 1.904951461355281060e-11
1.900000000000000300e-02 2.414201549628167964e-01 5.459054861890672624e-04 6.326573447677214300e-11 2.323639362397371784e-11
1.950000000000000344e-02 2.416308155939748126e-01 6.042599315275062844e-04 6.127925449318227400e-11 2.770341890722127188e-11
2.000000000000000042e-02 2.418893299630276439e-01 5.197985261437217163e-04 5.837050784439031495e-11 3.276881970029176286e-11
