# time 1 2 D-1 D
0.000000000000000000e+00 9.999999756353769031e-01 2.285481447390932449e-09 2.842139628776896866e-34 7.486018223776657476e-34
5.000000000000000104e-04 9.999993228416982349e-01 8.859393542357677993e-08 2.313806905939449925e-24 1.248524628002832536e-24
1.000000000000000021e-03 9.999879901496180334e-01 1.724057181553975997e-06 4.044174237869764169e-22 9.630558132683586052e-24
1.500000000000000248e-03 9.999332164593937033e-01 1.052739933312864335e-05 3.052905339736430348e-21 5.468916477850659067e-23
2.000000000000000042e-03 9.997693569444110473e-01 3.959178559618541549e-05 3.828837825385912381e-20 3.877170822599529768e-23
2.500000000000000052e-03 9.993872791537712352e-01 1.140233813816673655e-04 3.683388372999005276e-19 5.863774939514169821e-22
3.000000000000000496e-03 9.986241497841334969e-01 2.747461425297446544e-04 4.189892165220114599e-18 4.841861360219987064e-21
3.500000000000000507e-03 9.972560243660302248e-01 5.853832294077004937e-04 4.157965979007489505e-17 2.792716740661301150e-20
4.000000000000000083e-03 9.949963455398478374e-01 1.133001730535154088e-03 3.377640614771310489e-16 1.211240403643666278e-19
4.500000000000000527e-03 9.915033341847842019e-01 2.029756556090622950e-03 2.261258801154062687e-15 3.987949583772961230e-19
5.000000000000000104e-03 9.863977960175434045e-01 3.403560376818542434e-03 1.263753156154313794e-14 5.628356642297487523e-19
5.500000000000000548e-03 9.792900998166874649e-01 5.368552487562288679e-03 6.006854802707670965e-14 4.249442883965089066e-19
6.000000000000000992e-03 9.698114652397122892e-01 8.056582575400270466e-03 2.479490605985598984e-13 6.287214182393716471e-17
6.500000000000000569e-03 9.576412114414688537e-01 1.154617792546348311e-02 9.002918979293723294e-13 1.046426037631702941e-15
7.000000000000001013e-03 9.425192767184581433e-01 1.594971172149209360e-02 2.913914740760991906e-12 9.755364966679710397e-15
7.499999999999999722e-03 9.242321789330856241e-01 2.135098036285271866e-02 8.494244057092779997e-12 6.439051180767475204e-14
8.000000000000000167e-03 9.025683248713548545e-01 2.800611184685108598e-02 2.261639773687937255e-11 3.251890049255957217e-13
8.500000000000000611e-03 8.771785013706469014e-01 3.642218191699558155e-02 5.558186715284518192e-11 1.302189844196785006e-12
9.000000000000001055e-03 8.474819560725993517e-01 4.735454559949606873e-02 1.278392206869926889e-10 4.233811244665383008e-12
9.500000000000001499e-03 8.123471339454229057e-01 6.248372391345805021e-02 2.801105211476975053e-10 1.143646353757151310e-11
1.000000000000000021e-02 7.701895239233613744e-01 8.369274930745720931e-02 5.825125381631366038e-10 2.631202027696431945e-11
1.050000000000000065e-02 7.170816584585966158e-01 1.153712492165347714e-01 1.083723077289086692e-09 5.286441494776383651e-11
1.100000000000000110e-02 6.517339022047430319e-01 1.591482919673363750e-01 1.580144956189626478e-09 9.488667502697652596e-11
1.150000000000000154e-02 5.728291091088546505e-01 2.164140184289899682e-01 1.807796963146047876e-09 1.551335581457018263e-10
1.200000000000000198e-02 4.861105169768895062e-01 2.814171896746939794e-01 1.787377577969119042e-09 2.347575704554434272e-10
1.250000000000000069e-02 4.005765818130255229e-01 3.448643227553940260e-01 1.719465790629041409e-09 3.331729174527495489e-10
1.300000000000000114e-02 3.267912590060108591e-01 3.951733781619270469e-01 1.448224827366725319e-09 4.483910992029189169e-10
1.350000000000000158e-02 2.677060778389265261e-01 4.287201304582367589e-01 1.213568570625213730e-09 5.777666913953057324e-10
1.400000000000000203e-02 2.233962163736451789e-01 4.436166712211813690e-01 8.984835801822030394e-09 7.190302216334823545e-10
1.450000000000000247e-02 1.903031350299972113e-01 4.425897671005730172e-01 1.030719237840995838e-08 8.714861530746622552e-10
1.499999999999999944e-02 1.653285635954084565e-01 1.134551735019156543e-01 1.130531364463430192e-08 1.037327565101544675e-09
1.550000000000000162e-02 1.460575688762680568e-01 1.347683264321029688e-02 1.236082664255048500e-08 1.223128802286508701e-09
1.600000000000000033e-02 1.307719421481148558e-01 1.021476684618413677e-02 1.349627230915498818e-08 1.441784278747487457e-09
1.650000000000000078e-02 1.182929535199182536e-01 9.036957221558358441e-03 1.473245243509630008e-08 1.715415275189368112e-09
1.700000000000000122e-02 1.077801685565161066e-01 8.465875040325008399e-03 1.621429288525571522e-08 2.080189457725354338e-09
1.750000000000000167e-02 9.879758193814867917e-02 8.175699413177046210e-03 1.798346485211179516e-08 2.594746537556890062e-09
1.800000000000000211e-02 9.069960180334868394e-02 8.138571570139160535e-03 2.015693666155522372e-08 3.355695989677909545e-09
1.850000000000000255e-02 8.342371491898241398e-02 8.216937032328487656e-03 2.287031728911240646e-08 4.543394365900949685e-09
1.900000000000000300e-02 7.623801802747026679e-02 8.951096113620131065e-03 2.578152763731488222e-08 6.491534371530835497e-09
1.950000000000000344e-02 6.697362109010840392e-02 1.238012518396059206e-02 2.717857602921540899e-08 1.096455355793638443e-08
2.000000000000000042e-02 1.791805811583885646e-02 5.612520980606586218e-02 5.000409467173300942e-09 3.975775472517686052e-08
