# time 1 2 D-1 D
0.000000000000000000e+00 9.999999539246263724e-01 9.506957883261717585e-09 3.030424436419857196e-35 4.250312066084918190e-35
1.250000000000000243e-03 9.999991309180843446e-01 1.520376579091034946e-09 1.415815409424187242e-27 3.680532730402214973e-29
2.500000000000000486e-03 9.999867583151407224e-01 3.105543942610848722e-08 6.391169883527701896e-26 2.504895271161974047e-27
3.750000000000000729e-03 9.999317549147772599e-01 2.015167024026963722e-07 8.049595508365823990e-24 3.713447302392553996e-25
5.000000000000000971e-03 9.997759606470245641e-01 8.015297129644941482e-07 4.883922196246928049e-23 2.375096136888315462e-24
6.250000000000000347e-03 9.994235955869361643e-01 2.273017633730556597e-06 1.859200056860226358e-22 1.147078125703089867e-23
7.500000000000001457e-03 9.987269487721706085e-01 5.126804315696682341e-06 5.300190077818467424e-22 4.538953769563231172e-23
8.750000000000000833e-03 9.974713645287807129e-01 8.947205473102280414e-06 1.231975430750232904e-21 1.523861577105791197e-22
1.000000000000000194e-02 9.953642889205970290e-01 1.114087443437279586e-05 2.279529881078584501e-21 4.252044437408703598e-22
1.125000000000000132e-02 9.920327375477604459e-01 7.101467138405162662e-06 2.390835692453628405e-21 7.790174313520596238e-22
1.250000000000000069e-02 9.870277495154372582e-01 1.110507699537599643e-08 2.122532629509271901e-23 2.741424493091835913e-22
1.375000000000000180e-02 9.798198105526548796e-01 3.985192207675883439e-05 5.462193754375257663e-20 4.469169531552550468e-21
1.500000000000000291e-02 9.696966914649074454e-01 3.778488095517415252e-04 3.636536491519959203e-18 1.200273890854457885e-19
1.625000000000000056e-02 9.555723547220655867e-01 1.716221668335009493e-03 2.255204041875661218e-17 1.175674741039994225e-18
1.750000000000000167e-02 9.351780247380576672e-01 6.072087045195527326e-03 1.152627368785241608e-16 7.669481889381391219e-18
1.875000000000000278e-02 9.039318310410074941e-01 1.793076494023080822e-02 4.963895247169671129e-16 3.896122891514350976e-17
2.000000000000000389e-02 8.538380829280873829e-01 4.534179467558130394e-02 1.807389108090968573e-15 1.644679446340456398e-16
2.125000000000000500e-02 7.742747001509168170e-01 9.907093891903726024e-02 5.708001705093364202e-15 5.978023387443733944e-16
2.250000000000000264e-02 6.721285490353198222e-01 1.723687207945594768e-01 1.602146398302141841e-14 1.913511447375735812e-15
2.375000000000000375e-02 5.663639313806806408e-01 2.462752519959768571e-01 4.082661380998357620e-14 5.478005719614513678e-15
2.500000000000000139e-02 4.784352693754030938e-01 2.990531425927488440e-01 9.607960100675125635e-14 1.417217265999695462e-14
2.625000000000000250e-02 4.116995334565738962e-01 3.261272102953207686e-01 2.096143399019297752e-13 3.336269037224593996e-14
2.750000000000000361e-02 3.618915575521817751e-01 3.272203936687272940e-01 4.303769514629176699e-13 7.184294545611482498e-14
2.875000000000000472e-02 3.231952292655010384e-01 1.260001591445764069e-01 8.286616993242451353e-13 1.412732180613439713e-13
3.000000000000000583e-02 2.909680554991503909e-01 5.554717444772718470e-03 1.512573875196068363e-12 2.546230450822579525e-13
3.125000000000000000e-02 2.618050626237442002e-01 1.543663686714761944e-02 2.615433222546200760e-12 4.184614967002357014e-13
3.250000000000000111e-02 2.334156954553345820e-01 2.701086356011951975e-02 4.305143460507466449e-12 6.166447626390913576e-13
3.375000000000000222e-02 2.048983310241970501e-01 4.062645052518108757e-02 6.749252095686269003e-12 8.042322170690427429e-13
3.500000000000000333e-02 1.771572527375078754e-01 5.477765645360518215e-02 1.011036142157473289e-11 8.790621341894681068e-13
3.625000000000000444e-02 1.515442852927319228e-01 6.837776981402218790e-02 1.443518063830842956e-11 7.386838900569121695e-13
3.750000000000000555e-02 1.297369101445086104e-01 7.893856863896930864e-02 1.950207436567321550e-11 4.085858508509819029e-13
3.875000000000000666e-02 1.123825528891516656e-01 8.589788865512278104e-02 2.479083374208148142e-11 5.626411595132867250e-14
4.000000000000000777e-02 9.901918557155310607e-02 8.927343724282990611e-02 2.941953826030976940e-11 7.481066353981393219e-14
4.125000000000000888e-02 8.884758416893971666e-02 8.972636401243995474e-02 3.268831605719191653e-11 5.959526627806702197e-13
4.250000000000000999e-02 8.114979439766223379e-02 8.799424938692393394e-02 3.415484903764937826e-11 1.508821977957608268e-12
4.375000000000000416e-02 7.531744497895009882e-02 8.419355572325618042e-02 3.376362170157287267e-11 2.453351443918926667e-12
4.500000000000000527e-02 7.088248770925950626e-02 7.839869927683808248e-02 3.167113242113065827e-11 3.119540619400308160e-12
4.625000000000000638e-02 6.750098359912667934e-02 7.087458375193098070e-02 2.795886736308586166e-11 3.608137942414328116e-12
4.750000000000000749e-02 6.492160449720167648e-02 6.167249808029429820e-02 2.327671297462936753e-11 3.778749575894135376e-12
4.875000000000000860e-02 6.295791071903310276e-02 5.094410848270162356e-02 1.808910886702717040e-11 3.863837759142425571e-12
5.000000000000000278e-02 6.147016417582369663e-02 4.037198493217961787e-02 1.318189556793465586e-11 3.801235989030640949e-12
