# time 1 2 D-1 D
0.000000000000000000e+00 9.999999767983199783e-01 1.234130420879230711e-10 2.523345560833892922e-34 3.996680792795776458e-35
2.500000000000000486e-03 9.995508895224555213e-01 3.027371156873643117e-07 2.832470358831044131e-17 1.304528922258181133e-22
5.000000000000000971e-03 9.981159905456720161e-01 5.938774498379011064e-06 8.675853040735631138e-15 6.936467478704896412e-19
7.500000000000001457e-03 9.955677473789605880e-01 3.770444000297528162e-05 2.571206741075486119e-13 1.118177498328671673e-16
1.000000000000000194e-02 9.917977303865140870e-01 1.515722222097680742e-04 2.846229517977653228e-12 4.176580538282739363e-15
1.250000000000000069e-02 9.867369487666265426e-01 4.723735954600275302e-04 1.768454713489822190e-11 6.698932688694111297e-14
1.500000000000000291e-02 9.803740991854622555e-01 1.233277609019116459e-03 7.290648099182745669e-11 5.944763746436686614e-13
1.750000000000000167e-02 9.727714220612821983e-01 2.769145225696081382e-03 2.149863090474656213e-10 3.265236518703879166e-12
2.000000000000000389e-02 9.640986541636236140e-01 5.310325752384386852e-03 4.694463861894690662e-10 1.163509265438142280e-11
2.250000000000000264e-02 9.547139934358425117e-01 8.731989101530598929e-03 7.735629757875038415e-10 2.725918707066784008e-11
2.500000000000000139e-02 9.452206252725144919e-01 1.245105149606570705e-02 9.814991827921461303e-10 4.176498400214517125e-11
2.750000000000000361e-02 9.363456678114219223e-01 1.605734748199260861e-02 9.829403704943681257e-10 4.071170735827893338e-11
3.000000000000000583e-02 9.286661251465048172e-01 1.931843856307007348e-02 8.047903069248120449e-10 2.295319665004312089e-11
3.250000000000000111e-02 9.224262254069435230e-01 2.217704822368339948e-02 5.616395716704824414e-10 4.932390102374177395e-12
3.500000000000000333e-02 9.175697220826325440e-01 2.458719312412123437e-02 3.506937125968955237e-10 4.697515054063378277e-13
3.750000000000000555e-02 9.138828580416517022e-01 2.669761781938215575e-02 2.115819206320891648e-10 7.264069942515206686e-12
4.000000000000000777e-02 9.111178362860982149e-01 2.839984390936907063e-02 1.411233127266196697e-10 1.519563215382222428e-11
4.250000000000000999e-02 9.090555133954923983e-01 2.977255482136453510e-02 1.214704551934479794e-10 1.912737304187518651e-11
4.500000000000000527e-02 9.075231161959943504e-01 3.082032279674452174e-02 1.356249410487764578e-10 2.003591167519750447e-11
4.750000000000000749e-02 9.063909206308661259e-01 3.161123246276014570e-02 1.634732543589274292e-10 2.000322836259238335e-11
5.000000000000000278e-02 9.055630607093561046e-01 3.218568407450328461e-02 1.654511530844425725e-10 2.005558552537068032e-11
5.250000000000000500e-02 9.049684513104970796e-01 3.259050219164266737e-02 1.315309350874306002e-10 2.040667277175593326e-11
5.500000000000000722e-02 9.045538557319933171e-01 3.279941142308088337e-02 9.475605329331318563e-11 2.096949861295927171e-11
5.750000000000000944e-02 9.042788885077468475e-01 3.283234341882212970e-02 6.941711063932054457e-11 2.161359158178354008e-11
6.000000000000001166e-02 9.041124999416606522e-01 3.282443763112293661e-02 5.401463688498675668e-11 2.223352284956578187e-11
6.250000000000000000e-02 9.040305609312275781e-01 3.264089419052176172e-02 4.438356756942510790e-11 2.276751235331348796e-11
6.500000000000000222e-02 9.040141565172797877e-01 3.243402463285961768e-02 6.043594976047957202e-12 2.318762011394011192e-11
6.750000000000000444e-02 9.040483676794516255e-01 3.216897928613227098e-02 3.717251496891608129e-12 2.349017034286416899e-11
7.000000000000000666e-02 9.041213789092716890e-01 3.190052250104753739e-02 2.750113414867730017e-12 2.367890807269039846e-11
7.250000000000000888e-02 9.042237631819087795e-01 3.156034477787136860e-02 2.097282661671747494e-12 2.376791568041306538e-11
7.500000000000001110e-02 9.043480393871392575e-01 3.124281582683134662e-02 1.629375755800440306e-12 2.377707305664754281e-11
7.750000000000001332e-02 9.044882103060141176e-01 3.094527812844061199e-02 1.323539142795892343e-12 2.371167246992938435e-11
8.000000000000001554e-02 9.046395263040848400e-01 3.062120826379196442e-02 1.093492857701517850e-12 2.359599675743024575e-11
8.250000000000001776e-02 9.047981744472679555e-01 3.033587212923966395e-02 9.447138270333706028e-13 2.342967001662666986e-11
8.500000000000001998e-02 9.049611528048532305e-01 3.006766155808154525e-02 8.459602354396735329e-13 2.323574346547084834e-11
8.750000000000000833e-02 9.051260610060116729e-01 2.983853919944900665e-02 7.847415646081954431e-13 2.300365906441762116e-11
9.000000000000001055e-02 9.052910181231310638e-01 2.963363195285751914e-02 7.680300333961571849e-13 2.276269817326930722e-11
9.250000000000001277e-02 9.054545552094950267e-01 2.944225502141542203e-02 7.719747154835646232e-13 2.249473943571510985e-11
9.500000000000001499e-02 9.056155067905593548e-01 2.921739778706693852e-02 7.983082870640798351e-13 2.222177487959665208e-11
9.750000000000001721e-02 9.057730098082098502e-01 2.906150232779671980e-02 8.435666634812810701e-13 2.193782320978072992e-11
1.000000000000000056e-01 9.059312508098560368e-01 2.896845390434662007e-02 9.172929843525302407e-13 2.163989860721541440e-11
