# time 1 2 D-1 D
0.000000000000000000e+00 9.999999780629359458e-01 4.643139784713847547e-09 2.496279803406209324e-34 4.631447742239812247e-35
5.000000000000000104e-04 9.999972542632293848e-01 2.429499171148587632e-06 6.043418570878632328e-21 2.151283877536674032e-22
1.000000000000000021e-03 9.999423426654419078e-01 5.166892868886140876e-05 1.420271283016815461e-19 1.035188498900402046e-21
1.500000000000000248e-03 9.996160760115370136e-01 3.493614508399052487e-04 6.732399279426161396e-19 3.542891086244282382e-21
2.000000000000000042e-03 9.984053529367383772e-01 1.471074513261765070e-03 4.414514829485439159e-18 1.265211255830450218e-20
2.500000000000000052e-03 9.949312507804316530e-01 4.721618866623597879e-03 2.319857500601103750e-17 3.677182028932066013e-19
3.000000000000000496e-03 9.866254296639607180e-01 1.251030930352127479e-02 1.426689836225021011e-16 4.834950025234422208e-18
3.500000000000000507e-03 9.697455297740349422e-01 2.820892997394580312e-02 8.896792650689364118e-16 5.154836246795139145e-17
4.000000000000000083e-03 9.407470568109977949e-01 5.452149353473680071e-02 4.892344689448894750e-15 4.192431616705241051e-16
4.500000000000000527e-03 8.991017486057298891e-01 8.990037770824009511e-02 2.324437549283646937e-14 2.845069750158989736e-15
5.000000000000000104e-03 8.490114915246464999e-01 1.267336116500683008e-01 9.271929457653742355e-14 1.550846223767162099e-14
5.500000000000000548e-03 7.973629497120383602e-01 1.558976261275645536e-01 3.169564399767775296e-13 7.077942432592383291e-14
6.000000000000000992e-03 7.499522213365140688e-01 1.722213912265438962e-01 9.367089075059767531e-13 2.765563394741980418e-13
6.500000000000000569e-03 7.096914828607076009e-01 1.810779685176337472e-01 2.411400177258207620e-12 9.644317471827445698e-13
7.000000000000001013e-03 6.770945685491404076e-01 1.428985617113337492e-01 5.360282710079127707e-12 3.089646769784030514e-12
7.499999999999999722e-03 6.514147570607835558e-01 4.072250179972088796e-02 9.973124420089263315e-12 9.305466142850159089e-12
8.000000000000000167e-03 6.314812117579052808e-01 3.060407373953248633e-02 1.480493341284904998e-11 2.575874421783111459e-11
8.500000000000000611e-03 6.161228544011728703e-01 2.679902242273055069e-02 1.605148102514452393e-11 6.352764547969601221e-11
9.000000000000001055e-03 6.043292860622275775e-01 2.493699312977826904e-02 1.149262675601753844e-11 1.345882846282536681e-10
9.500000000000001499e-03 5.952853706810319334e-01 2.355134970724618096e-02 3.773455863809568670e-12 2.454230019185125042e-10
1.000000000000000021e-02 5.883547326058665705e-01 2.254032210576113054e-02 3.838196842667210217e-14 3.907270109059849434e-10
1.050000000000000065e-02 5.830487842905452966e-01 2.186587974805568463e-02 6.191939970636289008e-12 5.535483295051902991e-10
1.100000000000000110e-02 5.789950933163335867e-01 2.135662600301251393e-02 2.765389079925612216e-11 7.044170283815753655e-10
1.150000000000000154e-02 5.759103080953028586e-01 2.083032629022625939e-02 4.457084136297482906e-11 8.319359779562226195e-10
1.200000000000000198e-02 5.735786905324615770e-01 2.049852948387873366e-02 7.442668613058422473e-10 2.204864246955415742e-10
1.250000000000000069e-02 5.718354208628219082e-01 2.015522973689646072e-02 6.952517153570206047e-10 2.877375835369879601e-10
1.300000000000000114e-02 5.705541473989237389e-01 1.987756980673904134e-02 5.149267834972049894e-10 4.271295826049646741e-10
1.350000000000000158e-02 5.696374505945585032e-01 1.963821065516686490e-02 2.845586101287599775e-10 5.994259959873398525e-10
1.400000000000000203e-02 5.690099119600566802e-01 1.945756598845788457e-02 7.555309126634698181e-11 8.082939612827630201e-10
1.450000000000000247e-02 5.686128556706093740e-01 1.930463348487463163e-02 3.616371961911616283e-12 1.043810008809577063e-09
1.499999999999999944e-02 5.684003883204281626e-01 1.911840592255313609e-02 2.084010542088670596e-10 1.299170513697410246e-09
1.550000000000000162e-02 5.683364257776520878e-01 1.900250118830524443e-02 8.484956519855009339e-10 1.568713418877053503e-09
1.600000000000000033e-02 5.683924368418815654e-01 1.888503807524771760e-02 2.113510101332783290e-09 1.839223111858476501e-09
1.650000000000000078e-02 5.685457156203576057e-01 1.877185148819936200e-02 4.262862895880307191e-09 2.108952487746580895e-09
1.700000000000000122e-02 5.687780556918727859e-01 1.871210572290225166e-02 7.530702738963423851e-09 2.363684333832184164e-09
1.750000000000000167e-02 5.690747578314012678e-01 1.863281652529491170e-02 1.222526377063745565e-08 2.593359405290241095e-09
1.800000000000000211e-02 5.694238157488668017e-01 1.856877093873583046e-02 1.914169180727744368e-08 2.793224707393591205e-09
1.850000000000000255e-02 5.698153470495299633e-01 1.850541985800980421e-02 2.882283539741319105e-08 2.957089549861901403e-09
1.900000000000000300e-02 5.702411410706648143e-01 1.845871506795991601e-02 4.187289227552343208e-08 3.080137428302986037e-09
1.950000000000000344e-02 5.706943083528537297e-01 1.841057863336056921e-02 5.762299603270003575e-08 3.159114906595611233e-09
2.000000000000000042e-02 5.711692627139151046e-01 1.836896788848881024e-02 7.291640087017941728e-08 3.192223688575695139e-09
