# time 1 2 D-1 D
0.000000000000000000e+00 9.999999637951232367e-01 2.558941182551370501e-08 1.340798243906671475e-34 9.333425145528962813e-34
2.500000000000000486e-03 9.960541341434686613e-01 1.916259589324777039e-04 1.981338332328461028e-19 3.104911331124618457e-22
5.000000000000000971e-03 9.836025681491019634e-01 1.181408897314079488e-03 5.573311952935173027e-17 2.599906490484269742e-19
7.500000000000001457e-03 9.617576588497068757e-01 3.443678745006438415e-03 1.754669534985605515e-15 1.119009128146331074e-17
1.000000000000000194e-02 9.296815029681979592e-01 7.479808110110469470e-03 2.776881610346330741e-14 1.291306547937289171e-16
1.250000000000000069e-02 8.866844387112393644e-01 1.392079190804084744e-02 2.943454285630926432e-13 6.121144274274136466e-16
1.500000000000000291e-02 8.324280700684173473e-01 2.249227067888415546e-02 2.871267442798505290e-12 1.087595960522517108e-15
1.750000000000000167e-02 7.672366596570310282e-01 3.296866206764666879e-02 2.233783024833280464e-11 4.421863600003706332e-18
2.000000000000000389e-02 6.924492620650953834e-01 4.499236945537474219e-02 1.424773809499491000e-10 2.053639044728338542e-14
2.250000000000000264e-02 6.106491799774460549e-01 5.718835881839245266e-02 7.013687408102165859e-10 2.907074824448941414e-13
2.500000000000000139e-02 5.255659342791637600e-01 6.893457520823965956e-02 2.909190874689104819e-09 1.975713382098308860e-12
2.750000000000000361e-02 4.415502255401965170e-01 7.906542883035079516e-02 9.766886629916078028e-09 9.433988297856594189e-12
3.000000000000000583e-02 3.627590339470861402e-01 8.582131919193894398e-02 2.807287023388936235e-08 3.608416580205525354e-11
3.250000000000000111e-02 2.923778447977926631e-01 8.866443128918061189e-02 7.254080560667907161e-08 1.181531795906345454e-10
3.500000000000000333e-02 2.321840426837498139e-01 8.565529802221930056e-02 1.711295237342778152e-07 3.449095844905282040e-10
3.750000000000000555e-02 1.825516621871826339e-01 7.268055268486058040e-02 3.772253031096832016e-07 9.223005217569834750e-10
4.000000000000000777e-02 1.427850019227656087e-01 2.325747490393464609e-02 7.918161526306530042e-07 2.301530973183266026e-09
4.250000000000000999e-02 1.115744376392146658e-01 1.371093202850453977e-03 1.580013317876943626e-06 5.426408450132764559e-09
4.500000000000000527e-02 8.740038107771933018e-02 2.378940082980204429e-04 3.059641730255407402e-06 1.217966422971907677e-08
4.750000000000000749e-02 6.880386872404628540e-02 3.220354077645788595e-04 5.885119259007840426e-06 2.612379415924098975e-08
5.000000000000000278e-02 5.452303185808629604e-02 6.515382012603260133e-04 1.116894869796084268e-05 5.360482662894540236e-08
5.250000000000000500e-02 4.353387281646740881e-02 1.087193404768156246e-03 2.072147131986578581e-05 1.051817693305358448e-07
5.500000000000000722e-02 3.503772506444981921e-02 1.544331434118952290e-03 3.742056029249053544e-05 1.971603245004500780e-07
5.750000000000000944e-02 2.842648494511065133e-02 1.938150476256711181e-03 6.244540534420008873e-05 3.528337805207722846e-07
6.000000000000001166e-02 2.324335005838734300e-02 2.227591259559007220e-03 9.708272255180411790e-05 6.030296755822944469e-07
6.250000000000000000e-02 1.914733061782347701e-02 2.425044578140859736e-03 1.444938762642553162e-04 9.858507271311518752e-07
6.500000000000000222e-02 1.588421401820833481e-02 2.558874883531413874e-03 2.092419970758170773e-04 1.546036712144908150e-06
6.750000000000000444e-02 1.326406599286901640e-02 2.635121958783145577e-03 2.970036827357754147e-04 2.335000162747251662e-06
7.000000000000000666e-02 1.114432496746151253e-02 2.668535758290280918e-03 4.116085033435926566e-04 3.413033786981479237e-06
7.250000000000000888e-02 9.417290226385035753e-03 2.671266452384053660e-03 5.539525399763054478e-04 4.856465342280626106e-06
7.500000000000001110e-02 8.001113347143895896e-03 2.659252597106580730e-03 7.238024376429791004e-04 6.771116100411379146e-06
7.750000000000001332e-02 6.832885311866942341e-03 2.621204007025567436e-03 9.185526396267685396e-04 9.205137722058870915e-06
8.000000000000001554e-02 5.863881812082203174e-03 2.573753215733630851e-03 1.135361849386875600e-03 1.285128964499210281e-05
8.250000000000001776e-02 5.056532835212500590e-03 2.516363056153255850e-03 1.375909191176860830e-03 1.784160668035685506e-05
8.500000000000001998e-02 4.379830774959595115e-03 2.452764076665914575e-03 1.636807077445503024e-03 2.510745507097100683e-05
8.750000000000000833e-02 3.810820134408494236e-03 2.382011140574223553e-03 1.917138566965913109e-03 3.670718874439195484e-05
9.000000000000001055e-02 3.330924631353484548e-03 2.310977252003195304e-03 2.211286609433394182e-03 5.847906247122079654e-05
9.250000000000001277e-02 2.923562797744456640e-03 2.241384817438620176e-03 2.503596326638616188e-03 1.061753937261187847e-04
9.500000000000001499e-02 2.576794119618221017e-03 2.167395391701076868e-03 2.739785335020388825e-03 2.339783230147220140e-04
9.750000000000001721e-02 2.281361070591612396e-03 2.095478416746850581e-03 2.741738877055810431e-03 6.196987063299472373e-04
1.000000000000000056e-01 2.027821111166221591e-03 2.024854619773707592e-03 1.909657949486939527e-03 1.862638579030369453e-03
