# time 1 2 D-1 D
0.000000000000000000e+00 9.999999690544549846e-01 3.517358157357297854e-10 8.377031921440411807e-35 3.629926555339224359e-35
1.250000000000000243e-03 9.999997655649450756e-01 4.964068943671263548e-10 9.550212018736380885e-23 2.397275886775139057e-24
2.500000000000000486e-03 9.999959978828455442e-01 7.203993673278251752e-08 1.585070333680928275e-22 1.429950166593263874e-23
3.750000000000000729e-03 9.999788417585998568e-01 1.012272458402661960e-06 2.584362798012145759e-22 4.715239755894126892e-22
5.000000000000000971e-03 9.999304509779847194e-01 7.162443734923854452e-06 2.210576541874865406e-21 2.948264898602388813e-21
6.250000000000000347e-03 9.998224266052639919e-01 2.909580968387471465e-05 2.160289385888277030e-20 5.369199943841408290e-21
7.500000000000001457e-03 9.996108020930168925e-01 9.028689151183165223e-05 2.334975325059491366e-19 3.250345992042762264e-22
8.750000000000000833e-03 9.992275014083735751e-01 2.289322911785647628e-04 2.407208027069132695e-18 2.163930655123609431e-19
1.000000000000000194e-02 9.985682082149088812e-01 5.094978426184029264e-04 2.044336440887286493e-17 4.686684724325765336e-18
1.125000000000000132e-02 9.974793297627365662e-01 1.036407144748805430e-03 1.372272623067667594e-16 4.994877391228347516e-17
1.250000000000000069e-02 9.957517752910363118e-01 1.800610236406219051e-03 7.308734551592398085e-16 3.655172571118600446e-16
1.375000000000000180e-02 9.931350047652978130e-01 2.542205757629016887e-03 3.135996646073835221e-15 2.014951221794191861e-15
1.500000000000000291e-02 9.893848295721060504e-01 2.374810685821563804e-03 1.117992039088480648e-14 8.833150186032586124e-15
1.625000000000000056e-02 9.843439933332474023e-01 1.768118803364632794e-03 3.390453440770057333e-14 3.163386898191153068e-14
1.750000000000000167e-02 9.780252013880762485e-01 1.570126906130034318e-03 8.779166315083228238e-14 9.484468049021408844e-14
1.875000000000000278e-02 9.706462906574490068e-01 1.646267352667079003e-03 2.009138549405477244e-13 2.417773096612915998e-13
2.000000000000000389e-02 9.625843913405500718e-01 1.960087888288542662e-03 4.081642199619283077e-13 5.324172499171944901e-13
2.125000000000000500e-02 9.542693031427490480e-01 2.489179993546677874e-03 7.506125559806253124e-13 1.024014973565921294e-12
2.250000000000000264e-02 9.460729115097606945e-01 3.236738237331589999e-03 1.268526145623810912e-12 1.739390152726189196e-12
2.375000000000000375e-02 9.382440764780550779e-01 4.190736479621987552e-03 1.984858443197843003e-12 2.630829256835627500e-12
2.500000000000000139e-02 9.308993688075786199e-01 5.343576145693813839e-03 2.913552217974759412e-12 3.563879803779291124e-12
2.625000000000000250e-02 9.240517517470705489e-01 6.691319646471089594e-03 4.006369228674004661e-12 4.351762581277647647e-12
2.750000000000000361e-02 9.176525667133652586e-01 8.220300996951458716e-03 5.189398080102574459e-12 4.793542461923456322e-12
2.875000000000000472e-02 9.116298821023646193e-01 9.805438944643559210e-03 6.298236384636978826e-12 4.782353464323159883e-12
3.000000000000000583e-02 9.059161456605546725e-01 1.142549534252623733e-02 7.141083819415569882e-12 4.329385720315208831e-12
3.125000000000000000e-02 9.004640650840810556e-01 1.296229795276921878e-02 7.471505972434170191e-12 3.568253511991988193e-12
3.250000000000000111e-02 8.952525871308389949e-01 1.431909816835148265e-02 7.183148013028237828e-12 2.672848151618123210e-12
3.375000000000000222e-02 8.902854806953267586e-01 1.543306895883586258e-02 6.196555206221157996e-12 1.812199827538014678e-12
3.500000000000000333e-02 8.855850390807593620e-01 1.630113787575626985e-02 4.737037703612388676e-12 1.085861458094186061e-12
3.625000000000000444e-02 8.811833713820281799e-01 1.669455743953388027e-02 3.037159279290724718e-12 5.435673119891681491e-13
3.750000000000000555e-02 8.771132520129086840e-01 1.714448453590600163e-02 1.422498731557328619e-12 1.963577509745571942e-13
3.875000000000000666e-02 8.734002965898841619e-01 1.635573024117517940e-02 3.233166595628202537e-13 3.482974995151758301e-14
4.000000000000000777e-02 8.700575955332731093e-01 3.891984213484925509e-04 9.559765845732224923e-15 4.016406532321382202e-14
4.125000000000000888e-02 8.670832517843816145e-01 1.117030872429898889e-04 4.238695229141798919e-13 1.901066012801799519e-13
4.250000000000000999e-02 8.644607525651153423e-01 1.026907809405029192e-04 9.031201000021169746e-13 4.618005627601459124e-13
4.375000000000000416e-02 8.621614997393632907e-01 7.969496831623238602e-05 6.880435713687132933e-14 8.324365627861364050e-13
4.500000000000000527e-02 8.601485584654601224e-01 8.746026383506862273e-06 4.301690740626126108e-13 1.280770391593745352e-12
4.625000000000000638e-02 8.583807662025333407e-01 8.602768370429367210e-06 6.059012827756110531e-13 1.787205242086953273e-12
4.750000000000000749e-02 8.568164107314353295e-01 1.077212412349180862e-05 4.967021065741478665e-13 2.334487098400808676e-12
4.875000000000000860e-02 8.554160669489316859e-01 3.781699845136590911e-05 2.167610612920586798e-13 2.907831456033126787e-12
5.000000000000000278e-02 8.541444827304920384e-01 5.854558709413853205e-05 7.612394572151281862e-14 3.494979046729192527e-12
