# time 1 2 D-1 D
0.000000000000000000e+00 9.999999546593208999e-01 3.279167153831245702e-09 1.340357433525113331e-35 1.812759225761819589e-35
1.250000000000000243e-03 9.999956448314007984e-01 1.838967285356444600e-07 1.154122874728996324e-25 6.304732329232658458e-27
2.500000000000000486e-03 9.999230202481343976e-01 1.713036507556030041e-06 2.412019931251871484e-23 2.603725583637177328e-24
3.750000000000000729e-03 9.995678785956457757e-01 1.467721952021164847e-05 7.950682346973575045e-22 1.428218914992628290e-22
5.000000000000000971e-03 9.984767864981772822e-01 2.880230102812175787e-05 1.938656372406082480e-21 2.965048184190342091e-22
6.250000000000000347e-03 9.958339373677798090e-01 4.146575046465771281e-05 4.338022590843868144e-21 8.580920308773678022e-22
7.500000000000001457e-03 9.903134811306274488e-01 2.946813068891916237e-05 6.974388632695098826e-21 2.080881136862835834e-21
8.750000000000000833e-03 9.799708528754735859e-01 8.188471884248824934e-07 1.051031185910292342e-20 4.837679043294759926e-21
1.000000000000000194e-02 9.623187549825736875e-01 1.572746910594074240e-04 1.330503694551961141e-20 1.119257570322037768e-20
1.125000000000000132e-02 9.347899771496712695e-01 8.312053404886085616e-04 1.862610680455728223e-20 2.715693072809384970e-20
1.250000000000000069e-02 8.956552113610223298e-01 2.490509193478764385e-03 8.945303236482382318e-20 1.285378586853249795e-19
1.375000000000000180e-02 8.450220126641683205e-01 5.519599671080265176e-03 6.731101877829669104e-19 1.194635388922988846e-18
1.500000000000000291e-02 7.851503489403459657e-01 1.037572738028377448e-02 3.288402545429732335e-18 1.380622614485653679e-17
1.625000000000000056e-02 7.196942381873411287e-01 1.719461199477474375e-02 6.747271067198290720e-20 1.361487253376632196e-16
1.750000000000000167e-02 6.524382178932542908e-01 2.610142969190717629e-02 3.147663352589027727e-16 1.033469564129664049e-15
1.875000000000000278e-02 5.864266928304247006e-01 3.678409706910475141e-02 9.016556101945552503e-15 6.041122316872057860e-15
2.000000000000000389e-02 5.237807712973648888e-01 4.877224701564820963e-02 1.121825093111526576e-13 2.772211395066750296e-14
2.125000000000000500e-02 4.658938250586197594e-01 6.105369818350279976e-02 6.092777565815954446e-13 1.023742857087732992e-13
2.250000000000000264e-02 4.136399104157211237e-01 7.292263845253664500e-02 1.983512929658572934e-12 3.118728002099191571e-13
2.375000000000000375e-02 3.674648911613787039e-01 8.357579644902991822e-02 4.844350128648684921e-12 8.030020814976523433e-13
2.500000000000000139e-02 3.274158756436664208e-01 9.275289777086564991e-02 1.001121048705332327e-11 1.788972915321597145e-12
2.625000000000000250e-02 2.931938303412188751e-01 1.006554890768875110e-01 1.861749504918754320e-11 3.525730521051144832e-12
2.750000000000000361e-02 2.642528325487069063e-01 1.033676707162266145e-01 3.209871960402590272e-11 6.265299678565177304e-12
2.875000000000000472e-02 2.399180922193407117e-01 1.577736874309944998e-02 5.269778341394157628e-11 1.020402147997841400e-11
3.000000000000000583e-02 2.194873089559385981e-01 1.049190182916520664e-02 8.201153507478442708e-11 1.544153408015485858e-11
3.125000000000000000e-02 2.022983731061936685e-01 8.771722717169586764e-03 1.228895908949650757e-10 2.196336238941755854e-11
3.250000000000000111e-02 1.877644091470457577e-01 7.503361924114641639e-03 1.767873032099224564e-10 2.963395902128073638e-11
3.375000000000000222e-02 1.753849448145591849e-01 6.726736775392154651e-03 2.296630112573720242e-10 3.821763911593267696e-11
3.500000000000000333e-02 1.647402552876995330e-01 6.190357842999863990e-03 1.436955544589310785e-11 4.740634934130794278e-11
3.625000000000000444e-02 1.555331158503002742e-01 5.744062413780808528e-03 5.716160575975642487e-11 5.686132833422436423e-11
3.750000000000000555e-02 1.473933965983130479e-01 5.494439847838194883e-03 7.469539782909842763e-11 6.624332627204557953e-11
3.875000000000000666e-02 1.400875548477607813e-01 5.431998193913695379e-03 8.286361794105435339e-11 7.523509694578190095e-11
4.000000000000000777e-02 1.335596617358719429e-01 5.428938158656932550e-03 9.430510942927473238e-11 8.357056399276735686e-11
4.125000000000000888e-02 1.274042378927106312e-01 5.747932525559154224e-03 1.040430826359332808e-10 9.104238182882088689e-11
4.250000000000000999e-02 1.216253125743060187e-01 6.273613095531162774e-03 1.113426653776154012e-10 9.750134322899748771e-11
4.375000000000000416e-02 1.159041883525933625e-01 7.237382184808684518e-03 1.157040719238805105e-10 1.028617606205650115e-10
4.500000000000000527e-02 1.095431500632519095e-01 9.267975275318435929e-03 1.198329213442940914e-10 1.070855109573028258e-10
4.625000000000000638e-02 1.021747345217937780e-01 1.267771026954227567e-02 1.227613728360653740e-10 1.101746477635346026e-10
4.750000000000000749e-02 9.171508642784292897e-02 1.950567942238250890e-02 1.246898345333201302e-10 1.121680055261633102e-10
4.875000000000000860e-02 7.401571090174116629e-02 3.386339734651128142e-02 1.250962843183237213e-10 1.131214671253579743e-10
5.000000000000000278e-02 4.876272551976050529e-02 5.603395676118629737e-02 1.260104970791760825e-10 1.131092904217786073e-10
