# time 1 2 D-1 D
0.000000000000000000e+00 9.999999690544549846e-01 3.517358157357297854e-10 8.377031921440411807e-35 3.629926555339224359e-35
1.250000000000000243e-03 9.999998744510302240e-01 1.548484065450039323e-10 1.034913161557177674e-22 2.608062687439215205e-24
2.500000000000000486e-03 9.999978978755864611e-01 3.541762688008732918e-08 1.508182261921017397e-22 1.704295098306241620e-23
3.750000000000000729e-03 9.999888335305161524e-01 5.243959654080418019e-07 3.334725464829897222e-22 4.598482334528400994e-22
5.000000000000000971e-03 9.999630985144570827e-01 3.796371832689034279e-06 2.505213562218347357e-21 3.174744561156151095e-21
6.250000000000000347e-03 9.999051248707663264e-01 1.571169500263098971e-05 2.165242722777204386e-20 5.080182025976474029e-21
7.500000000000001457e-03 9.997901318125125281e-01 4.967674639565194662e-05 2.099265128990122209e-19 4.113582425830632321e-22
8.750000000000000833e-03 9.995785298943481445e-01 1.284553290108894988e-04 1.936785164099329658e-18 2.304650150060095895e-19
1.000000000000000194e-02 9.992076599661166014e-01 2.917403134994407308e-04 1.521250685416627291e-17 4.667347964230527699e-18
1.125000000000000132e-02 9.985822825562266081e-01 6.056461935806909140e-04 9.502787157042627874e-17 4.851030982899294970e-17
1.250000000000000069e-02 9.975686810536760207e-01 1.074003450314757946e-03 4.757571034661086746e-16 3.425183534913497092e-16
1.375000000000000180e-02 9.960018101071614893e-01 1.547093838171526795e-03 1.919513603560275252e-15 1.827943035373177084e-15
1.500000000000000291e-02 9.937160156336273253e-01 1.474332631265807929e-03 6.446724239467800501e-15 7.692481770348278532e-15
1.625000000000000056e-02 9.906003834121326346e-01 1.117653650112612968e-03 1.838888682085757650e-14 2.637348304602104062e-14
1.750000000000000167e-02 9.866587280601432086e-01 1.005885001288255292e-03 4.462631328838686877e-14 7.504742885555313919e-14
1.875000000000000278e-02 9.820367716887176135e-01 1.064482352568260452e-03 9.529102411265780224e-14 1.805249754274433767e-13
2.000000000000000389e-02 9.769915307918428660e-01 1.276206775349351995e-03 1.795446308393682458e-13 3.717055482522695964e-13
2.125000000000000500e-02 9.718149103684814438e-01 1.631784121396731048e-03 3.040271648784932237e-13 6.633676987252195732e-13
2.250000000000000264e-02 9.667548209158651762e-01 2.138719767501630255e-03 4.689157015029313614e-13 1.035774316228341525e-12
2.375000000000000375e-02 9.619692959502355034e-01 2.797223108869873343e-03 6.617899054197101867e-13 1.427422325748689856e-12
2.500000000000000139e-02 9.575221724491880249e-01 3.610198437088965075e-03 8.645328734155118041e-13 1.745238700132071219e-12
2.625000000000000250e-02 9.534059212801340166e-01 4.581659658155873630e-03 1.037665124818069110e-12 1.904458301898442891e-12
2.750000000000000361e-02 9.495732000701729847e-01 5.707486189840321744e-03 1.144075297879271701e-12 1.855568179585910415e-12
2.875000000000000472e-02 9.459649554430491492e-01 6.915212024547260500e-03 1.138906324647307373e-12 1.618113840130396839e-12
3.000000000000000583e-02 9.425298438522794475e-01 8.186741556437856712e-03 1.003980869448801642e-12 1.261446610640194359e-12
3.125000000000000000e-02 9.392349423531130004e-01 9.441054857839791328e-03 7.440928225569923672e-13 8.760822431928188556e-13
3.250000000000000111e-02 9.360689300432891713e-01 1.060392637466006996e-02 4.274115928758378152e-13 5.335949919589977730e-13
3.375000000000000222e-02 9.330399494163398311e-01 1.161838757925532511e-02 1.390197443268291807e-13 2.740495887884292173e-13
3.500000000000000333e-02 9.301698768136135165e-01 1.246467881122368879e-02 1.761686514848282398e-15 1.055449610099750331e-13
3.625000000000000444e-02 9.274869619181970171e-01 1.298496738279766340e-02 1.092678804828909804e-13 2.043708624331763976e-14
3.750000000000000555e-02 9.250184016206488558e-01 1.350528162423855240e-02 5.440992130614566397e-13 6.104194897899637528e-15
3.875000000000000666e-02 9.227842710569822415e-01 1.314331533689060486e-02 1.316303731317520322e-12 5.124374452355776809e-14
4.000000000000000777e-02 9.207936510618022208e-01 2.376782032534118330e-04 2.330604819503671337e-12 1.482962414683827149e-13
4.125000000000000888e-02 9.190433161756290659e-01 5.848828316342016771e-05 3.153931402013900521e-12 2.934073783509850566e-13
4.250000000000000999e-02 9.175187762693663984e-01 6.446452584220357289e-05 3.056487687475313741e-12 4.855589948790984339e-13
4.375000000000000416e-02 9.161968964647516644e-01 5.902454853958937105e-05 5.547086032676392465e-13 7.259318290038858256e-13
4.500000000000000527e-02 9.150494402033237940e-01 8.674185019073967016e-06 1.273214666005055919e-13 1.016045656175327173e-12
4.625000000000000638e-02 9.140465002574731379e-01 1.433262995355853641e-05 5.270927582943913277e-13 1.357160540763795145e-12
4.750000000000000749e-02 9.131592900212183173e-01 4.283596774637190170e-06 7.073600922314015909e-13 1.749835569220460802e-12
4.875000000000000860e-02 9.123620071051662395e-01 9.811845249162223692e-06 6.526648452112684087e-13 2.193268192965590816e-12
5.000000000000000278e-02 9.116350612252411834e-01 1.548975394153670804e-05 5.636563203205297606e-13 2.685330551668437981e-12
