# time 1 2 D-1 D
0.000000000000000000e+00 9.999999437968775107e-01 2.277554655382135454e-08 2.185999416881013061e-35 4.607989512689956737e-37
2.500000000000000052e-04 9.999951301328394715e-01 8.236579123710465423e-07 1.005288599775252031e-28 3.997591660983326653e-31
5.000000000000000104e-04 9.999208947128082059e-01 1.938575318298471197e-05 1.117185195037823002e-24 2.626065287035060100e-26
7.500000000000001240e-04 9.995634601490741566e-01 1.481436066747427176e-04 1.108424126622468553e-22 3.393248804381377082e-24
1.000000000000000021e-03 9.983854952061402832e-01 7.159324087593178050e-04 9.881857322632953073e-22 1.287547711052993294e-22
1.250000000000000026e-03 9.950748749376968627e-01 2.676686835190892743e-03 9.797199412850040576e-21 1.347559963669665861e-21
1.500000000000000248e-03 9.866023838908931642e-01 8.410632465898229201e-03 5.179850100160705566e-20 9.536854589741344904e-21
1.750000000000000253e-03 9.667563631952662551e-01 2.297097835058699994e-02 2.293752938773971300e-19 5.339983867584696410e-20
2.000000000000000042e-03 9.253887720088369573e-01 5.405545990996763611e-02 1.183163658023819867e-18 2.622916109467703223e-19
2.250000000000000264e-03 8.524004977720334164e-01 1.071522983426857478e-01 7.226758352686327467e-18 1.266446574116430918e-18
2.500000000000000052e-03 7.484576927944414093e-01 1.707736371941870890e-01 3.184716601484723964e-17 6.388109769546768545e-18
2.750000000000000274e-03 6.298099597821817941e-01 1.927668382346076070e-01 1.546364206512286024e-16 3.180756559441229451e-17
3.000000000000000496e-03 5.162309972966770966e-01 1.363226414808769993e-01 6.827135519339569552e-16 1.442120796578673282e-16
3.250000000000000284e-03 4.188716141199118059e-01 9.846566360079996028e-02 2.541137839775414954e-15 5.551633415689539395e-16
3.500000000000000507e-03 3.401249730886803380e-01 8.422965712594858434e-02 7.955367180403019026e-15 1.790414613758223476e-15
3.749999999999999861e-03 2.781138914114229532e-01 7.882257465472328195e-02 2.129588874839744016e-14 4.868868766918780297e-15
4.000000000000000083e-03 2.297831940068784107e-01 7.720175371836834888e-02 4.962938672799556185e-14 1.135513124577995324e-14
4.250000000000000305e-03 1.921910578833095906e-01 7.686272294545434813e-02 1.024479848176055750e-13 2.317251509739541696e-14
4.500000000000000527e-03 1.628766985133690004e-01 7.571167237060491551e-02 1.911863934635064992e-13 4.216375053550709356e-14
4.750000000000000749e-03 1.398836697165206644e-01 7.060685188667167878e-02 3.271700446185933447e-13 6.956238087633978278e-14
5.000000000000000104e-03 1.216888654284081078e-01 5.981337986520479655e-02 5.198788447582328399e-13 1.050939152214166890e-13
5.250000000000000326e-03 1.071202270092531939e-01 4.793546357695259441e-02 7.759421258658289287e-13 1.475571888234230403e-13
5.500000000000000548e-03 9.528315551889733614e-02 3.945610666864436678e-02 1.097396750389515525e-12 1.941450202357276415e-13
5.750000000000000770e-03 8.549871735424620367e-02 3.473209936285607397e-02 1.482898146100333757e-12 2.413184348104513011e-13
6.000000000000000992e-03 7.725140002207914192e-02 3.242395201624358181e-02 1.927947979470223093e-12 2.855302045977533906e-13
6.250000000000000347e-03 7.016388082379507174e-02 3.140109485554077456e-02 2.427263578158205813e-12 3.236807944981165993e-13
6.500000000000000569e-03 6.389479317618161625e-02 3.149010201414192966e-02 2.971830097192256506e-12 3.523255203720636817e-13
6.750000000000000791e-03 5.834869844397396615e-02 3.214903847036018614e-02 3.555598478708752572e-12 3.708585003659895956e-13
7.000000000000001013e-03 5.313458372761175469e-02 3.347985413402226884e-02 4.170323777753296219e-12 3.784360765825591379e-13
7.250000000000001235e-03 4.844836572076288012e-02 3.503674449172947125e-02 4.809047625041464279e-12 3.751460384471143359e-13
7.499999999999999722e-03 4.387966811464440869e-02 3.707009536112487735e-02 5.468281427978843604e-12 3.625772920179802870e-13
7.750000000000000812e-03 3.954598964942111772e-02 3.935167324865091604e-02 6.138189377915698733e-12 3.420538774965815977e-13
8.000000000000000167e-03 3.542629081382493023e-02 4.180952244023042330e-02 6.815496187126658422e-12 3.145130318706006584e-13
8.250000000000000389e-03 3.153691340736626547e-02 4.435689365271888729e-02 7.491648441010488480e-12 2.835729510118231468e-13
8.500000000000000611e-03 2.784559499173896308e-02 4.697128779225089035e-02 8.171138017616945651e-12 2.507548028998080681e-13
8.750000000000000833e-03 2.423786799495762298e-02 4.972340312287876901e-02 8.840041573883412059e-12 2.159899825025717840e-13
9.000000000000001055e-03 2.099627782095244560e-02 5.229543520764540904e-02 9.499157973836795569e-12 1.815199278457125958e-13
9.250000000000001277e-03 1.784046504757099902e-02 5.493886191658620827e-02 1.012769223930547932e-11 1.488370138715580661e-13
9.500000000000001499e-03 1.511867329308850920e-02 5.728156204040444482e-02 1.074294839877416586e-11 1.193457671526399932e-13
9.750000000000001721e-03 1.263549792883549884e-02 5.949906799518095424e-02 1.134460974833072198e-11 9.269558049746738663e-14
1.000000000000000021e-02 1.045116558103348879e-02 6.151630418433581132e-02 1.192118747273625766e-11 6.800200365188244095e-14
