# time 1 2 D-1 D
0.000000000000000000e+00 9.999999787666850048e-01 5.925149450371728129e-09 4.560918081190474863e-36 2.750656780924152769e-34
5.000000000000000104e-04 9.976042063294247031e-01 3.289361443749529612e-04 2.739750794195418012e-18 4.318887205890162492e-21
1.000000000000000021e-03 9.900327393149287447e-01 1.423601271711768569e-03 9.145656975532015432e-16 5.933661908778545742e-18
1.500000000000000248e-03 9.766920902031875906e-01 3.283887198675428196e-03 3.099044791346535127e-14 4.603458564813520308e-16
2.000000000000000042e-03 9.569888890074939036e-01 5.815377759099752721e-03 4.006559127072051028e-13 1.102738696123637544e-14
2.500000000000000052e-03 9.303828421864631659e-01 8.559296744003732846e-03 3.084613977670000877e-12 1.386435649921757227e-13
3.000000000000000496e-03 8.964833089424661949e-01 1.089164576291484603e-02 1.712552018135450448e-11 1.156635974184188785e-12
3.500000000000000507e-03 8.551906397326246578e-01 1.220401182071031120e-02 7.513770806630922147e-11 7.242914533961443394e-12
4.000000000000000083e-03 8.068582126886565398e-01 1.225598036756311328e-02 2.786835828486101487e-10 3.659226686855421179e-11
4.500000000000000527e-03 7.524181589714977747e-01 1.139084412064596263e-02 9.018685452092433393e-10 1.561115329920313982e-10
5.000000000000000104e-03 6.933946291511030591e-01 9.930756092906691673e-03 2.598433772650002684e-09 5.800173646906255344e-10
5.500000000000000548e-03 6.317536812374329180e-01 8.540009371899307672e-03 6.825405021513847695e-09 1.918951797210134893e-09
6.000000000000000992e-03 5.696129186685082724e-01 7.300463616417121430e-03 1.646270456613299735e-08 5.750107879301446981e-09
6.500000000000000569e-03 5.089104587131531021e-01 6.280388320598261076e-03 3.674361461068334291e-08 1.581782194281402898e-08
7.000000000000001013e-03 4.511520957851655189e-01 5.639042459325295173e-03 7.598976749077246064e-08 4.038865886581292705e-08
7.499999999999999722e-03 3.973043920804601448e-01 5.227204713375494145e-03 1.456391222444154239e-07 9.658886735441581645e-08
8.000000000000000167e-03 3.478259008146060149e-01 5.067125971648811338e-03 2.567946089477475983e-07 2.179309508079962411e-07
8.500000000000000611e-03 3.027824214828319094e-01 5.071538173442398031e-03 4.155246877982059576e-07 4.666075175861521596e-07
9.000000000000001055e-03 2.619877869199042086e-01 5.321953045644326787e-03 6.147409802337165260e-07 9.522965319227275040e-07
9.500000000000001499e-03 2.251310472054234291e-01 5.647861426075358703e-03 8.208327829553792134e-07 1.858847372501776172e-06
1.000000000000000021e-02 1.918724101278147243e-01 6.208783649301868185e-03 9.827587396306466004e-07 3.478898845541974662e-06
1.050000000000000065e-02 1.619043761215142319e-01 6.954904498152040919e-03 1.033716939387387853e-06 6.253952288057522327e-06
1.100000000000000110e-02 1.349796867252986698e-01 7.842365353374940867e-03 9.427307739331844797e-07 1.081384505503319880e-05
1.150000000000000154e-02 1.109365157044016476e-01 8.954385996049550600e-03 6.621162188901529010e-07 1.800546855827143795e-05
1.200000000000000198e-02 8.964697344632964471e-02 1.015862888736997899e-02 2.763743017342624387e-07 2.890173486517034969e-05
1.250000000000000069e-02 7.106410995890687088e-02 1.138912214828756257e-02 2.997746130154827779e-09 4.477265287300806755e-05
1.300000000000000114e-02 5.517648773301482568e-02 1.250842586469137069e-02 4.023918923149198878e-07 6.703246940917025715e-05
1.350000000000000158e-02 4.210046935603271867e-02 1.317367028822071483e-02 2.506022701650660952e-06 9.717070519022527175e-05
1.400000000000000203e-02 3.155422642858800308e-02 1.341527318946149350e-02 8.060718346511791727e-06 1.366777653589337066e-04
1.450000000000000247e-02 2.350424816301127304e-02 1.299759662605624172e-02 1.973745069946906600e-05 1.870194820645789487e-04
1.499999999999999944e-02 1.750232178024468260e-02 1.209459546045927626e-02 4.085389785283720707e-05 2.497506320367691933e-04
1.550000000000000162e-02 1.313979465754675467e-02 1.085669091847045985e-02 7.611133739720762903e-05 3.264962877896770846e-04
1.600000000000000033e-02 1.000745215011583124e-02 9.460737817839263639e-03 1.313008719313221674e-04 4.185406875306408865e-04
1.650000000000000078e-02 7.728963306759666432e-03 8.083177143373804566e-03 2.122448899135687215e-04 5.281161002816519299e-04
1.700000000000000122e-02 6.084558601601550154e-03 6.776569229446386018e-03 3.256650650327111429e-04 6.573511097574554320e-04
1.750000000000000167e-02 4.862660339432683769e-03 5.615864737929898536e-03 4.798971624349173673e-04 8.072047336079843155e-04
1.800000000000000211e-02 3.947264629856620660e-03 4.606930491462711205e-03 6.796216861909283417e-04 9.805691234105685852e-04
1.850000000000000255e-02 3.245640473645648467e-03 3.754243966384156715e-03 9.268784801422938827e-04 1.179999916287475300e-03
1.900000000000000300e-02 2.712262094152947597e-03 3.032069550467802067e-03 1.221917908867184736e-03 1.407117712178223993e-03
1.950000000000000344e-02 2.293671626196972044e-03 2.436773119202253254e-03 1.568427293658262263e-03 1.662927212738618630e-03
2.000000000000000042e-02 1.958716062569411994e-03 1.953539590446697408e-03 1.954402397311175762e-03 1.949108064672084705e-03
