# time 1 2 D-1 D
0.000000000000000000e+00 9.999999555929632855e-01 1.840234258763487569e-08 6.273907223926254002e-35 5.561631115724874165e-35
2.500000000000000486e-03 9.995645053445113559e-01 1.944865609270608237e-08 3.669210124635990553e-30 1.050017241559392869e-28
5.000000000000000971e-03 9.981781639873397172e-01 4.054549595694945653e-07 7.641348423716705491e-26 5.521370207816082121e-25
7.500000000000001457e-03 9.957303162236549321e-01 2.817464729043581519e-06 2.666587867964160289e-23 8.844057939210198364e-23
1.000000000000000194e-02 9.921276215052082792e-01 1.235685068664154642e-05 1.686628203355474582e-21 3.299242847467557603e-21
1.250000000000000069e-02 9.872952287124424631e-01 4.091254837385982745e-05 4.085055208282930669e-20 5.414882993462430942e-20
1.500000000000000291e-02 9.811690814221111223e-01 1.133940331068781658e-04 5.250539975095464035e-19 5.190727684571694691e-19
1.750000000000000167e-02 9.736773214451401870e-01 2.797948969950565584e-04 4.295271816344188301e-18 3.385465231057669942e-18
2.000000000000000389e-02 9.647096678201819708e-01 6.340529094421256317e-04 2.487131684020265942e-17 1.649801010086484704e-17
2.250000000000000264e-02 9.540709836965868273e-01 1.355059492979126525e-03 1.095922796119454226e-16 6.400668652065795111e-17
2.500000000000000139e-02 9.414073308216556191e-01 2.780889706947003038e-03 3.871766464315060717e-16 2.071211139871202214e-16
2.750000000000000361e-02 9.260792791324944373e-01 5.537834765185245187e-03 1.136608388170796273e-15 5.796156087472331110e-16
3.000000000000000583e-02 9.069401302955356625e-01 1.079918757247551146e-02 2.854602462651721451e-15 1.444256600198031445e-15
3.250000000000000111e-02 8.819689454856413091e-01 2.066262932060336163e-02 6.235377506726808257e-15 3.282104844240827619e-15
3.500000000000000333e-02 8.477613168016437939e-01 3.868946561268918338e-02 1.200509229418254917e-14 6.936668273369849982e-15
3.750000000000000555e-02 7.992140027335421504e-01 7.023670882824029071e-02 2.038265478254009338e-14 1.384874282483897196e-14
4.000000000000000777e-02 7.306536722840772935e-01 1.212675121494826702e-01 3.023019787609791849e-14 2.639051344778539837e-14
4.250000000000000999e-02 6.400694670554561982e-01 1.940724356749977120e-01 3.813735028753104000e-14 4.795871585946997302e-14
4.500000000000000527e-02 5.358462911572283716e-01 2.803686538464451039e-01 3.886673772428407931e-14 8.188865720222251208e-14
4.750000000000000749e-02 4.333704476549151141e-01 3.646617262664558767e-01 2.918053297690421669e-14 1.274856928277998753e-13
5.000000000000000278e-02 3.459704165282255772e-01 4.329657404458906456e-01 1.346547969702291122e-14 1.752706375463925527e-13
5.250000000000000500e-02 2.775895791963142178e-01 4.807509855217549921e-01 1.543623704693944795e-15 2.114007471723510485e-13
5.500000000000000722e-02 2.261405223431073030e-01 5.093189659715492423e-01 5.552573740151428492e-15 2.279872198227175763e-13
5.750000000000000944e-02 1.877272692168110158e-01 5.215628459667346339e-01 1.111924781334419305e-13 2.240272412897981548e-13
6.000000000000001166e-02 1.588074854635315725e-01 3.386479191412165163e-03 7.961210224394054951e-13 2.030316121584518705e-13
6.250000000000000000e-02 1.367029631969761405e-01 1.781692951762803203e-03 1.014643940519760209e-12 1.705610463782321047e-13
6.500000000000000222e-02 1.195131897920705677e-01 1.486669594448279804e-03 1.003975578480267713e-12 1.328216002553971368e-13
6.750000000000000444e-02 1.059125254992851067e-01 1.282964301472507484e-03 9.436565610092986347e-13 9.530258125962214266e-14
7.000000000000000666e-02 9.497385505384188520e-02 1.149538603060922676e-03 8.605438728763938162e-13 6.250967639911819074e-14
7.250000000000000888e-02 8.604144429487864398e-02 1.049647270588883238e-03 7.674432927883137740e-13 3.660210568709626716e-14
7.500000000000001110e-02 7.864471436271626426e-02 9.566500615486423463e-04 6.643660318601988357e-13 1.833117772695856593e-14
7.750000000000001332e-02 7.244073512925050529e-02 8.725227267870359687e-04 5.564652115810703090e-13 7.346057321322523520e-15
8.000000000000001554e-02 6.717581148316192907e-02 7.986922582715531675e-04 4.460214493307394763e-13 2.305786846997619966e-15
8.250000000000001776e-02 6.265963251928116651e-02 7.324537525028436630e-04 3.366549334242047123e-13 1.605074964835725792e-15
8.500000000000001998e-02 5.874752365810743948e-02 6.732495701217484268e-04 2.342033196538174514e-13 3.568265245792081003e-15
8.750000000000000833e-02 5.532822626599490090e-02 6.207952008845374608e-04 1.426012077183932195e-13 6.809956912214205247e-15
9.000000000000001055e-02 5.231518566473072895e-02 5.740004507309172908e-04 6.937347578979299591e-14 1.026857275701665253e-14
9.250000000000001277e-02 4.964040242903760419e-02 5.355354077333136526e-04 2.248490635765895688e-14 1.324278055322044585e-14
9.500000000000001499e-02 4.724991579958955773e-02 5.010830020260862621e-04 4.047895186390272922e-15 1.538102727056792570e-14
9.750000000000001721e-02 4.510051688709067891e-02 4.725744691335587882e-04 1.508079150764631514e-14 1.652173489478869204e-14
1.000000000000000056e-01 4.315804831045870482e-02 4.472545700103239459e-04 4.558673567136774013e-14 1.670713427356464687e-14
