# time 1 2 D-1 D
0.000000000000000000e+00 9.999999567735236017e-01 1.668564742992315750e-08 2.003789272608895937e-35 1.133469566822614115e-35
2.500000000000000052e-04 9.991359295460326972e-01 1.034755574202260901e-06 3.828089114616499701e-32 3.568741729995813167e-36
5.000000000000000104e-04 9.963661284323706013e-01 2.044476452198717016e-05 1.043581597131789778e-27 3.255930017476913750e-32
7.500000000000001240e-04 9.913892859140172042e-01 1.277042769616284861e-04 4.822130954754258969e-25 5.518739280286163163e-29
1.000000000000000021e-03 9.838177580655551591e-01 5.064349360117261856e-04 4.530476267549222775e-23 9.784966365820689935e-27
1.250000000000000026e-03 9.730973301964590538e-01 1.572581100957280709e-03 1.639943804318135112e-21 4.362975081286623834e-25
1.500000000000000248e-03 9.583976976839957418e-01 4.277372654577898600e-03 3.428853365008860326e-20 6.577859998349378822e-24
1.750000000000000253e-03 9.385093322701092422e-01 1.081479670128494830e-02 4.701438422770925252e-19 2.683332764079397071e-23
2.000000000000000042e-03 9.118194990865945426e-01 1.674676003541856681e-02 5.178701113811436774e-18 1.422860975678970386e-23
2.250000000000000264e-03 8.764593491400077818e-01 2.590540843120288719e-02 3.028275950213643959e-17 5.531246179357873122e-21
2.500000000000000052e-03 8.306939284218597397e-01 4.180724177789384849e-02 9.380862555878791229e-17 1.144619635030905439e-19
2.750000000000000274e-03 7.735711426827919235e-01 6.583326049152654624e-02 2.704616061744602748e-16 1.101475984895033752e-18
3.000000000000000496e-03 7.057245693727695057e-01 9.616357538692466012e-02 7.041647980015315455e-16 6.662956735682288420e-18
3.250000000000000284e-03 6.299544990621425145e-01 1.252229465003794617e-01 1.526610623765203772e-15 2.851775606950768456e-17
3.500000000000000507e-03 5.509695053735881309e-01 1.319046688004807122e-01 2.876334875814133889e-15 9.210637299585775705e-17
3.749999999999999861e-03 4.740707885951969125e-01 5.414026676950257216e-02 4.662953352754657275e-15 2.334431583376316650e-16
4.000000000000000083e-03 4.035237285176335731e-01 3.562447726462896944e-04 6.698430930695980515e-15 4.736026725811167490e-16
4.250000000000000305e-03 3.416646521185095486e-01 4.562307621720150010e-03 8.695020945937773842e-15 7.666924893306208407e-16
4.500000000000000527e-03 2.890182191447387972e-01 1.053375767036482565e-02 1.054114017533928031e-14 9.451010138004749978e-16
4.750000000000000749e-03 2.449427830685597385e-01 1.429171594491459273e-02 1.185600713839647343e-14 7.525020915900452167e-16
5.000000000000000104e-03 2.082765413924134723e-01 1.718101972849822925e-02 1.339590578557900295e-14 1.816316956871493172e-16
5.250000000000000326e-03 1.777628564346899198e-01 1.932783809412440962e-02 1.554909400464256600e-14 4.668505143764273346e-16
5.500000000000000548e-03 1.522650740079691811e-01 2.121524830558187830e-02 1.030062153944712471e-14 5.991698873143315794e-15
5.750000000000000770e-03 1.308346517524238140e-01 2.300057364480652400e-02 1.515037519100304448e-15 2.681777639217501332e-14
6.000000000000000992e-03 1.127194922257472171e-01 2.457919472704287248e-02 3.736680924927819857e-16 8.079110824862092892e-14
6.250000000000000347e-03 9.733405111124927844e-02 2.605635111119693550e-02 3.721390172292183152e-15 1.939265964409353752e-13
6.500000000000000569e-03 8.422367727952551064e-02 2.734186736165295992e-02 7.354663988249461989e-15 3.985349698676197703e-13
6.750000000000000791e-03 7.303099704150115001e-02 2.847838111860284335e-02 7.379887922897513397e-15 7.297580057800880772e-13
7.000000000000001013e-03 6.346691840791848782e-02 2.950775040271933283e-02 3.108497043338121388e-15 1.221756837021414652e-12
7.250000000000001235e-03 5.529300361303456091e-02 3.019889725512148529e-02 7.661001809004627403e-17 1.904548759421703583e-12
7.499999999999999722e-03 4.830591898586683586e-02 3.088762488869850609e-02 1.216188905205368525e-14 2.802541594252974081e-12
7.750000000000000812e-03 4.233066128218981872e-02 3.129674732893372724e-02 6.255753989705809638e-14 3.933550609924970078e-12
8.000000000000000167e-03 3.721574100246212435e-02 3.175470027288979091e-02 1.828798391610487020e-13 5.309199665700672228e-12
8.250000000000000389e-03 3.283031966281541730e-02 3.202840436376026834e-02 4.135436308523505394e-13 6.936149531861753395e-12
8.500000000000000611e-03 2.906210035194789834e-02 3.241195798379070681e-02 8.023372560380395357e-13 8.816304927944878012e-12
8.750000000000000833e-03 2.581542476717354692e-02 3.285964766037340751e-02 1.394684854079702485e-12 1.094876961438627571e-11
9.000000000000001055e-03 2.300938568475744891e-02 3.354288039300484109e-02 2.234160490219641943e-12 1.333095005165046916e-11
9.250000000000001277e-03 2.057595075386048356e-02 3.469084440422393056e-02 3.375033124565436339e-12 1.595814982355538047e-11
9.500000000000001499e-03 1.845814933095843088e-02 3.694562286012675195e-02 4.851808041703582614e-12 1.882442252335076233e-11
9.750000000000001721e-03 1.660839321763159931e-02 3.977766762125009570e-02 6.688643854495216774e-12 2.192465935319660073e-11
1.000000000000000021e-02 1.498698437065537452e-02 3.965984725413278233e-02 8.931319261872081394e-12 2.525459399582708305e-11
