# time 1 2 D-1 D
0.000000000000000000e+00 9.999999702332404983e-01 4.011371271936444750e-09 2.670796633465163611e-35 1.415368666786960820e-35
1.250000000000000243e-03 9.999995704480865166e-01 2.630108298172755220e-08 8.658514035446787719e-31 1.873257695565820213e-31
2.500000000000000486e-03 9.999926386799121714e-01 9.835607403853825061e-07 1.748820487596308215e-26 5.406560481663200199e-29
3.750000000000000729e-03 9.999599958317287873e-01 7.218200194571907592e-06 5.360317908044166950e-25 6.203588623868455910e-27
5.000000000000000971e-03 9.998619008230147376e-01 3.259086422499292483e-05 1.611947949657276524e-24 6.275924203981912721e-25
6.250000000000000347e-03 9.996221219417767978e-01 1.136518176862515671e-04 2.392068230436016730e-24 4.820160952789427321e-24
7.500000000000001457e-03 9.990966604294179154e-01 3.308087063095676715e-04 4.455331236388296556e-24 1.813501024779123150e-23
8.750000000000000833e-03 9.980188382666751457e-01 8.465839050041035945e-04 3.913979294377604400e-23 5.916428368420687275e-23
1.000000000000000194e-02 9.959136776583208395e-01 1.992116416789057633e-03 2.635755776976330959e-23 1.872593596848335921e-22
1.125000000000000132e-02 9.919848121866982060e-01 4.305502821204796986e-03 8.637209510354607870e-22 7.110805301737859350e-22
1.250000000000000069e-02 9.850064171024176529e-01 8.681851959791986317e-03 2.475896030980040791e-20 3.929735239360003424e-21
1.375000000000000180e-02 9.733057238248639109e-01 1.641198186188055907e-02 2.565467285131385340e-19 2.654677956101941364e-20
1.500000000000000291e-02 9.549747921330213885e-01 2.876468260701455296e-02 1.621140757883858676e-18 1.715624650957467518e-19
1.625000000000000056e-02 9.284181701185523217e-01 4.667581882832330664e-02 7.460419059136812121e-18 9.463422357128458749e-19
1.750000000000000167e-02 8.931209637458481509e-01 6.955865355780838089e-02 2.663213074808280168e-17 4.212974563505152502e-18
1.875000000000000278e-02 8.501819797658977107e-01 9.460039194052888289e-02 7.773933838935123651e-17 1.537821286707808856e-17
2.000000000000000389e-02 8.021285205229248261e-01 1.165093755304246054e-01 1.924459241022983981e-16 4.675339885028533524e-17
2.125000000000000500e-02 7.520534870316929466e-01 1.324959671102122483e-01 4.147650208453270681e-16 1.209620200010137143e-16
2.250000000000000264e-02 7.026729808327534244e-01 1.431657523625912976e-01 7.951184166524349057e-16 2.716252638828765719e-16
2.375000000000000375e-02 6.558271551474968986e-01 1.503273331941839264e-01 1.382350638982369977e-15 5.409991094573611980e-16
2.500000000000000139e-02 6.124699507956513633e-01 1.566763103943735469e-01 2.240726533379293809e-15 9.679763087895344319e-16
2.625000000000000250e-02 5.729058517299999709e-01 1.625707811579996942e-01 3.388390514246434042e-15 1.576796380971080245e-15
2.750000000000000361e-02 5.370552935936726557e-01 1.685363412536242111e-01 4.899680281269662083e-15 2.342096620610344593e-15
2.875000000000000472e-02 5.046488388005722081e-01 1.745094373824645217e-01 6.862095716772667485e-15 3.158579295969483892e-15
3.000000000000000583e-02 4.753568587488929409e-01 1.807257235173094501e-01 9.334689238501034482e-15 3.899540116202666802e-15
3.125000000000000000e-02 4.488393706059960464e-01 1.868709435094273175e-01 1.252770500027997414e-14 4.216711698465035565e-15
3.250000000000000111e-02 4.247808631148116687e-01 1.931721516130424088e-01 1.651342723160763572e-14 3.824890125757489971e-15
3.375000000000000222e-02 4.029047479811064814e-01 1.995200105922857736e-01 2.094206233666912763e-14 2.775740370584300939e-15
3.500000000000000333e-02 3.830080330416118506e-01 2.056988689485948762e-01 2.519272907000879148e-14 1.327199677032392255e-15
3.625000000000000444e-02 3.647404262118126295e-01 2.118000009984119247e-01 2.801481414427217700e-14 3.247701553854929756e-16
3.750000000000000555e-02 3.480576980609346172e-01 2.178269091075542008e-01 2.880254366841543616e-14 9.780192815816591099e-18
3.875000000000000666e-02 3.327264648045266671e-01 2.237378449186606111e-01 2.717682489867523237e-14 5.135479279302887276e-16
4.000000000000000777e-02 3.186564265219357650e-01 2.294119588484087868e-01 2.355512949058194655e-14 1.877830070688373805e-15
4.125000000000000888e-02 3.056838223480629058e-01 2.349612103169615718e-01 1.785330235046008063e-14 4.557000593086724751e-15
4.250000000000000999e-02 2.936852296314260147e-01 2.403703893465754249e-01 1.137387990380633607e-14 9.512315525731634506e-15
4.375000000000000416e-02 2.825617829521039903e-01 2.455293306334501713e-01 3.676565991237495998e-15 1.893407392265112141e-14
4.500000000000000527e-02 2.723127785260238132e-01 2.504864594833296487e-01 1.049573227553483058e-14 3.757511339597444782e-14
4.625000000000000638e-02 2.627589297597494045e-01 2.553162321606862184e-01 2.470951842691688183e-14 7.587825542572826864e-14
4.750000000000000749e-02 2.538665923394272661e-01 2.599701235474409788e-01 3.247374784125726755e-14 1.555803033713143610e-13
4.875000000000000860e-02 2.455807469697352807e-01 2.644665706641263214e-01 2.648335537455510190e-14 3.105370843931086524e-13
5.000000000000000278e-02 2.378331432093727937e-01 2.687608452028649175e-01 3.436505324753349974e-15 5.420997436531060057e-13
