# time 1 2 D-1 D
0.000000000000000000e+00 9.999999225297702132e-01 3.156251207804926801e-08 6.014768188501520793e-35 4.079312650323184389e-36
2.500000000000000052e-04 9.999992760566744909e-01 4.927691575717952793e-08 4.346252608921172143e-35 1.579412691658426957e-36
5.000000000000000104e-04 9.999887833305066698e-01 6.692982452335196556e-07 1.760571353346656003e-29 1.223806369672266813e-32
7.500000000000001240e-04 9.999424949038459021e-01 3.465008764865260983e-06 8.581513462443187831e-27 6.979256091411294571e-30
1.000000000000000021e-03 9.998145665646326341e-01 1.248131170370012782e-05 8.541469070006747873e-26 2.788281779174657658e-28
1.250000000000000026e-03 9.995344589775866373e-01 3.596796811819349786e-05 1.095683726850777068e-24 4.873823298462742096e-27
1.500000000000000248e-03 9.989977783422374635e-01 8.542121158121571730e-05 6.971529509692829118e-24 3.423716256567339455e-26
1.750000000000000253e-03 9.980516746921730409e-01 1.885997315545122409e-04 2.756627218435227305e-23 1.973396998253623885e-25
2.000000000000000042e-03 9.964749047041309149e-01 3.763892933550819567e-04 9.298927290396801195e-23 9.436473746439505456e-25
2.250000000000000264e-03 9.939547840873736995e-01 7.052515957155891090e-04 2.813089168446080640e-22 4.062648624707529270e-24
2.500000000000000052e-03 9.900660395702478578e-01 1.236883861688887814e-03 7.677404431095998433e-22 1.554994218179155408e-23
2.750000000000000274e-03 9.842592747902060291e-01 2.099840232608537419e-03 1.907333464763287421e-21 5.286765345069027310e-23
3.000000000000000496e-03 9.758679817059561223e-01 3.398507486545861590e-03 4.351748559835804903e-21 1.594722772796248337e-22
3.250000000000000284e-03 9.641408825422972395e-01 5.261318525050720854e-03 9.222725310100907492e-21 4.295074203670844355e-22
3.500000000000000507e-03 9.482992495509271480e-01 7.832066291455904924e-03 1.844991081057859314e-20 1.048550148815085026e-21
3.749999999999999861e-03 9.276075206777576465e-01 1.129596871207239582e-02 3.521132003801667448e-20 2.372870581799601442e-21
4.000000000000000083e-03 9.014363366158589796e-01 1.588540687648409139e-02 6.334095373824598993e-20 5.054393305476964068e-21
4.250000000000000305e-03 8.692975882408451316e-01 2.185095544653798197e-02 1.015145637502723644e-19 1.007925917577847094e-20
4.500000000000000527e-03 8.308485370360579880e-01 2.960034241135304015e-02 1.182627416421135013e-19 1.821506613295492130e-20
4.750000000000000749e-03 7.858927935851353075e-01 3.950261647700212264e-02 3.471715144903967266e-20 2.826978601883145279e-20
5.000000000000000104e-03 7.344329901897533874e-01 5.176317886815278574e-02 2.650615776697113578e-19 3.442259644635661293e-20
5.250000000000000326e-03 6.768255104305501701e-01 6.629258654079878132e-02 2.733998822603583482e-18 2.680599599007670333e-20
5.500000000000000548e-03 6.140272795678749507e-01 8.244522125416889335e-02 8.326835630272135385e-18 5.097657438495887052e-21
5.750000000000000770e-03 5.478127397476680871e-01 9.907866495777990778e-02 1.789836996971379275e-17 1.614579003659250279e-20
6.000000000000000992e-03 4.807514867038967243e-01 1.144630264297041150e-01 3.204019117236343588e-17 2.152715512225295905e-19
6.250000000000000347e-03 4.158067223036593929e-01 1.264985392429971711e-01 5.117841995255798046e-17 9.271982411727389651e-19
6.500000000000000569e-03 3.556703087014316256e-01 1.300711269444236318e-01 7.416303429656341430e-17 2.664938268792898702e-18
6.750000000000000791e-03 3.021760180212941238e-01 1.046532569359522047e-01 9.944691450675516106e-17 6.160820116438389353e-18
7.000000000000001013e-03 2.560764262044283313e-01 4.209735979148112456e-02 1.233843719141541712e-16 1.200646141672262544e-17
7.250000000000001235e-03 2.171961412718588502e-01 1.721464828939796993e-02 1.444393085154284503e-16 2.096292216687675719e-17
7.499999999999999722e-03 1.847713786744921149e-01 8.656101421275992636e-03 1.583149471572190806e-16 3.298263155319840794e-17
7.750000000000000812e-03 1.577814369744249545e-01 5.125763313547099069e-03 1.646176305996652472e-16 4.806868294905164459e-17
8.000000000000000167e-03 1.351785517998434216e-01 3.135886115607504528e-03 1.617718484732138545e-16 6.481180128624522069e-17
8.250000000000000389e-03 1.160126514882143939e-01 1.504252742551858086e-03 1.513962229205978756e-16 8.249749984348080466e-17
8.500000000000000611e-03 9.946264418866182511e-02 4.193638562192606020e-04 1.342326144182269513e-16 1.004942752077086431e-16
8.750000000000000833e-03 8.484819431844178861e-02 1.242308619104310021e-07 1.114569136406989131e-16 1.164159891951501993e-16
9.000000000000001055e-03 7.156992315802525317e-02 5.390777476249342939e-04 9.044761831687129064e-17 1.291158602117262454e-16
9.250000000000001277e-03 5.895919869043336065e-02 2.445808735521374545e-03 6.908305206128572919e-17 1.384894541272356099e-16
9.500000000000001499e-03 4.591346742282034071e-02 6.430080317628551409e-03 4.911883098891170296e-17 1.441245430610147114e-16
9.750000000000001721e-03 3.014678308790078379e-02 1.436754931907394638e-02 3.251164320247909889e-17 1.459566556848497132e-16
1.000000000000000021e-02 1.146710520268264324e-02 2.614033742791414469e-02 1.914498294480023010e-17 1.445114033495781725e-16
