# time 1 2 D-1 D
0.000000000000000000e+00 9.999999604120279884e-01 5.330271973819588293e-09 5.264451450157613535e-35 1.482592249974610454e-36
2.500000000000000052e-04 9.993982339610514298e-01 1.344425072070923491e-07 1.091794139729605567e-26 3.557719590795267471e-26
5.000000000000000104e-04 9.974703815961151188e-01 2.882526058398883285e-06 2.824900233118983544e-22 1.925581750178669034e-22
7.500000000000001240e-04 9.940228002635886906e-01 1.862999946835227561e-05 1.244747404102692860e-19 3.311598443155897132e-20
1.000000000000000021e-03 9.888460626319305335e-01 7.379433456881701926e-05 1.032475005601517986e-17 1.416014039200881447e-18
1.250000000000000026e-03 9.816986054677204754e-01 2.265455943927762979e-04 3.353541163679204216e-16 2.895707729840010835e-17
1.500000000000000248e-03 9.722708243046531695e-01 5.929561098728001545e-04 5.886967211954457322e-15 3.789237950500252290e-16
1.750000000000000253e-03 9.601226409627673375e-01 1.385998392594124792e-03 6.590073087221415399e-14 3.643659944289722004e-15
2.000000000000000042e-03 9.445857972802942371e-01 2.996854244404868056e-03 5.138592588836002609e-13 2.726262884197831053e-14
2.250000000000000264e-03 9.246238115159179927e-01 6.042933134073506102e-03 2.973499052455685637e-12 1.614231472203952696e-13
2.500000000000000052e-03 8.986604087899171533e-01 1.147959275371418855e-02 1.302007829321025982e-11 7.605759051766650340e-13
2.750000000000000274e-03 8.644410653172939218e-01 2.074159329177942615e-02 3.679343416853991879e-11 2.879701156931001480e-12
3.000000000000000496e-03 8.191007535178131960e-01 3.553021823919908645e-02 8.493114579553647531e-11 8.915868355063207579e-12
3.250000000000000284e-03 7.597388864407238485e-01 5.762292150758663994e-02 1.850277149266247489e-10 2.309352534823762606e-11
3.500000000000000507e-03 6.847663937754291386e-01 8.780868973653270515e-02 3.657791225095246455e-10 5.128600722481744139e-11
3.749999999999999861e-03 5.957843989206288438e-01 1.254632399956769617e-01 6.544131728142142084e-10 9.999952786489197903e-11
4.000000000000000083e-03 4.987673579424290460e-01 1.663062373371806402e-01 1.073297606150680804e-09 1.749093156703397679e-10
4.250000000000000305e-03 4.028246816460983037e-01 2.039289348968070514e-01 1.625929422704836649e-09 2.795937540989320902e-10
4.500000000000000527e-03 3.165750253413778248e-01 2.314699417421116068e-01 2.313557675503281608e-09 4.149264369043836213e-10
4.750000000000000749e-03 2.448865330717276689e-01 2.434243114832574661e-01 3.122895192152067029e-09 5.791856134165507465e-10
5.000000000000000104e-03 1.884290768810597261e-01 2.298238344615330386e-01 4.029693138814096278e-09 7.686640042604670994e-10
5.250000000000000326e-03 1.453009213808868216e-01 1.679932049790017756e-01 5.014255955380335872e-09 9.784853326816129216e-10
5.500000000000000548e-03 1.127717592010452630e-01 9.005387464333275416e-02 6.061077214822798911e-09 1.203375242681772410e-09
5.750000000000000770e-03 8.826690282415272648e-02 5.176421486988955212e-02 7.163918756479061952e-09 1.438275795772537169e-09
6.000000000000000992e-03 6.970423665053737672e-02 3.483724521181493644e-02 8.253643997240463934e-09 1.678741188395117475e-09
6.250000000000000347e-03 5.551465445928199099e-02 2.645028308539789513e-02 9.363694290976350060e-09 1.921147548424847702e-09
6.500000000000000569e-03 4.451597335058278537e-02 2.146486872379445299e-02 1.045261642669003746e-08 2.162729017647063048e-09
6.750000000000000791e-03 3.598474105946029150e-02 1.826287015824618401e-02 1.151877312387106357e-08 2.401548642643002928e-09
7.000000000000001013e-03 2.917623752821443817e-02 1.610956863307153389e-02 1.255943818779793045e-08 2.636383563242668032e-09
7.250000000000001235e-03 2.373513688339040292e-02 1.455769275966350106e-02 1.357190042752009587e-08 2.866598226293046106e-09
7.499999999999999722e-03 1.930579675449016139e-02 1.342894966590637944e-02 1.456071977327303721e-08 3.091999198851567901e-09
7.750000000000000812e-03 1.562779978988428076e-02 1.262398967471144509e-02 1.549523974822549272e-08 3.312722606350357084e-09
8.000000000000000167e-03 1.259074551739157444e-02 1.200012017794454058e-02 1.643293044769859243e-08 3.529122253588047905e-09
8.250000000000000389e-03 1.000822812543518403e-02 1.156006046658410863e-02 1.732001132966863348e-08 3.741684249464123404e-09
8.500000000000000611e-03 7.830538878006909967e-03 1.121783030930114701e-02 1.821164407283157564e-08 3.950962970937057049e-09
8.750000000000000833e-03 5.989115999122719171e-03 1.093991480063679148e-02 1.913823965624634538e-08 4.157546112381629815e-09
9.000000000000001055e-03 4.391528298307990734e-03 1.074081408670274525e-02 2.003735975228814442e-08 4.361994947403667491e-09
9.250000000000001277e-03 3.055266610104182511e-03 1.054277209299258819e-02 2.086708546379889375e-08 4.564839893453328772e-09
9.500000000000001499e-03 2.002080779535836755e-03 1.027689993297263051e-02 2.168300177561322356e-08 4.766564671385301342e-09
9.750000000000001721e-03 1.205963486351359143e-03 9.931956833972325691e-03 2.252351350225537658e-08 4.967600253271109893e-09
1.000000000000000021e-02 6.571950552569955518e-04 9.488345625482133561e-03 2.336595528096595163e-08 5.166845229280640569e-09
