# time 1 2 D-1 D
0.000000000000000000e+00 9.999999456515934471e-01 1.768481893205251027e-08 1.442849578054463209e-35 1.294010354501579116e-35
2.500000000000000486e-03 9.987864254852931722e-01 8.496865100587646839e-06 1.522691207930746961e-29 1.149557395135348583e-34
5.000000000000000971e-03 9.947405742104062920e-01 1.880066107163321355e-04 3.559864541603197949e-25 3.632869769712003493e-29
7.500000000000001457e-03 9.866925233700528652e-01 1.324934985069830227e-03 1.464504913141756090e-22 6.846673269152608338e-26
1.000000000000000194e-02 9.719543196501467808e-01 5.797058432436174441e-03 1.121684677875128783e-20 1.511554895286698040e-23
1.250000000000000069e-02 9.449600206932903257e-01 1.917254714888672051e-02 3.376132888175496986e-19 1.010121650235813746e-21
1.500000000000000291e-02 8.968049301516989313e-01 5.095938478607497935e-02 5.568423635032190448e-18 3.152746759266622146e-20
1.750000000000000167e-02 8.198922474614841471e-01 1.085419656798587984e-01 5.990852899150671164e-17 5.801839156137830963e-19
2.000000000000000389e-02 7.182894331110590835e-01 1.770099729808929934e-01 4.648164768396684691e-16 7.279222098202478181e-18
2.250000000000000264e-02 6.093309402931024188e-01 2.054354057965872282e-01 2.786105005228533732e-15 6.885855312080795657e-17
2.500000000000000139e-02 5.101680223078327581e-01 1.923056116123424142e-01 1.351270397107915987e-14 5.352444757622361388e-16
2.750000000000000361e-02 4.286194159074398491e-01 1.466293867614553992e-01 5.449920629289238436e-14 3.577838376745762664e-15
3.000000000000000583e-02 3.650912114801759811e-01 5.915047982911145197e-02 1.839689485638610489e-13 2.246423242357028165e-14
3.250000000000000111e-02 3.168821721242388589e-01 4.287429939225215203e-02 5.134259824703537010e-13 1.278451096419826750e-13
3.500000000000000333e-02 2.806794644369071112e-01 3.599540162190037473e-02 1.135980068927269098e-12 6.242190324519433981e-13
3.750000000000000555e-02 2.535315115709675382e-01 3.179230781284592133e-02 2.062744916716590494e-12 2.241039011236755200e-12
4.000000000000000777e-02 2.330952466248846777e-01 2.772652682198840923e-02 3.559080887991278968e-12 5.881041409252474130e-12
4.250000000000000999e-02 2.176063597779026582e-01 2.476217097081595542e-02 6.062838744201135264e-12 1.264963457831813598e-11
4.500000000000000527e-02 2.057680536472685229e-01 2.226229597523324277e-02 1.004047001911297249e-11 2.376853045176362233e-11
4.750000000000000749e-02 1.966363493059127554e-01 2.009775536264082896e-02 1.564904037541845801e-11 4.059181258246796343e-11
5.000000000000000278e-02 1.895248226702563599e-01 1.832993167377807223e-02 2.255780713506185157e-11 6.452373529730686309e-11
5.250000000000000500e-02 1.839327313797466112e-01 1.660269277002385940e-02 3.155939541643175422e-11 9.529614262899083161e-11
5.500000000000000722e-02 1.794926267423200550e-01 1.502840341378093580e-02 4.070859449255675792e-11 1.348398196827147096e-10
5.750000000000000944e-02 1.759327585293656848e-01 1.376856938824424538e-02 4.885412769656840836e-11 1.838227951107047699e-10
6.000000000000001166e-02 1.730508572981282189e-01 1.278087502545165698e-02 5.554299628780563616e-11 2.418266119914542573e-10
6.250000000000000000e-02 1.706950463271522944e-01 1.183366047223709770e-02 3.105089893645566942e-10 5.793537702392524536e-11
6.500000000000000222e-02 1.687504797188088823e-01 1.115603960773191988e-02 3.761094711787774268e-10 6.838353295847918250e-11
6.750000000000000444e-02 1.671295834465569285e-01 1.044497534007210286e-02 4.552332185734807750e-10 6.874670846314808745e-11
7.000000000000000666e-02 1.657652012802080799e-01 9.838625700005149480e-03 5.378577959525820639e-10 6.751221109889599317e-11
7.250000000000000888e-02 1.646054286843579018e-01 9.363861389426051535e-03 6.261738617006405843e-10 6.106055662515657720e-11
7.500000000000001110e-02 1.636098853188819868e-01 8.788590399675277887e-03 7.127751556559364618e-10 5.557461140039962640e-11
7.750000000000001332e-02 1.627469887992416542e-01 8.479548214228388447e-03 7.976561527950281184e-10 5.007279415123497451e-11
8.000000000000001554e-02 1.619918632228482258e-01 8.240971114756055066e-03 8.834358714961494998e-10 4.110766247648925101e-11
8.250000000000001776e-02 1.613248410101568164e-01 8.019535147946914647e-03 9.660538557603507233e-10 3.195029794555600701e-11
8.500000000000001998e-02 1.607302570225643823e-01 7.651759663038983257e-03 1.044237711744754942e-09 2.282466406977091973e-11
8.750000000000000833e-02 1.601956175562646578e-01 7.458191527513081259e-03 1.115822924550392679e-09 1.461408487647680038e-11
9.000000000000001055e-02 1.597108228503386074e-01 7.424934510619255433e-03 1.177273289193025945e-09 9.001879322562308048e-12
9.250000000000001277e-02 1.592678179650534320e-01 7.299536748718175698e-03 1.224664701040874904e-09 4.979946553350909497e-12
9.500000000000001499e-02 1.588600619695056670e-01 7.164913599734180905e-03 1.263018581085907747e-09 3.058670224651662107e-12
9.750000000000001721e-02 1.584821414471020984e-01 7.024684792505927859e-03 1.289225627688589234e-09 4.300962888442944229e-12
1.000000000000000056e-01 1.581299585416133802e-01 6.819189469595510721e-03 1.293150872288419540e-09 8.175994290817819248e-12
