# time 1 2 D-1 D
0.000000000000000000e+00 9.999999448310007422e-01 1.224257542287581499e-08 4.253009188511301064e-34 2.460456613064900874e-36
5.000000000000000104e-04 9.993042953420400165e-01 5.092455869402685238e-07 2.367830629978556032e-27 1.190535794752554984e-26
1.000000000000000021e-03 9.970486216727335593e-01 1.062855607141355597e-05 5.832392012281528164e-23 6.473489048254710156e-23
1.500000000000000248e-03 9.929264493710200368e-01 7.066357931343807900e-05 2.478853963989840717e-20 1.122884581474399107e-20
2.000000000000000042e-03 9.865423766856400434e-01 2.923764852479441016e-04 1.996386388628772697e-18 4.870189370116113105e-19
2.500000000000000052e-03 9.773510229493909129e-01 9.368242762566574705e-04 6.433736872471273746e-17 1.016944728240098991e-17
3.000000000000000496e-03 9.645345190289292825e-01 2.544800327639552915e-03 1.169131883121353376e-15 1.363457968258409290e-16
3.500000000000000507e-03 9.468124382308856779e-01 6.148323241050354833e-03 1.456896280158034899e-14 1.333236097681007151e-15
4.000000000000000083e-03 9.222255914565256063e-01 1.349311084053682851e-02 1.419709219304983230e-13 9.928333689562658941e-15
4.500000000000000527e-03 8.880578803763869988e-01 2.721336291487817804e-02 1.162002818773320503e-12 5.693702792117870981e-14
5.000000000000000104e-03 8.412545113061595803e-01 5.039781931122228747e-02 6.395464284120285768e-12 2.547346543830403601e-13
5.500000000000000548e-03 7.797113373281854276e-01 8.542209949495538357e-02 1.939271051346942575e-11 9.103244007793103800e-13
6.000000000000000992e-03 7.041113257198201580e-01 1.316276892238130436e-01 4.619798758334046065e-11 2.675765348777207899e-12
6.500000000000000569e-03 6.187708827247199173e-01 1.833978531743457319e-01 9.602117795914155891e-11 6.661624838416362646e-12
7.000000000000001013e-03 5.302385528324152775e-01 2.298975128293203884e-01 1.777163480007699175e-10 1.442144077727376848e-11
7.499999999999999722e-03 4.447398964423507906e-01 2.588025548235416418e-01 2.998642161961485532e-10 2.776316086799992218e-11
8.000000000000000167e-03 3.665668206946067209e-01 2.645006858983490194e-01 4.647482891577038050e-10 4.842457696812098095e-11
8.500000000000000611e-03 2.979211860179831195e-01 2.446691324081183005e-01 6.668696647916561068e-10 7.770986850056155940e-11
9.000000000000001055e-03 2.394367534329446545e-01 2.031617842462636325e-01 9.169096489934619009e-10 1.161992111221219085e-10
9.500000000000001499e-03 1.907444222330686445e-01 1.587273277251002312e-01 1.184335906252272580e-09 1.635998894817823164e-10
1.000000000000000021e-02 1.509080875641951314e-01 1.241360498844501781e-01 1.486538773826244090e-09 2.187755620597421407e-10
1.050000000000000065e-02 1.187385028913715140e-01 1.051123954479887684e-01 1.789688261401256938e-09 2.799122979969777805e-10
1.100000000000000110e-02 9.300529456701375763e-02 6.718658969537803956e-03 2.084015423321169320e-09 3.447739062342868707e-10
1.150000000000000154e-02 7.256221958322041365e-02 6.105647287784951756e-03 2.376254879935490834e-09 4.109954874969611309e-10
1.200000000000000198e-02 5.640565710810478001e-02 5.517039232452398967e-03 2.656307594121256712e-09 4.763294597041124508e-10
1.250000000000000069e-02 4.368961670433411937e-02 4.937343444948177548e-03 2.914692279247005717e-09 5.388437352421061120e-10
1.300000000000000114e-02 3.371714154637044103e-02 4.381161498148960186e-03 3.163002285056309163e-09 5.970464881832958931e-10
1.350000000000000158e-02 2.592176729696088477e-02 3.829606880572714294e-03 3.374666093787682819e-09 6.499359345258236957e-10
1.400000000000000203e-02 1.984699727061008112e-02 3.426376645384038820e-03 3.567681737662019209e-09 6.969843816492993725e-10
1.450000000000000247e-02 1.513179785691027776e-02 3.032003799563102921e-03 3.725962341105019316e-09 7.380836821211226531e-10
1.499999999999999944e-02 1.145972492213338974e-02 2.714385178339464872e-03 3.873846778542476270e-09 7.734677437162670806e-10
1.550000000000000162e-02 8.642211803299673645e-03 2.388725380967066450e-03 4.003291564452275305e-09 8.036116366745034072e-10
1.600000000000000033e-02 6.449903049477945932e-03 2.142629225183035040e-03 4.111806511274744937e-09 8.291574214907930247e-10
1.650000000000000078e-02 4.764844493332472813e-03 1.919938243775382849e-03 4.189780115390889758e-09 8.508258077649617027e-10
1.700000000000000122e-02 3.465487022179665824e-03 1.733896726983619966e-03 4.286507556614010407e-09 8.693558129075579816e-10
1.750000000000000167e-02 2.467972428591061647e-03 1.574222467843852322e-03 4.350183189877506865e-09 8.854609252694485486e-10
1.800000000000000211e-02 1.691746707683777729e-03 1.449323893963253224e-03 4.427076260684532350e-09 8.998104431309042751e-10
1.850000000000000255e-02 1.087793689411812887e-03 1.351752740401992439e-03 4.507903832886522864e-09 9.129672105564689878e-10
1.900000000000000300e-02 6.464668946620629126e-04 1.247027317913724370e-03 4.562820368261974793e-09 9.254114885780053189e-10
1.950000000000000344e-02 3.234938079474788323e-04 1.144995221340115287e-03 4.610489129916168058e-09 9.375869744139637667e-10
2.000000000000000042e-02 1.324974150371478537e-04 1.005212747924868859e-03 4.675868249605781607e-09 9.498380432129370606e-10
