# time 1 2 D-1 D
0.000000000000000000e+00 9.999999608312323263e-01 2.141900921655060462e-08 1.080631956710929120e-34 2.548119104277472631e-34
5.000000000000000104e-04 9.994832406019209525e-01 3.195615197086110764e-07 6.081159925577264376e-18 3.978014082691511623e-23
1.000000000000000021e-03 9.978334325851787590e-01 6.226422103864882933e-06 1.830647396005175591e-15 2.015769629247786059e-19
1.500000000000000248e-03 9.949092494793760899e-01 4.011431374204382875e-05 5.320428597125351864e-14 3.215096199872284445e-17
2.000000000000000042e-03 9.906004645277344256e-01 1.645271151486480006e-04 5.821940646971044837e-13 1.188035299548981923e-15
2.500000000000000052e-03 9.848577999690311113e-01 5.289579120310607379e-04 3.575867906636760647e-12 1.874694638060406207e-14
3.000000000000000496e-03 9.777175965697207927e-01 1.436007435214242678e-03 1.459172479477248863e-11 1.623708598944015297e-13
3.500000000000000507e-03 9.693207984356575491e-01 3.391018586775404291e-03 4.312148722899672697e-11 8.645683596117518571e-13
4.000000000000000083e-03 9.599727886302945601e-01 6.976296102665642367e-03 9.557533985367375878e-11 2.984489251489350315e-12
4.500000000000000527e-03 9.502721487280156865e-01 1.226581641799003898e-02 1.634916233962537208e-10 6.865143251914346985e-12
5.000000000000000104e-03 9.411171912844751297e-01 1.707158662849796518e-02 2.211510248210137517e-10 1.075288247449764523e-11
5.500000000000000548e-03 9.333789804206390484e-01 1.724144111853383177e-02 2.442936932166227016e-10 1.174513930793310815e-11
6.000000000000000992e-03 9.274994294673826190e-01 6.397425842388285849e-03 2.277154034393152410e-10 9.174848853855519501e-12
6.500000000000000569e-03 9.234172898877949232e-01 2.771444518820153583e-03 1.851200388869937185e-10 5.231485297105441056e-12
7.000000000000001013e-03 9.207815125116267652e-01 2.053760491919883260e-03 1.341690771782521915e-10 2.188549627868219476e-12
7.499999999999999722e-03 9.191838770615099463e-01 1.794732832107755584e-03 8.789956350107662557e-11 6.508192086021423897e-13
8.000000000000000167e-03 9.182821218262006147e-01 1.706531737224860649e-03 5.291765783759694379e-11 1.205546410143123779e-13
8.500000000000000611e-03 9.178315210121076317e-01 1.662541097586070970e-03 3.071813723884674963e-11 8.271230252644244455e-15
9.000000000000001055e-03 9.176636324434068737e-01 1.642478610915378999e-03 1.847493960255515789e-11 3.431469559473319980e-15
9.500000000000001499e-03 9.176792512299982718e-01 1.630529938761996660e-03 1.258183146743253166e-11 8.534741010730479808e-15
1.000000000000000021e-02 9.178115192689662027e-01 1.616133233269797208e-03 1.035327707271408074e-11 1.019747823030537409e-14
1.050000000000000065e-02 9.180156759134644462e-01 1.599119920101072997e-03 1.057037374479505129e-11 1.296524482865408018e-14
1.100000000000000110e-02 9.182654567025451131e-01 1.577563293189848627e-03 1.314913953463350008e-11 2.294115671225512577e-14
1.150000000000000154e-02 9.185454286550762681e-01 1.549440412811529987e-03 1.867073143029053407e-11 4.913642109729137668e-14
1.200000000000000198e-02 9.188453813082354538e-01 1.514945670240490675e-03 2.765006593901749112e-11 1.046669454377237558e-13
1.250000000000000069e-02 9.191453447577819791e-01 1.486008961154550731e-03 3.494566595657413440e-11 2.038876706469100736e-13
1.300000000000000114e-02 9.194583391385777738e-01 1.445414907964702672e-03 3.397999897596138948e-11 3.579108487518627840e-13
1.350000000000000158e-02 9.197910989023021511e-01 1.383055242622290969e-03 2.756701087159769203e-11 5.701214784694537219e-13
1.400000000000000203e-02 9.200781153111140531e-01 1.360521232092682916e-03 2.062697767422646828e-11 8.340839697739703186e-13
1.450000000000000247e-02 9.203920770660627415e-01 1.306216469750478551e-03 1.520001031941210270e-11 1.134905445772395057e-12
1.499999999999999944e-02 9.206812899450943499e-01 1.268526220216908799e-03 1.130454199326851298e-11 1.450325321619769107e-12
1.550000000000000162e-02 9.209725391199884426e-01 1.221653452116622631e-03 8.640637951407753414e-12 1.758172720867896119e-12
1.600000000000000033e-02 9.212384974642618962e-01 1.191990297225259355e-03 6.856914943039513183e-12 2.043458867671092547e-12
1.650000000000000078e-02 9.215073347455079444e-01 1.151203370880674861e-03 5.659389969749054005e-12 2.268233376326939721e-12
1.700000000000000122e-02 9.217736910875443668e-01 1.104578735867050611e-03 4.843271565005719820e-12 2.447464624268406810e-12
1.750000000000000167e-02 9.220243457903264384e-01 1.065246199573965588e-03 4.334070468451487559e-12 2.537107507959237727e-12
1.800000000000000211e-02 9.222426888549148938e-01 1.050083226756017007e-03 3.995914498270498885e-12 2.564187145042051239e-12
1.850000000000000255e-02 9.224752298248908300e-01 1.012769314911911604e-03 3.866663753294147581e-12 2.461669865131189910e-12
1.900000000000000300e-02 9.226977235673884392e-01 9.776606033436276502e-04 3.900772149982343023e-12 2.227829142564306385e-12
1.950000000000000344e-02 9.229021782547172092e-01 9.530244410495941057e-04 4.355463423842032830e-12 1.595730206531175598e-12
2.000000000000000042e-02 9.230923936465860180e-01 9.382991850701775764e-04 5.770189852483011605e-12 9.046396085847114683e-15
