# time 1 2 D-1 D
0.000000000000000000e+00 9.999999511237581684e-01 2.138450854831385246e-08 3.725747712030471320e-35 1.094467892562091648e-34
1.250000000000000243e-03 9.999992959736379028e-01 8.889484510127285711e-08 4.787114576240960678e-29 9.375677775690494956e-31
2.500000000000000486e-03 9.999879217501079776e-01 1.955816376195337745e-06 3.952106875737295637e-25 5.277170531901879954e-27
3.750000000000000729e-03 9.999326104391423886e-01 1.400429948398694313e-05 3.596618690285902913e-24 1.446681444832342306e-25
5.000000000000000971e-03 9.997597362637732354e-01 6.273831621214943639e-05 1.229876461811744635e-23 9.735454398090520170e-25
6.250000000000000347e-03 9.993202948961296128e-01 2.183318299599368978e-04 2.193217295025849089e-24 3.695976081146834147e-24
7.500000000000001457e-03 9.983267884510145240e-01 6.309247925945373576e-04 5.694054776665303024e-22 7.107072063862473184e-24
8.750000000000000833e-03 9.962608287513323724e-01 1.612199810504715567e-03 2.046498804890300707e-20 3.536567414979898015e-24
1.000000000000000194e-02 9.922753748331165635e-01 3.667655300291599012e-03 2.976757071601558471e-19 1.439282248906839355e-21
1.125000000000000132e-02 9.851593176383859340e-01 7.583846685616093403e-03 2.692108598096260070e-18 4.134424191501929379e-20
1.250000000000000069e-02 9.734694127789071949e-01 1.424181514427589473e-02 1.694733023368541529e-17 6.122360017143165182e-19
1.375000000000000180e-02 9.559010559650485961e-01 2.451075248531619719e-02 7.909603052358567469e-17 5.982603037646329159e-18
1.500000000000000291e-02 9.318133721708020678e-01 3.855488816833523014e-02 2.838718802529890951e-16 4.239492162830675669e-17
1.625000000000000056e-02 9.016286754139662962e-01 5.580395595799023806e-02 8.033387000313658900e-16 2.301234572182617285e-16
1.750000000000000167e-02 8.668161449949107755e-01 7.509215914385447554e-02 1.815937299269513395e-15 9.919425927150719100e-16
1.875000000000000278e-02 8.294419584197945117e-01 9.462663130822034085e-02 3.271100681789991382e-15 3.488329739238653452e-15
2.000000000000000389e-02 7.915702237975238420e-01 1.127586654224316948e-01 4.524316616006576202e-15 1.024283512403800848e-14
2.125000000000000500e-02 7.548313085077867912e-01 1.283511216435246072e-01 4.276949203414504315e-15 2.539063695645771960e-14
2.250000000000000264e-02 7.202691832957885953e-01 1.402241165428578240e-01 1.912542505173695787e-15 5.322888934171466052e-14
2.375000000000000375e-02 6.883973919507839767e-01 1.479528866347578353e-01 2.297893280373562953e-17 9.485752281361708056e-14
2.500000000000000139e-02 6.593401009723171002e-01 1.518401321133742155e-01 6.283193182714457423e-15 1.449484854088950235e-13
2.625000000000000250e-02 6.329742719336285406e-01 1.512939074115697835e-01 2.889742891199189200e-14 1.948000643966278294e-13
2.750000000000000361e-02 6.090382700001216731e-01 1.447532703982435387e-01 7.111162000429070718e-14 2.370681302546189451e-13
2.875000000000000472e-02 5.872037396604817827e-01 1.297825833273865692e-01 1.300026068859299233e-13 2.674261352071329349e-13
3.000000000000000583e-02 5.671198145744122954e-01 8.403205771478619579e-02 1.987493833066639618e-13 2.843051264407065316e-13
3.125000000000000000e-02 5.484401656565657257e-01 1.560239248184302260e-03 2.681745837665850095e-13 2.851629703241263373e-13
3.250000000000000111e-02 5.308409209581823607e-01 3.261006517030169694e-02 3.372235544983325516e-13 2.718159513679344704e-13
3.375000000000000222e-02 5.140339340942738922e-01 4.218153551430397358e-02 3.876934601729669245e-13 2.454050803690299278e-13
3.500000000000000333e-02 4.977771226574864150e-01 4.853077866658555423e-02 4.213020376246266409e-13 2.088142315152446115e-13
3.625000000000000444e-02 4.818817476861953497e-01 5.465871680775603175e-02 4.310888186933597956e-13 1.655675207933180198e-13
3.750000000000000555e-02 4.662159115119542396e-01 6.108899612979284272e-02 1.276665973851385050e-13 1.199977927598770573e-13
3.875000000000000666e-02 4.507038187637903426e-01 6.807267383443720010e-02 8.045803069759303995e-12 7.653265102369389709e-14
4.000000000000000777e-02 4.353209018393000007e-01 7.578236134065226282e-02 7.785190758854712285e-12 3.966356027489381804e-14
4.125000000000000888e-02 4.200856288415153461e-01 8.347271812603893060e-02 7.280357970839091215e-12 1.342436536112043108e-14
4.250000000000000999e-02 4.050490937751222154e-01 9.191408891740456000e-02 6.805212183872125067e-12 1.082234546897895214e-15
4.375000000000000416e-02 3.902836434200508964e-01 1.002108327507997138e-01 6.310692981304070013e-12 4.765034776739876086e-15
4.500000000000000527e-02 3.758717506736432012e-01 1.086750896803575644e-01 5.828329768618105621e-12 2.514119017367111191e-14
4.625000000000000638e-02 3.618961444007630091e-01 1.170981951101213447e-01 5.371755248515840282e-12 6.125747086647581604e-14
4.750000000000000749e-02 3.484320029480160175e-01 1.252468864485928868e-01 4.934160259172461413e-12 1.106416656442518900e-13
4.875000000000000860e-02 3.355416200401014071e-01 1.332460689039757784e-01 4.519489829191103294e-12 1.698814141355444935e-13
5.000000000000000278e-02 3.232720121623032794e-01 1.406755883487484649e-01 4.135995386613524421e-12 2.348713032777521306e-13
