# time 1 2 D-1 D
0.000000000000000000e+00 9.999999592025714534e-01 1.442286297027455713e-08 3.291273979707014898e-35 3.549552129101749382e-35
2.500000000000000052e-04 9.992117265290627603e-01 9.807659941800317579e-08 3.986029804246046469e-31 1.318461038062661518e-28
5.000000000000000104e-04 9.966925754111373159e-01 2.061935787557940195e-06 9.180588747192067853e-27 7.102557557266401388e-25
7.500000000000001240e-04 9.922098797234996104e-01 1.412023204597566593e-05 3.895152032504443449e-24 1.181641807704048611e-22
1.000000000000000021e-03 9.855366024114150525e-01 6.319112807764313492e-05 2.858461843731618293e-22 4.647736049589844970e-21
1.250000000000000026e-03 9.764504429776355021e-01 2.241096836600843056e-04 8.262157476374854302e-21 8.148821431045945969e-20
1.500000000000000248e-03 9.647007662772350001e-01 6.869447174393845815e-04 1.267680152664662924e-19 8.424026360030785235e-19
1.750000000000000253e-03 9.499095728894523250e-01 1.896114861995726059e-03 1.228682495603382671e-18 5.954229267722802008e-18
2.000000000000000042e-03 9.313875130666016133e-01 4.748776400629671490e-03 8.218033025117220077e-18 3.143663518280008846e-17
2.250000000000000264e-03 9.079374162507058976e-01 1.083873053414556933e-02 4.088395289725302305e-17 1.313598519476367154e-16
2.500000000000000052e-03 8.779018879448071688e-01 2.237416806324055499e-02 1.556567786534701106e-16 4.521265532704568217e-16
2.750000000000000274e-03 8.398067395499430043e-01 4.161752606275011257e-02 4.653266442356347273e-16 1.317773145320974229e-15
3.000000000000000496e-03 7.935313839267459368e-01 6.959598236337624644e-02 1.122405982601252233e-15 3.311659176519443535e-15
3.250000000000000284e-03 7.410618389034067111e-01 1.051975103077945756e-01 2.226345694543012842e-15 7.256012618560592787e-15
3.500000000000000507e-03 6.858827628531543041e-01 1.449622977650093791e-01 3.711372774920427295e-15 1.396390551493610637e-14
3.749999999999999861e-03 6.314813370774051693e-01 1.821901708780063467e-01 5.341924699838203621e-15 2.375616192534530365e-14
4.000000000000000083e-03 5.802655983986254595e-01 2.046880721478299414e-01 6.562617566003504215e-15 3.597792925274043395e-14
4.250000000000000305e-03 5.333852840145520968e-01 2.030806580982650322e-01 7.099917836866093860e-15 4.890681956467676649e-14
4.500000000000000527e-03 4.910701240761644049e-01 1.870526867892082501e-01 6.494177284497087608e-15 6.015356145002396455e-14
4.750000000000000749e-03 4.530371572626532561e-01 1.717673865310112569e-01 5.220372665438197616e-15 6.741909331831155737e-14
5.000000000000000104e-03 4.187838038440275246e-01 1.615000456978032961e-01 3.762203659192860012e-15 6.927933396203766801e-14
5.250000000000000326e-03 3.877579483569315588e-01 1.561143392582157174e-01 2.451756505259268272e-15 6.555424545179273989e-14
5.500000000000000548e-03 3.594438404052590075e-01 1.541017908296221373e-01 1.506868456042857404e-15 5.728629499531826134e-14
5.750000000000000770e-03 3.333992400018738755e-01 1.546382444811823242e-01 1.003277051670063446e-15 4.626862726804299772e-14
6.000000000000000992e-03 3.092663848017372374e-01 1.569050438214321108e-01 9.167583557732365599e-16 3.439657765262666674e-14
6.250000000000000347e-03 2.867693993144707076e-01 1.604349130919905386e-01 2.173074462775841005e-15 2.232417990533306716e-14
6.500000000000000569e-03 2.657050301748272725e-01 1.648378847583584494e-01 1.476003205008682260e-14 1.027303103531009828e-15
6.750000000000000791e-03 2.459301784871154306e-01 1.698384371839325446e-01 9.412090102300814049e-15 6.424004283662895189e-17
7.000000000000001013e-03 2.273485817998021352e-01 1.752449505921410966e-01 5.315277603841416060e-15 1.310973111822128595e-17
7.250000000000001235e-03 2.098976293937025173e-01 1.807814261237827569e-01 2.831120121750558197e-15 4.251888276570882588e-18
7.499999999999999722e-03 1.935365272030658002e-01 1.862592305643935853e-01 1.451171532812597170e-15 1.763404219937499325e-18
7.750000000000000812e-03 1.782362873398811443e-01 1.915510447705341956e-01 7.368934310647500212e-16 6.374832540655787641e-19
8.000000000000000167e-03 1.639720977056385309e-01 1.965670716766433901e-01 3.850962430824732698e-16 4.466606309336690768e-19
8.250000000000000389e-03 1.507179671201394622e-01 2.012154522778536736e-01 2.178646042541764253e-16 9.586463521741155126e-19
8.500000000000000611e-03 1.384435796305260313e-01 2.054431008228467248e-01 1.388098095190307085e-16 1.832005447088455525e-18
8.750000000000000833e-03 1.271129104418475264e-01 2.092260849940437706e-01 1.028862869596058345e-16 3.193985189023148583e-18
9.000000000000001055e-03 1.166841743627439754e-01 2.125660853428327501e-01 8.922274794582393604e-17 4.628881430083818663e-18
9.250000000000001277e-03 1.071106269171967357e-01 2.154368082793770289e-01 8.765756621767021005e-17 6.317467850586727692e-18
9.500000000000001499e-03 9.834182228231289069e-02 2.178718097424987010e-01 9.444619912698036174e-17 8.485502269443773576e-18
9.750000000000001721e-03 9.032503745233225190e-02 2.198993597838999892e-01 9.516506687244103580e-17 1.101557424819599761e-17
1.000000000000000021e-02 8.300664999396399624e-02 2.215390745275225004e-01 9.430220706964449725e-17 1.408963939779588149e-17
