# time 1 2 D-1 D
0.000000000000000000e+00 9.999999686985312497e-01 6.941047335474731725e-09 5.739369534989050356e-35 3.081631909077553630e-35
2.500000000000000486e-03 9.967351592648887593e-01 7.608588816452970232e-04 2.363445348355112936e-26 2.509864769597167137e-29
5.000000000000000971e-03 9.861271211231833478e-01 3.605559778633915958e-03 2.547145045026804110e-22 2.229776811669534234e-24
7.500000000000001457e-03 9.667972937460704852e-01 9.459316447334505107e-03 7.861276962660816462e-20 1.416003632132805797e-21
1.000000000000000194e-02 9.371484987469750338e-01 1.940085596845220889e-02 5.476088598236600385e-18 1.521964084782636490e-19
1.250000000000000069e-02 8.954955826493722348e-01 3.425194443170159753e-02 1.663853664108730197e-16 6.446342532520140032e-18
1.500000000000000291e-02 8.404167747518695997e-01 5.417648318828401782e-02 2.968390408430422810e-15 1.539387833986188849e-16
1.750000000000000167e-02 7.714084387171407098e-01 7.785809433843565719e-02 3.633785158442545121e-14 2.489231821187829763e-15
2.000000000000000389e-02 6.897483207162711238e-01 1.018249152180462080e-01 3.337817976799447766e-13 3.018955106663738480e-14
2.250000000000000264e-02 5.991130791040544246e-01 1.210039881814371637e-01 2.437881011692648990e-12 2.909482142149485854e-13
2.500000000000000139e-02 5.052766666172957555e-01 1.308704412655577465e-01 1.469218457817344118e-11 2.297124602174795600e-12
2.750000000000000361e-02 4.146767528103098566e-01 1.168260842679605949e-01 7.495820924423158886e-11 1.506457309874429547e-11
3.000000000000000583e-02 3.326015160173773078e-01 9.772095002882466575e-03 3.320622735379441436e-10 8.255888137790719906e-11
3.250000000000000111e-02 2.620918717848198520e-01 4.315335007384463704e-03 1.299937614734639410e-09 3.803517338813583277e-10
3.500000000000000333e-02 2.039440279701180136e-01 3.155355420805776821e-03 4.573671444133054863e-09 1.487986196088441943e-09
3.750000000000000555e-02 1.573878381515231295e-01 2.689437584217639794e-03 1.469993506247474647e-08 5.014586824381734574e-09
4.000000000000000777e-02 1.208626509362604323e-01 2.462236968169993854e-03 4.434169319854628872e-08 1.479945820122455935e-08
4.250000000000000999e-02 9.258645419390490461e-02 2.323590035128408806e-03 4.514958701783705671e-07 3.888310998086258773e-08
4.500000000000000527e-02 7.087547468741930978e-02 2.229490124484478052e-03 8.822488957992379657e-07 9.232863398691057643e-08
4.750000000000000749e-02 5.428108074064699057e-02 2.159373100852983104e-03 1.657557304309958937e-06 2.007904034534953183e-07
5.000000000000000278e-02 4.162144835623674682e-02 2.111342239874091503e-03 2.891543348144164887e-06 4.045269025386681892e-07
5.250000000000000500e-02 3.196302671159912540e-02 2.074158261506840913e-03 4.730575015433770411e-06 7.623905587117654372e-07
5.500000000000000722e-02 2.458325101076330732e-02 2.036112435732638417e-03 7.326327137402647411e-06 1.355238750131913652e-06
5.750000000000000944e-02 1.893065117122700453e-02 1.996597913731319035e-03 1.081396919346745682e-05 2.288217493149066996e-06
6.000000000000001166e-02 1.458803065792742097e-02 1.966401052313307765e-03 1.535397075754338475e-05 3.691475400116023457e-06
6.250000000000000000e-02 1.124216290804951231e-02 1.919662620796484895e-03 2.102416337498658812e-05 5.719018823853180706e-06
6.500000000000000222e-02 8.658148247687768792e-03 1.871857514965847300e-03 2.788790411826833936e-05 8.545806890709400038e-06
6.750000000000000444e-02 6.659895551534286001e-03 1.809088225481005324e-03 3.604553366778499640e-05 1.236275990026876043e-05
7.000000000000000666e-02 5.114742985772826461e-03 1.731138730009247834e-03 4.546423935989083912e-05 1.737199215685912158e-05
7.250000000000000888e-02 3.923678933137188934e-03 1.636391662207416784e-03 5.610787094298102774e-05 2.377827694246126814e-05
7.500000000000001110e-02 3.007220226965813450e-03 1.533513954078389446e-03 6.794164811118324359e-05 3.178383716285848273e-05
7.750000000000001332e-02 2.305155762923871351e-03 1.420931711815112772e-03 8.097174689715583914e-05 4.157803862120373607e-05
8.000000000000001554e-02 1.769397406277077112e-03 1.293153187154382064e-03 9.491777108793503898e-05 5.334771656135549491e-05
8.250000000000001776e-02 1.361813946369488113e-03 1.172368496956748994e-03 1.099411710742243361e-04 6.723935229879747294e-05
8.500000000000001998e-02 1.052303192402139886e-03 1.042836649655423317e-03 1.258070658738367641e-04 8.340579239593886814e-05
8.750000000000000833e-02 8.173299496666974881e-04 9.231353528810082179e-04 1.423813834031700159e-04 1.019330602500417599e-04
9.000000000000001055e-02 6.387096682970771827e-04 8.023714071574551774e-04 1.594369574358710598e-04 1.228983335253607055e-04
9.250000000000001277e-02 5.025503191182191997e-04 6.763297242417053807e-04 1.772666230334327131e-04 1.463818558398884942e-04
9.500000000000001499e-02 3.983409835731748492e-04 5.524019446464168608e-04 1.954290460702110975e-04 1.723859467018853389e-04
9.750000000000001721e-02 3.181837159257977434e-04 4.076016839112916426e-04 2.140476296642916329e-04 2.008668335913511491e-04
1.000000000000000056e-01 2.561712146618568909e-04 2.534072284789467351e-04 2.326270033328264267e-04 2.320093553946932555e-04
