# time 1 2 D-1 D
0.000000000000000000e+00 9.999999739954101852e-01 7.117663321365969988e-09 2.479889004051932336e-34 1.625473588317058738e-34
1.250000000000000243e-03 9.995790584769027598e-01 2.744766550218499519e-07 2.656741985277702796e-19 6.973212850848640168e-25
2.500000000000000486e-03 9.982162875353776110e-01 5.957616973204233181e-06 9.154748611581584481e-17 4.210619390417546093e-21
3.750000000000000729e-03 9.957268641905552276e-01 4.039732424311648677e-05 2.885096697180071628e-15 6.933638691158950000e-19
5.000000000000000971e-03 9.918677230913716114e-01 1.645375495764812206e-04 3.371305052178492927e-14 2.576296512936465669e-17
6.250000000000000347e-03 9.863149328901464896e-01 5.065357402705547227e-04 2.184417005845815475e-13 4.116990934920719970e-16
7.500000000000001457e-03 9.786378237989121764e-01 1.280621717273625277e-03 9.288638995806470680e-13 3.747188413117188152e-15
8.750000000000000833e-03 9.682879411750308085e-01 2.829443826935759514e-03 2.808939418965158050e-12 2.253852386255753611e-14
1.000000000000000194e-02 9.546290123311627074e-01 5.677815995493250452e-03 6.265495322079358177e-12 9.806403085397985291e-14
1.125000000000000132e-02 9.370276867292931522e-01 1.039447975295745841e-02 1.056267863943987990e-11 3.279976007091355614e-13
1.250000000000000069e-02 9.149991602562485005e-01 1.773551772459538295e-02 1.390902271122937100e-11 8.817373631537997689e-13
1.375000000000000180e-02 8.883710920481915352e-01 2.833209649000541924e-02 1.348712675424697856e-11 1.972612314747110587e-12
1.500000000000000291e-02 8.574119246068457878e-01 4.215122133552634542e-02 1.008528002457683010e-11 3.777501765284751815e-12
1.625000000000000056e-02 8.228716144787291409e-01 5.880483877083986233e-02 5.321874752162833082e-12 6.337026055626190763e-12
1.750000000000000167e-02 7.859009179322381522e-01 7.577876768482805225e-02 8.956142468327995368e-13 9.494219898808146487e-12
1.875000000000000278e-02 7.478563807516115380e-01 8.272664311764313383e-02 3.905295307454688847e-13 1.291061947427913660e-11
2.000000000000000389e-02 7.100568208719144625e-01 2.947516220606702028e-02 5.417573955588856477e-12 1.615674165389108044e-11
2.125000000000000500e-02 6.735833338944753335e-01 1.790881828065717639e-04 1.479557149786723373e-11 1.883838883521325334e-11
2.250000000000000264e-02 6.391811529970951034e-01 1.192852488009159013e-03 2.954734422052126128e-11 2.070858464289259039e-11
2.375000000000000375e-02 6.072620926704533906e-01 2.613133722242066623e-03 4.936573014874126901e-11 2.172950953989793895e-11
2.500000000000000139e-02 5.779679456699973183e-01 3.215227506065883398e-03 6.834757842398675117e-11 2.207047769236751620e-11
2.625000000000000250e-02 5.512524604447583965e-01 3.197132941011278113e-03 8.018577350201672079e-11 2.205322117413633931e-11
2.750000000000000361e-02 5.269553538319327046e-01 2.743126805383370049e-03 7.949621736578391067e-11 2.207598620557928734e-11
2.875000000000000472e-02 5.048580417808310461e-01 2.167754256298274305e-03 5.618667237127051191e-11 2.254476004320128641e-11
3.000000000000000583e-02 4.847212072417759199e-01 1.539498148269503484e-03 2.912556482859326784e-11 2.384016379058167898e-11
3.125000000000000000e-02 4.663080105389991736e-01 9.725676124499102590e-04 1.827058969550251867e-11 2.631535986266314419e-11
3.250000000000000111e-02 4.493972796359387845e-01 5.204370861508217242e-04 3.361989564175894705e-11 3.030608421378275928e-11
3.375000000000000222e-02 4.337903132345704016e-01 1.975509387652419789e-04 7.031085785514685018e-11 3.613562684925637572e-11
3.500000000000000333e-02 4.193137328380848183e-01 2.611174485632553879e-05 1.159520857255738490e-10 4.410654692530383333e-11
3.625000000000000444e-02 4.058198079550837112e-01 1.789147038880359401e-05 1.588659503792581923e-10 5.448498557935987709e-11
3.750000000000000555e-02 3.931851038087565975e-01 1.716275360589529660e-04 1.925485625026187802e-10 6.749011040168778784e-11
3.875000000000000666e-02 3.813094391373154646e-01 4.794880669655836596e-04 2.154212040784925267e-10 8.314517071286966293e-11
4.000000000000000777e-02 3.701109020923010196e-01 9.242735905278218244e-04 2.296667061180110067e-10 1.017457439516823218e-10
4.125000000000000888e-02 3.595231062757305862e-01 1.507722747364328162e-03 2.380188774488916998e-10 1.231349858926433446e-10
4.250000000000000999e-02 3.494965569693347929e-01 2.174067972678696281e-03 2.425635461561606931e-10 1.477267439540265659e-10
4.375000000000000416e-02 3.399892097412402503e-01 2.931611707593540384e-03 2.437424855177673290e-10 1.762581797870032962e-10
4.500000000000000527e-02 3.309673581322482572e-01 3.749463881578869121e-03 2.395355588430826062e-10 2.114473586855639481e-10
4.625000000000000638e-02 3.224062977797126361e-01 4.619268430498028877e-03 2.282130968357314725e-10 2.551306106990145136e-10
4.750000000000000749e-02 3.142747430584925117e-01 5.478981604600651617e-03 1.941695034852719080e-10 3.226720661676406874e-10
4.875000000000000860e-02 3.065775271307855099e-01 6.355125453834469668e-03 1.179729069473337580e-10 4.331324037461137644e-10
5.000000000000000278e-02 2.992342360420449654e-01 7.234399139154766567e-03 1.269432525200468936e-11 5.730111680070927857e-10
