# time 1 2 D-1 D
0.000000000000000000e+00 9.999999629150849723e-01 1.059509320760090593e-10 1.887050468733788052e-34 9.751901134421697166e-34
5.000000000000000104e-04 9.974412800194455420e-01 1.434957785910164147e-03 3.607906080676307615e-16 5.555525415508539962e-19
1.000000000000000021e-03 9.881173849023406897e-01 7.366751881935328962e-03 1.101800253313895538e-13 6.244902935806913822e-16
1.500000000000000248e-03 9.684816572988588224e-01 2.137618614222450142e-02 3.418550849861790454e-12 4.055669384228735113e-14
2.000000000000000042e-03 9.330944253932001997e-01 4.889182108467102217e-02 4.189385492041005725e-11 8.362214648526752179e-13
2.500000000000000052e-03 8.745018037653975451e-01 9.696358380620608008e-02 3.100181711378635465e-10 9.375324078586266194e-12
3.000000000000000496e-03 7.851796461138912386e-01 1.707417373297640817e-01 1.669456886535906503e-09 7.293422325738191534e-11
3.500000000000000507e-03 6.637864221549121257e-01 2.646856226990029759e-01 7.203636461664633260e-09 4.501945119258681175e-10
4.000000000000000083e-03 5.230375017826737194e-01 3.478283246609149004e-01 2.624151736246294351e-08 2.396824901451883036e-09
4.500000000000000527e-03 3.869745558333892443e-01 3.681812161891206414e-01 8.260719763328302470e-08 1.161837503691166823e-08
5.000000000000000104e-03 2.751025506157371847e-01 2.959910226767449859e-01 2.246366127269106494e-07 5.269495709135460694e-08
5.500000000000000548e-03 1.928231219798647311e-01 1.849214223165948079e-01 5.154830230876641133e-07 2.202906241794949997e-07
6.000000000000000992e-03 1.357947663785391001e-01 1.090711658456405275e-01 9.706120333726347778e-07 7.950593366003818238e-07
6.500000000000000569e-03 9.712171324574547793e-02 6.911147748924158229e-02 1.545314405081567688e-06 2.303390066221015469e-06
7.000000000000001013e-03 7.088901296384483852e-02 4.750097566464745596e-02 2.294673683629044531e-06 5.382979596606114815e-06
7.499999999999999722e-03 5.288399763872649734e-02 3.469187200693281403e-02 3.444762664256604944e-06 1.072940207221406643e-05
8.000000000000000167e-03 4.031258574175392018e-02 2.643203074101175762e-02 5.430746105152381446e-06 1.910596509106998124e-05
8.500000000000000611e-03 3.136526570575375733e-02 2.080877717642932306e-02 9.010787462366662591e-06 3.131580149789973440e-05
9.000000000000001055e-03 2.487227109302153974e-02 1.681564522270083753e-02 1.541252704096729645e-05 4.814133127306527958e-05
9.500000000000001499e-03 2.007064615276155789e-02 1.389223828124079747e-02 2.684232557949089307e-05 7.029439010713508704e-05
1.000000000000000021e-02 1.645578970222149467e-02 1.165317149721776212e-02 6.344644788427226099e-05 9.838199198026514782e-05
1.050000000000000065e-02 1.368861514790493429e-02 9.934867294991331713e-03 2.595978413804016314e-04 1.328866653789385801e-04
1.100000000000000110e-02 1.153718214290920356e-02 8.577373071785281827e-03 3.113057995467772578e-04 1.741590542592847389e-04
1.150000000000000154e-02 9.840449207195022668e-03 7.487565387903288329e-03 3.756135834322065826e-04 2.224199839497120854e-04
1.200000000000000198e-02 8.484491270464567664e-03 6.604851488115748466e-03 4.443256601406989667e-04 2.777691689475549237e-04
1.250000000000000069e-02 7.387686430092012431e-03 5.875961304963592431e-03 5.195103123493097653e-04 3.401980585641346051e-04
1.300000000000000114e-02 6.490477465505510579e-03 5.271043774384412926e-03 5.973996154911277679e-04 4.096048018137763346e-04
1.350000000000000158e-02 5.748878659362418632e-03 4.762927842142339503e-03 6.817935652606008957e-04 4.858098256071399692e-04
1.400000000000000203e-02 5.130144586132992512e-03 4.331314312933039028e-03 7.668148375102737998e-04 5.685709792303821238e-04
1.450000000000000247e-02 4.609333380004805580e-03 3.961400947444215434e-03 8.566733929919092671e-04 6.575975949678061414e-04
1.499999999999999944e-02 4.167239956714064407e-03 3.643455758436126707e-03 9.501077006932733167e-04 7.525630897504732592e-04
1.550000000000000162e-02 3.789369262306926511e-03 3.367688720178037623e-03 1.044138721085722610e-03 8.531159505811936137e-04
1.600000000000000033e-02 3.463893841748017649e-03 3.125797237304330737e-03 1.139741873830612791e-03 9.588890899255332612e-04
1.650000000000000078e-02 3.181836707088285445e-03 2.913980373251772848e-03 1.238313011110373472e-03 1.069507675933027572e-03
1.700000000000000122e-02 2.935893770634247137e-03 2.728809603469186957e-03 1.336735202732465934e-03 1.184595473958899347e-03
1.750000000000000167e-02 2.720320983298528568e-03 2.562964830604780309e-03 1.437909986363906803e-03 1.303779938385913814e-03
1.800000000000000211e-02 2.530255520022076966e-03 2.414883135063931440e-03 1.541098614772469554e-03 1.426696228406244956e-03
1.850000000000000255e-02 2.361918705051991359e-03 2.281866412868483775e-03 1.642193953502511447e-03 1.552990265780160003e-03
1.900000000000000300e-02 2.212122434336253121e-03 2.163032764282138073e-03 1.745334861778837171e-03 1.682320999206845689e-03
1.950000000000000344e-02 2.078282634217176912e-03 2.054218548669542108e-03 1.848700303590018138e-03 1.814361822642775309e-03
2.000000000000000042e-02 1.958155834709170758e-03 1.957772941476096720e-03 1.948113207328145769e-03 1.948800178624380576e-03
