# time 1 2 D-1 D
0.000000000000000000e+00 9.999999641592408617e-01 1.196565370760742280e-09 7.215257793744128186e-35 8.535337949717555988e-35
1.250000000000000243e-03 9.970814775729267554e-01 1.217640281389659272e-03 1.913365406352426234e-27 5.299293909764447570e-25
2.500000000000000486e-03 9.867163281409715436e-01 6.097920894756037220e-03 2.273488465375074787e-24 2.108270699229995050e-21
3.750000000000000729e-03 9.656738150050990788e-01 1.688251569051280390e-02 2.481637995571163807e-21 2.740561177844123115e-19
5.000000000000000971e-03 9.293875376094011820e-01 3.720129331292383601e-02 2.218377124154848953e-19 9.004374593577449822e-18
6.250000000000000347e-03 8.718871398435622533e-01 7.148442216551144368e-02 5.697322408168247026e-18 1.425601424908660184e-16
7.500000000000001457e-03 7.867850320093314753e-01 1.236473088931445002e-01 1.003073809000459321e-16 1.452026538855107710e-15
8.750000000000000833e-03 6.708277041203809521e-01 1.945291207296315494e-01 1.121030867796883894e-15 1.109242953839226948e-14
1.000000000000000194e-02 5.304908362523997889e-01 2.748766415119502371e-01 9.335508811195572669e-15 6.943592442717045890e-14
1.125000000000000132e-02 3.857203555262665451e-01 3.415018258245925975e-01 6.773478892176573077e-14 3.751801237614782756e-13
1.250000000000000069e-02 2.607245455198794470e-01 3.733292160443621999e-01 4.130425337287888995e-13 1.800661908258292153e-12
1.375000000000000180e-02 1.683406411059178709e-01 3.460684972490242761e-01 2.466201598431683984e-12 7.769170136693072976e-12
1.500000000000000291e-02 1.068892142300146286e-01 1.895444982841339998e-01 1.358814090596519967e-11 3.014053446775689431e-11
1.625000000000000056e-02 6.818968460764514294e-02 7.719080962130699108e-02 6.980017708824290340e-11 1.046859286394637123e-10
1.750000000000000167e-02 4.425828467443024966e-02 4.034689836261336898e-02 3.354863603096036885e-10 3.262394225741658558e-10
1.875000000000000278e-02 2.940590902776624507e-02 2.449765672443010925e-02 1.440732654939307883e-09 9.251576766664306395e-10
2.000000000000000389e-02 2.004660146030469436e-02 1.607650832272155411e-02 5.912197286019283092e-09 2.430037549045542824e-09
2.125000000000000500e-02 1.402465696703227190e-02 1.107075437445063405e-02 2.298284259920797872e-08 5.981219267124997302e-09
2.250000000000000264e-02 1.005975396698990595e-02 7.892567949467747118e-03 8.165523405162144435e-08 1.386847910017419864e-08
2.375000000000000375e-02 7.387412992883216935e-03 5.830960434585147865e-03 2.383985275685484138e-07 3.037755974571160476e-08
2.500000000000000139e-02 5.544720446555258427e-03 4.392056523155559757e-03 5.463592608569596365e-07 6.303980473863400285e-08
2.625000000000000250e-02 4.246224258119242825e-03 3.398002175419686383e-03 1.077179263386642259e-06 1.243806686911268128e-07
2.750000000000000361e-02 3.312360735124759113e-03 2.678628082269052853e-03 1.937434013346529970e-06 2.342656643376471986e-07
2.875000000000000472e-02 2.627855576129806744e-03 2.140684123602716073e-03 3.183155347588899854e-06 4.229730576868039664e-07
3.000000000000000583e-02 2.117207124456242477e-03 1.746208678504942730e-03 5.077293468384624206e-06 7.352041025005500137e-07
3.125000000000000000e-02 1.729998159716609031e-03 1.444119690763941274e-03 7.671205007509183249e-06 1.235366299879417239e-06
3.250000000000000111e-02 1.431936685510944206e-03 1.213420394990331668e-03 1.132877174595236674e-05 2.014589941180084697e-06
3.375000000000000222e-02 1.199287150822326902e-03 1.027284705204446974e-03 1.223953921138072471e-05 3.200000471876496540e-06
3.500000000000000333e-02 1.015348296108411130e-03 8.832841066805148132e-04 3.872026016133942039e-05 4.966695939613295910e-06
3.625000000000000444e-02 8.681867830150156312e-04 7.652585439335903321e-04 5.293548436119440960e-05 7.552563067641526107e-06
3.750000000000000555e-02 7.491510950928556654e-04 6.686804794537762157e-04 6.694994641817412161e-05 1.127534148234524701e-05
3.875000000000000666e-02 6.518828623995520568e-04 5.872132628960231512e-04 8.334063370672095347e-05 1.655001814273407591e-05
4.000000000000000777e-02 5.716502663699964170e-04 5.221500257069922870e-04 1.007830454168687120e-04 2.390258439675333607e-05
4.125000000000000888e-02 5.048894581538450593e-04 4.669354628659501860e-04 1.201423921703093995e-04 3.397366008819631655e-05
4.250000000000000999e-02 4.488854668513445794e-04 4.203168181691148203e-04 1.403700449734443338e-04 4.750356373639089055e-05
4.375000000000000416e-02 4.015490703947323207e-04 3.797439352874949531e-04 1.602288963273743537e-04 6.529110261092890442e-05
4.500000000000000527e-02 3.612566923186719126e-04 3.457038033215597650e-04 1.802196013643029627e-04 8.812454001084167859e-05
4.625000000000000638e-02 3.267340384995932900e-04 3.155446226280162153e-04 1.974701430669541084e-04 1.166928610779768930e-04
4.750000000000000749e-02 2.969729313633987324e-04 2.904538772123631653e-04 2.140207564381038196e-04 1.514999694084103506e-04
4.875000000000000860e-02 2.711694874377419489e-04 2.676836578189315473e-04 2.278839786513323768e-04 1.928103466504489248e-04
5.000000000000000278e-02 2.486775658020249063e-04 2.477624704991271843e-04 2.408082382210247909e-04 2.406356101176443699e-04
