# time 1 2 D-1 D
0.000000000000000000e+00 9.999999530827728966e-01 1.899202371598036665e-08 2.183554512035251467e-35 9.045612700569818356e-36
2.500000000000000486e-03 9.995096110397653222e-01 4.245937211691779288e-06 1.921455179480877909e-33 1.732993209686392907e-36
5.000000000000000971e-03 9.978814643372004856e-01 8.336673904722195392e-05 4.514793451680437366e-29 2.307328413554105581e-34
7.500000000000001457e-03 9.947338266069308821e-01 4.897829221435018787e-04 1.698160829334570570e-26 4.660952445680995234e-31
1.000000000000000194e-02 9.894195336463809110e-01 1.763003860323160768e-03 1.191722651044191445e-24 9.594045705929417495e-29
1.250000000000000069e-02 9.809731133091733613e-01 4.700674712083996107e-03 3.242018668629848744e-23 5.895246885592881593e-27
1.500000000000000291e-02 9.681545381257927740e-01 1.014830385692182257e-02 4.746385647483266455e-22 1.653942457949152263e-25
1.750000000000000167e-02 9.496329661868055938e-01 1.615424534880925342e-02 4.460564864650831279e-21 2.660742719665661982e-24
2.000000000000000389e-02 9.242847375946290356e-01 1.045577850654126097e-02 2.929107707214991712e-20 2.808795304489683630e-23
2.250000000000000264e-02 8.914927652467508068e-01 3.544149233721562414e-03 1.462509938273083765e-19 2.118442784667067693e-22
2.500000000000000139e-02 8.513108138853671125e-01 1.391897040526907580e-03 5.713090013686457758e-19 1.206554582613994792e-21
2.750000000000000361e-02 8.044327179364862968e-01 6.641427548637754896e-04 1.774968464802622005e-18 5.384154004561728374e-21
3.000000000000000583e-02 7.520183324718704432e-01 2.632487971869289342e-04 4.531764029526913346e-18 1.931062804996764271e-20
3.250000000000000111e-02 6.954788014592209189e-01 9.724237566415051847e-05 9.644104217151539954e-18 5.672387040359604655e-20
3.500000000000000333e-02 6.362963523217820550e-01 1.216922226418290890e-05 1.743759763075330448e-17 1.385343600783241507e-19
3.750000000000000555e-02 5.759015542173087088e-01 5.924763459162773597e-06 2.661768115038951664e-17 2.851119177608759363e-19
4.000000000000000777e-02 5.155996102679176740e-01 7.758412532308774437e-05 3.636870060903530992e-17 5.005975561447857410e-19
4.250000000000000999e-02 4.565293922394105808e-01 2.210059682793521813e-04 4.230967653353980710e-17 7.591540287792352860e-19
4.500000000000000527e-02 3.996446797182843791e-01 4.494250889205845330e-04 4.474101663781758223e-17 1.006269233014107148e-18
4.750000000000000749e-02 3.457107441793873526e-01 7.975397705753407276e-04 4.276519126689523694e-17 1.181526090737780040e-18
5.000000000000000278e-02 2.953130864698129687e-01 1.250152856751692628e-03 3.801017282699568897e-17 1.243589268280845875e-18
5.250000000000000500e-02 2.488744061398258378e-01 1.801281082238012253e-03 3.010772282589577739e-17 1.190310902600215283e-18
5.500000000000000722e-02 2.066761929487890559e-01 2.437979348778680257e-03 2.278038499410366431e-17 1.049957848925408943e-18
5.750000000000000944e-02 1.688817899102911246e-01 3.159917596535951646e-03 1.674864667070602707e-17 8.699439404775242043e-19
6.000000000000001166e-02 1.355513266603320666e-01 3.910697879674196638e-03 1.130056604412023490e-17 6.928071513781953517e-19
6.250000000000000000e-02 1.066280459302043765e-01 4.665930622748129530e-03 7.758887034349524252e-18 5.380925116928640481e-19
6.500000000000000222e-02 8.210454241699016720e-02 5.273052736030670734e-03 5.206618360006229954e-18 4.186869629721459763e-19
6.750000000000000444e-02 6.169732991471932326e-02 5.763915045023551391e-03 3.580792410066138265e-18 3.350374521959342707e-19
7.000000000000000666e-02 4.515634892465981293e-02 6.049770067821529096e-03 2.481124579630043954e-18 2.509631926241309585e-19
7.250000000000000888e-02 3.219925171752360121e-02 6.023941491544472331e-03 1.792637148660214783e-18 1.871804306409351218e-19
7.500000000000001110e-02 2.239655426040879430e-02 5.659291833202575832e-03 1.264489881391377464e-18 1.202563533939620098e-19
7.750000000000001332e-02 1.519424871926336462e-02 5.084326462052789382e-03 8.380173498665756888e-19 5.735523877183705772e-20
8.000000000000001554e-02 1.011117690072316916e-02 4.329723618419541870e-03 4.547302059194467233e-19 9.005221819062720279e-21
8.250000000000001776e-02 6.633246967118532587e-03 3.498011761864079725e-03 1.734560269059814462e-19 1.629868498765229771e-20
8.500000000000001998e-02 4.311187947599911044e-03 2.700363041739116399e-03 3.946795917906258991e-19 4.210267465604994452e-21
8.750000000000000833e-02 2.786607453070053236e-03 2.002000839678063065e-03 1.818778001728568208e-18 6.885253609516116122e-20
9.000000000000001055e-02 1.795243062340438336e-03 1.428910747296945928e-03 6.985610640115042210e-18 3.999681394074270086e-19
9.250000000000001277e-02 1.153569818230570877e-03 9.868107522275429162e-04 2.286424424167008567e-17 8.454906232312440436e-19
9.500000000000001499e-02 7.391533635817223351e-04 6.618422175844778299e-04 6.214523411262596416e-17 1.864947247738861984e-18
9.750000000000001721e-02 4.720998623880909729e-04 4.324260097400558448e-04 1.473828216177802912e-16 4.339571101525158884e-18
1.000000000000000056e-01 3.006220220887964589e-04 2.726162001773150927e-04 3.123784273630274154e-16 8.279645455338786574e-18
