# time 1 2 D-1 D
0.000000000000000000e+00 9.999999589861015004e-01 1.236271964699378286e-08 1.678723482409308576e-34 1.057474717999730056e-34
2.500000000000000486e-03 9.994811888907814135e-01 5.430429641361883025e-08 4.510241715556232960e-19 6.743814156740234262e-26
5.000000000000000971e-03 9.978234306986409896e-01 1.236451622227731576e-06 1.350108396092804678e-16 5.786337058276063710e-23
7.500000000000001457e-03 9.948734192332486792e-01 7.997049315883182727e-06 3.988897473255150368e-15 4.255163521279575225e-21
1.000000000000000194e-02 9.904798616358202468e-01 3.174969811131402719e-05 4.503419655550168814e-14 8.148523807799002550e-20
1.250000000000000069e-02 9.844963110645148507e-01 9.705806228710965188e-05 2.969459321325204655e-13 5.850796403526313448e-19
1.500000000000000291e-02 9.767800799243641086e-01 2.528971330728533836e-04 1.374298181570428757e-12 1.456079794978558080e-18
1.750000000000000167e-02 9.671847156402032519e-01 5.837124528739631680e-04 4.928967995243634541e-12 1.011536316272256762e-19
2.000000000000000389e-02 9.555440043644946035e-01 1.237103489763698595e-03 1.457083119853808379e-11 3.725237682301781206e-17
2.250000000000000264e-02 9.416472044222058413e-01 2.449585285883150269e-03 3.672843239360295856e-11 5.702297007728188798e-16
2.500000000000000139e-02 9.252059314956803115e-01 4.562574023610648823e-03 8.097681347936724640e-11 3.933491916611061829e-15
2.750000000000000361e-02 9.058127338288113339e-01 8.080825912180886195e-03 1.590944161377888835e-10 1.821772392605833798e-14
3.000000000000000583e-02 8.828888392391368578e-01 1.365606930240227147e-02 2.826722915181185118e-10 6.617775655035564077e-14
3.250000000000000111e-02 8.556201838370383062e-01 2.203415300281115138e-02 4.597848077001830338e-10 2.060357522818666213e-13
3.500000000000000333e-02 8.228938118522457490e-01 3.435404094300152644e-02 6.922875558456862570e-10 5.807726119641990611e-13
3.750000000000000555e-02 7.832753852114789916e-01 5.140854516237352428e-02 9.736144497451037600e-10 1.530749998140808898e-12
4.000000000000000777e-02 7.351177553236393214e-01 7.456358500490674335e-02 1.288872117382225290e-09 3.845338089175990663e-12
4.250000000000000999e-02 6.769405658579055185e-01 1.042698880734409667e-01 1.615541574859014997e-09 9.147344901946749456e-12
4.500000000000000527e-02 6.082082150906867879e-01 1.407079617959149653e-01 1.927459258502037838e-09 2.081679194455247294e-11
4.750000000000000749e-02 5.303949940846246491e-01 1.809071665381083716e-01 2.191177439180322791e-09 4.548541693317876054e-11
5.000000000000000278e-02 4.476790064131569991e-01 2.211677619773869674e-01 2.373770630150285769e-09 9.384759282652730498e-11
5.250000000000000500e-02 3.662761987706624200e-01 2.569187451384891130e-01 2.435891504833777989e-09 1.889991035558955888e-10
5.500000000000000722e-02 2.923037121994949694e-01 2.829417165944282386e-01 2.330157050377154279e-09 3.715449891593388142e-10
5.750000000000000944e-02 2.296425515918645022e-01 2.950952298389969419e-01 2.015626880484715592e-09 6.871295743379282082e-10
6.000000000000001166e-02 1.793110650316336874e-01 2.998579700452266850e-01 1.461970982779522166e-09 1.180545530516799869e-09
6.250000000000000000e-02 1.402563367106174352e-01 2.960736441664329477e-01 8.118967724791658054e-10 1.728288568113262517e-09
6.500000000000000222e-02 1.105102434347533941e-01 3.013952277889002662e-01 3.377559104162789628e-10 2.076135977093239050e-09
6.750000000000000444e-02 8.800668866302122084e-02 6.888681291294443398e-02 9.882293252707221012e-11 2.177888355250930643e-09
7.000000000000000666e-02 7.096140694137008376e-02 4.805884010254503347e-02 1.794258392599889765e-11 2.116126155989599745e-09
7.250000000000000888e-02 5.796985660425953840e-02 4.139668558445208646e-02 1.445606347470574916e-11 1.971382175499207781e-09
7.500000000000001110e-02 4.797712858556493071e-02 3.592407600670726592e-02 3.886092368170708381e-11 1.790113648381422050e-09
7.750000000000001332e-02 4.020874419652954029e-02 3.062192969610487425e-02 6.450679605337654711e-11 1.596824384079757707e-09
8.000000000000001554e-02 3.410116877983581513e-02 2.643616061447015553e-02 7.884925886727496406e-11 1.404749766571043686e-09
8.250000000000001776e-02 2.924466984797758837e-02 2.329853536106031575e-02 7.919418046068047970e-11 1.221110525136413970e-09
8.500000000000001998e-02 2.534010867864747857e-02 2.002739276105459237e-02 6.753768809929261849e-11 1.050271891858452610e-09
8.750000000000000833e-02 2.216754946753250743e-02 1.721673714677167399e-02 4.995046442530679851e-11 8.946914566866536402e-10
9.000000000000001055e-02 1.956387853235077440e-02 1.451883998461444940e-02 3.288674086484257324e-11 7.556323714315601437e-10
9.250000000000001277e-02 1.740696306845474634e-02 1.251653637657137996e-02 2.334129442550482607e-11 6.335763415192450250e-10
9.500000000000001499e-02 1.560444400435272855e-02 1.092345639895935146e-02 2.782177273610301157e-11 5.283663653747093492e-10
9.750000000000001721e-02 1.408577896307530546e-02 9.382303209913386843e-03 5.188895125698660178e-11 4.395650397382307271e-10
1.000000000000000056e-01 1.279655985759210225e-02 8.078426527584508729e-03 9.947644406627211211e-11 3.661754877188992145e-10
