# time 1 2 D-1 D
0.000000000000000000e+00 9.999999530827728966e-01 1.899202371598036665e-08 2.183554512035251467e-35 9.045612700569818356e-36
2.500000000000000052e-04 9.995121879614271565e-01 2.278422583292340653e-06 2.045375346246520372e-33 3.410348457997317825e-36
5.000000000000000104e-04 9.979287245668210238e-01 4.629539978004135664e-05 4.522870116778240585e-29 8.451292973493015658e-34
7.500000000000001240e-04 9.950009333233287290e-01 2.789653952763562392e-04 1.708600700682805987e-26 1.947691306610412845e-30
1.000000000000000021e-03 9.903420415989483416e-01 1.030121166440983336e-03 1.209375181803106029e-24 4.402308484160460710e-28
1.250000000000000026e-03 9.833775740775749785e-01 2.820058315377314394e-03 3.333126358287153596e-23 2.958183236344105864e-26
1.500000000000000248e-03 9.733443878690040130e-01 6.253178515706483455e-03 4.968198597600723916e-22 9.024995350567604858e-25
1.750000000000000253e-03 9.593792320728322665e-01 1.025011179495091858e-02 4.782122844875758784e-21 1.565256748299028388e-23
2.000000000000000042e-03 9.406956613884666085e-01 6.921358941716377472e-03 3.228073105459677127e-20 1.762598742542228069e-22
2.250000000000000264e-03 9.167822513259226147e-01 2.508058802417718284e-03 1.670702668162141617e-19 1.402021719863105312e-21
2.500000000000000052e-03 8.875253361828825405e-01 1.080513182036694272e-03 6.812967807737496581e-19 8.334670262607730448e-21
2.750000000000000274e-03 8.532053416368385879e-01 5.776162231317919947e-04 2.221231544144364097e-18 3.851932114115608995e-20
3.000000000000000496e-03 8.143946116398114166e-01 2.733292480895495530e-04 6.006521819513880764e-18 1.424832035802579435e-19
3.250000000000000284e-03 7.718268014758594697e-01 1.302555714060081951e-04 1.366940874234269418e-17 4.315445448040930953e-19
3.500000000000000507e-03 7.262903521898452786e-01 3.526823055761506824e-05 2.674221546298424302e-17 1.090644020437452508e-18
3.749999999999999861e-03 6.785622975847998006e-01 5.054000371866289806e-07 4.449417651523427998e-17 2.338988925262738531e-18
4.000000000000000083e-03 6.293742691191049898e-01 2.939524647390733971e-05 6.756723368803693478e-17 4.322887233498610659e-18
4.250000000000000305e-03 5.793976192644260115e-01 1.341411719993529676e-04 8.779553580273909558e-17 6.989587662399042171e-18
4.500000000000000527e-03 5.292384931117688485e-01 3.387307238095503049e-04 1.056801940635534626e-16 1.003435091594663825e-17
4.750000000000000749e-03 4.794387358918495989e-01 6.958451777438814110e-04 1.167754380430789440e-16 1.298351560081307068e-17
5.000000000000000104e-03 4.304808940698885977e-01 1.221990068553820228e-03 1.223789709612968437e-16 1.536287925180823390e-17
5.250000000000000326e-03 3.827967215240352661e-01 1.944319882507336865e-03 1.160155399609854287e-16 1.688860724119838108e-17
5.500000000000000548e-03 3.367784242335372658e-01 2.895501222250025652e-03 1.071688824389220900e-16 1.745810151581273494e-17
5.750000000000000770e-03 2.927928328203252550e-01 4.109178532943636927e-03 9.793907563100368874e-17 1.717779023886853027e-17
6.000000000000000992e-03 2.511869439109247759e-01 5.575484163846449771e-03 8.324349477580279427e-17 1.678356337926816560e-17
6.250000000000000347e-03 2.122459045119336196e-01 7.302639512715906715e-03 7.255968046691160703e-17 1.539024930809314167e-17
6.500000000000000569e-03 1.764767869444004988e-01 9.060937273817112891e-03 6.221503498524955569e-17 1.465022543464143950e-17
6.750000000000000791e-03 1.440216582500394027e-01 1.091261584578857684e-02 5.343052119622955677e-17 1.344391771110044136e-17
7.000000000000001013e-03 1.151766121801897219e-01 1.265407139388969975e-02 4.643590246100127513e-17 1.129521053518178050e-17
7.250000000000001235e-03 9.029918146264973022e-02 1.394946279260731413e-02 4.086512022142755164e-17 1.005681536072050549e-17
7.499999999999999722e-03 6.949586499075208201e-02 1.453198185622895516e-02 3.453899001233032695e-17 7.764344540645801038e-18
7.750000000000000812e-03 5.250869021544064125e-02 1.452393377668894162e-02 2.938705763856294475e-17 3.668861856444827969e-18
8.000000000000000167e-03 3.915798953506538504e-02 1.378762152318531442e-02 2.388597751643409124e-17 1.975338398041071797e-18
8.250000000000000389e-03 2.895716155339637943e-02 1.243905834658250859e-02 1.230190216623833930e-17 2.476716533542787293e-19
8.500000000000000611e-03 2.132968823676094361e-02 1.074101479056338744e-02 3.614801941652420839e-18 1.355613928022989849e-20
8.750000000000000833e-03 1.570178326868285068e-02 8.916316995581763383e-03 4.141708006618501324e-19 3.361913132690844883e-19
9.000000000000001055e-03 1.157170810527062034e-02 7.133750441983150933e-03 2.455188942563702917e-17 8.578069548556997472e-19
9.250000000000001277e-03 8.539838455894236541e-03 5.517956314880160217e-03 1.117083637198157349e-16 3.743078278848936784e-18
9.500000000000001499e-03 6.307528439895150434e-03 4.150410539282885052e-03 3.645859630987726045e-16 1.242951629682851682e-17
9.750000000000001721e-03 4.659795720615218101e-03 3.036463644486045790e-03 9.414700459679692929e-16 2.537287904567505668e-17
1.000000000000000021e-02 3.443405831661525314e-03 2.127497932980763722e-03 1.940644072506549884e-15 4.676466782392231003e-17
