# time 1 2 D-1 D
0.000000000000000000e+00 9.999999631766106623e-01 1.335812712627275053e-08 1.587505120785499493e-34 2.033384821731777943e-35
5.000000000000000104e-04 9.993199468430929988e-01 2.446733088525193009e-07 1.013862074853433219e-30 7.578335621264074664e-29
1.000000000000000021e-03 9.971265141514396024e-01 4.406843248802846696e-06 4.763201231329593132e-27 4.190275348985185354e-25
1.500000000000000248e-03 9.931418987656589481e-01 2.761745196032913040e-05 2.314886677473690174e-24 7.275183089042904047e-23
2.000000000000000042e-03 9.869984687587639582e-01 1.047520996516082840e-04 3.293209596486487738e-22 3.028428866955472234e-21
2.500000000000000052e-03 9.781913591653652595e-01 2.993601507046363044e-04 1.667310279073544563e-20 5.713049507926996646e-20
3.000000000000000496e-03 9.660207675462973986e-01 6.841735393947987343e-04 4.282329383058276390e-19 6.478311952058533434e-19
3.500000000000000507e-03 9.495597733600543711e-01 1.311188896124341422e-03 6.456037086209793322e-18 5.155112206842064877e-18
4.000000000000000083e-03 9.277322618964208845e-01 2.087535224491452509e-03 6.411610288570559552e-17 3.173534120596076110e-17
4.500000000000000527e-03 8.996044751801327566e-01 2.734179048133342574e-03 4.525219676498815463e-16 1.618031885064610411e-16
5.000000000000000104e-03 8.648775192881543727e-01 2.953937520512906444e-03 2.372925973067383099e-15 7.138716105258119900e-16
5.500000000000000548e-03 8.242895309160287454e-01 2.514871995481568825e-03 9.658294309852188979e-15 2.763199278217193825e-15
6.000000000000000992e-03 7.795026076189707220e-01 1.626323575335614918e-03 3.146589646718572869e-14 9.218368927356957175e-15
6.500000000000000569e-03 7.324080186216446187e-01 6.121700836406791151e-04 8.495025083963052839e-14 2.580609521890230505e-14
7.000000000000001013e-03 6.843032204820422848e-01 5.225576050543995624e-06 1.961842661607759917e-13 5.988308359133847739e-14
7.499999999999999722e-03 6.354799535031295799e-01 7.224120371539208578e-04 3.953732211766881113e-13 1.164673142095242826e-13
8.000000000000000167e-03 5.855047591916007210e-01 3.787010520622862905e-03 6.889682118854811613e-13 1.944026373838538935e-13
8.500000000000000611e-03 5.342966186727980960e-01 9.578832437438147135e-03 1.010368363843575907e-12 2.857987812886810003e-13
9.000000000000001055e-03 4.827351438677957018e-01 1.743707712725574982e-02 1.271747956281311432e-12 3.787059508566530048e-13
9.500000000000001499e-03 4.335272046075799857e-01 2.493569470217091993e-02 1.496214198495704751e-12 4.610601459206058758e-13
1.000000000000000021e-02 3.892283295366912310e-01 2.989835273439463495e-02 2.024427563180642310e-12 5.234252184247340329e-13
1.050000000000000065e-02 3.511087209375441942e-01 3.147239248799343220e-02 1.165857278415947438e-12 5.607914117997421180e-13
1.100000000000000110e-02 3.190127532678505018e-01 3.020697677465261979e-02 8.991636583274428714e-13 5.721344421514516024e-13
1.150000000000000154e-02 2.922250889499969362e-01 2.703101949564616635e-02 7.227430062510241073e-13 5.596671893861234289e-13
1.200000000000000198e-02 2.696075598020938879e-01 2.312975766480049669e-02 5.692196750836308540e-13 5.277865831182528056e-13
1.250000000000000069e-02 2.502048096522425658e-01 1.907627555170384251e-02 4.365772966969522997e-13 4.815958218809145626e-13
1.300000000000000114e-02 2.332506503234687556e-01 1.549159336471162864e-02 3.210945601417725521e-13 4.262157416325340976e-13
1.350000000000000158e-02 2.181671653204121375e-01 1.253713782229818469e-02 2.263788507741891357e-13 3.662133236861063075e-13
1.400000000000000203e-02 2.045299275195950339e-01 1.005171529143109553e-02 1.533192299740796683e-13 3.053712974002558840e-13
1.450000000000000247e-02 1.920319753571575472e-01 8.306842855394479253e-03 9.807346050392217604e-14 2.465441086190509543e-13
1.499999999999999944e-02 1.804545833715819891e-01 7.280617407129630000e-03 5.910675052975358802e-14 1.920044247526752632e-13
1.550000000000000162e-02 1.696449460373811446e-01 1.305717750064558196e-02 3.277468896634700157e-14 1.434130781698341601e-13
1.600000000000000033e-02 1.594991933585796218e-01 3.896084237523662203e-02 1.606896984996418148e-14 1.017630239441683236e-13
1.650000000000000078e-02 1.499492052524202257e-01 4.193761193666455112e-02 6.446373543242486553e-15 6.744646132907906208e-14
1.700000000000000122e-02 1.409520876704055681e-01 4.497320951623335478e-02 2.771413202267312084e-15 4.056578568422828736e-14
1.750000000000000167e-02 1.324816423312629721e-01 4.819086695141653470e-02 9.278148496869910099e-17 2.095544197532840991e-14
1.800000000000000211e-02 1.245215417826969762e-01 5.127707078496509391e-02 2.157013701794825791e-16 8.276180879624573357e-15
1.850000000000000255e-02 1.170600862568195316e-01 5.436057716008089319e-02 1.119652325983379347e-15 2.086074886980821748e-15
1.900000000000000300e-02 1.100864552110619177e-01 5.723748126033813971e-02 2.239886030920461562e-15 1.883572218557430131e-15
1.950000000000000344e-02 1.035883136012317185e-01 5.996631999949052910e-02 3.064690983346892204e-15 7.142970116327816360e-15
2.000000000000000042e-02 9.755138394446243033e-02 6.245667362462505035e-02 3.551762187693037373e-15 1.726863863801746391e-14
