# time 1 2 D-1 D
0.000000000000000000e+00 9.999999518860621661e-01 2.583626979199227676e-08 3.526721824756872767e-35 3.230405412853498858e-36
2.500000000000000052e-04 9.999976672274910605e-01 2.664947165343902481e-08 9.596118726935781884e-25 1.565085530806080277e-26
5.000000000000000104e-04 9.999654919292421118e-01 4.744523246272038394e-07 4.928449897476693001e-22 1.785156913749747569e-23
7.500000000000001240e-04 9.998291772957328405e-01 3.259126816102619874e-06 1.547712153624584595e-20 6.528684815313722127e-22
1.000000000000000021e-03 9.994508575699002639e-01 1.414484160693239949e-05 3.668409649347520278e-20 6.892124616041385542e-22
1.250000000000000026e-03 9.985837468399708650e-01 4.673048745107713715e-05 1.827649979468353675e-19 3.489637112238871737e-21
1.500000000000000248e-03 9.967857335662704266e-01 1.300972458362096771e-04 1.618290553624807502e-18 4.322846899059532411e-20
1.750000000000000253e-03 9.932707425768032561e-01 3.141841529582663998e-04 2.385367987615292256e-17 8.207740236744312271e-19
2.000000000000000042e-03 9.866601383293293059e-01 6.749421113759492517e-04 4.125685240783205918e-16 1.473616757212701001e-17
2.250000000000000264e-03 9.745847420694560004e-01 1.269059428161408570e-03 7.217321624818833364e-15 2.032637880464448927e-16
2.500000000000000052e-03 9.530426770894544486e-01 2.038183261342891607e-03 1.669206965142680273e-13 1.926526842792021659e-15
2.750000000000000274e-03 9.158650647874613249e-01 2.405074788120187702e-03 8.417825352086726704e-13 1.290254711872435937e-14
3.000000000000000496e-03 8.551400589012739806e-01 1.029246029390582786e-03 3.582838115065567545e-12 6.323622990093866015e-14
3.250000000000000284e-03 7.606661691112172052e-01 1.682001622608687071e-03 1.224567770513741751e-11 2.387628519782548544e-13
3.500000000000000507e-03 5.846460455986617344e-01 5.977649678763472668e-02 3.447181214406697510e-11 7.231399124320114853e-13
3.749999999999999861e-03 3.283604590573072635e-01 1.965824216297073213e-01 8.224505421625028142e-11 1.822992256652777969e-12
4.000000000000000083e-03 2.048277375056674066e-01 2.184734723978206394e-01 1.712011288207365581e-10 3.940822790211258292e-12
4.250000000000000305e-03 1.529650069441901572e-01 1.918739256404700388e-01 3.180889879558680476e-10 7.488257317600437567e-12
4.500000000000000527e-03 1.254094395034284770e-01 1.607757458877265011e-01 5.383246456923056809e-10 1.276462080758880035e-11
4.750000000000000749e-03 1.071144506304577970e-01 1.350238527195529725e-01 8.403669700228866506e-10 1.984295633909766099e-11
5.000000000000000104e-03 9.445596070137467215e-02 1.139320302828674414e-01 1.229727743063949486e-09 2.851290087589597424e-11
5.250000000000000326e-03 8.447628395960279923e-02 9.741089286248098833e-02 1.699976843572022872e-09 3.828736060423233351e-11
5.500000000000000548e-03 7.638046960380931449e-02 8.415566806244385856e-02 2.249551628482218675e-09 4.847225545865388268e-11
5.750000000000000770e-03 6.953156980822999822e-02 7.349709133093834668e-02 2.858656601777209005e-09 5.826868759865805578e-11
6.000000000000000992e-03 6.371918587190550376e-02 6.474964229946153504e-02 3.521609951149685705e-09 6.688599050957965311e-11
6.250000000000000347e-03 5.853135317709566576e-02 5.748519294110125688e-02 4.211163694543529253e-09 7.366624334730532391e-11
6.500000000000000569e-03 5.384704430073863901e-02 5.136333173477262981e-02 4.928190154448158537e-09 7.813794506797340914e-11
6.750000000000000791e-03 4.956022326440925191e-02 4.627791520826267380e-02 5.642332438326207896e-09 8.001088667205388545e-11
7.000000000000001013e-03 4.559889941441654104e-02 4.188953502805809609e-02 6.356554687065947293e-09 7.934177581290474619e-11
7.250000000000001235e-03 4.191513219174354543e-02 3.835838581379240331e-02 7.060554903208513546e-09 7.603476783208331228e-11
7.499999999999999722e-03 3.847757598906960397e-02 3.514832960392856587e-02 7.728136794825676281e-09 7.094543982931238148e-11
7.750000000000000812e-03 3.526622872774198142e-02 3.258152065046244356e-02 8.380179228848715123e-09 6.398666664244241597e-11
8.000000000000000167e-03 3.226857827844025611e-02 3.035068879333860381e-02 8.986339388680606579e-09 5.590554313709970950e-11
8.250000000000000389e-03 2.947669216806991441e-02 2.719640695563410246e-02 9.575689796439734805e-09 4.722953804125320277e-11
8.500000000000000611e-03 2.688500896246202171e-02 2.504059284606909366e-02 1.010832046521673580e-08 3.808848570525052504e-11
8.750000000000000833e-03 2.448870602336787952e-02 1.629757870774774936e-02 1.062640348030242243e-08 2.942117348247831366e-11
9.000000000000001055e-03 2.228257382812014881e-02 1.816120317471441037e-02 1.109581977571684690e-08 2.138291004944414699e-11
9.250000000000001277e-03 2.026033943307228857e-02 1.899842423489143603e-02 1.153195230680409322e-08 1.433094266235311228e-11
9.500000000000001499e-03 1.841437239093351996e-02 1.944631440128673575e-02 1.193376833755276743e-08 8.510290062550773578e-12
9.750000000000001721e-03 1.673569185170748971e-02 1.934447427013180273e-02 1.229276083699057184e-08 4.136699817718722699e-12
1.000000000000000021e-02 1.521419654997347402e-02 1.997465341938277003e-02 1.263980123966980425e-08 1.314198683467471132e-12
