# time 1 2 D-1 D
0.000000000000000000e+00 9.999999244961138567e-01 4.374032682983276993e-08 1.984643419131850403e-35 5.947232292880450946e-36
5.000000000000000104e-04 9.987013589132105462e-01 5.913070434900782278e-09 8.855639902904242291e-29 2.011833257794279846e-33
1.000000000000000021e-03 9.945139294819885789e-01 4.546570163401289499e-08 2.123556250149932086e-24 8.732840887338980686e-28
1.500000000000000248e-03 9.869392269526169326e-01 2.198235207072176154e-07 9.193193812746114901e-22 2.195496801793601608e-24
2.000000000000000042e-03 9.753941087125935772e-01 9.045957726771901385e-07 8.093323216739028539e-20 6.716887068273590246e-22
2.500000000000000052e-03 9.591881054286370833e-01 3.089867454337187030e-06 3.041741737492852432e-18 6.381913041473410703e-20
3.000000000000000496e-03 9.374772549381230613e-01 1.019180110336021247e-05 6.860448927550399463e-17 2.811651555866734896e-18
3.500000000000000507e-03 9.091901678304398216e-01 3.101957553709891138e-05 1.090418521354465642e-15 6.871702129844254727e-17
4.000000000000000083e-03 8.729170894498741173e-01 9.052114047050783456e-05 1.281991542914248325e-14 1.009451755211536744e-15
4.500000000000000527e-03 8.267477233562200434e-01 2.504158536117424686e-04 9.972899336794851163e-14 9.401321887456617724e-15
5.000000000000000104e-03 7.680505222641959007e-01 6.671024285530741419e-04 4.575932407402565159e-13 5.894594786073853600e-14
5.500000000000000548e-03 6.932784495778986367e-01 1.671964603151340680e-03 1.610685141727540878e-12 2.657998383994302704e-13
6.000000000000000992e-03 5.980994776641517241e-01 4.102479355471629584e-03 5.431965938607475695e-12 9.170642625076806718e-13
6.500000000000000569e-03 4.806318378587562390e-01 8.575280565812273131e-03 2.468113295181105253e-11 2.551553024919608886e-12
7.000000000000001013e-03 3.482484487761519643e-01 1.524429798498473480e-02 8.402283208747562052e-11 5.973370645175678693e-12
7.499999999999999722e-03 2.251060534048657802e-01 2.052430208364851294e-02 1.566714353055372230e-10 1.217114097843416667e-11
8.000000000000000167e-03 1.391866046018402914e-01 1.654856403169278206e-02 2.684441466730759935e-10 2.216686070908348995e-11
8.500000000000000611e-03 9.609848587263905562e-02 9.489130289979132420e-04 4.293322023260079288e-10 3.685367222864148502e-11
9.000000000000001055e-03 2.273044754468618242e-02 3.858694279820635425e-02 6.499130750901861895e-10 5.687380679560000675e-11
9.500000000000001499e-03 1.093025171544825466e-02 2.882286090893669550e-02 9.302910282120567963e-10 8.256211079709741105e-11
1.000000000000000021e-02 6.135271348899544973e-03 2.035031595016075640e-02 1.281488730107275209e-09 1.139533870161245048e-10
1.050000000000000065e-02 3.676983574834167667e-03 1.441462469251560477e-02 1.706457609096196016e-09 1.508348500122385306e-10
1.100000000000000110e-02 2.258801677865217468e-03 1.036871464334784658e-02 2.197240477890109814e-09 1.928165627913082762e-10
1.150000000000000154e-02 1.436710996295280330e-03 7.536094449207354599e-03 2.766726255382677310e-09 2.394063976676697509e-10
1.200000000000000198e-02 9.110783216848987237e-04 5.558291904686291085e-03 3.402293812653870090e-09 2.900731304336677346e-10
1.250000000000000069e-02 5.985514169534291492e-04 4.126894676745308972e-03 4.108994704990534225e-09 3.442946851549650412e-10
1.300000000000000114e-02 3.977327826478254335e-04 3.061313607989089164e-03 4.890853438779847738e-09 4.015916609815442583e-10
1.350000000000000158e-02 2.685113203345365976e-04 2.280566918258454881e-03 5.729633470077550812e-09 4.615426749838985316e-10
1.400000000000000203e-02 1.840402809126889772e-04 1.697266786659526808e-03 6.637187611740580135e-09 5.237923059872209721e-10
1.450000000000000247e-02 1.279440968564693850e-04 1.252646820349751725e-03 7.600695061898272740e-09 5.880487614826298536e-10
1.499999999999999944e-02 9.013584952296169162e-05 9.091142811679699121e-04 8.629752625206827737e-09 6.540770027339356887e-10
1.550000000000000162e-02 6.429329774271159189e-05 6.466291116631248375e-04 9.713242659453706051e-09 7.216913936751912810e-10
1.600000000000000033e-02 4.639322289016380575e-05 4.419398327487992508e-04 1.084394913740025805e-08 7.907499871609683216e-10
1.650000000000000078e-02 3.383803834631451035e-05 2.910929544439889690e-04 1.202390532488642878e-08 8.611439524564071315e-10
1.700000000000000122e-02 2.492710240029696550e-05 1.840360098854799920e-04 1.327492382679939812e-08 9.327832506526729664e-10
1.750000000000000167e-02 1.853201782571208233e-05 1.134764490008966122e-04 1.456885317225766009e-08 1.005598680520707336e-09
1.800000000000000211e-02 1.389443155337837122e-05 4.962961184580693151e-05 1.589901914074640421e-08 1.079538988828567729e-09
1.850000000000000255e-02 1.049840143940625137e-05 2.216141966994214564e-05 1.727630022790808296e-08 1.154566193569899828e-09
1.900000000000000300e-02 7.988783187440289167e-06 1.083687880099851857e-05 1.867142297125444941e-08 1.230637167671807532e-09
1.950000000000000344e-02 6.118380956489063799e-06 9.672756395913419431e-06 2.014905448077036667e-08 1.307715005814964694e-09
2.000000000000000042e-02 4.713303966673125681e-06 4.658553374853433359e-06 2.164178745207123584e-08 1.385762626734356403e-09
