# time 1 2 D-1 D
0.000000000000000000e+00 9.999999696268626614e-01 6.964640397978490705e-09 8.698658196084928895e-36 1.450560028914702999e-34
2.500000000000000486e-03 9.990931018269411101e-01 6.412818467834737739e-08 3.479086907084933895e-17 2.025160908857010546e-22
5.000000000000000971e-03 9.961491923541068161e-01 1.449783317980103323e-06 1.102231868230539141e-14 1.047441551870881555e-18
7.500000000000001457e-03 9.907493611221006580e-01 1.000982718474282651e-05 3.521681977055584236e-13 2.034283151327658247e-16
1.000000000000000194e-02 9.823398125614034582e-01 4.308022477068558541e-05 4.376156733162873479e-12 9.972332787925056365e-15
1.250000000000000069e-02 9.701801304852831764e-01 1.443606524449861470e-04 3.235032836228022058e-11 2.281770199329872627e-13
1.500000000000000291e-02 9.532546358680357157e-01 4.132048707754067195e-04 1.716416040207955887e-10 3.172000077649888700e-12
1.750000000000000167e-02 9.301333352485188222e-01 1.059778474097684657e-03 7.167171462197829501e-10 3.010952982095862407e-11
2.000000000000000389e-02 8.987728467868487670e-01 2.499807616283255922e-03 2.509074042568739606e-09 2.030148219738532702e-10
2.250000000000000264e-02 8.562884989878408737e-01 5.491921757784632221e-03 7.727700079863350224e-09 9.827274454858663178e-10
2.500000000000000139e-02 7.988223643942181651e-01 1.130277173321961662e-02 2.252691807380731517e-08 3.502600009461407116e-09
2.750000000000000361e-02 7.220344763625626827e-01 2.165443690989943964e-02 6.884948927206139455e-08 9.658632326655032573e-09
3.000000000000000583e-02 6.241467365115482835e-01 3.700899571456649911e-02 2.670578199669968869e-07 2.176433449451640924e-08
3.250000000000000111e-02 5.097732073837222266e-01 5.510250609546601258e-02 1.561751949843636022e-06 4.193316908041296692e-08
3.500000000000000333e-02 3.935515831351010241e-01 6.908499485275791663e-02 3.921486679253860137e-06 7.146041792218089959e-08
3.750000000000000555e-02 2.937465919622477273e-01 7.182295191869553230e-02 5.816645689990260675e-06 1.104407442481173251e-07
4.000000000000000777e-02 2.180773631261866685e-01 6.447157406534621826e-02 7.976316094319462198e-06 1.577300485011803015e-07
4.250000000000000999e-02 1.632992966049466033e-01 5.343729126159596499e-02 1.054257142438309031e-05 2.112049066754368247e-07
4.500000000000000527e-02 1.243551933176584301e-01 4.239379616274533552e-02 1.347969229562722322e-05 2.681835207989018555e-07
4.750000000000000749e-02 9.640122774393672378e-02 3.301196059686989370e-02 1.677876258523066771e-05 3.258652212844821771e-07
5.000000000000000278e-02 7.858620589003667556e-02 2.296572321258367674e-02 2.041316186119322018e-05 3.816875399883978674e-07
5.250000000000000500e-02 3.851789219721998142e-02 4.209256947873675492e-02 2.433615223060548008e-05 4.335581994931394096e-07
5.500000000000000722e-02 1.910569267219629219e-02 4.559680226447382356e-02 2.851413750072553238e-05 4.799604985547943226e-07
5.750000000000000944e-02 1.500655534794245564e-02 3.747159419399147262e-02 3.291873977641675281e-05 5.199575682970647489e-07
6.000000000000001166e-02 1.207328132014453236e-02 3.090423904959057125e-02 3.755335608917910315e-05 5.531295687571009695e-07
6.250000000000000000e-02 9.862134678684245787e-03 2.565229690627461936e-02 4.234487450028164387e-05 5.794760304469432840e-07
6.500000000000000222e-02 8.224688330330243158e-03 2.136866970722146875e-02 4.730265560642692364e-05 5.993072703567222424e-07
6.750000000000000444e-02 7.003345190230418453e-03 1.784885205735962238e-02 5.241107005432335520e-05 6.131428593804167287e-07
7.000000000000000666e-02 5.961968352473965595e-03 1.506121782640926048e-02 5.762999449262720545e-05 6.216248866579486900e-07
7.250000000000000888e-02 5.158057330838012981e-03 1.274802807111728373e-02 6.296724597474352562e-05 6.254495464658381834e-07
7.500000000000001110e-02 4.481455884821740690e-03 1.086812590171272463e-02 6.839244675420393517e-05 6.253171294727956379e-07
7.750000000000001332e-02 3.962731133047041852e-03 9.275494462855511310e-03 7.387803551637946934e-05 6.218975836430139949e-07
8.000000000000001554e-02 3.487243029987409371e-03 7.995891002508727363e-03 7.943038190614569514e-05 6.158091533861494609e-07
8.250000000000001776e-02 3.127145451999858994e-03 6.888148751700863201e-03 8.500746399289611462e-05 6.076068164595766416e-07
8.500000000000001998e-02 2.791742565066607489e-03 5.988943269766907641e-03 9.063870589390830325e-05 5.977780417357172380e-07
8.750000000000000833e-02 2.517580421092518225e-03 5.219115170406124840e-03 9.630616909715076048e-05 5.867431423776038343e-07
9.000000000000001055e-02 2.286602955498069981e-03 4.562855090644235383e-03 1.019699715220578694e-04 5.748588608359702150e-07
9.250000000000001277e-02 2.086304408424563897e-03 4.005565466274771391e-03 1.076125606749115131e-04 5.624236500300200472e-07
9.500000000000001499e-02 1.915636267963569160e-03 3.526453074243597087e-03 1.132691839502873916e-04 5.496837423131589905e-07
9.750000000000001721e-02 1.757741314709002078e-03 3.124670824392415409e-03 1.188913761312580678e-04 5.368397677780175862e-07
1.000000000000000056e-01 1.625160784028416901e-03 2.773234440489051340e-03 1.244922528524609743e-04 5.240524982691211540e-07
