# time 1 2 D-1 D
0.000000000000000000e+00 9.999999244961138567e-01 4.374032682983276993e-08 1.984643419131850403e-35 5.947232292880450946e-36
2.500000000000000486e-03 9.987013718727066891e-01 5.918370265503243395e-09 8.854558218801167368e-29 1.934796523788045668e-33
5.000000000000000971e-03 9.945140932044305160e-01 4.550113743119612987e-08 2.121015198292260382e-24 8.700725725171941117e-28
7.500000000000001457e-03 9.869400605641445168e-01 2.199409586781492720e-07 9.186404426319801782e-22 2.193533878207793776e-24
1.000000000000000194e-02 9.753967889277893599e-01 9.049496607950575740e-07 8.088686478500553693e-20 6.714889420178765464e-22
1.250000000000000069e-02 9.591946912979956164e-01 3.090794703823130595e-06 3.038634585977022401e-18 6.375917343262868965e-20
1.500000000000000291e-02 9.374909181718689144e-01 1.019427370408035999e-05 6.849579182328866107e-17 2.807146989453503668e-18
1.750000000000000167e-02 9.092153587929560077e-01 3.102806625896403580e-05 1.088128479404213660e-15 6.856789059812081755e-17
2.000000000000000389e-02 8.729595130836618200e-01 9.054504886679233457e-05 1.278570077671639107e-14 1.006634341833354314e-15
2.250000000000000264e-02 8.268140902942267001e-01 2.504840702359657344e-04 9.939497643476880460e-14 9.368095884359703757e-15
2.500000000000000139e-02 7.681478028753300213e-01 6.673106997724742931e-04 4.557201417745487919e-13 5.868961081278586485e-14
2.750000000000000361e-02 6.934121639552595084e-01 1.672606920178011138e-03 1.602815199447524419e-12 2.644151322670092884e-13
3.000000000000000583e-02 5.982704916175055621e-01 4.104359928549424115e-03 5.400727765938051888e-12 9.114222089998129380e-13
3.250000000000000111e-02 4.808311475652724543e-01 8.580480308609618467e-03 2.451679133832252706e-11 2.533268984289343679e-12
3.500000000000000333e-02 3.484539536935484794e-01 1.525649709819810150e-02 8.338307379402861973e-11 5.924131185490273018e-12
3.750000000000000555e-02 2.252911172270993523e-01 2.054641897935473305e-02 1.553159447805255816e-10 1.205673734898649722e-11
4.000000000000000777e-02 1.393448133874074513e-01 1.657141970607360973e-02 2.658255301446457062e-10 2.193125100111762163e-11
4.250000000000000999e-02 9.624118243564377950e-02 9.579477774086818170e-04 4.246392683918013454e-10 3.641402528940326120e-11
4.500000000000000527e-02 2.278800797326841626e-02 3.865515294349397557e-02 6.420008492714763071e-10 5.611701246169141118e-11
4.750000000000000749e-02 1.096615025564506157e-02 2.889154844608470343e-02 9.177303966504155692e-10 8.134378263699582702e-11
5.000000000000000278e-02 6.161229179660256995e-03 2.041199147824441715e-02 1.262388739154046102e-09 1.120993851697271799e-10
5.250000000000000500e-02 3.695763573912293036e-03 1.446986179960553856e-02 1.678484125830517097e-09 1.481404759342316274e-10
5.500000000000000722e-02 2.273377241663660040e-03 1.041710700967263259e-02 2.157734927440641966e-09 1.890491212885972273e-10
5.750000000000000944e-02 1.448399286427461997e-03 7.578253630267669724e-03 2.712322453654859851e-09 2.343057898086406084e-10
6.000000000000001166e-02 9.200713397208899356e-04 5.595526297608770933e-03 3.329304159601157904e-09 2.833533591576374536e-10
6.250000000000000000e-02 6.056891865583094578e-04 4.159580901810605753e-03 4.013039294780574101e-09 3.356454339180889696e-10
6.500000000000000222e-02 4.034097450349065708e-04 3.089597233433566664e-03 4.766783305896041840e-09 3.906754526420111919e-10
6.750000000000000444e-02 2.730586087424711041e-04 2.305470375982442664e-03 5.572020055134412604e-09 4.479946612629919343e-10
7.000000000000000666e-02 1.877125814963502657e-04 1.718333432497572751e-03 6.439546251732435704e-09 5.072179036408730869e-10
7.250000000000000888e-02 1.309325811394224180e-04 1.270512540040339387e-03 7.356073886585622156e-09 5.680193895503038192e-10
7.500000000000001110e-02 9.258609719773390847e-05 9.239047113901630547e-04 8.330031395560661508e-09 6.301264919399880890e-10
7.750000000000001332e-02 6.631681304967129676e-05 6.585697303662109946e-04 9.349732154841224250e-09 6.933193518672530510e-10
8.000000000000001554e-02 4.807594726100650792e-05 4.515284301877931341e-04 1.040726320475396382e-08 7.574129376973857452e-10
8.250000000000001776e-02 3.524664326187489940e-05 2.980974315489310733e-04 1.150361152896443577e-08 8.222589949176627334e-10
8.500000000000001998e-02 2.611368194983295697e-05 1.888348422745089294e-04 1.265857643214391934e-08 8.877097193933493803e-10
8.750000000000000833e-02 1.953755435313694473e-05 1.166813747608977869e-04 1.384389280910866177e-08 9.536327516077717163e-10
9.000000000000001055e-02 1.475137635882950436e-05 5.141010545631185933e-05 1.505226316602635477e-08 1.019964760084884829e-09
9.250000000000001277e-02 1.123262626533698837e-05 2.360571095093174398e-05 1.629291071546961620e-08 1.086620424028796332e-09
9.500000000000001499e-02 8.621047225159390233e-06 1.207221113663132834e-05 1.753685043257820941e-08 1.153431558372575020e-09
9.750000000000001721e-02 6.665457787452327707e-06 1.028211516115127461e-05 1.884367992177552175e-08 1.220290720452853503e-09
1.000000000000000056e-01 5.188824406394503054e-06 5.691419591767065272e-06 2.014841112000484680e-08 1.287121684544485240e-09
