# time 1 2 D-1 D
0.000000000000000000e+00 9.999999815088057575e-01 7.894244332757533422e-10 2.018088701491702766e-34 3.276925601787291314e-34
2.500000000000000052e-04 9.994326169607188337e-01 6.766516989619307756e-07 5.458360716745832463e-17 1.118426234524445895e-21
5.000000000000000104e-04 9.976333773556002038e-01 1.369434702586092442e-05 1.653746211069372658e-14 5.874341658586955118e-18
7.500000000000001240e-04 9.944938441789586969e-01 8.759375268024655276e-05 4.760538455382866065e-13 9.195472811734467876e-16
1.000000000000000021e-03 9.899867669455790775e-01 3.497818360724690872e-04 4.968391593233092804e-12 3.231545281883729124e-14
1.250000000000000026e-03 9.841917734872912549e-01 1.056405812681808195e-03 2.802136804741790429e-11 4.669411600412020872e-13
1.500000000000000248e-03 9.772949493820878297e-01 2.576575971275450478e-03 1.001255651698014646e-10 3.543345948146940063e-12
1.750000000000000253e-03 9.696023442710752782e-01 5.218035996662396050e-03 2.449183579748233765e-10 1.583218947721249479e-11
2.000000000000000042e-03 9.616217859809202961e-01 8.931776683922582408e-03 4.318199844591833176e-10 4.454617749051417475e-11
2.250000000000000264e-03 9.540968088606862629e-01 1.318232130640419227e-02 5.789930258271334797e-10 8.374631768271148457e-11
2.500000000000000052e-03 9.477851081893546858e-01 1.690138207934868686e-02 6.315237773588371115e-10 1.132437905240562366e-10
2.750000000000000274e-03 9.431125853966348949e-01 1.844626127112677580e-02 6.063023665674861203e-10 1.216072661696356595e-10
3.000000000000000496e-03 9.400549480681634762e-01 1.663491428689139323e-02 5.488779584947402330e-10 1.176177849346816419e-10
3.250000000000000284e-03 9.382977751490538809e-01 1.334471849197024947e-02 4.908550991254750723e-10 1.170211040766495453e-10
3.500000000000000507e-03 9.374560456484661852e-01 1.097180263672416917e-02 4.373488639337119792e-10 1.305986150107760198e-10
3.749999999999999861e-03 9.372030444362156043e-01 9.427843703361039537e-03 3.823785875470175576e-10 1.625577064990417464e-10
4.000000000000000083e-03 9.373052165263937585e-01 8.473732269878967577e-03 3.189600438584393626e-10 2.113111624117641795e-10
4.250000000000000305e-03 9.376104747223739100e-01 7.845171299868043333e-03 2.475158358215308607e-10 2.719395260504667458e-10
4.500000000000000527e-03 9.380248702359724744e-01 7.365607327739312829e-03 1.731249681137422885e-10 3.380970151339837590e-10
4.750000000000000749e-03 9.384921816457530985e-01 7.019716044000890234e-03 1.058045371985606228e-10 4.057341368218687824e-10
5.000000000000000104e-03 9.389794395340783639e-01 6.732681320534513771e-03 5.727154272760577170e-11 4.725474367314633876e-10
5.250000000000000326e-03 9.394676514609983098e-01 6.487565269347046228e-03 3.016604062628337933e-11 5.374122124966378110e-10
5.500000000000000548e-03 9.399461157028923264e-01 6.299196293535561271e-03 1.705018636971527272e-11 5.997763832424165569e-10
5.750000000000000770e-03 9.404090284204210670e-01 6.120255545639544624e-03 1.062851395660447635e-11 6.593113078996194885e-10
6.000000000000000992e-03 9.408534697592021434e-01 5.980441837046236546e-03 8.470769827970672316e-12 7.158100633017725727e-10
6.250000000000000347e-03 9.412781860151322455e-01 5.851482453543039794e-03 7.220930936855507704e-12 7.689368288949158356e-10
6.500000000000000569e-03 9.416829080138208186e-01 5.734963812743943366e-03 7.011952347744653658e-12 8.184250309360585951e-10
6.750000000000000791e-03 9.420679433913414780e-01 5.630922476990811443e-03 6.897249332513743898e-12 8.638904553446454868e-10
7.000000000000001013e-03 9.424338984608019443e-01 5.541747420642541277e-03 6.913979296052196505e-12 9.050627784440807666e-10
7.250000000000001235e-03 9.427815679353251932e-01 5.461644381975359203e-03 7.099383980551616885e-12 9.416352930822699444e-10
7.499999999999999722e-03 9.431118130772221386e-01 5.389800747235167118e-03 7.288125023087072861e-12 9.733891488502247637e-10
7.750000000000000812e-03 9.434255341004884610e-01 5.324435822351717730e-03 7.183831061186828062e-12 1.000217424923814692e-09
8.000000000000000167e-03 9.437236271046945957e-01 5.271167520212837430e-03 7.430409077669022558e-12 1.022071941109387677e-09
8.250000000000000389e-03 9.440069625151574773e-01 5.217788843464124179e-03 7.315363542753313871e-12 1.039102790411001520e-09
8.500000000000000611e-03 9.442763957065900549e-01 5.172107551289706166e-03 7.334304759448955905e-12 1.050700867767851927e-09
8.750000000000000833e-03 9.445327030476423635e-01 5.125348894338409809e-03 7.366696824283071787e-12 1.058362656259938340e-09
9.000000000000001055e-03 9.447766477566598153e-01 5.088161526097276753e-03 7.403013742519154357e-12 1.062214393314214422e-09
9.250000000000001277e-03 9.450089577781752848e-01 5.056560156919417438e-03 7.285511492251922169e-12 1.062380758432835689e-09
9.500000000000001499e-03 9.452303046799734876e-01 5.024830855693418127e-03 7.252738859899209052e-12 1.059252489012153373e-09
9.750000000000001721e-03 9.454413302788307050e-01 4.995000249772335067e-03 7.256121830092156796e-12 1.053235500850162158e-09
1.000000000000000021e-02 9.456428325456799344e-01 4.969570478252608933e-03 7.271199052103686110e-12 1.044696666918801823e-09
