# time 1 2 D-1 D
0.000000000000000000e+00 9.999999544543364260e-01 8.909480375874460027e-09 6.252973322577038836e-35 5.639847407802634612e-36
1.250000000000000243e-03 9.991276978557596111e-01 2.628608170870808219e-06 2.772103202114440207e-27 1.185738646654561870e-24
2.500000000000000486e-03 9.963050654792933170e-01 5.359472423563636936e-05 7.635126316739824542e-23 6.274091910997412954e-21
3.750000000000000729e-03 9.911047472381875334e-01 3.640178280600824792e-04 3.603477569292742182e-20 9.918911478284661300e-19
5.000000000000000971e-03 9.827733440634931483e-01 1.547736762251880832e-03 2.585963698216320506e-18 3.499542209691818999e-17
6.250000000000000347e-03 9.698804204541255913e-01 5.021989345983031428e-03 6.268437627381996650e-17 5.061959531374543984e-16
7.500000000000001457e-03 9.499720955481166795e-01 1.328149947011198449e-02 7.701625372636285898e-16 3.870449341749143386e-15
8.750000000000000833e-03 9.200677626704018008e-01 2.897270547541220403e-02 5.130836983974283723e-15 1.781441332075338355e-14
1.000000000000000194e-02 8.791587312780543284e-01 5.190243947763090865e-02 2.088685385493109051e-14 5.422332204834354487e-14
1.125000000000000132e-02 8.311977191843266111e-01 7.641829957494387926e-02 5.673287382782527785e-14 1.218838093129787807e-13
1.250000000000000069e-02 7.838704205735095298e-01 9.586542308045013783e-02 1.044562263254035094e-13 2.381498436342055293e-13
1.375000000000000180e-02 7.435925158472491692e-01 1.077903409870219625e-01 1.395684791107596380e-13 4.918091761126640780e-13
1.500000000000000291e-02 7.127846106649597946e-01 1.134316228146247663e-01 1.359289254327936726e-13 1.205531392028497812e-12
1.625000000000000056e-02 6.908192113392493949e-01 1.142790085238232084e-01 1.293576414108673912e-13 3.365547742339477365e-12
1.750000000000000167e-02 6.758663715012726003e-01 1.111950888624291256e-01 2.965673901406807286e-13 9.433111898371730372e-12
1.875000000000000278e-02 6.660333104408909799e-01 1.049953550958844933e-01 2.177233483077561651e-12 2.270901390255053490e-11
2.000000000000000389e-02 6.597833078917019201e-01 9.687613009280196530e-02 1.349516661321682127e-11 3.983057400715910752e-11
2.125000000000000500e-02 6.559894223748636843e-01 8.830899512523229800e-02 3.858694932574469045e-11 5.465998467485797715e-11
2.250000000000000264e-02 6.538636444255887525e-01 8.039530360562960332e-02 6.826124103458858743e-11 6.913040808889324981e-11
2.375000000000000375e-02 6.528663280128793600e-01 7.379864670495014933e-02 9.449834809139981249e-11 8.509164668524566760e-11
2.500000000000000139e-02 6.526304307949762906e-01 6.848686862557031019e-02 1.169478468341561019e-10 1.000893687127132629e-10
2.625000000000000250e-02 6.529060270401928490e-01 6.425849230995975270e-02 1.352885208639061950e-10 1.136978538992823926e-10
2.750000000000000361e-02 6.535221722634264596e-01 6.102373822242892348e-02 1.499371573095048078e-10 1.255692512231532181e-10
2.875000000000000472e-02 6.543612351287068085e-01 5.857955993659625521e-02 1.613406044263982885e-10 1.355963851001904191e-10
3.000000000000000583e-02 6.553418026029662613e-01 5.652539037705917729e-02 1.697237805924851170e-10 1.439370896958401406e-10
3.125000000000000000e-02 6.564072072610771524e-01 5.489030946065800998e-02 1.747118675494493794e-10 1.514069616042403098e-10
3.250000000000000111e-02 6.575179306992973149e-01 5.363747436096798910e-02 1.774332826332291148e-10 1.572794645481444673e-10
3.375000000000000222e-02 6.586463578584250689e-01 5.255650259816069952e-02 1.774985797183646877e-10 1.620949724852069901e-10
3.500000000000000333e-02 6.597732768632404987e-01 5.172944877036309008e-02 1.754996297833557570e-10 1.657109233132010937e-10
3.625000000000000444e-02 6.608854041535041635e-01 5.101297215695881765e-02 1.701227993313497834e-10 1.688584803980227159e-10
3.750000000000000555e-02 6.619736936285122164e-01 5.033265634795048432e-02 1.629759754595671490e-10 1.712519607886208101e-10
3.875000000000000666e-02 6.630321261730028892e-01 4.985293972770107190e-02 1.529205430359086183e-10 1.730831570890074435e-10
4.000000000000000777e-02 6.640568574502122567e-01 4.943838574325477853e-02 1.390610540522522337e-10 1.744507111102573395e-10
4.125000000000000888e-02 6.650456262674178110e-01 4.910982479850915100e-02 1.227870931829242641e-10 1.754213969277264628e-10
4.250000000000000999e-02 6.659972638819928736e-01 4.882449438945023895e-02 1.034499117191927611e-10 1.760631958796989300e-10
4.375000000000000416e-02 6.669114295513327573e-01 4.858762802738188918e-02 8.132281494900201440e-11 1.764357410704672876e-10
4.500000000000000527e-02 6.677883456235256254e-01 4.837224885098134058e-02 5.598852001932894002e-11 1.765795942510500760e-10
4.625000000000000638e-02 6.686286170465087775e-01 4.821393810964390986e-02 3.134373898988597714e-11 1.765224685928159218e-10
4.750000000000000749e-02 6.694331506026869327e-01 4.806126342796743917e-02 1.237452653902674216e-11 1.763110335994926655e-10
4.875000000000000860e-02 6.702034136549690491e-01 4.789364940602185844e-02 2.353870290225841342e-12 1.759677295659385333e-10
5.000000000000000278e-02 6.709649987633353740e-01 4.786523796013228416e-02 5.405607560626666368e-12 1.754035491377714902e-10
