# lambda 1 2 D-1 D
0.000000000000000000e+00 -1.199999995175700462e+01 -1.000000002981379410e+01 1.000000000629546548e+01 1.199999995242072615e+01
2.500000000000000139e-02 -1.171081169868515381e+01 -9.847745157378914982e+00 9.847257108974451612e+00 1.171005039760888700e+01
5.000000000000000278e-02 -1.144640198166281309e+01 -9.717350355627655034e+00 9.713374509965102988e+00 1.143992190704472378e+01
7.500000000000001110e-02 -1.121290199957787870e+01 -9.611688430773424940e+00 9.598131812213219760e+00 1.118942938261618458e+01
1.000000000000000056e-01 -1.101893999805166224e+01 -9.533560363053231512e+00 9.501416068994627651e+00 1.095872429026491623e+01
1.250000000000000000e-01 -1.087642952175018074e+01 -9.485239815941168828e+00 9.423189466746125120e+00 1.074834552861749337e+01
1.500000000000000222e-01 -1.080065363108784382e+01 -9.468455068615529768e+00 9.363430656972411725e+00 1.055931348330464559e+01
1.750000000000000167e-01 -1.080811001136223126e+01 -9.486351764805196041e+00 9.322015541070591382e+00 1.039329838005397022e+01
2.000000000000000111e-01 -1.091129100637179228e+01 -9.549093421086629618e+00 9.298490384609182868e+00 1.025290674697053994e+01
2.250000000000000056e-01 -1.111350004999302143e+01 -9.682125581312291729e+00 9.291684541574095846e+00 1.014212264541856712e+01
2.500000000000000000e-01 -1.140858488522754399e+01 -9.906278156160126969e+00 9.299211643074819733e+00 1.006682038626455977e+01
2.750000000000000222e-01 -1.178505233075670056e+01 -1.020457313923543019e+01 9.317344678510147915e+00 1.003481485277305474e+01
3.000000000000000444e-01 -1.223023277522844232e+01 -1.055907411970778220e+01 9.342469149116309879e+00 1.005422006422160841e+01
3.250000000000000111e-01 -1.273249777751241396e+01 -1.095828035454609051e+01 9.374541932171052139e+00 1.012977695170512504e+01
3.500000000000000333e-01 -1.328197641374114291e+01 -1.139391492915068760e+01 9.419652562913951144e+00 1.026038577348352909e+01
3.750000000000000000e-01 -1.387056992808637546e+01 -1.185980064906342690e+01 9.489523587381373915e+00 1.044067743983629626e+01
4.000000000000000222e-01 -1.449172407738710433e+01 -1.235125815157680407e+01 9.600679296270691054e+00 1.066405252579484753e+01
4.250000000000000444e-01 -1.514015406809897790e+01 -1.286468703893950583e+01 9.769086947220175787e+00 1.092437336893062572e+01
4.500000000000000111e-01 -1.581159197050818221e+01 -1.339726339994592763e+01 1.001095690665950144e+01 1.121640383657177864e+01
4.750000000000000333e-01 -1.650257582245116694e+01 -1.394672106502198261e+01 1.032084233188268030e+01 1.153578134779238695e+01
5.000000000000000000e-01 -1.721028074834944732e+01 -1.451119372261048568e+01 1.067798248813768680e+01 1.187888835300661228e+01
5.250000000000000222e-01 -1.793238630962770586e+01 -1.508910277702281633e+01 1.106342609654410936e+01 1.224272286025788503e+01
5.500000000000000444e-01 -1.866697314645498196e+01 -1.567907993764056229e+01 1.146773083052017839e+01 1.262478704060658430e+01
5.750000000000000666e-01 -1.941244258521737009e+01 -1.627991665258512555e+01 1.188663577523253068e+01 1.302299482349381066e+01
6.000000000000000888e-01 -2.016745399096181757e+01 -1.689053235969704758e+01 1.231753761173127515e+01 1.343559596138450729e+01
6.250000000000000000e-01 -2.093087574959788810e+01 -1.750995562587834087e+01 1.275853299726822598e+01 1.386111374458914725e+01
6.500000000000000222e-01 -2.170174670954773077e+01 -1.813731255147604671e+01 1.320811508055261285e+01 1.429829390968081881e+01
6.750000000000000444e-01 -2.247924566717842865e+01 -1.877181868944045462e+01 1.366504728801126944e+01 1.474606274115185656e+01
7.000000000000000666e-01 -2.326266706309370846e+01 -1.941277221764364924e+01 1.412829709732251615e+01 1.520349277912164609e+01
7.250000000000000888e-01 -2.405140149869560773e+01 -2.005954733453993200e+01 1.459699519613107910e+01 1.566977493439897628e+01
7.500000000000000000e-01 -2.484492001546426465e+01 -2.071158759577069830e+01 1.507040733624858930e+01 1.614419568647675263e+01
7.750000000000000222e-01 -2.564276132946133302e+01 -2.136839893643325539e+01 1.554791153178962659e+01 1.662611984125191711e+01
8.000000000000000444e-01 -2.644452140141975249e+01 -2.202954311382828578e+01 1.602898412352304902e+01 1.711497551640859527e+01
8.250000000000000666e-01 -2.724984486428688868e+01 -2.269463125765378564e+01 1.651318277294507553e+01 1.761024320136339938e+01
8.500000000000000888e-01 -2.805841793710555976e+01 -2.336331803482145375e+01 1.700013565885600286e+01 1.811144825677391168e+01
8.750000000000000000e-01 -2.886996253544646862e+01 -2.403529628205951241e+01 1.748953092774569740e+01 1.861815401263591241e+01
9.000000000000000222e-01 -2.968423135074233343e+01 -2.471029227262797789e+01 1.798110671365319391e+01 1.912995797886020100e+01
9.250000000000000444e-01 -3.050100371861874748e+01 -2.538806149634096698e+01 1.847464359203040374e+01 1.964648737264631251e+01
9.500000000000000666e-01 -3.132008213321388368e+01 -2.606838504073042984e+01 1.896995754572579429e+01 2.016739729667948566e+01
9.750000000000000888e-01 -3.214128929315978667e+01 -2.675106637720262626e+01 1.946689335961981016e+01 2.069236854633555822e+01
1.000000000000000000e+00 -3.296446558732058918e+01 -2.743592865057453878e+01 1.996531980411039342e+01 2.122110587827528150e+01
