# time 1 2 D-1 D
0.000000000000000000e+00 9.999999621318812482e-01 9.869396918379481411e-09 1.591509148417987362e-36 3.365587263198061921e-36
2.500000000000000486e-03 9.999910045187515584e-01 7.708131694903579947e-06 5.246209639619490341e-28 1.289056287018582566e-27
5.000000000000000971e-03 9.998074417133501202e-01 1.706330896878846732e-04 4.540400719865009366e-24 1.899763160069294950e-24
7.500000000000001457e-03 9.986912659442007678e-01 1.187384463882995697e-03 4.633585237326016862e-23 2.950449232823396047e-24
1.000000000000000194e-02 9.944842696535145521e-01 5.098844445922198418e-03 2.352676333441535646e-22 1.059674662754181403e-22
1.250000000000000069e-02 9.824908868509120152e-01 1.636719624656579261e-02 5.940678918481425055e-22 9.276493886588419847e-22
1.500000000000000291e-02 9.552303387394277534e-01 4.185504282184079189e-02 2.432667668162012179e-22 4.507164949093334955e-21
1.750000000000000167e-02 9.060420265760553704e-01 8.587851476123305183e-02 6.712645434982647239e-21 1.562066306849080892e-20
2.000000000000000389e-02 8.365481043593213650e-01 1.362288678548055909e-01 1.972468425495147342e-19 5.056658635735514413e-20
2.250000000000000264e-02 7.584900133840732916e-01 1.401449198544336971e-01 2.093478106765322791e-18 2.292955307985364259e-19
2.500000000000000139e-02 6.850665945710152638e-01 1.047130034153198330e-01 1.303797063123869430e-17 1.633589586413134577e-18
2.750000000000000361e-02 6.234128090300111724e-01 8.953106231268836979e-02 5.563302052294056789e-17 1.253211520011540576e-17
3.000000000000000583e-02 5.747594041107276785e-01 8.505769772315614763e-02 1.681905814807573420e-16 7.488751499828776391e-17
3.250000000000000111e-02 5.374847181867996593e-01 8.405519675742179064e-02 3.984212265369515065e-16 3.135659671888645041e-16
3.500000000000000333e-02 5.092545218891898484e-01 8.336480266034387854e-02 8.624286798197276667e-16 9.296497116882519542e-16
3.750000000000000555e-02 4.879190690902118765e-01 8.266987317153962067e-02 2.018446408978757778e-15 2.044309010216125862e-15
4.000000000000000777e-02 4.717526385352059370e-01 8.141849964214488422e-02 5.037638609747258239e-15 3.477445047568012273e-15
4.250000000000000999e-02 4.594444927252371857e-01 7.971561530677960528e-02 3.112765625239635720e-15 4.695962494093031858e-15
4.500000000000000527e-02 4.500216267374716472e-01 7.725470886880991817e-02 2.475318127326161156e-13 5.085048718210370724e-15
4.750000000000000749e-02 4.427675027364154081e-01 7.423722460107771981e-02 2.178826108646401093e-12 4.396297252810522639e-15
5.000000000000000278e-02 4.371549968627203575e-01 7.066753571665641831e-02 5.542987884809783258e-12 3.028598912521952171e-15
5.250000000000000500e-02 4.327952272462628480e-01 6.679408905514060135e-02 9.399315488744246652e-12 1.856417101632872683e-15
5.500000000000000722e-02 4.293998672112078752e-01 6.268289908476569472e-02 1.376941876531567575e-11 1.714829273707424026e-15
5.750000000000000944e-02 4.267540629138432684e-01 5.858059111475823894e-02 1.849854206247470196e-11 2.914156997759809124e-15
6.000000000000001166e-02 4.246967911288504482e-01 5.431977840960178217e-02 2.340631952133803316e-11 5.091037228138366850e-15
6.250000000000000000e-02 4.231066208859816102e-01 5.019027057352889315e-02 2.823323615940029491e-11 7.456347238317508257e-15
6.500000000000000222e-02 4.218914213096141563e-01 4.623499153056009198e-02 3.273898476061467750e-11 9.279257314878751808e-15
6.750000000000000444e-02 4.209808097368896163e-01 4.249095790000387285e-02 3.677756717576997263e-11 1.032510131601745963e-14
7.000000000000000666e-02 4.203205477938175560e-01 3.892054943870561223e-02 4.019068560222964005e-11 1.106092115274546992e-14
7.250000000000000888e-02 4.198684415647248036e-01 3.562605787659921946e-02 4.292565938623812096e-11 1.266023172243769607e-14
7.500000000000001110e-02 4.195912518667168079e-01 3.256212993422114010e-02 4.494781081088380355e-11 1.638316706990887519e-14
7.750000000000001332e-02 4.194622735733302132e-01 2.966250620610959982e-02 4.628515970409304808e-11 2.266126909467054732e-14
8.000000000000001554e-02 4.194595332959918377e-01 2.705338176206525599e-02 4.699454838268096349e-11 3.405192348458724343e-14
8.250000000000001776e-02 4.195649153677125653e-01 2.460925687782372986e-02 4.712309192986487698e-11 4.995487679334948949e-14
8.500000000000001998e-02 4.197627627426807617e-01 2.238704733602371946e-02 4.674928217056301949e-11 6.970745948714992936e-14
8.750000000000000833e-02 4.200393735554289187e-01 2.035449634891811979e-02 4.594777172595185143e-11 9.518376563850487677e-14
9.000000000000001055e-02 4.203826546275689635e-01 1.850035888972974274e-02 4.479903758717290049e-11 1.223171394474827184e-13
9.250000000000001277e-02 4.207820694207874967e-01 1.679493957241656038e-02 4.335979901730021080e-11 1.506943529993737123e-13
9.500000000000001499e-02 4.212278223128950172e-01 1.524012857022696323e-02 4.169622053587245280e-11 1.784766434122475692e-13
9.750000000000001721e-02 4.217107136219090391e-01 1.382167672219935563e-02 3.987260384128164172e-11 2.111363775754172947e-13
1.000000000000000056e-01 4.222310007844181645e-01 1.254275865332876543e-02 3.793205509939999581e-11 2.500545259956542577e-13
