# time 1 2 D-1 D
0.000000000000000000e+00 9.999999595726822843e-01 8.512387685712501672e-10 8.478585908979321369e-36 1.381142725312578668e-35
5.000000000000000104e-04 9.999969613887219611e-01 2.350971830214523490e-06 9.552896908139500453e-33 3.326769546915781011e-35
1.000000000000000021e-03 9.999309240733355031e-01 5.745655134570718079e-05 1.162422102335108880e-27 6.626481757834818854e-29
1.500000000000000248e-03 9.995071462897455739e-01 4.279342997082223642e-04 3.128225355658151098e-26 2.245278091395595142e-28
2.000000000000000042e-03 9.978020642132284790e-01 1.979054401600532833e-03 2.479628088194745907e-25 5.634149772203810001e-28
2.500000000000000052e-03 9.925447535922117259e-01 6.880432995485684031e-03 1.070250594920268912e-24 1.182001404300060319e-27
3.000000000000000496e-03 9.794777279775156442e-01 1.912779073535968502e-02 3.051715322347905563e-24 1.393077157363006656e-26
3.500000000000000507e-03 9.535749810890690181e-01 4.248181368098935540e-02 4.612674980214369796e-24 2.556011248603148552e-27
4.000000000000000083e-03 9.137246237552004713e-01 7.238751430317789948e-02 1.438376180493878760e-24 3.429377677065257900e-26
4.500000000000000527e-03 8.662751340626521079e-01 8.410792005525566384e-02 1.953002972714848066e-24 2.697784969804433108e-23
5.000000000000000104e-03 8.207755964889538181e-01 5.953390490676925551e-02 3.159101378366800326e-24 9.445304669006279424e-22
5.500000000000000548e-03 7.833198718781709813e-01 3.545599595997498549e-02 1.190119809822220441e-22 1.089131397745508571e-20
6.000000000000000992e-03 7.552247231788303816e-01 2.494981694813728709e-02 2.709656689211339515e-21 5.837203922559584963e-20
6.500000000000000569e-03 7.352004645793021043e-01 2.045385111917353074e-02 1.879496347994838525e-20 1.626655770058380501e-19
7.000000000000001013e-03 7.212975630133289240e-01 1.843200970251043444e-02 7.835348287412300822e-20 2.270539941837312898e-19
7.499999999999999722e-03 7.117765606032657733e-01 1.745373218679636268e-02 1.924136436159608186e-19 1.192114957542911009e-19
8.000000000000000167e-03 7.053205544211456068e-01 1.696394729759174991e-02 2.798065708268383478e-19 4.253884370315047898e-21
8.500000000000000611e-03 7.009965407391661740e-01 1.672715392925937586e-02 4.614808458548331124e-19 6.598108888465246929e-20
9.000000000000001055e-03 6.981641338576493050e-01 1.665178146202838869e-02 1.141702040904028412e-18 3.770491759518463444e-19
9.500000000000001499e-03 6.963787772629697059e-01 1.658968275218941982e-02 3.022380568029793371e-18 9.672471274235084408e-19
1.000000000000000021e-02 6.953356885949404376e-01 1.653847013552683931e-02 6.786450185459457592e-18 1.651942920417036426e-18
1.050000000000000065e-02 6.947989711663553614e-01 1.651287208813266225e-02 1.197457282384533716e-17 2.037384713082529683e-18
1.100000000000000110e-02 6.946763846677365128e-01 1.642921861068132733e-02 1.619292301892716655e-17 1.759425831691448805e-18
1.150000000000000154e-02 6.947610855142271058e-01 1.640164005882736170e-02 1.607775908018776885e-17 1.100114837309336328e-18
1.200000000000000198e-02 6.950395682028790434e-01 1.632319086222430021e-02 1.044110067500655581e-17 1.660554100148366707e-18
1.250000000000000069e-02 6.954350048002682083e-01 1.623911254413836977e-02 4.835321530615149673e-18 6.509800729505898122e-18
1.300000000000000114e-02 6.958845369815223059e-01 1.615576210735616969e-02 1.314174323779233514e-17 2.038761833518838657e-17
1.350000000000000158e-02 6.964304866792709880e-01 1.602161935192554856e-02 5.490703190236309450e-17 4.832955435348497847e-17
1.400000000000000203e-02 6.969068503393195391e-01 1.596107031730936363e-02 1.444688170243883396e-16 9.590195588546875190e-17
1.450000000000000247e-02 6.974300403001437720e-01 1.585928129379060927e-02 2.807460494754174551e-16 1.684396689904189363e-16
1.499999999999999944e-02 6.979387811313217949e-01 1.575980605865965473e-02 4.306473090941854344e-16 2.655643028423370707e-16
1.550000000000000162e-02 6.984150666909932914e-01 1.567766740149277929e-02 5.423591286486586491e-16 3.953848619575581786e-16
1.600000000000000033e-02 6.989301074050224827e-01 1.554161621192019609e-02 5.883459256803032212e-16 5.451892941695783710e-16
1.650000000000000078e-02 6.993324144434762690e-01 1.549694977626524424e-02 4.599454291234265814e-16 7.177202823387754713e-16
1.700000000000000122e-02 6.997350025738382495e-01 1.543565152061670241e-02 2.508524406305769785e-16 9.304637570949663208e-16
1.750000000000000167e-02 7.001393433010181244e-01 1.535092998181891016e-02 3.339717043498017935e-17 1.178724717108115685e-15
1.800000000000000211e-02 7.005353913306107128e-01 1.525774922365837061e-02 5.234110918168810769e-17 1.385461797978991516e-15
1.850000000000000255e-02 7.008684221290575334e-01 1.521254506818478167e-02 6.045102343131880078e-16 1.604618376302601567e-15
1.900000000000000300e-02 7.011981562306797144e-01 1.515249709704536915e-02 2.128725692505269361e-15 1.925670215054302770e-15
1.950000000000000344e-02 7.014900745995927833e-01 1.512398005102644737e-02 4.971958544719848574e-15 2.182656851596495938e-15
2.000000000000000042e-02 7.017765536094248136e-01 1.508380944359568113e-02 9.089652078241867393e-15 2.386248191280227772e-15
