# time 1 2 D-1 D
0.000000000000000000e+00 9.999999797427655546e-01 7.912584967663717695e-09 8.510579099953362894e-36 6.216014127148256342e-35
5.000000000000000104e-04 9.999908714502931950e-01 7.339767501779630479e-06 1.400632787143790703e-20 4.245476970681183996e-22
1.000000000000000021e-03 9.998138564458818323e-01 1.549374087758201974e-04 3.097691024791267194e-19 8.529332260018939959e-22
1.500000000000000248e-03 9.987789726086517827e-01 1.049356014206294981e-03 2.284161582791199740e-18 9.505768886306992893e-21
2.000000000000000042e-03 9.950009592693693783e-01 4.423204670387213648e-03 1.607109407922499620e-17 2.270561858980444928e-19
2.500000000000000052e-03 9.843732847891002447e-01 1.417720274195675631e-02 1.626256520505341099e-16 2.604450979241042011e-18
3.000000000000000496e-03 9.597555242136814879e-01 3.730051422540212741e-02 1.734528780571457375e-15 2.720823945859769057e-17
3.500000000000000507e-03 9.126662787312045388e-01 8.226836701826388543e-02 1.605886988164799807e-14 2.858146379551188109e-16
4.000000000000000083e-03 8.401137565760584680e-01 1.521467625456273398e-01 1.190461954354439670e-13 2.707123815937285283e-15
4.500000000000000527e-03 7.511939620840576426e-01 2.355506454741472799e-01 7.068766515293734448e-13 2.142673327039896442e-14
5.000000000000000104e-03 6.619288138218888395e-01 2.921072976051768966e-01 3.458414057745362936e-12 1.407206043385519359e-13
5.500000000000000548e-03 5.838983307669993739e-01 2.187215251309077568e-01 1.435202604425742696e-11 7.495690799956899366e-13
6.000000000000000992e-03 5.207918856224623694e-01 1.236558256125027955e-01 5.161065165973203492e-11 3.243633382968093428e-12
6.500000000000000569e-03 4.715701868030698352e-01 8.419469523750433559e-02 1.645356594698971525e-10 1.030932702127145224e-11
7.000000000000001013e-03 4.336833938171434921e-01 6.648235555445182465e-02 4.709970680434823154e-10 2.136332448556475568e-11
7.499999999999999722e-03 4.045831263828821855e-01 5.687436521070571988e-02 1.212485034368921088e-09 1.710692587050312603e-11
8.000000000000000167e-03 3.821719513770999166e-01 5.119931673091487195e-02 2.736110648292144772e-09 1.719307068329766193e-12
8.500000000000000611e-03 3.648378298338965098e-01 4.747445442560598028e-02 5.345548088313195493e-09 1.417564320831899601e-10
9.000000000000001055e-03 3.513712148315304984e-01 4.486436928094636456e-02 9.398537739713077057e-09 6.186046073245550071e-10
9.500000000000001499e-03 3.408693252834980592e-01 4.307749058321200947e-02 1.534818243336616777e-08 1.504708682248419160e-09
1.000000000000000021e-02 3.326562367637334594e-01 4.167505145439276415e-02 2.353273012740611962e-08 2.875214214074366593e-09
1.050000000000000065e-02 3.262223520671160282e-01 4.054960169400170095e-02 3.439320307344590676e-08 4.500702514657623445e-09
1.100000000000000110e-02 3.211803551308515248e-01 3.966656383887968290e-02 4.777152997384721747e-08 6.496501052485141704e-09
1.150000000000000154e-02 3.172333746469004345e-01 3.894121736498144803e-02 6.346081444640456305e-08 8.763418351229237343e-09
1.200000000000000198e-02 3.141520414870790368e-01 3.831389197683299219e-02 8.125476420389702946e-08 1.096923531270944917e-08
1.250000000000000069e-02 3.117578456443531598e-01 3.781832696340579197e-02 1.004208896260511477e-07 1.313154160365351534e-08
1.300000000000000114e-02 3.099109455596677498e-01 3.731741666781263761e-02 1.204370639889487634e-07 1.494571244718940120e-08
1.350000000000000158e-02 3.085011661764432422e-01 3.691874621076332574e-02 1.405636790490168843e-07 1.627233750641496608e-08
1.400000000000000203e-02 3.074411639706220445e-01 3.656166938792934640e-02 1.599748577869046051e-07 1.705593132852727914e-08
1.450000000000000247e-02 3.066615406957964862e-01 3.624291390608441049e-02 1.777180367074333432e-07 1.740185182447607083e-08
1.499999999999999944e-02 3.061067835416955707e-01 3.597563675922819948e-02 1.932593499513123834e-07 1.706295541223122955e-08
1.550000000000000162e-02 3.057323991079250458e-01 3.571504791960188746e-02 2.057594920800163382e-07 1.615002655973657760e-08
1.600000000000000033e-02 3.055026020628957562e-01 3.548355094137987942e-02 2.147196457117709861e-07 1.470191429444030474e-08
1.650000000000000078e-02 3.053885082395724204e-01 3.529309899262247224e-02 2.192482063286689916e-07 1.309770969158042897e-08
1.700000000000000122e-02 3.053667778765957741e-01 3.509686278347660254e-02 2.193957148326954417e-07 1.109966030433259772e-08
1.750000000000000167e-02 3.054185104168940512e-01 3.496436157372288800e-02 2.148509642254121675e-07 9.013031749265940472e-09
1.800000000000000211e-02 3.055283484282925177e-01 3.482470836213803073e-02 2.060036659163482460e-07 6.916970761221191992e-09
1.850000000000000255e-02 3.056838200266970840e-01 3.470775051684574231e-02 1.931926592882929132e-07 4.923934165072809490e-09
1.900000000000000300e-02 3.058747815418541571e-01 3.459312396497622039e-02 1.774939991156036232e-07 3.151977487273541040e-09
1.950000000000000344e-02 3.060929746942714913e-01 3.451494127140176255e-02 1.592599695792676791e-07 1.699376074515649943e-09
2.000000000000000042e-02 3.063318812765939980e-01 3.443134471214337466e-02 1.399302859255969847e-07 6.799029990243355294e-10
