# time 1 2 D-1 D
0.000000000000000000e+00 9.999999401832702084e-01 2.540230697515612993e-08 8.741269866302235481e-36 2.754275099472778157e-35
1.250000000000000243e-03 9.961654357665041815e-01 2.692755388509532506e-03 1.531802731980734863e-27 1.406913553500797911e-26
2.500000000000000486e-03 9.824812511561162864e-01 1.294962161204112408e-02 1.534982286192673541e-24 2.307049870747489269e-23
3.750000000000000729e-03 9.549518723184265978e-01 3.445187442836927794e-02 3.801739937593096033e-23 5.464937466763473739e-22
5.000000000000000971e-03 9.089096397613396494e-01 7.043626516559828299e-02 2.956933644045391812e-20 1.834330904004876949e-21
6.250000000000000347e-03 8.400575499041486038e-01 1.225162008505242539e-01 1.616548465643693020e-18 6.802260412014763736e-19
7.500000000000001457e-03 7.466254504579572515e-01 1.853155342090137547e-01 4.098016488908980858e-17 1.974782310978801409e-17
8.750000000000000833e-03 6.321391625912460288e-01 2.462094782218943179e-01 6.452416561299793555e-16 2.640566252886792224e-16
1.000000000000000194e-02 5.067198778296350126e-01 2.856029399521826662e-01 7.083171769705051965e-15 2.262044617017630419e-15
1.125000000000000132e-02 3.845238879945851451e-01 2.891020728852883304e-01 5.945306146304301151e-14 1.424772549807129041e-14
1.250000000000000069e-02 2.780953268835373859e-01 2.313232685457881355e-01 4.171589044389170651e-13 7.068441430002838513e-14
1.375000000000000180e-02 1.939339821916034323e-01 1.253380603931962267e-01 2.489015295319001416e-12 2.848055854038604642e-13
1.500000000000000291e-02 1.321846291929877348e-01 7.294325677535436203e-02 1.304195312620328280e-11 9.313518784096115619e-13
1.625000000000000056e-02 8.918494976974189470e-02 4.880214162514674714e-02 6.033812299326182944e-11 2.375382832271741874e-12
1.750000000000000167e-02 6.018728754403814690e-02 3.422473145623308038e-02 2.521205343115108571e-10 4.206145605209126781e-12
1.875000000000000278e-02 4.094151537368609373e-02 2.423609304488134886e-02 9.540770266939037262e-10 3.497952056760462354e-12
2.000000000000000389e-02 2.821817192472908520e-02 1.756760771569196300e-02 3.348161956734333738e-09 7.605756790385425353e-14
2.125000000000000500e-02 1.976879176390962389e-02 1.280747608124730569e-02 1.100945929898420601e-08 4.105411214099232652e-11
2.250000000000000264e-02 1.410068635514379748e-02 9.395141750640568015e-03 3.558653787380339140e-08 3.665321539692450267e-10
2.375000000000000375e-02 1.024634283576870628e-02 7.056435198588895986e-03 1.186373294172211075e-07 1.719328249090902613e-09
2.500000000000000139e-02 7.584322290958492654e-03 5.389310195511367967e-03 4.263106278399997764e-07 5.861445078646479672e-09
2.625000000000000250e-02 5.715305962842753829e-03 4.167128123420658220e-03 1.493923923491399669e-06 1.634589656363548894e-08
2.750000000000000361e-02 4.381043440891127690e-03 3.264977708488476724e-03 3.593511250406004415e-06 3.962985797782337305e-08
2.875000000000000472e-02 3.412804547249138117e-03 2.600839325222630699e-03 6.409523463290549545e-06 8.666680857924589910e-08
3.000000000000000583e-02 2.698964409865248389e-03 2.104091900064195258e-03 1.022109673418657136e-05 1.751929391959512417e-07
3.125000000000000000e-02 2.164659142161988112e-03 1.724708116047202157e-03 1.538629422649272286e-05 3.329707858254050580e-07
3.250000000000000111e-02 1.758961248295176378e-03 1.429216591655646648e-03 2.222043896365522730e-05 6.030922078085296829e-07
3.375000000000000222e-02 1.446725603943176119e-03 1.199491233948603124e-03 3.099923942224389094e-05 1.046880776456918395e-06
3.500000000000000333e-02 1.203353075074269389e-03 1.014307779474284046e-03 4.196813030992753695e-05 1.778039732851652121e-06
3.625000000000000444e-02 1.011388791785616890e-03 8.696332712078925966e-04 5.532693425673366713e-05 2.937706255440719481e-06
3.750000000000000555e-02 8.582814745745473211e-04 7.505247456796107497e-04 7.123443120536502356e-05 4.693054384681089585e-06
3.875000000000000666e-02 7.348900420687416984e-04 6.531619949909368405e-04 8.952163877655474841e-05 7.533120224118742602e-06
4.000000000000000777e-02 6.344769174248528036e-04 5.724495272982022204e-04 1.101439437027793114e-04 1.179365375757373366e-05
4.125000000000000888e-02 5.520183762699941519e-04 5.043789382939223645e-04 1.326359629843926462e-04 1.820880254497882276e-05
4.250000000000000999e-02 4.837267546368215882e-04 4.482790429099609529e-04 1.562624273176552213e-04 2.775463927310137951e-05
4.375000000000000416e-02 4.267173756108698954e-04 4.014455137369586841e-04 1.793161715119072450e-04 4.234953242236982060e-05
4.500000000000000527e-02 3.787717526468776792e-04 3.608452135880819457e-04 2.014275180926387312e-04 6.254369217103401791e-05
4.625000000000000638e-02 3.381669697730650616e-04 3.262867733406884835e-04 2.197001383359262108e-04 9.138291474837973187e-05
4.750000000000000749e-02 3.035537942887251502e-04 2.962714729407260475e-04 2.329846669235560578e-04 1.301352992682113679e-04
4.875000000000000860e-02 2.738671716002409194e-04 2.704942984662276739e-04 2.400424605108955199e-04 1.801283279700089735e-04
5.000000000000000278e-02 2.482595101296720887e-04 2.475037152410474242e-04 2.417958201077338373e-04 2.404990345249202516e-04
