# time 1 2 D-1 D
0.000000000000000000e+00 9.999999401832702084e-01 2.540230697515612993e-08 8.741269866302235481e-36 2.754275099472778157e-35
1.250000000000000243e-03 9.999940117951685581e-01 5.310757045197666121e-06 4.281050768306499324e-30 4.213696412480114476e-29
2.500000000000000486e-03 9.998829591810928230e-01 1.076989038837871651e-04 4.371091304229294275e-26 5.608149745993068709e-26
3.750000000000000729e-03 9.992607544482653426e-01 6.932771517160808434e-04 3.056701553277987448e-25 2.659109768439425924e-26
5.000000000000000971e-03 9.971192864468648720e-01 2.713919501453287281e-03 6.207396966042518020e-25 2.433590136082450536e-24
6.250000000000000347e-03 9.915425014068113274e-01 7.908273931288962999e-03 1.824975862613587970e-25 2.662904794568745152e-23
7.500000000000001457e-03 9.796794565008353217e-01 1.854382422265347594e-02 1.872867633040318227e-23 1.448177027076106535e-22
8.750000000000000833e-03 9.584340530946054981e-01 3.625999591263426303e-02 6.293436911364175130e-22 4.441691362281254802e-22
1.000000000000000194e-02 9.259653675031646047e-01 6.038916357428113918e-02 8.556022509869439007e-21 5.666402038468034671e-22
1.125000000000000132e-02 8.831297334147756306e-01 8.704583079137989676e-02 8.365385964701955117e-20 8.217639600459739407e-23
1.250000000000000069e-02 8.335290430463775380e-01 1.027066440447027551e-01 6.673944069792390195e-19 2.038772181735221845e-20
1.375000000000000180e-02 7.819930608772868164e-01 8.557322067178139979e-02 4.354188924062551638e-18 2.584421260051110141e-19
1.500000000000000291e-02 7.327766085189630907e-01 7.469532430795115807e-02 2.414878490162842739e-17 1.711417348418956233e-18
1.625000000000000056e-02 6.886135454055989369e-01 7.255432412266864250e-02 1.144258496076289431e-16 8.045389081917067777e-18
1.750000000000000167e-02 6.507030807458115129e-01 7.231492072368704560e-02 4.708127342088201918e-16 3.022453134782574590e-17
1.875000000000000278e-02 6.191446495931436367e-01 7.159118471514078208e-02 1.667430635409103900e-15 9.772927165208990549e-17
2.000000000000000389e-02 5.934165958733775836e-01 7.100414618336518824e-02 5.044744217090808813e-15 2.899590270644366731e-16
2.125000000000000500e-02 5.727317292092649614e-01 6.959582245843799753e-02 1.294418749730739356e-14 8.348848453257487563e-16
2.250000000000000264e-02 5.562526539660298530e-01 6.747431407770498879e-02 2.698040421661780501e-14 2.391967754275154077e-15
2.375000000000000375e-02 5.432014721050127948e-01 6.551198789163595326e-02 3.780611006840039213e-14 6.749257174532459555e-15
2.500000000000000139e-02 5.329048218752520105e-01 6.343759689434101678e-02 1.192282435408933734e-14 1.805327408280630645e-14
2.625000000000000250e-02 5.248030946745722014e-01 6.114626409695327752e-02 1.083490652953041332e-13 4.428801583643107072e-14
2.750000000000000361e-02 5.184425743211574789e-01 5.872538864123930114e-02 1.047941337797678029e-12 9.791704227433915627e-14
2.875000000000000472e-02 5.134611830905712049e-01 5.636620794168122062e-02 2.466223781884992718e-12 1.945120196225732849e-13
3.000000000000000583e-02 5.095729850929918703e-01 5.405271364894318614e-02 3.751932653973546313e-12 3.483377855653168307e-13
3.125000000000000000e-02 5.065535462341870243e-01 5.175498847496485394e-02 4.594693377125640526e-12 5.666482235652427057e-13
3.250000000000000111e-02 5.042275287257116378e-01 4.945077723553775728e-02 4.837042332267817157e-12 8.444581971356881992e-13
3.375000000000000222e-02 5.024583508843349922e-01 4.721218801167257478e-02 4.479624806017311022e-12 1.157763144274430190e-12
3.500000000000000333e-02 5.011397667317393223e-01 4.495359938547279638e-02 3.588285920103773280e-12 1.474357848273446023e-12
3.625000000000000444e-02 5.001891484097484852e-01 4.282717112913533158e-02 2.399922212969760839e-12 1.738061131654602002e-12
3.750000000000000555e-02 4.995420769294242058e-01 4.070968656536122499e-02 1.227412769627926912e-12 1.888862746217713078e-12
3.875000000000000666e-02 4.991480706887847507e-01 3.865754430428579996e-02 3.819567120556400701e-13 1.891518266468568028e-12
4.000000000000000777e-02 4.989671757369813498e-01 3.666667844335026044e-02 1.858821119007407600e-13 1.701853746409368507e-12
4.125000000000000888e-02 4.989672936639586442e-01 3.472698054709723314e-02 8.725743725975765824e-13 1.331219155549247536e-12
4.250000000000000999e-02 4.991221609901599354e-01 3.290512224675339742e-02 2.574817401974492887e-12 8.414454816503626167e-13
4.375000000000000416e-02 4.994097674255643660e-01 3.119233718292970317e-02 5.295359267886414906e-12 3.639215105291459551e-13
4.500000000000000527e-02 4.998111607451606320e-01 2.954170922270066627e-02 8.855561954094242924e-12 1.539077967545640760e-13
4.625000000000000638e-02 5.003097009531461969e-01 2.799303339668185800e-02 1.293937590494097861e-11 5.481851260443851175e-13
4.750000000000000749e-02 5.008906574159993630e-01 2.652624727882045216e-02 1.707747441472404760e-11 1.977768697350689960e-12
4.875000000000000860e-02 5.015407347698715990e-01 2.516293662607255177e-02 2.076728630224676829e-11 4.855670834817439266e-12
5.000000000000000278e-02 5.022502620734681233e-01 2.386278428306842087e-02 2.367805667169848578e-11 9.387789194060374146e-12
