# time 1 2 D-1 D
0.000000000000000000e+00 9.999999471910827609e-01 2.515566777253520853e-08 1.716462820377954280e-37 7.580331441620987910e-37
2.500000000000000052e-04 9.999953787293378582e-01 9.730951167878502159e-08 9.276155708748159054e-30 4.280631528738773308e-32
5.000000000000000104e-04 9.999338005038003185e-01 2.106179512502014465e-06 1.048826784367065985e-25 2.681010918993318636e-27
7.500000000000001240e-04 9.996855351770128628e-01 1.571664406765444760e-05 3.041791877982642397e-23 1.027708889293908980e-24
1.000000000000000021e-03 9.990381923204280090e-01 7.502657066034617640e-05 2.450881504775205404e-22 2.649375803953994836e-23
1.250000000000000026e-03 9.976383044933753164e-01 2.823005824266937107e-04 3.180734078732134914e-21 3.614766136417584297e-22
1.500000000000000248e-03 9.948267760956902572e-01 9.218716126254259714e-04 2.136889953956758755e-20 2.721448450737084734e-21
1.750000000000000253e-03 9.892521911749789787e-01 2.754784236118121288e-03 1.169920384450897425e-19 1.531117732459138425e-20
2.000000000000000042e-03 9.779841629394653291e-01 7.767584019180787287e-03 5.483361979311062633e-19 7.148858301029194654e-20
2.250000000000000264e-03 9.545664615552846843e-01 2.094493822165788971e-02 1.965603302545542755e-18 2.916085165527780978e-19
2.500000000000000052e-03 9.057121057948810394e-01 5.341984764642008360e-02 7.616480743215625994e-18 1.094914534347612113e-18
2.750000000000000274e-03 8.115319279499322302e-01 1.222618651601170697e-01 3.573260923780841294e-17 3.928989188964411871e-18
3.000000000000000496e-03 6.670475806287738951e-01 2.294437569667732713e-01 1.921608074174597116e-16 1.363782372380231174e-17
3.250000000000000284e-03 5.086692711085378793e-01 3.336065523067198169e-01 1.033869911162994353e-15 4.383826437151754181e-17
3.500000000000000507e-03 3.767203035928626820e-01 3.159553818864939134e-01 4.827101273731632017e-15 1.239183024381450811e-16
3.749999999999999861e-03 2.793926987102083870e-01 1.744819542612274510e-01 1.616176410976407083e-14 3.006590995207486619e-16
4.000000000000000083e-03 2.096318640055019611e-01 1.407340719081120184e-01 4.299776336699850117e-14 6.187566240535982833e-16
4.250000000000000305e-03 1.598765702346076067e-01 1.327472211209021480e-01 9.909528025372835661e-14 1.073458663413420797e-15
4.500000000000000527e-03 1.244208565044959414e-01 1.278159615840042118e-01 2.031822897435466237e-13 1.563542145873611752e-15
4.750000000000000749e-03 9.902756612291328808e-02 1.202535959976433894e-01 3.770412022209280571e-13 1.892115793635162990e-15
5.000000000000000104e-03 8.061879320728326803e-02 1.069466339339716771e-01 6.418172035773382317e-13 1.870769431620954475e-15
5.250000000000000326e-03 6.704113955954156545e-02 8.869299469051621088e-02 1.012339185810228580e-12 1.352293819139880730e-15
5.500000000000000548e-03 5.682763416842524090e-02 7.050863854349544158e-02 1.492774696072996793e-12 5.329941622244417636e-16
5.750000000000000770e-03 4.898853156978572043e-02 5.638815619205526236e-02 2.078618938316111897e-12 1.693988497088572309e-18
6.000000000000000992e-03 4.285386580289941849e-02 4.665211059812867517e-02 2.756452073197695038e-12 7.886339521852683974e-16
6.250000000000000347e-03 3.796507607924565902e-02 3.997514568995625545e-02 3.499097890668297935e-12 4.240568044729070213e-15
6.500000000000000569e-03 3.400353375348027368e-02 3.532861763883651113e-02 4.276546724341761855e-12 1.177876933989931336e-14
6.750000000000000791e-03 3.074414328992754533e-02 3.224238843829446699e-02 5.060883261447138429e-12 2.461452686681104499e-14
7.000000000000001013e-03 2.802518158910561122e-02 2.983636932023243232e-02 5.828089313603140733e-12 4.428740047414145909e-14
7.250000000000001235e-03 2.572854179064083466e-02 2.813523538863317228e-02 6.540895794916617411e-12 7.097922953145151268e-14
7.499999999999999722e-03 2.376661904164825007e-02 2.690253743551388951e-02 7.188445537987053052e-12 1.047767161325546273e-13
7.750000000000000812e-03 2.207347839310321372e-02 2.615887932112608352e-02 7.763038071683189222e-12 1.460059991784220559e-13
8.000000000000000167e-03 2.059881222870850806e-02 2.536440409630855847e-02 8.256015799975068050e-12 1.937444810670085819e-13
8.250000000000000389e-03 1.930374076348160758e-02 2.486644075388145733e-02 8.658112625086395997e-12 2.466084177895698424e-13
8.500000000000000611e-03 1.815785075882062061e-02 2.445719142111816430e-02 8.976539048951414373e-12 3.052904923432463217e-13
8.750000000000000833e-03 1.713708071547217701e-02 2.429536747618199488e-02 9.211652317466061157e-12 3.670726533221909287e-13
9.000000000000001055e-03 1.622218726592716126e-02 2.407117827944070185e-02 9.383172725296945976e-12 4.317636463123672922e-13
9.250000000000001277e-03 1.539762306578957261e-02 2.384590076651665544e-02 9.485103164760509577e-12 4.987939532722444075e-13
9.500000000000001499e-03 1.465070623570468092e-02 2.379171111046567491e-02 9.524179146058612244e-12 5.666489021514384959e-13
9.750000000000001721e-03 1.397099882076331505e-02 2.365107273366300403e-02 9.518146687668996771e-12 6.337844700437940910e-13
1.000000000000000021e-02 1.334986001133814208e-02 2.352214321563714933e-02 9.469408402175077905e-12 7.016648491603146762e-13
