# time 1 2 D-1 D
0.000000000000000000e+00 9.999999471910827609e-01 2.515566777253520853e-08 1.716462820377954280e-37 7.580331441620987910e-37
2.500000000000000486e-03 9.999974943369625002e-01 4.660986242630450324e-08 4.440556618236635536e-30 1.823763419828669930e-32
5.000000000000000971e-03 9.999636258727998550e-01 1.014105433259827644e-06 1.039634311862866382e-25 2.480448498048750121e-27
7.500000000000001457e-03 9.998211502370788484e-01 7.928103544580860994e-06 2.936815401844328120e-23 1.009502145845932793e-24
1.000000000000000194e-02 9.994277444607312377e-01 4.013304601382968579e-05 3.210790587556427446e-22 3.381994434748001140e-23
1.250000000000000069e-02 9.985195088508637129e-01 1.614878421769859798e-04 3.530047149884115975e-21 3.981143825086955469e-22
1.500000000000000291e-02 9.965698147203209123e-01 5.675533741012840682e-04 2.190979979058419573e-20 2.862486172634008259e-21
1.750000000000000167e-02 9.924525689716900967e-01 1.831895583802682680e-03 1.131430028610126987e-19 1.553033758977866210e-20
2.000000000000000389e-02 9.836329695215149105e-01 5.578716143628950803e-03 5.071118314461108729e-19 7.101411097378255947e-20
2.250000000000000264e-02 9.642958407590218606e-01 1.617477262172751368e-02 1.780680508773516059e-18 2.899173551294054668e-19
2.500000000000000139e-02 9.219364140821323383e-01 4.396939851732818705e-02 7.110371201570159730e-18 1.132877575970681099e-18
2.750000000000000361e-02 8.367393383439737375e-01 1.059217284041687052e-01 3.619281621335919887e-17 4.420574907483024039e-18
3.000000000000000583e-02 7.014375168576347797e-01 2.063096242154622839e-01 2.138620214330429399e-16 1.713535990284308974e-17
3.250000000000000111e-02 5.489177157352017611e-01 3.082295008547190074e-01 1.241419776437956766e-15 6.169351970780156213e-17
3.500000000000000333e-02 4.186426576273661326e-01 3.025007633582991184e-01 6.140513275062414935e-15 1.939701815042557776e-16
3.750000000000000555e-02 3.200790045714168031e-01 1.766469094212684832e-01 2.160276228717710897e-14 5.208548639221759775e-16
4.000000000000000777e-02 2.475311022136162664e-01 1.486029664407366169e-01 6.002906513947456688e-14 1.192041177116924139e-15
4.250000000000000999e-02 1.944231330473997210e-01 1.444973643198153856e-01 1.436274855417725617e-13 2.338197352379909036e-15
4.500000000000000527e-02 1.556618975947717254e-01 1.424478440470886842e-01 3.041080816299454081e-13 3.974588154198925259e-15
4.750000000000000749e-02 1.273053889573468322e-01 1.365461744514855635e-01 5.803974501414019142e-13 5.925691234136454506e-15
5.000000000000000278e-02 1.063627347007394114e-01 1.232642813146480193e-01 1.012588401618025575e-12 7.813471378523781004e-15
5.250000000000000500e-02 9.066428671545838369e-02 1.034646408004369633e-01 1.632832819029626459e-12 9.152951532312466345e-15
5.500000000000000722e-02 7.868893351590536267e-02 8.308513040804084426e-02 2.459156438733756199e-12 9.512290126801113586e-15
5.750000000000000944e-02 6.938639989931782992e-02 6.703436344736621311e-02 3.494625268923846384e-12 8.715546272176587216e-15
6.000000000000001166e-02 6.203184343758899599e-02 5.589754740398339417e-02 4.727875450651664886e-12 6.811539094645554153e-15
6.250000000000000000e-02 5.612078906100400472e-02 4.823857057731469056e-02 6.118657429558293704e-12 4.240196506300144132e-15
6.500000000000000222e-02 5.129743771458766116e-02 4.290459806169873852e-02 7.629893120727787530e-12 1.727857151772120170e-15
6.750000000000000444e-02 4.730696700893353979e-02 3.936852338185596600e-02 9.208697848242872187e-12 1.605944127281142489e-16
7.000000000000000666e-02 4.396393788068467257e-02 3.661416883764354729e-02 1.082047145441475044e-11 4.374842594137707715e-16
7.250000000000000888e-02 4.113125638364133890e-02 3.467519146926177631e-02 1.239966934657374868e-11 3.358863584121821166e-15
7.500000000000001110e-02 3.870604296757657742e-02 3.328032727062277957e-02 1.391514496670159168e-11 9.495598377404830058e-15
7.750000000000001332e-02 3.660998928273860586e-02 3.245806929965859566e-02 1.534883853947771394e-11 1.928473343902896968e-14
8.000000000000001554e-02 3.478269493903717036e-02 3.157079849510163738e-02 1.668309452241444943e-11 3.293938141455857371e-14
8.250000000000001776e-02 3.317699629779338744e-02 3.103352790586652588e-02 1.788239653860057172e-11 5.019185875898789628e-14
8.500000000000001998e-02 3.175564609525389353e-02 3.060046289190065244e-02 1.896105014588370891e-11 7.086954461479165178e-14
8.750000000000000833e-02 3.048891891728693071e-02 3.046426478301048762e-02 1.990905934129378230e-11 9.502764115274474081e-14
9.000000000000001055e-02 2.935286651724952275e-02 3.025301238213322363e-02 2.074278325588639824e-11 1.216106442064095670e-13
9.250000000000001277e-02 2.832802355948778328e-02 3.004050283904556584e-02 2.145882177706183356e-11 1.504770812815014877e-13
9.500000000000001499e-02 2.739844169218621714e-02 3.003751223444023344e-02 2.205919846937991790e-11 1.816383154552283318e-13
9.750000000000001721e-02 2.655096018421685203e-02 2.992980104617757112e-02 2.255833892636070642e-11 2.141766900778687047e-13
1.000000000000000056e-01 2.577482468687634226e-02 2.983721780794260786e-02 2.297417354603437302e-11 2.474386582315349727e-13
