# time 1 2 D-1 D
0.000000000000000000e+00 9.999999533854143641e-01 2.239140078572356458e-08 4.068140288243714973e-35 8.815346673390677230e-38
2.500000000000000486e-03 9.985178180531367742e-01 7.942881953716383913e-06 6.849599487596347362e-28 4.294325676897559371e-33
5.000000000000000971e-03 9.936242157702492861e-01 1.808953710704905326e-04 1.540880503871610192e-23 1.159730069082663324e-27
7.500000000000001457e-03 9.841060559267117425e-01 1.289014765195243108e-03 5.926076587611256579e-21 1.701805509473008804e-24
1.000000000000000194e-02 9.672309362053741477e-01 5.723006529544232349e-03 4.178502829649878570e-19 2.486556891046410196e-22
1.250000000000000069e-02 9.373610078065398588e-01 1.887286620166542944e-02 1.128594673028343941e-17 8.281368079966257967e-21
1.500000000000000291e-02 8.859214119263632004e-01 4.853619445072206856e-02 1.617779468362990636e-16 6.332381070127241779e-20
1.750000000000000167e-02 8.074344553233251398e-01 9.665416741780828713e-02 1.461527173135002483e-15 2.018150569994202374e-20
2.000000000000000389e-02 7.097849573110249777e-01 1.496472739628771642e-01 9.334141338912047617e-15 2.114439720497664045e-17
2.250000000000000264e-02 6.118111122856315642e-01 9.834063676988259728e-02 4.540354433378425274e-14 5.530931719969225955e-16
2.500000000000000139e-02 5.282587478040996487e-01 5.726044694698004256e-02 1.846241447960617397e-13 5.806091770538817360e-15
2.750000000000000361e-02 4.635425071253516660e-01 4.915276984258101778e-02 6.580612375928459069e-13 3.457115107343457486e-14
3.000000000000000583e-02 4.157444395695688022e-01 4.725144548143834361e-02 1.636068369419574011e-12 1.379754559446473029e-13
3.250000000000000111e-02 3.811186276394612493e-01 4.680795599729169892e-02 3.041041722491859864e-12 4.117279475247338415e-13
3.500000000000000333e-02 3.561525238409309346e-01 4.676871257505213486e-02 4.946943248535501949e-12 9.879897189773855617e-13
3.750000000000000555e-02 3.381075049059247273e-01 4.663769534920370746e-02 7.262008866288204702e-12 2.002393911623046530e-12
4.000000000000000777e-02 3.249921659048771727e-01 4.647209386930391956e-02 9.897207532598370214e-12 3.549922093708712137e-12
4.250000000000000999e-02 3.153968654730091581e-01 4.613819579568390755e-02 1.288575200409988561e-11 5.654434327811230910e-12
4.500000000000000527e-02 3.083315120342923765e-01 4.571322714473220750e-02 1.646653106144484340e-11 8.267175326621162168e-12
4.750000000000000749e-02 3.030997267520860183e-01 4.518209465594167501e-02 2.051836718176853050e-11 1.129052329431678182e-11
5.000000000000000278e-02 2.992087092177205809e-01 4.461064812477895380e-02 2.394868568529509651e-11 1.461008607381769128e-11
5.250000000000000500e-02 2.963063517105901101e-01 4.393369507729858597e-02 2.550750776340500642e-11 1.811824198594372398e-11
5.500000000000000722e-02 2.941390260445817528e-01 4.325380088019082497e-02 2.573916992555434796e-11 2.172891274844118109e-11
5.750000000000000944e-02 2.925221035097200217e-01 4.258252761074042547e-02 2.536171107956667352e-11 2.538127099665783240e-11
6.000000000000001166e-02 2.913199045094327366e-01 4.194577294946134211e-02 2.461999776026369745e-11 2.903385336507268665e-11
6.250000000000000000e-02 2.904315247513667986e-01 4.134644433792142304e-02 2.361151932332661398e-11 3.265883642913053585e-11
6.500000000000000222e-02 2.897817838334568186e-01 4.079346305274539342e-02 2.236360175059438496e-11 3.623928468610850947e-11
6.750000000000000444e-02 2.893138633202090304e-01 4.025075053038151135e-02 2.088887335722465600e-11 3.977932370933805920e-11
7.000000000000000666e-02 2.889846085619325322e-01 3.976198256827755823e-02 1.921107149321009330e-11 4.327403794261305992e-11
7.250000000000000888e-02 2.887612269521402375e-01 3.935822072685259826e-02 1.742458951513511702e-11 4.665365382699773187e-11
7.500000000000001110e-02 2.886181966408376542e-01 3.897145234551064458e-02 1.554393714859232447e-11 4.992704750687034322e-11
7.750000000000001332e-02 2.885360555876101962e-01 3.863742082135410150e-02 1.356765035094637262e-11 5.312050820432728791e-11
8.000000000000001554e-02 2.884997155151485804e-01 3.834890714281271457e-02 1.158815721084890486e-11 5.616381643360650251e-11
8.250000000000001776e-02 2.884972420567140650e-01 3.806532229369281178e-02 9.666292834967601119e-12 5.901213684939740782e-11
8.500000000000001998e-02 2.885194501874063788e-01 3.784209670725816044e-02 7.907608811835226878e-12 6.157742548294115672e-11
8.750000000000000833e-02 2.885592599386087587e-01 3.767703122852276293e-02 6.196115742688387823e-12 6.399113126246018558e-11
9.000000000000001055e-02 2.886111509257043295e-01 3.749537832208679755e-02 4.775653678344777764e-12 6.602466545076639437e-11
9.250000000000001277e-02 2.886706091374720007e-01 3.736787860928236088e-02 3.559090711384147027e-12 6.777246567675777640e-11
9.500000000000001499e-02 2.887342681106317421e-01 3.726375192636590533e-02 2.555224223091524394e-12 6.923868654883246457e-11
9.750000000000001721e-02 2.887994577871578206e-01 3.717158228835262812e-02 1.772129241583695775e-12 7.042775936191465463e-11
1.000000000000000056e-01 2.888790232978296624e-01 3.710017070587578319e-02 1.216114417361916495e-12 7.130792415208211955e-11
