# time 1 2 D-1 D
0.000000000000000000e+00 9.999999544988528166e-01 1.028393290810785869e-08 3.253919891644753042e-35 1.150024349934719800e-36
2.500000000000000486e-03 9.999899032286845291e-01 7.949330506326607250e-08 1.157327912149794476e-34 6.550120845720645505e-36
5.000000000000000971e-03 9.998360466276446923e-01 1.510864142445007560e-06 3.679339530259568921e-32 9.144668906106194374e-34
7.500000000000001457e-03 9.991798388078454440e-01 9.843245533456671827e-06 1.160245259953054508e-28 2.401340833566426402e-30
1.000000000000000194e-02 9.974490436959470019e-01 4.336258583546928342e-05 3.105556228895008246e-27 1.736341202834394334e-29
1.250000000000000069e-02 9.938690958040327095e-01 1.511552328532791512e-04 3.015538481893959851e-26 5.157773584622324107e-29
1.500000000000000291e-02 9.874547417361732027e-01 4.619356202975180093e-04 5.664701163569451618e-25 5.954010016539487861e-28
1.750000000000000167e-02 9.769741161579593713e-01 1.275709305709022637e-03 2.196319245550681515e-24 2.418149914960796087e-27
2.000000000000000389e-02 9.608681537999154143e-01 3.247363468402892066e-03 6.292457143840127574e-24 3.785884868355851517e-27
2.250000000000000264e-02 9.371013866134514370e-01 7.670777032173781151e-03 1.265835814633517212e-23 3.172993514317997017e-28
2.500000000000000139e-02 9.029962456017244232e-01 1.657451387339775942e-02 7.186041076920548896e-24 7.101981786360533409e-26
2.750000000000000361e-02 8.554368380528235560e-01 3.216546995275551546e-02 8.282490299967005959e-23 1.128516346954642852e-24
3.000000000000000583e-02 7.923618539277810235e-01 5.184344142702336511e-02 2.837174301349131875e-21 1.106416847508147597e-23
3.250000000000000111e-02 7.158407348517867863e-01 4.645385274983885454e-02 1.957700978662422339e-20 9.699846398912786334e-23
3.500000000000000333e-02 6.336738051309193098e-01 1.432198213736345614e-02 1.283397123486060062e-20 7.903590655773255807e-22
3.750000000000000555e-02 5.557083596251231050e-01 4.761962282999071018e-03 2.870851145638613237e-21 5.758891996344588922e-21
4.000000000000000777e-02 4.883098026125955449e-01 2.396205767933687336e-03 3.134444631511200722e-21 3.534824707063595045e-20
4.250000000000000999e-02 4.329979359650461546e-01 1.489782592197718206e-03 1.829970978547043942e-21 1.757205338212898802e-19
4.500000000000000527e-02 3.884171526587294476e-01 8.561079484919428047e-04 2.930855231400267648e-20 6.668079430348392244e-19
4.750000000000000749e-02 3.521628847926338568e-01 3.527163006528587718e-04 1.677662066252695810e-20 2.392781240076756506e-18
5.000000000000000278e-02 3.219582166499253550e-01 2.861756238113511366e-05 1.059222058619249170e-21 6.812245243250577456e-18
5.250000000000000500e-02 2.957056297600804684e-01 2.891722460352684140e-04 9.832642764365644151e-22 1.838296611589279394e-17
5.500000000000000722e-02 2.704362869889139764e-01 2.914511117319474286e-03 8.873692152406740198e-19 4.422910915965006299e-17
5.750000000000000944e-02 2.416347522530505332e-01 1.162985843794247034e-02 2.392896883618466376e-18 8.360932130840345588e-17
6.000000000000001166e-02 2.018246115268105267e-01 3.340780936005080526e-02 9.732481700424240245e-18 1.598881665294743683e-16
6.250000000000000000e-02 1.551689663188868806e-01 6.376695422732013563e-02 2.803389322504598202e-17 2.522365056933193190e-16
6.500000000000000222e-02 1.138359891997138690e-01 9.032614743366230992e-02 5.394913050052385323e-17 3.755526735176074646e-16
6.750000000000000444e-02 8.710280986702256811e-02 1.036433139384348862e-01 1.185462848664241076e-16 5.350120596084043331e-16
7.000000000000000666e-02 6.951976645185779791e-02 1.090152838323244222e-01 1.944455738713019014e-16 6.682600719092026649e-16
7.250000000000000888e-02 5.792403815677384105e-02 1.094482321232789906e-01 3.088397438715362519e-16 8.506189704106343392e-16
7.500000000000001110e-02 4.987591687662773499e-02 1.072035154587327455e-01 5.017680776460506128e-16 9.936470136824003687e-16
7.750000000000001332e-02 4.408145200535373842e-02 1.033986095611077460e-01 6.858382136992167281e-16 1.115695051086497207e-15
8.000000000000001554e-02 3.951765819528314100e-02 9.883831390315088450e-02 9.963353304196558451e-16 1.269905641515812161e-15
8.250000000000001776e-02 3.593145173301748319e-02 9.351673112155489687e-02 1.073239033260318772e-15 1.322973290117643890e-15
8.500000000000001998e-02 3.296822205671672695e-02 8.753620247601387461e-02 1.033334214454395597e-15 1.408474710098981068e-15
8.750000000000000833e-02 3.047476873751645346e-02 8.049149623972758072e-02 1.209991598597606542e-15 1.434926896901395971e-15
9.000000000000001055e-02 2.833102349081780685e-02 7.224322075236755403e-02 1.430500021113481772e-15 1.357815120853703432e-15
9.250000000000001277e-02 2.646082286504871511e-02 6.154523644781174918e-02 1.816746644664496669e-15 1.265824960233929426e-15
9.500000000000001499e-02 2.480872430550034452e-02 4.822667637665228185e-02 2.451046003344931748e-15 9.469537489919993038e-16
9.750000000000001721e-02 2.333418176413021641e-02 3.179331850724825825e-02 3.153870049557977274e-15 4.948184399629842865e-16
1.000000000000000056e-01 2.200667625462523341e-02 1.546613202631207454e-02 4.018517813819502854e-15 7.850159407570480682e-17
