# time 1 2 D-1 D
0.000000000000000000e+00 9.999999672444361831e-01 1.665924980531206195e-08 2.148803673303142099e-35 1.807704600053284501e-34
1.250000000000000243e-03 9.999998627845745336e-01 1.879177931514125118e-08 5.230503903192702534e-24 7.521974057375831170e-25
2.500000000000000486e-03 9.999977366426886505e-01 4.980447528492826247e-07 8.459477474220722367e-23 5.921001629967747269e-25
3.750000000000000729e-03 9.999865153230558246e-01 3.525852548164208152e-06 3.353700831817938250e-23 8.096429353164797238e-25
5.000000000000000971e-03 9.999489074126403088e-01 1.517600225172542428e-05 3.941272352820246040e-23 5.187250262401801079e-23
6.250000000000000347e-03 9.998488590383654007e-01 4.988486060062826902e-05 2.268196138903980011e-21 1.161261155309562929e-23
7.500000000000001457e-03 9.996175222513555836e-01 1.406131423908079292e-04 1.091082986852328614e-19 1.779460576591643444e-21
8.750000000000000833e-03 9.991322408598950489e-01 3.522010273928387141e-04 1.714142555716393556e-18 4.611873172277469181e-20
1.000000000000000194e-02 9.981892313423452734e-01 8.079163166823089513e-04 1.780919007445077346e-17 5.046962417716979282e-19
1.125000000000000132e-02 9.964760648595502035e-01 1.704514590371269305e-03 1.243836718089602295e-16 3.831068805115316185e-18
1.250000000000000069e-02 9.935591395708760487e-01 3.333200474310842910e-03 6.612567325948456512e-16 2.153718865889340499e-17
1.375000000000000180e-02 9.889096803555184056e-01 6.081507749297106885e-03 2.755470596184753192e-15 9.651971953292843937e-17
1.500000000000000291e-02 9.819874015131695444e-01 1.032277937606500447e-02 9.351770945568677137e-15 3.572915433747119493e-16
1.625000000000000056e-02 9.723732440570307389e-01 1.632750015387732234e-02 2.673782462932262746e-14 1.116968447730176959e-15
1.750000000000000167e-02 9.599010222150643479e-01 2.407893314255100600e-02 6.624658847435278204e-14 3.048756435099060138e-15
1.875000000000000278e-02 9.447169614532467952e-01 3.310103950205815077e-02 1.465454695700447420e-13 7.394959348722140670e-15
2.000000000000000389e-02 9.272331870701295831e-01 4.257709566300713067e-02 2.974516964988804402e-13 1.623118180570884682e-14
2.125000000000000500e-02 9.080031264126424695e-01 5.124795914439765621e-02 5.652201631264039069e-13 3.259358785341857524e-14
2.250000000000000264e-02 8.875854292944612700e-01 5.819202523502570168e-02 1.014535795826035558e-12 6.017541103314609401e-14
2.375000000000000375e-02 8.664486293712391207e-01 6.362175930249952538e-02 1.660210325782406672e-12 1.022681815371705249e-13
2.500000000000000139e-02 8.449308330736482464e-01 6.823404326928807218e-02 5.077167956301748160e-13 1.600069823198769552e-13
2.625000000000000250e-02 8.232408642250220732e-01 7.261590258598416003e-02 2.576250806164331386e-13 2.307098350164371542e-13
2.750000000000000361e-02 8.014808815449270263e-01 7.703994484288077815e-02 3.215426221736829437e-13 3.076466064452667440e-13
2.875000000000000472e-02 7.796736991593801180e-01 8.156624736017886734e-02 2.325269403800683276e-13 3.813598449620441270e-13
3.000000000000000583e-02 7.577873343366169356e-01 8.612944743463073205e-02 1.790995409469723053e-13 4.423922310297833282e-13
3.125000000000000000e-02 7.357533433950368407e-01 9.066770871150532651e-02 1.495517618996017632e-13 4.838193521350440183e-13
3.250000000000000111e-02 7.134793516319968276e-01 9.516403283635650745e-02 1.242236579675489988e-13 5.028434151369386583e-13
3.375000000000000222e-02 6.908567907431433230e-01 9.940619190126503968e-02 1.136989019291358989e-13 5.009081522671836926e-13
3.500000000000000333e-02 6.677652120929877810e-01 1.035874869029485557e-01 1.165073285980034200e-13 4.827639504741954357e-13
3.625000000000000444e-02 6.440746488915967127e-01 1.077757058385444972e-01 1.264413695293075063e-13 4.547334657428358297e-13
3.750000000000000555e-02 6.196475247999706504e-01 1.121991440393314415e-01 1.471413203594218979e-13 4.235268956958117182e-13
3.875000000000000666e-02 5.943424997152673139e-01 1.168149356788760890e-01 1.758140233334269164e-13 3.949547179797174340e-13
4.000000000000000777e-02 5.680235338814294543e-01 1.224925306563693361e-01 2.210164775664600621e-13 3.751520425606653268e-13
4.125000000000000888e-02 5.405786996543814338e-01 1.294048585675907082e-01 2.761385986678803236e-13 3.681078478198753806e-13
4.250000000000000999e-02 5.119530802850345008e-01 1.380387458222085972e-01 3.429173805269771177e-13 3.798836282559577433e-13
4.375000000000000416e-02 4.821963100876386910e-01 1.484563577069767937e-01 4.135756114589677863e-13 4.185825059056693108e-13
4.500000000000000527e-02 4.515162089596028161e-01 1.604886621047020290e-01 4.786238365087899649e-13 4.963864099366047606e-13
4.625000000000000638e-02 4.203169087177396346e-01 1.736096542672994625e-01 5.107970461078763311e-13 6.411533475903541774e-13
4.750000000000000749e-02 3.891920047760045742e-01 1.864718113759708251e-01 4.643655999118040421e-13 8.928189389883989452e-13
4.875000000000000860e-02 3.588545391880996194e-01 1.994044366359536968e-01 2.852416574323395258e-13 1.309640042901511092e-12
5.000000000000000278e-02 3.300169090003546302e-01 2.100704300410619063e-01 5.056474406241763363e-14 1.821337073799162275e-12
