# time 1 2 D-1 D
0.000000000000000000e+00 9.999999672444361831e-01 1.665924980531206195e-08 2.148803673303142099e-35 1.807704600053284501e-34
1.250000000000000243e-03 9.999994339272133548e-01 1.613372634833980619e-07 4.679947373089735591e-24 8.325123221101837636e-25
2.500000000000000486e-03 9.999897299074148593e-01 3.603238163402991301e-06 1.049744466121648467e-22 1.135676666290911291e-24
3.750000000000000729e-03 9.999385433615706198e-01 2.338356623052288756e-05 1.544152375206601344e-22 1.003352839014625219e-24
5.000000000000000971e-03 9.997690816921158685e-01 9.276477436105589019e-05 8.538565364731632825e-22 7.216151581385210395e-24
6.250000000000000347e-03 9.993292357138675586e-01 2.796814415641193561e-04 5.406901731455969679e-22 4.427481724956086567e-23
7.500000000000001457e-03 9.983497955986952999e-01 7.192030824386861591e-04 2.004452105663429490e-20 4.656682940889430819e-21
8.750000000000000833e-03 9.963965177394803474e-01 1.634705245898767680e-03 6.770557440842834187e-19 9.139787001977987762e-20
1.000000000000000194e-02 9.928300728138667042e-01 3.391007915582937293e-03 9.179198063374941046e-18 1.105948771121110472e-18
1.125000000000000132e-02 9.867998793707374316e-01 6.454746812220709881e-03 7.835646632146877703e-17 9.732131455388516851e-18
1.250000000000000069e-02 9.773061353060970013e-01 1.138902506643897118e-02 5.000986510357033982e-16 6.712159793747079223e-17
1.375000000000000180e-02 9.633552635977967737e-01 1.880916542123441462e-02 2.559087456648355628e-15 3.703543704052152610e-16
1.500000000000000291e-02 9.441967565647257921e-01 2.904029865601548757e-02 1.120088355208216448e-14 1.666101494026513026e-15
1.625000000000000056e-02 9.195675176353396152e-01 4.206365147485812556e-02 4.254415388153423761e-14 6.178849772422085245e-15
1.750000000000000167e-02 8.898281924323975245e-01 5.725509349651602270e-02 1.439439966869703464e-13 1.897043910057447378e-14
1.875000000000000278e-02 8.559072047151041751e-01 7.323238672702375718e-02 4.420080791015803193e-13 4.846065955972145374e-14
2.000000000000000389e-02 8.190706013140452990e-01 8.848440526909001624e-02 1.232287064825531771e-12 1.033587031476550092e-13
2.125000000000000500e-02 7.806309093509367081e-01 1.009098559128630557e-01 3.141106841510483745e-12 1.849776241888998337e-13
2.250000000000000264e-02 7.417170218089823575e-01 1.090456784556318864e-01 7.276689952469176272e-12 2.792459962691495822e-13
2.375000000000000375e-02 7.031624775199860622e-01 1.138200002784957587e-01 1.457593182216192344e-11 3.553871502909491522e-13
2.500000000000000139e-02 6.654979556369846616e-01 1.163368300123130694e-01 1.133289935817607566e-11 3.753224327973973410e-13
2.625000000000000250e-02 6.290032679061597909e-01 1.178859028634387379e-01 1.908446031169841678e-14 3.120664595953157271e-13
2.750000000000000361e-02 5.937771604285728699e-01 1.186585219420981524e-01 1.860262664633115596e-13 1.738909864451149711e-13
2.875000000000000472e-02 5.598010174360542601e-01 1.192283751642905232e-01 2.882726064895261735e-12 3.044549002978202040e-14
3.000000000000000583e-02 5.269878264115890332e-01 1.191357347336557543e-01 8.928678170837403030e-12 3.625947751788637748e-14
3.125000000000000000e-02 4.952158782177523144e-01 1.185244246399397433e-01 1.834437714624735924e-11 4.474709411796294459e-13
3.250000000000000111e-02 4.643504860733314032e-01 1.175002785069479000e-01 3.174067270703457237e-11 1.629662253810585440e-12
3.375000000000000222e-02 4.342572916517496995e-01 1.156746876561689508e-01 4.860679313077047346e-11 4.057246046808457746e-12
3.500000000000000333e-02 4.048103397077737475e-01 1.136213518257525312e-01 6.869418963696657143e-11 8.308684093909103662e-12
3.625000000000000444e-02 3.758974868729472174e-01 1.114569942348474091e-01 9.224179199410350443e-11 1.506430535806409312e-11
3.750000000000000555e-02 3.474253295777608996e-01 1.095111343308704660e-01 1.190433963073037295e-10 2.510763194630710308e-11
3.875000000000000666e-02 3.193257902624170308e-01 1.076746253867852249e-01 1.492028067997908176e-10 3.926887437632916713e-11
4.000000000000000777e-02 2.915663836202943560e-01 1.070022341806708133e-01 1.833006410243442661e-10 5.888668327285145201e-11
4.125000000000000888e-02 2.641656585955905467e-01 1.074416168103953378e-01 2.218501196860924343e-10 8.503100352549290866e-11
4.250000000000000999e-02 2.372133257438266696e-01 1.094204252057857929e-01 2.654322691058505993e-10 1.197421836049987286e-10
4.375000000000000416e-02 2.108905410835662242e-01 1.126215732581322820e-01 3.136620165353587949e-10 1.660486543202771434e-10
4.500000000000000527e-02 1.854800937740750111e-01 1.166682193107988763e-01 3.641572636391264666e-10 2.286623536265455476e-10
4.625000000000000638e-02 1.613525023558536331e-01 1.208653995648478613e-01 4.029891745554008295e-10 3.204483797997528968e-10
4.750000000000000749e-02 1.389183847023356955e-01 1.237843723550225150e-01 4.014938242463498041e-10 4.617473972327541470e-10
4.875000000000000860e-02 1.185531473773999700e-01 1.262803569354011002e-01 3.112013046064959582e-10 6.911773325404806095e-10
5.000000000000000278e-02 1.005197471465334863e-01 1.262337379750396449e-01 1.392560989254367208e-10 9.892928744544597960e-10
