# time 1 2 D-1 D
0.000000000000000000e+00 9.999999816328392077e-01 1.234183879307062207e-09 9.817728818067745267e-35 3.978343080922950697e-34
5.000000000000000104e-04 9.999995803804331285e-01 1.739680175558610523e-08 6.171285959635896846e-20 4.675421739726830884e-22
1.000000000000000021e-03 9.999936211163564792e-01 2.377580325511863757e-07 1.729357176476133985e-19 2.386172571666819486e-21
1.500000000000000248e-03 9.999680232559595705e-01 1.519387089124474328e-06 7.262419959840422544e-19 3.640951609724617460e-19
2.000000000000000042e-03 9.998981612685757803e-01 6.239011635473000842e-06 4.729992055121015110e-18 1.379056064997114946e-18
2.500000000000000052e-03 9.997446906885004703e-01 2.021922014473651348e-05 6.605644808184150755e-18 5.087362368657302615e-18
3.000000000000000496e-03 9.994453518414735393e-01 5.482814830535908654e-05 4.275755250459439729e-18 2.334840211455809437e-17
3.500000000000000507e-03 9.989018922993665450e-01 1.311197237100713252e-04 6.400287157913766848e-16 1.418956161107239928e-16
4.000000000000000083e-03 9.979621890785119742e-01 2.832569737036417633e-04 1.115626843069590590e-14 1.062418495485803314e-15
4.500000000000000527e-03 9.964003820345018747e-01 5.636612839117330137e-04 1.134960197418833418e-13 8.265339983246358581e-15
5.000000000000000104e-03 9.939028129672179412e-01 1.036868809440052563e-03 8.261091406049608727e-13 5.631682778376214085e-14
5.500000000000000548e-03 9.900731889417492271e-01 1.751300254829215360e-03 4.520772150582460320e-12 3.163181102871912710e-13
6.000000000000000992e-03 9.844710862671782747e-01 2.750267110208008767e-03 1.858293397800857235e-11 1.453456633013832018e-12
6.500000000000000569e-03 9.766858045099177099e-01 3.962654362645697675e-03 6.077513568500905969e-11 5.496728796408340441e-12
7.000000000000001013e-03 9.664230197769800856e-01 5.243454419878812965e-03 1.665778300423375425e-10 1.735853817192946904e-11
7.499999999999999722e-03 9.535573923813713826e-01 6.359512133825845695e-03 3.975303179703094494e-10 4.667699588815543439e-11
8.000000000000000167e-03 9.381034495154597641e-01 7.081672557070381804e-03 8.409705119264461985e-10 1.091314815924940124e-10
8.500000000000000611e-03 9.200868889529154604e-01 7.218108401056980150e-03 1.586258410339891419e-09 2.260072185733532235e-10
9.000000000000001055e-03 8.993584604918113401e-01 6.880773644176792388e-03 2.660136460490816536e-09 4.216253666305150059e-10
9.500000000000001499e-03 8.754456709986747631e-01 6.443987764569032196e-03 3.982224798832805355e-09 7.193205286323699090e-10
1.000000000000000021e-02 8.475863212331359309e-01 6.302764240406415891e-03 5.423744520678017202e-09 1.136901752419888564e-09
1.050000000000000065e-02 8.150627430559889142e-01 6.888257412512571905e-03 7.016641856528562739e-09 1.683032371563051589e-09
1.100000000000000110e-02 7.778021361300075931e-01 8.518065356295815779e-03 8.723800943230740468e-09 2.355721970781526546e-09
1.150000000000000154e-02 7.365982930618294455e-01 1.125277097383273889e-02 1.054711123328511005e-08 3.142986167941184492e-09
1.200000000000000198e-02 6.935071600847072526e-01 1.445177099290992882e-02 1.249231546444127062e-08 4.024843629774871804e-09
1.250000000000000069e-02 6.507863762901680005e-01 1.786178740537881435e-02 1.450834441034612584e-08 4.976519990991905207e-09
1.300000000000000114e-02 6.093179577858949258e-01 2.212010266243476936e-02 1.655927461876161213e-08 5.971770948312573305e-09
1.350000000000000158e-02 5.712132653162492746e-01 2.597755907877749917e-02 1.856708731965412879e-08 6.985637390928443274e-09
1.400000000000000203e-02 5.353092386052430429e-01 3.075106523395629288e-02 2.043133964039274653e-08 7.996445500474937992e-09
1.450000000000000247e-02 5.013938837192225551e-01 3.634072329830434489e-02 2.221922800895130376e-08 8.986956241873208353e-09
1.499999999999999944e-02 4.674649042417881040e-01 4.416993464638816619e-02 2.390295046923769711e-08 9.944682604272370113e-09
1.550000000000000162e-02 4.361418104925386952e-01 5.089879407825100704e-02 2.532730327316617306e-08 1.086170518222787920e-08
1.600000000000000033e-02 4.068488712438073085e-01 5.628189382804913571e-02 2.676940647831906863e-08 1.173412190449224605e-08
1.650000000000000078e-02 3.751978051384138313e-01 6.375305148788561194e-02 2.793137001144200486e-08 1.256088081595978900e-08
1.700000000000000122e-02 3.428489837623138747e-01 7.046102828248758387e-02 2.904869312477111196e-08 1.334335290677255691e-08
1.750000000000000167e-02 3.102905811901259248e-01 7.430796156430115318e-02 3.013371746447270980e-08 1.408429776474879613e-08
1.800000000000000211e-02 2.777730642429463437e-01 7.275442739149963478e-02 3.093928724612684231e-08 1.478717758690906844e-08
1.850000000000000255e-02 2.387712841173008083e-01 6.912930445405955637e-02 3.184555007871290723e-08 1.545554298262106053e-08
1.900000000000000300e-02 1.988502771584152173e-01 5.412237710520637762e-02 3.261137059494434721e-08 1.609267816452464277e-08
1.950000000000000344e-02 1.538582696138047490e-01 3.073571545055322693e-02 3.326619023050428949e-08 1.670128196012444735e-08
2.000000000000000042e-02 1.085281685765090015e-01 6.883161842253362160e-03 3.391483156795309958e-08 1.728356904694049075e-08
