# time 1 2 D-1 D
0.000000000000000000e+00 9.999999358863568277e-01 3.956964132266904626e-08 2.336868994110284402e-35 1.205091209318455113e-36
5.000000000000000104e-04 9.999950376372460648e-01 3.720308491806705468e-06 4.865728851124316684e-33 5.772748294011375092e-34
1.000000000000000021e-03 9.998906056586024382e-01 8.586800857446279353e-05 3.794346531561232312e-29 5.945964537949917093e-30
1.500000000000000248e-03 9.992354674824088789e-01 6.216428615128238031e-04 2.000962140802508764e-27 1.870222736209603301e-28
2.000000000000000042e-03 9.967026935354895700e-01 2.743172977470260000e-03 1.859699138279477140e-26 1.800888362981054449e-27
2.500000000000000052e-03 9.893797247807410988e-01 8.871308458865240568e-03 8.730890442480438527e-26 3.199540101623678575e-27
3.000000000000000496e-03 9.727060817938794068e-01 2.223602538533720266e-02 2.993989413568140539e-25 2.797990653097135728e-27
3.500000000000000507e-03 9.426910833538478807e-01 4.375667537237833138e-02 7.611983824017801332e-25 2.773460087786080712e-27
4.000000000000000083e-03 8.998929315665026296e-01 6.797977929557132148e-02 1.412058676607442030e-24 3.222622458730918053e-27
4.500000000000000527e-03 8.502861015553939694e-01 8.565453295042239901e-02 1.828789649540998461e-24 9.508076223075500238e-26
5.000000000000000104e-03 8.012153275310776035e-01 8.859053502840284755e-02 1.419833423749975413e-24 6.621328712744219044e-24
5.500000000000000548e-03 7.575709054322909974e-01 7.521496093461269017e-02 9.914386511528922455e-26 1.000454933439155560e-22
6.000000000000000992e-03 7.212064673369420476e-01 5.821457511509187110e-02 5.927877316993459844e-24 6.938548369237105182e-22
6.500000000000000569e-03 6.920379752697303211e-01 4.824360291837266612e-02 8.089484264030243611e-23 2.739401411858643445e-21
7.000000000000001013e-03 6.691328536043983366e-01 4.329874623259877958e-02 3.660836247157670849e-22 6.750066265210775105e-21
7.499999999999999722e-03 6.513474051335845783e-01 4.037414536992249559e-02 6.145477178923091682e-22 1.068244379528399287e-20
8.000000000000000167e-03 6.376130835189769419e-01 3.871434318703582955e-02 1.033184165754860074e-22 1.003885210132320426e-20
8.500000000000000611e-03 6.270320095165623497e-01 3.760526305374285727e-02 1.686656185106073949e-21 3.326292802767430038e-21
9.000000000000001055e-03 6.188861439431571076e-01 3.676710256082744988e-02 1.907894476188603703e-20 1.266316184980598702e-21
9.500000000000001499e-03 6.126151606074999867e-01 3.611090780083459073e-02 8.345093404936667863e-20 3.238648534506972191e-20
1.000000000000000021e-02 6.077869869663383717e-01 3.550028757609890312e-02 2.497100418519322206e-19 1.376059794437303666e-19
1.050000000000000065e-02 6.040700979110460445e-01 3.491798294150354892e-02 6.024179793696681433e-19 3.587663406516017807e-19
1.100000000000000110e-02 6.012100758095302311e-01 3.436231911537113853e-02 1.247122145079820785e-18 7.210405719769460032e-19
1.150000000000000154e-02 5.990121301260070696e-01 3.387974953930695393e-02 2.325955112941643165e-18 1.243028756800956560e-18
1.200000000000000198e-02 5.973268437040299972e-01 3.325132461704163878e-02 3.814023152935096501e-18 1.890741503308333609e-18
1.250000000000000069e-02 5.960397157421980507e-01 3.267134330508068840e-02 5.901421946280519945e-18 2.774130928577731203e-18
1.300000000000000114e-02 5.950629670485177991e-01 3.218360120745932668e-02 8.099830202710401929e-18 3.825589378143147975e-18
1.350000000000000158e-02 5.943290478748851635e-01 3.166618451845311377e-02 1.072868959847138547e-17 5.023224661646369347e-18
1.400000000000000203e-02 5.937863896600839020e-01 3.114115355940511726e-02 1.327796530017486941e-17 6.427768210206903384e-18
1.450000000000000247e-02 5.933953827954934201e-01 3.064685329204622916e-02 1.516193008751738764e-17 7.840115069629178327e-18
1.499999999999999944e-02 5.931256935720420342e-01 3.020675437458312032e-02 1.695106391971043476e-17 9.356431107832092704e-18
1.550000000000000162e-02 5.929540426938754161e-01 2.970556837671412334e-02 1.879351586939803057e-17 1.159379203154432887e-17
1.600000000000000033e-02 5.928623335171944175e-01 2.928602490276936698e-02 1.896599140445509554e-17 1.346421378941082850e-17
1.650000000000000078e-02 5.928365501772834278e-01 2.895135663082159735e-02 1.896379978301759647e-17 1.478802078167238987e-17
1.700000000000000122e-02 5.928656502136329109e-01 2.854052394846589777e-02 1.874749454588876011e-17 1.610346256510632800e-17
1.750000000000000167e-02 5.929407885914297349e-01 2.821880894317107397e-02 1.726669967963626550e-17 1.684355022359595064e-17
1.800000000000000211e-02 5.930547541199580053e-01 2.786264798058185610e-02 1.553886316014300172e-17 1.592843011122197041e-17
1.850000000000000255e-02 5.932016251044376354e-01 2.756732667775505310e-02 1.432263920888969497e-17 1.554807348077004359e-17
1.900000000000000300e-02 5.933763905365410096e-01 2.726260550305686925e-02 1.219834742907075187e-17 1.388531493400787947e-17
1.950000000000000344e-02 5.935747524150860599e-01 2.703150931010292468e-02 1.010783646444556383e-17 1.143245870797576598e-17
2.000000000000000042e-02 5.937930156949723370e-01 2.678887619879400869e-02 8.163398649372722144e-18 9.411212652829148286e-18
