# time 1 2 D-1 D
0.000000000000000000e+00 9.999999358863568277e-01 3.956964132266904626e-08 2.336868994110284402e-35 1.205091209318455113e-36
2.500000000000000052e-04 9.999928578097255771e-01 5.553068417642350323e-06 2.405468026303759529e-33 5.013664845933800635e-34
5.000000000000000104e-04 9.998447286248534072e-01 1.250425262094647142e-04 4.636866317420969146e-29 7.398355896217806286e-30
7.500000000000001240e-04 9.989345619612814975e-01 8.807803787627152634e-04 2.716297474654026209e-27 2.965192077494832084e-28
1.000000000000000021e-03 9.955003543087521667e-01 3.778057588350614351e-03 2.475570365337764310e-26 3.132252358005200433e-27
1.250000000000000026e-03 9.858172342393606291e-01 1.188311327803857377e-02 1.122608030690101453e-25 5.257055950264113163e-27
1.500000000000000248e-03 9.642685623147486673e-01 2.902275215655973628e-02 3.793819549188371320e-25 4.280773078643246276e-27
1.750000000000000253e-03 9.261795798845465777e-01 5.578821924428481460e-02 9.923503885341115001e-25 1.164656686297841903e-27
2.000000000000000042e-03 8.725462458925320464e-01 8.482821154975254963e-02 2.050762489772256355e-24 3.509659343176329203e-27
2.250000000000000264e-03 8.108280970400014720e-01 1.047528757804952332e-01 3.584093846706361857e-24 2.828726432116827631e-25
2.500000000000000052e-03 7.499691021561534221e-01 1.063303840022739588e-01 6.996472423273235196e-24 6.488774032910579658e-24
2.750000000000000274e-03 6.958606242350294790e-01 8.876412327966298754e-02 2.121260355427595527e-23 7.954491794248921348e-23
3.000000000000000496e-03 6.507089359882233248e-01 6.769214415792318418e-02 8.402356087457872840e-23 6.182419509181003628e-22
3.250000000000000284e-03 6.143843831765865016e-01 5.539259639334834229e-02 2.813046189720648070e-22 3.356509216344740120e-21
3.500000000000000507e-03 5.857394969010049079e-01 4.919732506980796505e-02 6.291322065977770013e-22 1.341318792431437008e-20
3.749999999999999861e-03 5.633768841207804634e-01 4.549166822422047451e-02 9.515491795884252687e-22 4.023308746708827106e-20
4.000000000000000083e-03 5.459927707340305192e-01 4.333480394868358815e-02 1.189757794791495850e-21 9.116057270217948690e-20
4.250000000000000305e-03 5.324911518454183978e-01 4.187620313824857998e-02 1.756001862246542412e-21 1.549552224198909220e-19
4.500000000000000527e-03 5.219943143839296251e-01 4.077395397268940985e-02 3.110956008771273471e-21 1.920569325135201845e-19
4.750000000000000749e-03 5.138170985187858752e-01 3.990722498126588608e-02 5.967457676722918214e-21 1.558335239217210510e-19
5.000000000000000104e-03 5.074307601467656914e-01 3.911027705818284628e-02 1.355527503352027540e-20 5.240030203943859848e-20
5.250000000000000326e-03 5.024295302809029806e-01 3.835253882723580615e-02 3.600652386914601801e-20 6.289048932840409871e-21
5.500000000000000548e-03 4.985026096472385815e-01 3.762350845057758214e-02 1.113863857826653627e-19 2.855642788469249602e-19
5.750000000000000770e-03 4.954120159953556146e-01 3.696644849903659574e-02 3.090303929151324648e-19 1.231161235797009192e-18
6.000000000000000992e-03 4.929757194666469222e-01 3.614446002904921768e-02 9.209634643707975940e-19 3.416482499732418567e-18
6.250000000000000347e-03 4.910543769222316390e-01 3.536339578643277887e-02 2.186282111119469418e-18 7.246402339984497054e-18
6.500000000000000569e-03 4.895413031676331128e-01 3.466736771997726285e-02 4.661817452531890508e-18 1.297132787632054135e-17
6.750000000000000791e-03 4.883548133349524534e-01 3.392840795166780082e-02 9.385331765596844707e-18 2.180992871250183045e-17
7.000000000000001013e-03 4.874322824263151444e-01 3.317151832872065886e-02 1.580658368338979942e-17 3.175765958958380462e-17
7.250000000000001235e-03 4.867256044434691842e-01 3.243823297322197263e-02 2.663866641318899283e-17 4.548321088169091625e-17
7.499999999999999722e-03 4.861976141717907485e-01 3.175374236426990737e-02 3.976262008372138961e-17 5.980416597242912873e-17
7.750000000000000812e-03 4.858193945228803101e-01 3.100343984873020139e-02 5.703901481462507377e-17 7.133674693727286284e-17
8.000000000000000167e-03 4.855681141372704679e-01 3.033431255301189886e-02 8.188844441987440878e-17 8.868675544609186613e-17
8.250000000000000389e-03 4.854254767462348741e-01 2.975020489827595246e-02 1.085568143948229796e-16 1.038135925891888715e-16
8.500000000000000611e-03 4.853764281606726683e-01 2.909300634423288290e-02 1.224973156949114012e-16 9.136076396231574232e-17
8.750000000000000833e-03 4.854084080680102220e-01 2.852862162012858444e-02 1.536434378104025570e-16 8.057643824899562987e-17
9.000000000000001055e-03 4.855106623667411747e-01 2.793656848363765266e-02 1.971483085394353170e-16 7.152152057591295655e-17
9.250000000000001277e-03 4.856737600447421643e-01 2.741152120169701792e-02 2.176100538706897430e-16 5.369637511437185995e-17
9.500000000000001499e-03 4.858893766024254823e-01 2.688621641645089905e-02 2.396823346984129591e-16 2.179015766306033915e-17
9.750000000000001721e-03 4.861500829535279622e-01 2.644085275130383592e-02 2.708404350613543469e-16 3.997677299325320611e-18
1.000000000000000021e-02 4.864502119385007428e-01 2.599390290857789623e-02 2.671109863031977084e-16 2.099445137738934482e-18
