# time 1 2 D-1 D
0.000000000000000000e+00 9.999999494439142378e-01 1.366394682305466349e-09 9.291424755332957856e-36 1.893189901240690534e-35
2.500000000000000486e-03 9.999969121128119420e-01 1.858596046977117498e-07 2.008130068840510856e-30 5.980911181783656145e-33
5.000000000000000971e-03 9.999534149608068079e-01 3.498675955924828030e-06 6.645488976523606884e-26 1.104058125722093155e-27
7.500000000000001457e-03 9.997701353342026698e-01 2.543173230687577791e-05 1.229317886760809916e-23 2.881264649805409871e-25
1.000000000000000194e-02 9.992631265751281688e-01 1.189757068022235929e-04 2.197117540036220004e-22 1.568002159513061575e-23
1.250000000000000069e-02 9.980836830929494807e-01 4.381615753194495325e-04 2.178786263278454783e-21 1.596916464104541125e-22
1.500000000000000291e-02 9.955239880895397908e-01 1.389970575754602118e-03 1.248047351637836685e-20 1.197046166875279897e-21
1.750000000000000167e-02 9.900873128286351577e-01 4.002691397810349827e-03 5.188475294472070599e-20 6.815607850229849556e-21
2.000000000000000389e-02 9.785666931644979583e-01 1.076669552745647407e-02 1.753056398677456840e-19 3.293450739326047852e-20
2.250000000000000264e-02 9.542359266520419325e-01 2.736812987157116392e-02 5.708828952920318669e-19 1.383407284576212844e-19
2.500000000000000139e-02 9.044167028538251385e-01 6.512858898685237874e-02 2.110211224563678584e-18 5.343435934355158326e-19
2.750000000000000361e-02 8.124129698022188872e-01 1.391894864797651454e-01 9.280079505336308544e-18 2.022600839586762547e-18
3.000000000000000583e-02 6.759404544051564878e-01 2.502891006861709955e-01 4.636824927503298526e-17 7.419877879439677505e-18
3.250000000000000111e-02 5.262402206874957633e-01 3.656561484653365057e-01 3.516271795744585706e-16 2.534681728810831983e-17
3.500000000000000333e-02 3.997956257692226179e-01 4.469819983494001114e-01 1.268103925373578808e-15 7.733634108515263248e-17
3.750000000000000555e-02 3.069933960140173723e-01 4.776267815818918128e-01 4.033704044415618263e-15 2.032637517786791600e-16
4.000000000000000777e-02 2.416036702083118326e-01 1.531169956505816776e-01 1.125514920658651211e-14 4.563902482681124450e-16
4.250000000000000999e-02 1.950970498716374790e-01 6.056392121885251223e-02 2.753935659412651177e-14 8.771504156487581125e-16
4.500000000000000527e-02 1.610694086919845502e-01 4.623439789299215591e-02 5.975662350306483946e-14 1.447498724951158846e-15
4.750000000000000749e-02 1.353245398136468935e-01 4.217276472357744943e-02 1.163902452397581510e-13 2.059625915765898987e-15
5.000000000000000278e-02 1.151942577879058738e-01 4.169422294412122865e-02 2.059426016216973757e-13 2.524832122316638809e-15
5.250000000000000500e-02 9.897458178089273140e-02 4.215068661469064532e-02 3.383127505526781429e-13 2.648873369669898958e-15
5.500000000000000722e-02 8.555998944551858332e-02 3.572125145937148777e-02 5.125954235687755327e-13 2.319655977308904602e-15
5.750000000000000944e-02 7.421964344160346394e-02 2.548653258612953304e-02 7.371893062818094117e-13 1.548471683420544261e-15
6.000000000000001166e-02 6.446126832489403047e-02 1.957734657960497060e-02 9.987215125222234857e-13 6.359864749537157064e-16
6.250000000000000000e-02 5.594718766322024500e-02 1.667082882709272629e-02 1.285421986678308068e-12 4.128282246430083870e-17
6.500000000000000222e-02 4.844161621933573691e-02 1.531803427818153283e-02 1.594818258193446983e-12 3.694416779515690163e-16
6.750000000000000444e-02 4.177687090252088509e-02 1.462971512702124048e-02 1.891333447701626719e-12 2.287272272813879249e-15
7.000000000000000666e-02 3.583130342008359476e-02 1.431294184588855455e-02 2.187727271657333308e-12 6.387497793932411030e-15
7.250000000000000888e-02 3.051551043606057570e-02 1.402577690736478769e-02 2.455834428159409662e-12 1.288701296640937238e-14
7.500000000000001110e-02 2.576164869860923107e-02 1.390539494489701454e-02 2.689226664898666998e-12 2.226626875439452386e-14
7.750000000000001332e-02 2.151854923408601586e-02 1.369801855564461643e-02 2.869110433050044903e-12 3.453515082171304238e-14
8.000000000000001554e-02 1.774739019155620670e-02 1.353276708803351214e-02 3.018615877610440202e-12 4.920452483326123519e-14
8.250000000000001776e-02 1.441788334445430475e-02 1.339166722401035139e-02 3.121961011433915991e-12 6.623791260848570170e-14
8.500000000000001998e-02 1.149883805066129194e-02 1.325046614500932814e-02 3.160485831510421956e-12 8.629863589779652057e-14
8.750000000000000833e-02 9.026005954270527321e-03 1.298995165283761861e-02 3.184728884814876074e-12 1.070560990048623135e-13
9.000000000000001055e-02 6.886161990069228009e-03 1.262481170043560849e-02 3.159743534098142634e-12 1.293110535320362816e-13
9.250000000000001277e-02 5.150253178704174324e-03 1.220591584951008501e-02 3.109643177255726257e-12 1.536902485291964509e-13
9.500000000000001499e-02 3.731454494337414253e-03 1.168286973220442060e-02 3.025060039587248163e-12 1.785798274187554843e-13
9.750000000000001721e-02 2.632007773240599164e-03 1.103051803883184183e-02 2.943536291107047959e-12 2.016305053656904942e-13
1.000000000000000056e-01 1.787954305530614933e-03 1.034645263530967543e-02 2.834212360964635297e-12 2.275166807995843303e-13
