# lambda 1 2 D-1 D
0.000000000000000000e+00 -8.999999966594312895e+00 -7.000000006265638675e+00 7.000000023084563594e+00 8.999999963739774955e+00
2.500000000000000139e-02 -8.778894441692687067e+00 -6.888342387870009631e+00 6.888254681716478700e+00 8.778811685378768104e+00
5.000000000000000278e-02 -8.566169901521218932e+00 -6.783037381590192538e+00 6.782302604994180584e+00 8.565472866450773992e+00
7.500000000000001110e-02 -8.362814111829811381e+00 -6.684724978279147578e+00 6.682125210140506866e+00 8.360334977273561563e+00
1.000000000000000056e-01 -8.169964145501241504e+00 -6.594176239699352848e+00 6.587709686459261249e+00 8.163766372765644874e+00
1.250000000000000000e-01 -7.988926687288035566e+00 -6.512306776979997380e+00 6.499041385884947175e+00 7.976152940034079819e+00
1.500000000000000222e-01 -7.821193405211717575e+00 -6.440202386083015540e+00 6.416107406068677577e+00 7.797898615073634687e+00
1.750000000000000167e-01 -7.668442744493493279e+00 -6.379139927530598442e+00 6.338901003772202003e+00 7.629425863651231765e+00
2.000000000000000111e-01 -7.532514428600515899e+00 -6.330590265606687694e+00 6.267428689052870538e+00 7.471176103067115548e+00
2.250000000000000056e-01 -7.415339532491199037e+00 -6.296176836279446576e+00 6.201722911555680895e+00 7.323609844724122908e+00
2.500000000000000000e-01 -7.318813037381946884e+00 -6.277557498474919839e+00 6.141865031786366558e+00 7.187205995174380746e+00
2.750000000000000222e-01 -7.244614281783384513e+00 -6.276215260786496941e+00 6.088026654886254718e+00 7.062459271512341985e+00
3.000000000000000444e-01 -7.194013023994481060e+00 -6.293194519275319365e+00 6.040540835302413925e+00 6.949874155460831204e+00
3.250000000000000111e-01 -7.167726149079470588e+00 -6.328875675854963134e+00 6.000010664912469593e+00 6.849953462931830828e+00
3.500000000000000333e-01 -7.165882944219005068e+00 -6.382888939931278927e+00 5.967422308628785643e+00 6.763179848804961480e+00
3.750000000000000000e-01 -7.188107949781459283e+00 -6.454202990884176927e+00 5.944103305858661201e+00 6.689989869415676083e+00
4.000000000000000222e-01 -7.233673368966080375e+00 -6.541338724014474693e+00 5.931277524361307840e+00 6.630742740737160190e+00
4.250000000000000444e-01 -7.301650658512595982e+00 -6.642620458256150329e+00 5.929398740996017381e+00 6.585688919880732684e+00
4.500000000000000111e-01 -7.391011438372895981e+00 -6.756397685449892165e+00 5.938001854520971179e+00 6.554945281007693580e+00
4.750000000000000333e-01 -7.500667382703436914e+00 -6.881208364221539142e+00 5.956144869086823945e+00 6.538482096377595809e+00
5.000000000000000000e-01 -7.629470718917344740e+00 -7.015877252517640272e+00 5.982828713974438273e+00 6.536122455724195035e+00
5.250000000000000222e-01 -7.776208902905818121e+00 -7.159550125882160998e+00 6.017175254256933670e+00 6.547550318556474735e+00
5.500000000000000444e-01 -7.939617886191976837e+00 -7.311671431257932952e+00 6.058480238679846863e+00 6.572322881823243534e+00
5.750000000000000666e-01 -8.118418065014489926e+00 -7.471923184312110777e+00 6.106231296154112087e+00 6.609886769722788102e+00
6.000000000000000888e-01 -8.311360367371017688e+00 -7.640150309624543112e+00 6.160111406848761462e+00 6.659601673523328103e+00
6.250000000000000000e-01 -8.517266372362868765e+00 -7.816294274263638542e+00 6.219986078656141615e+00 6.720774795928843304e+00
6.500000000000000222e-01 -8.735052986375681172e+00 -8.000345998001201053e+00 6.285877456738873548e+00 6.792704604768090348e+00
6.750000000000000444e-01 -8.963740884866195913e+00 -8.192317794356032579e+00 6.357943587258755969e+00 6.874727123975619136e+00
7.000000000000000666e-01 -9.202451047547327789e+00 -8.392228017318599242e+00 6.436548527114867468e+00 6.966256750464886238e+00
7.250000000000000888e-01 -9.450394816580487856e+00 -8.600092916671282950e+00 6.527999103806873649e+00 7.066816440379341202e+00
7.500000000000000000e-01 -9.706861771576825504e+00 -8.815942014734922338e+00 6.678646491311482691e+00 7.176056373075013539e+00
7.750000000000000222e-01 -9.971208036607491110e+00 -9.041941541324339582e+00 6.841137097952680435e+00 7.293763277199049710e+00
8.000000000000000444e-01 -1.024284624841953217e+01 -9.303598803715651400e+00 7.011802519095063246e+00 7.419863844523725049e+00
8.250000000000000666e-01 -1.052123752228362896e+01 -9.571326837300722090e+00 7.190344552828284108e+00 7.554425883116975271e+00
8.500000000000000888e-01 -1.080588527516697539e+01 -9.842667159258244425e+00 7.376561591273315344e+00 7.697661493642726782e+00
8.750000000000000000e-01 -1.109633056602729617e+01 -1.011726353259010303e+01 7.570209266879514232e+00 7.849939284222452685e+00
9.000000000000000222e-01 -1.139214857215279686e+01 -1.039483130867012584e+01 7.770874916119717923e+00 8.011819227817751354e+00
9.250000000000000444e-01 -1.169294585878105863e+01 -1.067512296721969278e+01 7.977798165459251578e+00 8.184129909816579840e+00
9.500000000000000666e-01 -1.199835816856537996e+01 -1.095791963091802579e+01 8.189642452103017334e+00 8.368090781516189125e+00
9.750000000000000888e-01 -1.230804853131006737e+01 -1.124302638701587043e+01 8.404407025710352031e+00 8.565316708553979197e+00
1.000000000000000000e+00 -1.262170555977145625e+01 -1.153026883881074127e+01 8.619974273001041354e+00 8.777234957519262082e+00
