# time 1 2 D-1 D
0.000000000000000000e+00 9.999999592318917774e-01 1.741222750922764846e-08 6.395942822995801692e-35 3.451728958594258346e-36
2.500000000000000052e-04 9.972004492268184972e-01 1.245800263165680903e-03 2.319525542453722450e-28 5.885224264251385301e-30
5.000000000000000104e-04 9.876578632986926509e-01 5.877251467771236679e-03 1.352756908350383432e-24 6.125088920275188935e-26
7.500000000000001240e-04 9.693094094940074568e-01 1.552197717647396322e-02 1.980423828396900480e-22 1.596319298431673824e-23
1.000000000000000021e-03 9.396986329315738518e-01 3.186090573406423487e-02 7.746053802804136259e-21 8.874960832098551965e-22
1.250000000000000026e-03 8.963169348873033515e-01 5.598611747281964646e-02 1.391660140915309104e-19 2.085503369323166040e-20
1.500000000000000248e-03 8.373933540000959574e-01 8.674103983278350083e-02 1.501857312720392077e-18 2.816732985122231021e-19
1.750000000000000253e-03 7.630905163906256394e-01 1.151971560233194247e-01 1.199497893571487970e-17 2.575515389980022828e-18
2.000000000000000042e-03 6.765222783052737832e-01 9.880450217038264094e-02 7.810024523314815585e-17 1.754857515456448218e-17
2.250000000000000264e-03 5.835968410718703758e-01 5.554796708517655696e-02 4.338860938366161871e-16 9.452779181926073559e-17
2.500000000000000052e-03 4.913143242847098913e-01 4.216239296399310055e-02 2.297304232134220289e-15 4.177001543153617557e-16
2.750000000000000274e-03 4.055564744854090464e-01 3.875146012382179456e-02 1.208808785716485989e-14 1.548993960954186458e-15
3.000000000000000496e-03 3.298223039894451758e-01 1.198387822573374235e-02 6.568195455385630616e-14 4.887287178993123478e-15
3.250000000000000284e-03 2.652959210875198148e-01 1.021561219281424222e-03 4.590193739077216727e-13 1.322070349242311151e-14
3.500000000000000507e-03 2.116199107569484150e-01 1.539335707504405504e-03 6.040538790911547033e-12 3.071691785909139965e-14
3.749999999999999861e-03 1.676861932780296383e-01 1.885174726503333498e-03 1.542712475481665788e-11 6.079005611696352439e-14
4.000000000000000083e-03 1.321542353368984901e-01 1.979755274545240418e-03 1.936749444797229239e-11 9.954650216147329035e-14
4.250000000000000305e-03 1.037040398460349205e-01 2.051310025927839936e-03 2.278516641489169811e-11 1.247438268959202473e-13
4.500000000000000527e-03 8.112773095965435111e-02 2.075393868127119699e-03 2.013577794649471399e-11 9.376283594428880329e-14
4.750000000000000749e-03 6.335177943671661815e-02 2.102206546384112126e-03 2.780991687286507443e-13 7.268391411281502473e-15
5.000000000000000104e-03 4.944019701350730461e-02 2.087803054375845895e-03 5.657246770353713845e-11 2.019101325478308765e-13
5.250000000000000326e-03 3.859544620479159888e-02 2.074604964660418244e-03 2.109989522524269027e-08 2.264573869373232855e-12
5.500000000000000548e-03 3.015475063663793434e-02 2.033372820625836686e-03 4.712841109705257737e-08 1.141710036551321591e-11
5.750000000000000770e-03 2.358453296421645501e-02 1.982307873287135307e-03 9.646079983928294462e-08 4.210457908167619712e-11
6.000000000000000992e-03 1.846280957244780113e-02 1.917527874345934446e-03 1.870201182876507422e-07 1.302457062364210974e-10
6.250000000000000347e-03 1.446013123924231106e-02 1.815966006874553465e-03 3.583684133284075504e-07 3.590604517452709982e-10
6.500000000000000569e-03 1.132886199755025677e-02 1.674286493534641413e-03 6.592077803363021813e-07 9.125406437742351851e-10
6.750000000000000791e-03 8.876489825639148623e-03 1.491645526364813491e-03 1.175740557794697191e-06 2.185890027757776936e-09
7.000000000000001013e-03 6.956118134251587128e-03 1.247710415104690603e-03 2.057934714788820773e-06 5.015841859525592825e-09
7.250000000000001235e-03 5.453727920783559002e-03 9.335422302986507966e-04 3.563501814497728282e-06 1.117005559675846409e-08
7.499999999999999722e-03 4.279796590565244918e-03 5.613406131313045328e-04 6.031477002755776991e-06 2.441435365968575278e-08
7.750000000000000812e-03 3.363274288480056981e-03 2.296115244262968570e-04 1.002213203002587736e-05 5.291644065265334841e-08
8.000000000000000167e-03 2.647458351004461710e-03 4.707486959085021834e-05 1.644017163833861114e-05 1.148741312469294260e-07
8.250000000000000389e-03 2.087052840828510381e-03 6.339070163977839485e-07 2.673381412203124021e-05 2.523063011028268248e-07
8.500000000000000611e-03 1.645906713026608391e-03 1.066633065491993398e-05 4.290006159089916198e-05 5.668103616896073382e-07
8.750000000000000833e-03 1.295229165648677239e-03 3.675335533325848903e-05 6.775601973069114074e-05 1.318803816957103028e-06
9.000000000000001055e-03 1.010806146724866576e-03 6.732771878957022370e-05 1.051985685980648904e-04 3.231261102985596544e-06
9.250000000000001277e-03 7.756889750587657884e-04 1.028347313115494021e-04 1.574298380939550212e-04 8.508475474872164110e-06
9.500000000000001499e-03 5.714368556301632198e-04 1.478742159503912911e-04 2.224340507872790370e-04 2.434362925232749086e-05
9.750000000000001721e-03 3.932269356223411509e-04 1.983346493268599829e-04 2.736958606055743407e-04 8.071160431566694565e-05
1.000000000000000021e-02 2.438350781577395025e-04 2.447124815919741558e-04 2.423061107524537784e-04 2.458558778217282944e-04
