# time 1 2 D-1 D
0.000000000000000000e+00 9.999999418912870475e-01 3.067068354550693162e-08 2.730053487361107440e-35 1.737091368702443264e-36
1.250000000000000243e-03 9.992438664204419396e-01 7.116674270647549307e-07 1.802838145276376175e-33 1.238725959786319394e-36
2.500000000000000486e-03 9.968164613128526197e-01 1.260662591778613173e-05 2.487510361016953938e-29 1.357547684478039288e-32
3.750000000000000729e-03 9.924480041438491495e-01 7.703876258085362398e-05 8.084803002444238609e-27 2.973046328686691173e-29
5.000000000000000971e-03 9.858062742013063984e-01 2.980511940181967143e-04 4.647137723483522543e-25 7.421277305473699288e-27
6.250000000000000347e-03 9.764549679069894905e-01 8.959403338788183820e-04 9.994120576742188434e-24 5.531400920141582721e-25
7.500000000000001457e-03 9.637968332678994443e-01 2.254912066453589568e-03 9.788710098266463690e-23 1.888824371179186188e-23
8.750000000000000833e-03 9.470257291479808881e-01 4.586211455481912364e-03 5.425105431968473087e-22 3.695389916548131232e-22
1.000000000000000194e-02 9.251465178957654079e-01 6.811430438210541033e-03 5.753696631125702545e-22 4.717690587587938045e-21
1.125000000000000132e-02 8.971419175968492477e-01 9.017671178964903334e-03 1.455542834226915997e-20 4.262517839141305544e-20
1.250000000000000069e-02 8.623186794593903359e-01 1.272541916292028834e-02 8.821117112705595011e-19 2.874329248845394464e-19
1.375000000000000180e-02 8.207259984223844729e-01 1.840138939081502334e-02 1.455516043871961722e-17 1.497142635800078662e-18
1.500000000000000291e-02 7.734128029025363338e-01 2.658195306175468661e-02 9.490342586539991119e-17 6.150459422400916271e-18
1.625000000000000056e-02 7.223426505737207126e-01 3.755403948214090792e-02 3.654001248249678959e-16 2.013316063792356408e-17
1.750000000000000167e-02 6.699905044300267232e-01 4.082143311868959012e-02 1.054813342334409286e-15 5.253580248930272263e-17
1.875000000000000278e-02 6.188033495773153092e-01 1.262673257657137560e-02 2.506786344539665467e-15 1.080832340982133183e-16
2.000000000000000389e-02 5.707340880062771182e-01 8.765719087527195502e-03 5.038208288141344892e-15 1.706224811479943898e-16
2.125000000000000500e-02 5.269938794913376912e-01 7.767118292107583720e-03 8.744469705490093968e-15 1.957638067952179655e-16
2.250000000000000264e-02 4.880542728658692764e-01 7.390846723198425151e-03 1.305373099353435938e-14 1.465791018530272128e-16
2.375000000000000375e-02 4.538214091371233216e-01 7.398144745994699768e-03 1.645293399823730981e-14 5.476109855388956182e-17
2.500000000000000139e-02 4.238588512656388807e-01 7.453314932043039048e-03 1.729396506198392893e-14 2.872964980956867500e-18
2.625000000000000250e-02 3.975832772096011269e-01 7.612891104189440164e-03 1.365595695071024075e-14 2.280284465804204923e-17
2.750000000000000361e-02 3.743882477189258706e-01 7.789951116278016549e-03 5.727281117613548290e-15 7.003144826784581018e-17
2.875000000000000472e-02 3.537126003408031516e-01 7.972422843279319479e-03 5.038622351004461116e-16 9.512563880827681678e-17
3.000000000000000583e-02 3.350850445570813796e-01 8.121862762888062276e-03 8.485329830486451276e-15 8.899444296618989367e-17
3.125000000000000000e-02 3.180153081600849974e-01 8.352937873277347519e-03 1.802518989248053975e-15 6.946201874912973114e-17
3.250000000000000111e-02 3.023118079542309600e-01 8.517982945243253792e-03 5.117490396669512664e-16 5.519516962436171447e-17
3.375000000000000222e-02 2.878066734720934883e-01 8.506255356942538787e-03 1.847257049980042858e-16 5.722450900132655850e-17
3.500000000000000333e-02 2.739026739814560685e-01 8.688676458543008463e-03 5.704597526366955430e-17 8.927249168139669817e-17
3.625000000000000444e-02 2.607626313813894425e-01 8.709563605924708005e-03 2.402227925457352295e-17 1.831241142559979209e-16
3.750000000000000555e-02 2.478276904753973775e-01 8.939608931284826962e-03 2.356848721852116451e-17 4.057891273614890829e-16
3.875000000000000666e-02 2.354717741750623483e-01 8.843538131015403134e-03 6.428945435794128233e-17 8.627327943944055923e-16
4.000000000000000777e-02 2.227558342994837570e-01 9.181759131155774883e-03 2.450365431150294540e-16 1.694067480548419251e-15
4.125000000000000888e-02 2.102212413356986664e-01 9.228472934580619208e-03 8.726168545763661553e-16 3.032974325008899601e-15
4.250000000000000999e-02 1.980006653430296804e-01 8.660196121326325935e-03 2.636290624228530297e-15 4.930457513399000981e-15
4.375000000000000416e-02 1.849297685819671633e-01 8.462315575736191128e-03 6.910374387485615823e-15 7.245230753090549810e-15
4.500000000000000527e-02 1.713526852154255709e-01 8.164814829090975834e-03 1.562668485957413428e-14 9.431842519769592841e-15
4.625000000000000638e-02 1.583934772537123614e-01 6.634320488563514272e-03 3.206768571006161105e-14 1.026568168517101922e-14
4.750000000000000749e-02 1.465370368699392134e-01 3.557290973897140295e-03 5.933330387555495463e-14 7.902856339913147856e-15
4.875000000000000860e-02 1.333012510980003396e-01 1.786993213545611707e-03 9.879820151773923950e-14 2.277163430206328032e-15
5.000000000000000278e-02 7.055017765426027654e-02 4.996568078958292525e-02 1.424404166829990511e-13 1.800117739267076595e-15
