# time 1 2 D-1 D
0.000000000000000000e+00 9.999999597269855212e-01 5.195989637680712961e-09 3.019470757615612126e-36 1.288407241292239410e-35
2.500000000000000052e-04 9.999967389907102877e-01 2.059211142730852308e-06 5.180176205865607372e-32 6.452195400603955816e-34
5.000000000000000104e-04 9.999278829953811565e-01 5.088441600992925969e-05 1.631315547681941019e-29 1.361678394091800348e-29
7.500000000000001240e-04 9.994725273260546272e-01 4.090557739305629393e-04 9.789659001720590144e-27 1.734572108346883857e-28
1.000000000000000021e-03 9.975460536469177297e-01 2.050145212585148449e-03 1.286267296127132091e-25 1.101374149960643723e-27
1.250000000000000026e-03 9.912606335774041266e-01 7.702304507746360676e-03 8.498101421356871119e-25 2.699932951260265912e-28
1.500000000000000248e-03 9.748961247424918763e-01 2.287893717650903505e-02 3.967367849139765147e-24 3.164103416145457791e-28
1.750000000000000253e-03 9.418338690252882062e-01 5.329412994879290100e-02 1.448237876308215558e-23 7.427118988071038844e-28
2.000000000000000042e-03 8.916340471224293296e-01 9.231925717854727598e-02 4.530722034713105912e-23 2.349324562211460590e-27
2.250000000000000264e-03 8.333843582188158461e-01 1.124140357950233760e-01 1.394025096629188330e-22 1.551941351675256267e-24
2.500000000000000052e-03 7.779443811890105476e-01 1.118291062951986964e-01 4.791468463835471731e-22 8.052292137075991919e-23
2.750000000000000274e-03 7.310252590290352570e-01 8.538499709860082609e-02 1.718867246798074558e-21 1.241125111093346104e-21
3.000000000000000496e-03 6.936715034041268657e-01 3.661220791973748140e-02 4.938142263501824422e-21 8.797966290872852561e-21
3.250000000000000284e-03 6.648283866737350056e-01 3.101116547906619669e-02 8.048806879260682230e-21 3.429114845355567258e-20
3.500000000000000507e-03 6.428851839884067720e-01 2.765286399322918268e-02 4.614168345530211335e-21 7.262003197288043291e-20
3.749999999999999861e-03 6.262939788389814133e-01 2.555634625553148201e-02 2.253463867929082073e-22 6.784943800605405331e-20
4.000000000000000083e-03 6.137623332907676810e-01 2.365096251464879687e-02 2.200923766971904997e-22 7.636696205253240948e-21
4.250000000000000305e-03 6.042773808467420960e-01 2.205091277467750160e-02 9.995597882410560895e-24 6.565100544659521390e-20
4.500000000000000527e-03 5.970703862689160646e-01 2.056257204792356214e-02 4.634470913081834556e-21 4.880523343431960083e-19
4.750000000000000749e-03 5.915671709778492771e-01 1.913495703977425438e-02 3.347643388132522719e-20 1.197950485989155087e-18
5.000000000000000104e-03 5.873411492275824042e-01 1.790943421573927899e-02 1.172696670226570070e-19 1.576846462652824298e-18
5.250000000000000326e-03 5.840759867015352658e-01 1.654720175500078855e-02 3.131407887624736526e-19 9.921781929874911035e-19
5.500000000000000548e-03 5.815365909997978200e-01 1.541397620461680898e-02 6.673907417981587586e-19 6.172401143434933123e-20
5.750000000000000770e-03 5.795474942975157306e-01 1.418345612138488532e-02 1.185725734152596696e-18 1.628661932906244014e-18
6.000000000000000992e-03 5.779774741137129190e-01 1.319930424883309847e-02 1.865514709748217788e-18 1.015309901701613266e-17
6.250000000000000347e-03 5.767283036447864442e-01 1.230311299581067844e-02 2.899371816444396956e-17 3.100447985906901080e-18
6.500000000000000569e-03 5.757262922570233199e-01 1.168869747884499974e-02 5.928898277539625643e-17 3.048980027149343171e-18
6.750000000000000791e-03 5.749163972036875903e-01 1.084078622390166093e-02 9.271717528444118805e-17 2.694551998086977473e-18
7.000000000000001013e-03 5.742576843256131935e-01 1.027219707291217483e-02 1.165067395137686592e-16 2.786808946181590525e-18
7.250000000000001235e-03 5.737200935250051925e-01 9.890784121037455787e-03 1.185851392118028794e-16 2.455590329113990048e-18
7.499999999999999722e-03 5.732819323320265115e-01 9.317992424125912110e-03 9.535437686942767107e-17 1.912597449362984408e-18
7.750000000000000812e-03 5.729279022484553563e-01 9.066321025074623383e-03 6.045243498214670367e-17 1.407662100906258780e-18
8.000000000000000167e-03 5.726475969927770082e-01 8.599499748246175121e-03 5.008148151278635233e-17 8.965836545719288091e-19
8.250000000000000389e-03 5.724341644759662895e-01 8.473093410250485610e-03 1.244661648488291838e-16 9.161887139049325062e-19
8.500000000000000611e-03 5.722831186355923361e-01 8.152039061273036805e-03 3.612754499885302644e-16 6.394206962174915087e-19
8.750000000000000833e-03 5.721914560333797306e-01 7.939752289658253553e-03 8.523051584698967159e-16 4.110734718850907041e-19
9.000000000000001055e-03 5.721567254016488580e-01 7.747064844758917018e-03 1.688795378505199297e-15 2.830416441952564991e-19
9.250000000000001277e-03 5.721762902457341315e-01 7.747214629021777904e-03 2.914282925419632549e-15 1.477994718026623583e-18
9.500000000000001499e-03 5.722471624326801454e-01 7.513462548632509480e-03 4.568647216898482421e-15 4.191394770152081754e-18
9.750000000000001721e-03 5.723654600691657768e-01 7.514765006395393403e-03 6.696091154096114595e-15 5.081234728126390820e-18
1.000000000000000021e-02 5.725378151706435048e-01 7.463337028003653659e-03 9.232352116805908349e-15 9.377697306485208745e-18
