# time 1 2 D-1 D
0.000000000000000000e+00 9.999999422836385321e-01 2.296324474287490739e-08 3.849615429248369866e-35 8.360887241215835883e-36
5.000000000000000104e-04 9.999919896422008181e-01 6.098711018838421688e-06 8.417130426036493913e-28 3.442459110893089875e-27
1.000000000000000021e-03 9.998320212452511679e-01 1.375885933766757144e-04 1.066849160696093412e-23 6.029648046913001635e-25
1.500000000000000248e-03 9.988570907880442995e-01 9.918411503099038799e-04 1.601257650102221695e-23 5.000372538649489693e-23
2.000000000000000042e-03 9.950861485127180384e-01 4.459463073015879249e-03 1.191310866453489875e-24 7.065340448588539270e-22
2.500000000000000052e-03 9.837719082677857108e-01 1.522588421221828144e-02 9.591612896314061826e-22 4.439782109021984261e-21
3.000000000000000496e-03 9.560306929848245705e-01 4.218534652286808767e-02 3.913909478517508898e-20 2.374653182250901829e-20
3.500000000000000507e-03 9.012533320621225474e-01 9.525896724353659362e-02 8.490317113885731884e-19 1.563872765759740655e-19
4.000000000000000083e-03 8.173593087651258582e-01 1.677926425647381370e-01 1.205842153414444837e-17 1.491904157230652015e-18
4.500000000000000527e-03 7.184905529055186646e-01 2.006627387732071444e-01 1.239984227475786273e-16 1.676866117269227227e-17
5.000000000000000104e-03 6.243410382661334079e-01 1.680662652421770764e-01 9.686952892149853863e-16 1.708354346057049009e-16
5.500000000000000548e-03 5.460407805091439526e-01 1.400052389483923410e-01 5.777442708203732723e-15 1.378919899357201966e-15
6.000000000000000992e-03 4.853129314717161136e-01 1.254500901596226903e-01 2.567363939671436328e-14 8.461713045687482257e-15
6.500000000000000569e-03 4.395875464042635627e-01 1.167103986023664969e-01 8.406418202506097662e-14 3.958066237378106011e-14
7.000000000000001013e-03 4.054563217946113296e-01 1.101509040564415398e-01 2.098016795669396474e-13 1.442540512848491155e-13
7.499999999999999722e-03 3.799470336160559181e-01 1.044676679956096782e-01 4.198622196978057084e-13 4.217818352610195334e-13
8.000000000000000167e-03 3.607743862011044134e-01 9.970069112731390348e-02 7.026486253080145687e-13 1.022305464264502180e-12
8.500000000000000611e-03 3.462617096523378235e-01 9.434831573621511869e-02 1.020615099045933745e-12 2.118757079449171546e-12
9.000000000000001055e-03 3.351982218850361184e-01 8.975891678447608935e-02 1.321041422551749363e-12 3.864893513935696870e-12
9.500000000000001499e-03 3.267109964376955222e-01 8.389887648168865841e-02 1.515095169757078981e-12 6.356606120998895971e-12
1.000000000000000021e-02 3.201677266734573868e-01 8.474825654158933685e-02 1.274648660933931684e-12 9.614854634159716472e-12
1.050000000000000065e-02 3.151065655044392178e-01 3.239061807091333373e-02 3.241416012294808777e-13 1.358647391854048622e-11
1.100000000000000110e-02 3.111867867958052480e-01 3.074751253984310539e-02 1.001554010114245461e-14 1.816195010777837333e-11
1.150000000000000154e-02 3.081543569168694319e-01 3.022565570057787407e-02 2.528601658666263430e-13 2.319932868283134447e-11
1.200000000000000198e-02 3.058179302775617669e-01 2.957435195423561633e-02 9.239773979447423190e-13 2.854604825969472735e-11
1.250000000000000069e-02 3.040318641037872416e-01 2.878494605802167997e-02 1.997010395159147627e-12 3.406001465958520440e-11
1.300000000000000114e-02 3.026841842074667888e-01 2.858499299279110978e-02 3.461266152018861969e-12 3.962168840752961838e-11
1.350000000000000158e-02 3.016879882703453752e-01 2.819809428346940067e-02 5.273506036328570028e-12 4.512538498209048817e-11
1.400000000000000203e-02 3.009752087386058927e-01 2.783639546453234304e-02 7.360952848605796854e-12 5.055907793362842547e-11
1.450000000000000247e-02 3.004920540548337016e-01 2.758923337095800163e-02 9.709914040488812449e-12 5.579381245290419633e-11
1.499999999999999944e-02 3.001956879024579861e-01 2.734739770857415667e-02 1.219590077771627555e-11 6.088447407427829713e-11
1.550000000000000162e-02 3.000516914920386413e-01 2.716029428429344791e-02 1.479141290402605559e-11 6.577514174913933773e-11
1.600000000000000033e-02 3.000322120245044744e-01 2.701325585648984423e-02 1.742113167200118055e-11 7.045843362051279516e-11
1.650000000000000078e-02 3.001145290271982624e-01 2.689222038837690495e-02 2.002805073902326329e-11 7.496668340440979572e-11
1.700000000000000122e-02 3.002800121108432085e-01 2.678476778813743825e-02 2.258142725710574911e-11 7.926883121188480047e-11
1.750000000000000167e-02 3.005132813744564868e-01 2.663821323519694612e-02 2.503491410496198785e-11 8.335771841462019584e-11
1.800000000000000211e-02 3.008015255029287682e-01 2.655474638852296440e-02 2.734435506331810990e-11 8.727815625264005196e-11
1.850000000000000255e-02 3.011341031038914928e-01 2.650744874953891994e-02 2.956440169324332107e-11 9.091954625458377221e-11
1.900000000000000300e-02 3.015021136869661667e-01 2.641518611337215910e-02 3.178771388082818563e-11 9.414544728144081813e-11
1.950000000000000344e-02 3.018980658876064815e-01 2.637068160100862133e-02 3.376536748554903970e-11 9.719527577900374339e-11
2.000000000000000042e-02 3.023156650720607574e-01 2.638063923254906420e-02 3.555316427677086564e-11 9.999435307236393865e-11
