# time 1 2 D-1 D
0.000000000000000000e+00 9.999999741116147867e-01 9.161715246604038754e-09 5.432253268737498284e-35 3.249360259260508244e-35
1.250000000000000243e-03 9.999992636626670039e-01 4.780056539987451615e-08 4.911299812923585086e-32 3.664686657977006762e-33
2.500000000000000486e-03 9.999876854611852162e-01 1.369486921301331618e-06 6.339441377816692745e-30 4.665934311933935549e-30
3.750000000000000729e-03 9.999338458076471037e-01 1.054873120790177470e-05 1.395473287270276582e-25 4.888056953676082796e-27
5.000000000000000971e-03 9.997718838672504660e-01 4.978202454442604030e-05 1.529821729656866577e-23 1.205772896902566202e-24
6.250000000000000347e-03 9.993708522881946665e-01 1.834471997619109454e-04 8.538503216771541924e-23 6.691662181195590996e-24
7.500000000000001457e-03 9.984688424796466233e-01 5.760429980625350957e-04 2.854130995165244698e-22 2.847641179014376866e-23
8.750000000000000833e-03 9.965401532758995096e-01 1.621197829333731032e-03 7.539673947224281672e-22 1.008607898656105946e-22
1.000000000000000194e-02 9.925451106617260155e-01 4.184987976715828263e-03 1.703622726616155478e-21 3.274904223492703047e-22
1.125000000000000132e-02 9.845135669480062912e-01 1.003184974245705137e-02 3.499878108752199520e-21 1.057496655332353905e-21
1.250000000000000069e-02 9.690321179224508086e-01 2.233731654389733631e-02 6.745346986864995333e-21 3.595200533511787069e-21
1.375000000000000180e-02 9.411629107029213515e-01 4.579413156426670461e-02 1.501813830864011622e-20 1.362936939419670560e-20
1.500000000000000291e-02 8.961278190973056557e-01 8.496013084767722878e-02 2.354560263743292914e-19 5.488000688104186031e-20
1.625000000000000056e-02 8.335092596452634561e-01 1.401334591455547229e-01 9.062223153496354403e-19 2.201717303492733149e-19
1.750000000000000167e-02 7.603140054107178081e-01 2.042883957092168634e-01 3.047485794696619097e-18 8.122943944393883913e-19
1.875000000000000278e-02 6.874339493257544120e-01 2.669831138421548955e-01 8.798284379857914979e-18 2.657466602308736763e-18
2.000000000000000389e-02 6.229038696806774578e-01 4.530927214036553630e-02 2.167899182850593867e-17 7.570090515363785936e-18
2.125000000000000500e-02 5.694872713683385435e-01 1.209672293780473737e-02 4.630095998757348233e-17 1.877504988444255870e-17
2.250000000000000264e-02 5.264384614471490087e-01 1.148932848721380233e-02 8.597728027515647394e-17 4.077918242416945695e-17
2.375000000000000375e-02 4.917010530600308682e-01 1.304879546617535198e-02 1.413692881809233333e-16 7.828517092527561946e-17
2.500000000000000139e-02 4.631844630573505039e-01 1.584633348789784082e-02 2.053756563132637993e-16 1.342311583543679420e-16
2.625000000000000250e-02 4.389229678933911916e-01 1.969405370880944472e-02 2.713035576626914103e-16 2.077673286230441866e-16
2.750000000000000361e-02 4.173898957925519237e-01 2.483574541926789753e-02 3.257487960042150887e-16 2.934512050984848424e-16
2.875000000000000472e-02 3.977420496808560801e-01 3.112537164359907571e-02 3.580610183747196472e-16 3.821983751731725454e-16
3.000000000000000583e-02 3.787388282721915744e-01 3.908985912751544028e-02 3.662681862246210281e-16 4.637876983120986857e-16
3.125000000000000000e-02 3.593774542981242326e-01 4.920461327196455625e-02 3.477253877984209769e-16 5.299523102634431967e-16
3.250000000000000111e-02 3.401401098781060006e-01 6.060118013066489312e-02 3.082473835197720860e-16 5.749272373469356033e-16
3.375000000000000222e-02 3.199706903811733172e-01 7.404276922034112862e-02 2.550144965656422847e-16 5.991311385788423552e-16
3.500000000000000333e-02 2.996057759650433416e-01 8.857035030197585312e-02 1.959882818001996118e-16 6.022282974725898809e-16
3.625000000000000444e-02 2.789803301597970631e-01 1.040767542238480031e-01 1.357420548409487674e-16 5.950236515630383350e-16
3.750000000000000555e-02 2.600732868808005027e-01 1.184465019869894026e-01 7.007331811292357920e-17 5.701617083511737852e-16
3.875000000000000666e-02 2.418985579386363771e-01 1.325577579079223745e-01 7.171065032093197838e-18 5.430316206932156370e-16
4.000000000000000777e-02 2.261122201911493768e-01 1.446620355352223608e-01 1.321143155069729815e-19 5.111683812639187378e-16
4.125000000000000888e-02 2.127185596713758176e-01 1.546857250653330407e-01 5.230883838367439276e-18 4.804389636775456525e-16
4.250000000000000999e-02 2.010358539565804403e-01 1.632454612041093767e-01 1.597330435478341818e-17 4.525471922847417894e-16
4.375000000000000416e-02 1.921465765579136453e-01 1.692166577850959253e-01 3.136999896115042848e-17 4.281734973933371557e-16
4.500000000000000527e-02 1.850813132317585541e-01 1.735170012239934667e-01 4.996480451520021818e-17 4.081354253134264648e-16
4.625000000000000638e-02 1.798118073790708205e-01 1.761666307138829157e-01 7.168159635934707603e-17 3.927078219057283244e-16
4.750000000000000749e-02 1.765304152903385271e-01 1.769089729784005249e-01 9.336530937872515705e-17 3.814824184298370020e-16
4.875000000000000860e-02 1.741325370660828653e-01 1.769553948212283512e-01 1.152281048769733423e-16 3.742805678797679798e-16
5.000000000000000278e-02 1.733087494305293741e-01 1.755145611766038005e-01 1.346070737535531444e-16 3.705243580702539485e-16
