# time 1 2 D-1 D
0.000000000000000000e+00 9.999999528642428137e-01 1.823502719981678237e-08 3.537239284954366710e-35 3.120684953818738858e-37
5.000000000000000104e-04 9.999922524991160522e-01 3.767662785881780933e-07 1.952024252161235368e-32 4.379104748770215043e-35
1.000000000000000021e-03 9.998763782182681359e-01 7.736105541373075679e-06 1.263739634241228574e-27 2.604410905007697282e-29
1.500000000000000248e-03 9.993714447847817928e-01 4.954861030883064111e-05 4.626240467149703284e-29 3.640667755007120253e-28
2.000000000000000042e-03 9.980003385095264079e-01 1.969993743871948592e-04 7.876039188594408734e-26 3.027576847348443448e-26
2.500000000000000052e-03 9.950683426272800558e-01 5.967741214140957935e-04 3.750673854788905652e-25 1.817081274449893761e-25
3.000000000000000496e-03 9.896224498949092174e-01 1.505452433008373087e-03 8.045120455602722165e-25 6.624022833194499388e-25
3.500000000000000507e-03 9.804019748881520613e-01 3.321820851815876149e-03 2.068180236652681910e-24 1.864643185470049805e-24
4.000000000000000083e-03 9.658157185524387511e-01 6.585447826546421066e-03 5.485168099012431544e-24 4.351235510610720582e-24
4.500000000000000527e-03 9.440022605392794919e-01 1.197283456038726775e-02 5.611030606422099595e-24 8.742057646150322006e-24
5.000000000000000104e-03 9.130290741360217455e-01 2.010298988130675840e-02 2.825498207745333539e-23 1.619491422968133345e-23
5.500000000000000548e-03 8.712415347334505622e-01 3.183544438098501878e-02 1.904086545080889789e-21 3.002282992104053709e-23
6.000000000000000992e-03 8.176948325380134497e-01 4.775843921376358991e-02 2.837137568476916775e-20 4.752446975664175864e-23
6.500000000000000569e-03 7.525547804504091332e-01 6.828291255467698606e-02 2.380167327658988167e-19 2.399371505033038923e-23
7.000000000000001013e-03 6.774012028064019253e-01 9.387644499925142105e-02 1.373855680355337654e-18 1.432343772296021732e-22
7.499999999999999722e-03 5.954183236861267936e-01 1.232591724157504204e-01 5.980769912098114289e-18 4.899124668709072204e-21
8.000000000000000167e-03 5.112959282610616274e-01 1.535076813898404169e-01 2.072962874935680918e-17 4.650881018579896570e-20
8.500000000000000611e-03 4.304495792381744512e-01 1.807460925669388818e-01 5.967266179654524903e-17 2.634456132630203628e-19
9.000000000000001055e-03 3.575494195562647359e-01 2.002519078084566417e-01 1.462156565362241334e-16 1.036731833275143255e-18
9.500000000000001499e-03 2.953224423137020271e-01 2.094407104800984909e-01 3.134869190784654644e-16 3.077537671226911931e-18
1.000000000000000021e-02 2.442155002752172399e-01 2.086820867687304015e-01 6.002091223573002933e-16 7.225355367223877692e-18
1.050000000000000065e-02 2.032139258203381760e-01 1.972882131010745277e-01 1.045451242772599397e-15 1.396995013777453413e-17
1.100000000000000110e-02 1.706494030069226620e-01 1.760165643552509818e-01 1.692623867461298459e-15 1.825854196661622603e-17
1.150000000000000154e-02 1.448042822013660413e-01 1.424637079706579379e-01 2.654769942619750225e-15 2.016789624204576091e-17
1.200000000000000198e-02 1.241905461873511890e-01 9.573284750803105758e-02 2.574465626863999237e-15 1.313981381563855734e-17
1.250000000000000069e-02 1.076159016827568649e-01 5.129952020976526195e-02 3.218626645818977459e-15 1.674813227950722962e-18
1.300000000000000114e-02 9.416178561985201478e-02 2.525889653333857413e-02 4.422187815970483287e-15 3.152208590256080800e-18
1.350000000000000158e-02 8.313186045352104203e-02 1.350259004368751549e-02 5.513096793365166410e-15 5.144552179657702799e-17
1.400000000000000203e-02 7.400110969022245799e-02 8.512077375487165504e-03 6.118855339002346000e-15 1.772489131295539651e-16
1.450000000000000247e-02 6.636641086842241799e-02 5.977668110035002161e-03 6.428288195128931925e-15 4.239341088526971841e-16
1.499999999999999944e-02 5.992674059346198012e-02 4.598325928205115529e-03 6.038276934185431435e-15 8.718855235147067250e-16
1.550000000000000162e-02 5.443137072020425710e-02 3.799771066579264202e-03 5.200844692199889566e-15 1.447293977761224553e-15
1.600000000000000033e-02 4.975549438476049857e-02 3.319729981197735470e-03 4.161983104160929744e-15 2.269235393664926490e-15
1.650000000000000078e-02 4.561592795008258261e-02 3.138290708283721780e-03 2.833736470228075482e-15 3.254153231733890676e-15
1.700000000000000122e-02 4.198734563842047851e-02 3.099063548236294461e-03 1.673068556008724971e-15 4.341497074357503338e-15
1.750000000000000167e-02 3.871878999875107141e-02 3.222972672351888303e-03 7.370478133801581593e-16 5.614271477058811932e-15
1.800000000000000211e-02 3.562956640532279756e-02 3.595096147936930383e-03 1.242860911464299911e-16 6.886952644287679050e-15
1.850000000000000255e-02 3.252350377899925621e-02 4.338393353143541603e-03 1.788504784769393289e-17 7.719456528314080439e-15
1.900000000000000300e-02 2.853753363971443802e-02 6.258597537968407093e-03 3.215595014613276856e-16 8.890366390398473365e-15
1.950000000000000344e-02 2.229369202371905487e-02 1.068802046865543164e-02 9.906696537180415154e-16 1.021934744267272263e-14
2.000000000000000042e-02 1.002742082696317719e-02 2.135450611409369162e-02 2.167364263504301383e-15 1.107036678537716687e-14
