# time 1 2 D-1 D
0.000000000000000000e+00 9.999999564854666900e-01 2.544530634950572129e-08 7.087239112099889506e-35 3.477259226526179235e-36
2.500000000000000052e-04 9.990189159685315401e-01 1.262500985627823211e-05 3.935693823031799064e-29 1.117263213529321985e-24
5.000000000000000104e-04 9.956798957011900875e-01 2.554172123430680126e-04 6.325715510510072325e-25 6.053269834209857598e-21
7.500000000000001240e-04 9.887979226589627135e-01 1.651160433585705575e-03 3.146670431377991559e-22 1.024434021376405359e-18
1.000000000000000021e-03 9.758012950604497693e-01 6.614275731989987910e-03 3.102308154059064252e-20 4.163425106352431058e-17
1.250000000000000026e-03 9.518214854604954978e-01 2.015216388554924923e-02 1.235632442591033309e-18 7.709168544140633923e-16
1.500000000000000248e-03 9.094099377878377410e-01 5.021334727946046711e-02 2.572570451213625553e-17 8.661556877170515328e-15
1.750000000000000253e-03 8.411410371800761565e-01 1.037827700093759409e-01 3.410237433067962340e-16 6.890180926619413055e-14
2.000000000000000042e-03 7.464627616096795037e-01 1.644775974978417432e-01 3.011814619632199008e-15 4.261107764366015182e-13
2.250000000000000264e-03 6.365670041511753974e-01 1.631745458024446149e-01 1.845187271044793268e-14 2.178421354401000205e-12
2.500000000000000052e-03 5.283997512894534898e-01 1.321026294178479776e-01 6.782007397729335915e-14 9.600880575671788302e-12
2.750000000000000274e-03 4.341519168841462828e-01 1.160884463954599821e-01 8.620867843617553679e-14 3.746223568158189355e-11
3.000000000000000496e-03 3.579532253299045341e-01 1.065645415892542969e-01 1.642017813145346436e-13 1.303550535371694194e-10
3.250000000000000284e-03 2.987050650483489833e-01 9.834198506426954089e-02 1.294306523268056643e-11 3.959886527313971993e-10
3.500000000000000507e-03 2.533745543343143281e-01 8.934447916257738653e-02 1.401740148265771805e-10 1.017972149032904283e-09
3.749999999999999861e-03 2.187846870559332635e-01 7.908321378576801952e-02 7.482663522523658827e-10 2.238895538972131079e-09
4.000000000000000083e-03 1.922603469877519067e-01 6.843182914938208961e-02 2.693142777932538206e-09 4.366985777637599727e-09
4.250000000000000305e-03 1.717371019431947476e-01 5.895794419858096935e-02 7.435323280195803634e-09 7.741877087979407672e-09
4.500000000000000527e-03 1.556814181057224189e-01 5.117229463374532716e-02 1.589161758437901656e-08 1.264739152046277555e-08
4.750000000000000749e-03 1.429709801629819310e-01 4.475003071334542060e-02 9.901485927842962113e-09 1.925139998872697408e-08
5.000000000000000104e-03 1.327867256840638832e-01 4.007190147428884436e-02 1.697267350221957307e-08 2.758479116070477321e-08
5.250000000000000326e-03 1.245287050322255173e-01 3.611692305896829769e-02 3.225208244837323404e-08 3.755013538862075645e-08
5.500000000000000548e-03 1.177542889974085988e-01 3.318004867287521753e-02 3.958682504880547215e-08 4.894874108798610716e-08
5.750000000000000770e-03 1.121340201919737434e-01 3.056666231116338811e-02 4.346369898591753260e-08 6.151612506337670899e-08
6.000000000000000992e-03 1.074203637050784449e-01 2.824125157988562410e-02 4.559908845465396574e-08 7.495741927423193139e-08
6.250000000000000347e-03 1.034255726884672072e-01 2.632900783023488928e-02 4.720377595522983378e-08 8.897735650298647878e-08
6.500000000000000569e-03 1.000059282911771597e-01 2.439312820534612208e-02 4.843396861067881109e-08 1.033024399753724530e-07
6.750000000000000791e-03 9.705045639329057394e-02 2.294669113931058560e-02 4.925703124970508346e-08 1.176947684580908116e-07
7.000000000000001013e-03 9.447275823158000907e-02 2.179426145075565729e-02 4.986757549309811972e-08 1.319588373620843916e-07
7.250000000000001235e-03 9.220504364843784550e-02 2.049562067045949607e-02 5.017409906610669790e-08 1.459425709782115904e-07
7.499999999999999722e-03 9.019372790520054084e-02 1.966233476668463598e-02 5.026209544925114529e-08 1.595346367250578556e-07
7.750000000000000812e-03 8.839615445318843578e-02 1.876426125081352356e-02 5.037437424143093095e-08 1.726596606098242785e-07
8.000000000000000167e-03 8.677813466033237888e-02 1.820790976041301162e-02 5.056555824425630591e-08 1.852723493683791435e-07
8.250000000000000389e-03 8.531208520065007572e-02 1.757628824418229138e-02 5.055651820257793414e-08 1.973514467404482848e-07
8.500000000000000611e-03 8.397560492905499496e-02 1.712039225505049278e-02 5.082938172065470219e-08 2.088942611785520420e-07
8.750000000000000833e-03 8.275038994039753126e-02 1.668118759170159754e-02 5.076005200108636205e-08 2.199115164942117578e-07
9.000000000000001055e-03 8.162138865335549776e-02 1.634647746542564756e-02 5.106770812441115769e-08 2.304235077307034383e-07
9.250000000000001277e-03 8.057615803120600495e-02 1.605147994781593729e-02 5.145674839909510544e-08 2.404573084530321831e-07
9.500000000000001499e-03 7.960433079934189915e-02 1.577110892218360622e-02 5.167033823684930552e-08 2.500433071304862854e-07
9.750000000000001721e-03 7.869721326848039267e-02 1.557388996498922443e-02 5.232168911869090240e-08 2.592126789092335707e-07
1.000000000000000021e-02 7.784750049028460461e-02 1.541933033113251222e-02 5.298902965066605831e-08 2.679974128033219707e-07
