# time 1 2 D-1 D
0.000000000000000000e+00 9.999999722535184432e-01 1.313647492104798306e-08 1.183017514667549934e-34 2.200525424739322482e-35
2.500000000000000052e-04 9.999989604212076166e-01 6.611892512502001549e-08 1.249467714367865656e-20 2.447494910898322240e-22
5.000000000000000104e-04 9.999839697284657047e-01 1.660208521786228366e-06 1.517528238113108473e-19 2.569522572100673682e-23
7.500000000000001240e-04 9.999197697544792707e-01 1.191837647965773126e-05 1.120773489857426113e-21 7.899266633518329589e-20
1.000000000000000021e-03 9.997425687580858700e-01 5.300211820116439019e-05 5.148200197114105431e-19 4.981412423844783377e-19
1.250000000000000026e-03 9.993405906209972267e-01 1.818613474121252036e-04 1.424301376401843678e-18 1.707188709685110479e-18
1.500000000000000248e-03 9.985120163449282549e-01 5.278995189238491715e-04 7.206984492222362949e-19 6.463886436219274223e-18
1.750000000000000253e-03 9.968905390840393510e-01 1.356772092959094645e-03 1.517020130618029722e-17 2.950549452374124144e-17
2.000000000000000042e-03 9.938323496417575953e-01 3.169868406122882450e-03 7.012400882659381018e-16 1.618499106459909215e-16
2.250000000000000264e-03 9.882763950101013384e-01 6.810804742907137881e-03 1.345473271957051762e-14 1.063845996235646333e-15
2.500000000000000052e-03 9.786340786698772831e-01 1.352796837869940649e-02 2.109815948653557793e-13 7.049634241106494326e-15
2.750000000000000274e-03 9.628360856521799294e-01 2.483778884215084165e-02 3.341904763437421059e-12 4.186977987844116446e-14
3.000000000000000496e-03 9.387094910245153967e-01 4.187228166151907294e-02 3.434606430481755403e-11 2.149001572023449314e-13
3.250000000000000284e-03 9.047364608212105086e-01 6.444664836922796292e-02 1.047482784829198561e-10 9.438285406676283710e-13
3.500000000000000507e-03 8.608684101668645505e-01 8.980392273758595889e-02 2.448426725007591638e-10 3.541018244137106579e-12
3.749999999999999861e-03 8.087558183940508627e-01 1.132872480015697098e-01 4.873505641398352623e-10 1.144893566519395177e-11
4.000000000000000083e-03 7.510975338525351930e-01 1.318899364954780606e-01 8.505271471761124877e-10 3.233707955104635512e-11
4.250000000000000305e-03 6.906258031290103405e-01 1.478405281413312233e-01 1.327464789922583258e-09 8.081668574538032533e-11
4.500000000000000527e-03 6.294959339370057583e-01 1.647085781357271184e-01 1.883147447708756924e-09 1.809794219554443758e-10
4.750000000000000749e-03 5.692995005913007445e-01 1.840596012425570471e-01 2.460945273436315150e-09 3.675597961789742066e-10
5.000000000000000104e-03 5.113259786395952800e-01 2.053065103731459284e-01 2.989924748998564501e-09 6.842833050530086056e-10
5.250000000000000326e-03 4.567254747486321209e-01 2.264912411092235844e-01 3.405833430382340035e-09 1.179217305002389391e-09
5.500000000000000548e-03 4.064477800769900062e-01 2.433752511531643847e-01 3.652347365147724381e-09 1.895515429954729022e-09
5.750000000000000770e-03 3.610667549284284905e-01 2.474103150309678034e-01 3.701376228989671519e-09 2.865043163351643485e-09
6.000000000000000992e-03 3.207234161937247974e-01 2.235725302846192641e-01 3.541842451716581129e-09 4.099957434285048176e-09
6.250000000000000347e-03 2.851922986086458112e-01 1.688192025145199004e-01 3.194575685020288729e-09 5.583025901313322350e-09
6.500000000000000569e-03 2.540251475908082979e-01 1.121380419610524815e-01 2.688599809736447624e-09 7.279228244983425200e-09
6.750000000000000791e-03 2.266919946139727693e-01 7.562005186619200070e-02 2.078390711811252111e-09 9.129603322967702656e-09
7.000000000000001013e-03 2.026783171035112241e-01 5.492774937177603151e-02 1.429631435747325461e-09 1.106041593760985072e-08
7.250000000000001235e-03 1.815333401555832005e-01 4.321376315114986572e-02 8.205890168242235009e-10 1.299877712825687971e-08
7.499999999999999722e-03 1.628826832852449391e-01 3.616583128894914484e-02 3.303029680763525899e-10 1.487568103470685528e-08
7.750000000000000812e-03 1.464162151274454871e-01 3.196298744308318646e-02 4.287768796386435129e-11 1.663700552408882834e-08
8.000000000000000167e-03 1.319328615337354849e-01 2.880601038069124237e-02 3.835209483323626843e-11 1.824591632078956162e-08
8.250000000000000389e-03 1.191546761626089551e-01 2.669708320320662506e-02 3.887974997021262341e-10 1.968201932776236017e-08
8.500000000000000611e-03 1.079330641123559947e-01 2.507031378497373217e-02 1.151401845973315120e-09 2.094107786264774497e-08
8.750000000000000833e-03 9.820256936515088519e-02 2.359348331134302271e-02 2.361766509921579729e-09 2.203261303483477445e-08
9.000000000000001055e-03 8.993604252261530596e-02 2.202072189996686150e-02 4.040546049433410700e-09 2.296614648898152479e-08
9.250000000000001277e-03 8.325320888337257863e-02 2.000678409325789414e-02 6.167458246858475133e-09 2.377163021305942887e-08
9.500000000000001499e-03 7.857795736143680099e-02 1.694660767540435986e-02 8.732674137066906090e-09 2.444967211923260132e-08
9.750000000000001721e-03 7.878745819344162848e-02 9.815254521598929666e-03 1.167358754956751281e-08 2.502999878805405884e-08
1.000000000000000021e-02 7.938202792335721791e-02 2.990931666958007110e-03 1.493881593829387466e-08 2.552687208481450397e-08
