# time 1 2 D-1 D
0.000000000000000000e+00 9.999999380303749019e-01 3.521854257415726535e-08 3.922741426181757081e-35 8.394338320691382511e-37
2.500000000000000486e-03 9.999981611377271040e-01 1.409952753655747427e-08 1.950036973001447411e-29 8.235849257400671558e-32
5.000000000000000971e-03 9.999701153206913551e-01 2.923166941742712962e-07 3.885557395996682240e-25 8.551741235107410252e-27
7.500000000000001457e-03 9.998485986048062379e-01 2.277583267437132935e-06 1.699472337986153759e-22 5.311983882097759734e-24
1.000000000000000194e-02 9.995111073975243565e-01 1.159444025239579924e-05 9.928974381816033303e-22 1.031249832154159185e-22
1.250000000000000069e-02 9.987444032055116105e-01 4.714495260881095370e-05 1.377883893891636747e-20 1.664834760869910636e-21
1.500000000000000291e-02 9.971649676661210604e-01 1.684231310546155207e-04 8.130456271852163495e-20 1.206512015342808943e-20
1.750000000000000167e-02 9.940451416679618735e-01 5.569885639195088682e-04 3.354865661792049189e-19 6.761926934186888396e-20
2.000000000000000389e-02 9.879079809246779087e-01 1.762244209353727329e-03 1.273391418754342356e-18 3.243439963038268217e-19
2.250000000000000264e-02 9.755001092791366624e-01 5.454555877345822548e-03 5.395898609714264597e-18 1.404020891713552876e-18
2.500000000000000139e-02 9.490316029288866639e-01 1.672481425909655428e-02 2.999687024318325773e-17 5.898277053463633545e-18
2.750000000000000361e-02 8.893568903437589768e-01 5.018238750163602629e-02 1.684700303924935759e-16 2.495007655089605235e-17
3.000000000000000583e-02 7.604918082925016254e-01 1.344956651554829463e-01 7.685979088678594553e-16 1.011787226928891822e-16
3.250000000000000111e-02 5.582155264967793018e-01 2.632588257435787282e-01 3.160902168325625918e-15 3.648553084283158181e-16
3.500000000000000333e-02 3.717964702400712307e-01 3.366110197056728093e-01 1.123360404480570220e-14 1.120031078800549597e-15
3.750000000000000555e-02 2.507465056190946728e-01 3.080014337757221443e-01 3.396845864914960559e-14 2.904825145741594329e-15
4.000000000000000777e-02 1.784563532693245469e-01 2.306327625266140768e-01 8.866256998957427758e-14 6.405652776000591725e-15
4.250000000000000999e-02 1.338446262181341440e-01 1.601662485093978683e-01 2.033506606180220515e-13 1.219373478716199023e-14
4.500000000000000527e-02 1.049295462266387896e-01 1.139567677588549516e-01 4.201587544913658408e-13 2.039366359683774248e-14
4.750000000000000749e-02 8.534854271445228846e-02 6.455357731161446601e-03 8.119529036156460864e-13 3.048497178189805388e-14
5.000000000000000278e-02 7.159186867353284356e-02 4.149065345385913317e-02 1.347546013289661397e-12 4.132412806832998539e-14
5.250000000000000500e-02 6.162428773343588129e-02 3.398068802579796294e-02 1.010277446769763333e-12 5.141386454218657765e-14
5.500000000000000722e-02 5.421137343379026086e-02 2.974222351613410587e-02 1.088754760844311876e-12 5.928207216350220806e-14
5.750000000000000944e-02 4.857498460952115044e-02 2.661397214702550598e-02 1.368746576281274133e-12 6.380672977086723759e-14
6.000000000000001166e-02 4.420791577682315482e-02 2.419201563519552886e-02 1.643360436327220083e-12 6.441205568278023225e-14
6.250000000000000000e-02 4.076968895065601062e-02 2.222754625802659742e-02 1.983919459240756506e-12 6.119354227805453212e-14
6.500000000000000222e-02 3.802563029737544842e-02 2.049240578357295131e-02 2.333471933364017834e-12 5.456704020814611619e-14
6.750000000000000444e-02 3.581011260982887301e-02 1.905897359196403323e-02 2.701907075603758718e-12 4.544901134471433638e-14
7.000000000000000666e-02 3.400366344152960102e-02 1.783608624406323936e-02 3.039897019114916803e-12 3.495097742654743455e-14
7.250000000000000888e-02 3.251836331901979127e-02 1.663379606692005561e-02 3.376121278768716747e-12 2.425146984071876395e-14
7.500000000000001110e-02 3.128830178487863184e-02 1.556300585527539866e-02 3.695827886806159455e-12 1.450115913558206112e-14
7.750000000000001332e-02 3.026321007439043004e-02 1.457561666577905993e-02 3.994812512195927372e-12 6.646417380048412504e-15
8.000000000000001554e-02 2.940414580184602666e-02 1.367433835160436310e-02 4.228132475973228774e-12 1.583851813539849189e-15
8.250000000000001776e-02 2.868051813213252227e-02 1.278615756841210843e-02 4.477026476854770309e-12 3.532805188068528839e-17
8.500000000000001998e-02 2.806798695839578944e-02 1.196609583353425675e-02 4.686859384386520986e-12 2.441722015559926170e-15
8.750000000000000833e-02 2.754697839467532688e-02 1.122214797673224025e-02 4.838308017719055557e-12 9.233862877207002467e-15
9.000000000000001055e-02 2.710162650961369865e-02 1.049448101736649014e-02 5.000343055152800276e-12 2.050535447667559122e-14
9.250000000000001277e-02 2.671897872260546591e-02 9.851106398578789863e-03 5.166165922814353813e-12 3.626481469126052798e-14
9.500000000000001499e-02 2.638840921334679318e-02 9.237792947499007951e-03 5.308589277057432935e-12 5.668528050449659264e-14
9.750000000000001721e-02 2.610117354682608623e-02 8.659410766117507305e-03 5.376610490569924462e-12 8.191949466390881743e-14
1.000000000000000056e-01 2.585007063219272455e-02 8.138305008594567957e-03 5.505033994482646251e-12 1.109054743019463675e-13
