# time 1 2 D-1 D
0.000000000000000000e+00 9.999999380303749019e-01 3.521854257415726535e-08 3.922741426181757081e-35 8.394338320691382511e-37
1.250000000000000243e-03 9.999976085760822198e-01 1.999754396658586548e-08 3.717499044576860466e-29 1.672539272062423748e-31
2.500000000000000486e-03 9.999618419875543340e-01 4.199852928774986169e-07 4.269621951965041865e-25 1.000208805809634903e-26
3.750000000000000729e-03 9.998108683159491195e-01 3.211207540766461152e-06 1.958797645365692521e-22 6.019581455710620495e-24
5.000000000000000971e-03 9.994036036511777521e-01 1.593174890454597268e-05 6.171965477485490613e-22 7.168002242385539981e-23
6.250000000000000347e-03 9.985049043237949062e-01 6.284082212593936241e-05 1.468392029300744143e-20 1.915543640876145097e-21
7.500000000000001457e-03 9.967016405816382374e-01 2.168932463175460431e-04 9.677508280329655065e-20 1.467937540120463175e-20
8.750000000000000833e-03 9.932178339586206217e-01 6.908353618403161684e-04 4.098649156260603328e-19 8.424055541665395252e-20
1.000000000000000194e-02 9.864894590229879023e-01 2.101597765412873027e-03 1.591134013045107093e-18 4.099443914843979464e-19
1.125000000000000132e-02 9.731051506630334913e-01 6.256566358933969216e-03 6.656085652325142442e-18 1.760707139370629409e-18
1.250000000000000069e-02 9.450060256853627383e-01 1.850030343063988059e-02 3.481964065296434986e-17 7.081937706442081099e-18
1.375000000000000180e-02 8.826948549884171547e-01 5.379954740964902615e-02 1.798890553558291692e-16 2.773848765904802788e-17
1.500000000000000291e-02 7.502835002467099779e-01 1.407722229698988026e-01 7.634249400615434630e-16 1.039375035657165331e-16
1.625000000000000056e-02 5.452917927454100644e-01 2.713565076345491600e-01 2.981784041262732186e-15 3.519423495429612333e-16
1.750000000000000167e-02 3.584977403573628707e-01 3.442837188480507016e-01 1.023230159253357820e-14 1.031638039368728944e-15
1.875000000000000278e-02 2.383988413342245094e-01 3.141305329034714822e-01 3.017037986562870894e-14 2.577449551168778472e-15
2.000000000000000389e-02 1.673323501021884430e-01 2.352376595432522366e-01 7.746333769225680073e-14 5.514538531346948577e-15
2.125000000000000500e-02 1.238525090789406174e-01 1.635965675550206944e-01 1.760835467583790403e-13 1.023406310397463615e-14
2.250000000000000264e-02 9.589451974690321734e-02 1.165193448388865266e-01 3.625917930614936609e-13 1.670370632778753002e-14
2.375000000000000375e-02 7.709709767949107784e-02 5.642680258640846332e-03 7.011964919017760701e-13 2.430863058046640596e-14
2.500000000000000139e-02 6.397412971009405758e-02 3.974108459988551223e-02 1.170693845395136556e-12 3.192505044837900037e-14
2.625000000000000250e-02 5.451696267825884706e-02 3.235804816989214239e-02 8.852938484399663021e-13 3.820201392639670365e-14
2.750000000000000361e-02 4.751487593775570450e-02 2.821731553713811153e-02 9.605581912667279351e-13 4.192478254558914260e-14
2.875000000000000472e-02 4.220929675202488712e-02 2.517869232537391436e-02 1.215029378285551666e-12 4.233188303245943296e-14
3.000000000000000583e-02 3.810867546590655103e-02 2.284229073134945096e-02 1.468366766771820875e-12 3.929900130489159430e-14
3.125000000000000000e-02 3.488490571826802222e-02 2.096194874747773010e-02 1.784719470322547478e-12 3.335814174406655846e-14
3.250000000000000111e-02 3.231308109361115399e-02 1.931301360106110754e-02 2.113583838998203582e-12 2.534020504478210650e-14
3.375000000000000222e-02 3.023531211579794792e-02 1.796377717151039985e-02 2.464819182501631021e-12 1.660597274084665032e-14
3.500000000000000333e-02 2.853829348478054140e-02 1.682299225120389985e-02 2.792464025490904127e-12 8.552720619278337179e-15
3.625000000000000444e-02 2.713905807214375340e-02 1.570664375213779926e-02 3.123710309689732633e-12 2.619221837532771308e-15
3.750000000000000555e-02 2.597570744082497440e-02 1.471918048308971071e-02 3.443758395992014830e-12 3.578295764235443982e-17
3.875000000000000666e-02 2.500125053148291587e-02 1.381339937403833207e-02 3.747911541877614295e-12 1.851186482580820628e-15
4.000000000000000777e-02 2.417944570842930907e-02 1.298963222719160503e-02 3.994334134122348899e-12 8.830454501269956133e-15
4.125000000000000888e-02 2.348193487358678569e-02 1.217820408499639684e-02 4.257085281331677513e-12 2.152808583928634740e-14
4.250000000000000999e-02 2.288624566351501674e-02 1.143082610859465394e-02 4.482373552922251837e-12 4.033942952877124670e-14
4.375000000000000416e-02 2.237437776932583652e-02 1.075328410940572937e-02 4.653984073329048165e-12 6.522130219845542079e-14
4.500000000000000527e-02 2.193178825361109460e-02 1.008996488123983619e-02 4.837844479976699108e-12 9.619533737022899190e-14
4.625000000000000638e-02 2.154664642263745544e-02 9.503497431334996873e-03 5.025058610221115396e-12 1.331876129360913668e-13
4.750000000000000749e-02 2.120928382353129762e-02 8.943242903350811374e-03 5.188133680367783131e-12 1.757869446528469429e-13
4.875000000000000860e-02 2.091177248381263093e-02 8.414279416583838808e-03 5.280358823975581702e-12 2.235317072849902869e-13
5.000000000000000278e-02 2.064813760951356852e-02 7.936828455332108762e-03 5.434077656748676682e-12 2.765084524100482336e-13
