# time 1 2 D-1 D
0.000000000000000000e+00 9.999999674389994375e-01 2.272763160467513395e-08 7.259853110678446580e-35 2.371677402219047276e-34
2.500000000000000486e-03 9.994626254764793494e-01 3.211225998917492037e-07 6.627827264481308681e-17 6.184183810065719551e-23
5.000000000000000971e-03 9.976419235496386539e-01 6.056906260023159393e-06 1.956062587741060673e-14 4.177746966239679607e-19
7.500000000000001457e-03 9.940646948303086816e-01 3.713739466272223522e-05 5.581447786682117038e-13 8.699137734886169098e-17
1.000000000000000194e-02 9.880527711735028751e-01 1.387672000800165006e-04 5.982324213747350708e-12 4.167669380228313158e-15
1.250000000000000069e-02 9.787414449103348790e-01 3.961824640931245218e-04 3.656682354365514293e-11 8.550348227607366842e-14
1.500000000000000291e-02 9.651076170660704001e-01 9.474752549603315246e-04 1.530550968489443020e-10 9.759320651746485671e-13
1.750000000000000167e-02 9.460110303233297824e-01 2.013265870051416089e-03 4.829400286028293054e-10 7.020983257958561649e-12
2.000000000000000389e-02 9.202551106483810583e-01 3.867372162648484088e-03 1.214904763278299285e-09 3.400579431118605339e-11
2.250000000000000264e-02 8.866748250011295962e-01 6.926251799077198096e-03 2.515077441886505881e-09 1.162552632650155175e-10
2.500000000000000139e-02 8.442570250749485972e-01 1.163711448014223895e-02 4.316028317183596422e-09 2.947130278945523848e-10
2.750000000000000361e-02 7.922910364121615867e-01 1.860141473332704160e-02 6.002144379784366201e-09 5.850310409925684233e-10
3.000000000000000583e-02 7.305397631045833506e-01 2.842092592099150841e-02 7.078156969915756447e-09 9.588382301809957455e-10
3.250000000000000111e-02 6.594722632604426149e-01 4.161168634087341472e-02 7.976932403821744020e-09 1.357742815622416948e-09
3.500000000000000333e-02 5.802070984821847688e-01 5.862122395803401331e-02 8.922069984582310826e-09 1.722096055042129531e-09
3.750000000000000555e-02 4.952429290736220513e-01 7.878061175804017269e-02 9.039802115342764374e-09 2.011350942578369261e-09
4.000000000000000777e-02 4.082487428401905261e-01 1.003469680460216118e-01 8.396652386202997021e-09 2.209100042738259331e-09
4.250000000000000999e-02 3.231846223775416971e-01 1.210421784919892968e-01 7.807990451710666354e-09 2.318268635376079648e-09
4.500000000000000527e-02 2.455382810676444427e-01 1.360648957506536971e-01 7.393297167839023433e-09 2.352812023535412711e-09
4.750000000000000749e-02 1.789576486932471511e-01 1.419908828578301252e-01 7.010530638501755201e-09 2.330786114606105831e-09
5.000000000000000278e-02 1.255037461867804793e-01 1.375974363909015230e-01 6.654537688349365953e-09 2.269813035448697111e-09
5.250000000000000500e-02 8.518183685502331293e-02 1.256207276942016837e-01 6.362896245306216205e-09 2.184808976786050147e-09
5.500000000000000722e-02 5.646269314739691542e-02 1.104736993598751243e-01 6.061346346038432733e-09 2.087244281023534638e-09
5.750000000000000944e-02 3.693348862832934731e-02 9.521778808761072188e-02 5.804109374045064584e-09 1.985348523630089147e-09
6.000000000000001166e-02 2.409630010114102716e-02 8.109203707217028934e-02 5.578262635234650440e-09 1.884691448795631728e-09
6.250000000000000000e-02 1.579417088807047453e-02 6.862242695172789120e-02 5.364438542778465190e-09 1.788697415665338175e-09
6.500000000000000222e-02 1.045233241044298336e-02 5.762533052267824335e-02 5.186372995922411386e-09 1.699323983790808923e-09
6.750000000000000444e-02 7.000252435186321218e-03 4.853807612388007231e-02 5.031886403064466119e-09 1.617525568321240474e-09
7.000000000000000666e-02 4.747658308492600475e-03 4.061306191053826870e-02 4.901496700893613827e-09 1.543589261845241479e-09
7.250000000000000888e-02 3.259562996887930414e-03 3.409301457509885530e-02 4.800038948997648153e-09 1.477380847417475728e-09
7.500000000000001110e-02 2.263484239460393857e-03 2.863114360447366682e-02 4.713275799048877113e-09 1.418511842841524453e-09
7.750000000000001332e-02 1.588032608184462499e-03 2.401172815774971214e-02 4.635639919063683644e-09 1.366461492952880180e-09
8.000000000000001554e-02 1.124350855753056180e-03 2.022729239469217219e-02 4.581650088391469111e-09 1.320646761538611800e-09
8.250000000000001776e-02 8.024295152057309534e-04 1.702583065158632183e-02 4.543090822074065437e-09 1.280472035692459662e-09
8.500000000000001998e-02 5.766285660286239647e-04 1.446883040899250850e-02 4.518391032625352547e-09 1.245418998483049934e-09
8.750000000000000833e-02 4.167867043933259929e-04 1.231786783870189930e-02 4.512539373451774752e-09 1.214908024428079349e-09
9.000000000000001055e-02 3.027079372536338486e-04 1.058519473114069229e-02 4.503919204508569484e-09 1.188383397278007339e-09
9.250000000000001277e-02 2.207004282740420418e-04 9.146635729872461262e-03 4.519244106122157132e-09 1.165547464273723998e-09
9.500000000000001499e-02 1.613746904880204562e-04 7.976639841669195055e-03 4.535029307823134249e-09 1.145908920142739499e-09
9.750000000000001721e-02 1.182229456922586681e-04 6.991959239378056287e-03 4.550949539902181244e-09 1.128947248679948438e-09
1.000000000000000056e-01 8.668985807414931501e-05 6.178927172605091535e-03 4.589460724597404386e-09 1.114479325919808146e-09
