# time 1 2 D-1 D
0.000000000000000000e+00 9.999999348483012973e-01 4.258534607676303081e-09 3.331714113521889577e-34 1.358229769021160396e-35
2.500000000000000486e-03 9.984678742381216665e-01 1.526659859924296923e-10 2.811298905110150649e-28 1.567986131795450608e-33
5.000000000000000971e-03 9.933802137674397903e-01 3.309790074365875429e-08 6.485811863733285221e-24 9.270499223867762815e-28
7.500000000000001457e-03 9.837395152341427140e-01 3.733937428803728577e-07 2.561200188338085159e-21 2.623031175392000624e-24
1.000000000000000194e-02 9.682690554556711016e-01 2.093746819066385856e-06 1.821626517824143503e-19 8.511348652823080846e-22
1.250000000000000069e-02 9.454921417447682552e-01 9.083158334685956470e-06 4.984368662933276749e-18 7.980814177044336682e-20
1.500000000000000291e-02 9.137870758858621656e-01 3.254143904720192728e-05 6.964611511875957486e-17 3.157004211708908983e-18
1.750000000000000167e-02 8.713928472586265350e-01 1.099669324771476996e-04 5.881446000017871525e-16 6.173990542497717891e-17
2.000000000000000389e-02 8.163382988931976447e-01 3.491561757416503336e-04 3.345116023016882311e-15 6.471650064047715853e-16
2.250000000000000264e-02 7.462621322247751099e-01 1.105145015722328690e-03 1.466693245789658348e-14 3.965925307338727439e-15
2.500000000000000139e-02 6.581712944111975938e-01 3.424261818917887987e-03 8.801811434654042245e-14 1.579958676436496758e-14
2.750000000000000361e-02 5.471979843478722572e-01 1.122108751090095981e-02 1.550682194213233024e-13 4.519318790223500527e-14
3.000000000000000583e-02 4.067846134116820944e-01 3.363185385073153011e-02 2.809587881696128570e-13 1.004572808443532744e-13
3.250000000000000111e-02 2.426365040752402058e-01 7.466672847316119244e-02 4.580253879001288114e-13 1.842458157916316876e-13
3.500000000000000333e-02 1.189786558192024030e-01 8.686070236721775417e-02 6.626341668928169140e-13 2.916309671564083722e-13
3.750000000000000555e-02 5.870964839461443457e-02 6.233110175365087768e-02 8.865159958894709006e-13 4.122011137126163712e-13
4.000000000000000777e-02 3.104077011981241224e-02 3.546151334014698703e-02 1.098671652143594276e-12 5.340908339390701386e-13
4.250000000000000999e-02 1.731613052735576225e-02 1.823022911739050067e-02 1.299372191323028051e-12 6.472254016853722484e-13
4.500000000000000527e-02 9.924534350232310648e-03 9.161490563622809447e-03 1.480459942769336088e-12 7.450050591312820656e-13
4.750000000000000749e-02 5.805862141861813271e-03 4.655352052722568253e-03 1.615962793759353755e-12 8.242625461272415699e-13
5.000000000000000278e-02 3.442047097517234901e-03 2.435821047823937425e-03 1.739528041402638573e-12 8.852863977532326583e-13
5.250000000000000500e-02 2.070386023911638309e-03 1.310947370180372273e-03 1.802985903363680514e-12 9.297372898221592029e-13
5.500000000000000722e-02 1.264618365378692268e-03 7.210232250163648056e-04 1.901831628624017522e-12 9.602618832999640540e-13
5.750000000000000944e-02 7.760461539820279371e-04 4.105134667870108368e-04 1.952478169931886130e-12 9.798162262400943928e-13
6.000000000000001166e-02 4.800737654249507126e-04 2.393866773879594061e-04 1.986585138678311856e-12 9.910627647225028366e-13
6.250000000000000000e-02 2.985821528451884730e-04 1.429430934007102651e-04 2.039203004081262442e-12 9.962261392225919922e-13
6.500000000000000222e-02 1.867056249792167712e-04 8.692505253006474226e-05 2.061239812572785131e-12 9.971952705613033246e-13
6.750000000000000444e-02 1.168049003425863079e-04 5.410276010366180674e-05 2.146505311848544810e-12 9.954950842170667033e-13
7.000000000000000666e-02 7.302086163620296786e-05 3.436503500646703171e-05 2.174475409944774886e-12 9.922688434788878290e-13
7.250000000000000888e-02 4.581431345605000116e-05 2.194923936810485880e-05 2.187452104817097540e-12 9.880675614696520917e-13
7.500000000000001110e-02 2.857477876145237650e-05 1.430436781632016399e-05 2.240077577262232040e-12 9.842079911549322244e-13
7.750000000000001332e-02 1.764218594148486027e-05 9.529968490902661907e-06 2.288936752244120283e-12 9.806174468656982129e-13
8.000000000000001554e-02 1.086685060876280533e-05 6.358858512864110475e-06 2.316715606126755275e-12 9.775167275497044551e-13
8.250000000000001776e-02 6.631600341259123926e-06 4.285844736205027054e-06 2.353871461660698427e-12 9.754729054236230856e-13
8.500000000000001998e-02 3.994757438404582153e-06 2.921978128627855128e-06 2.377845377317830119e-12 9.746560689441781866e-13
8.750000000000000833e-02 2.335179318158457250e-06 2.047733916180359253e-06 2.439556816969079069e-12 9.742545746499778263e-13
9.000000000000001055e-02 1.360917538837795896e-06 1.420664520490679465e-06 2.486689138496066909e-12 9.752209981655530438e-13
9.250000000000001277e-02 7.670490599475637978e-07 1.004971820151725164e-06 2.530152275980457199e-12 9.777353009599105317e-13
9.500000000000001499e-02 4.172515866937551258e-07 7.194714173036911974e-07 2.622488419732254119e-12 9.807576351311724287e-13
9.750000000000001721e-02 2.209653739891344471e-07 5.160736454905518543e-07 2.644645886254682914e-12 9.838909624437635438e-13
1.000000000000000056e-01 1.119551843205257555e-07 3.730297969073640868e-07 2.754876533602067360e-12 9.859496532358185298e-13
