# time 1 2 D-1 D
0.000000000000000000e+00 9.999999340770520107e-01 1.935924904377507115e-08 3.729095115865429565e-35 1.538925291261624171e-35
1.250000000000000243e-03 9.999878893408712388e-01 8.984050742880696076e-06 4.201290677863684565e-33 1.226983069686967085e-33
2.500000000000000486e-03 9.997506231704494928e-01 1.906859179675308004e-04 1.119408013647924386e-27 1.822860141335764354e-28
3.750000000000000729e-03 9.983329999678196565e-01 1.293669713459346402e-03 9.449877743965340623e-26 2.484793310080416586e-27
5.000000000000000971e-03 9.930808797960836154e-01 5.398569301502557059e-03 8.563597455457214591e-25 1.727364339723940220e-26
6.250000000000000347e-03 9.783710081862817542e-01 1.668134437074770410e-02 4.035163641979485048e-24 1.229569703076434256e-26
7.500000000000001457e-03 9.455002154683557203e-01 4.117197982234734044e-02 1.274088626835222421e-23 2.871040253973281221e-27
8.750000000000000833e-03 8.870797657988855889e-01 8.168369999498920064e-02 2.748883363494576675e-23 8.745891358174619240e-26
1.000000000000000194e-02 8.056763477266983831e-01 1.316277008484187105e-01 4.233471460584067697e-23 1.136603422371518814e-24
1.125000000000000132e-02 7.156386810718633473e-01 1.798530799422793092e-01 5.560968004760644783e-23 1.374271001202427503e-23
1.250000000000000069e-02 6.326071933350657650e-01 2.286283090276753360e-01 1.348763392532616379e-22 1.389345658865118105e-22
1.375000000000000180e-02 5.645882586725137209e-01 1.159986161266378657e-01 1.104705323075849194e-21 8.793473538441407895e-22
1.500000000000000291e-02 5.124167319648165186e-01 7.465106418021343060e-02 1.198523403509184710e-20 2.821270987826439527e-21
1.625000000000000056e-02 4.736584303894009751e-01 6.529696408425281207e-02 9.530875257489158681e-20 1.483222840775290660e-21
1.750000000000000167e-02 4.452422587965620404e-01 6.026173903307231738e-02 5.089683915525416290e-19 1.337471074495980145e-20
1.875000000000000278e-02 4.244890949927627721e-01 5.648097297867521460e-02 2.077677529278172996e-18 2.314098933691134586e-19
2.000000000000000389e-02 4.093299549761251210e-01 5.339028602303767107e-02 7.253436922219128930e-18 1.186192546226774204e-18
2.125000000000000500e-02 3.982428441173648248e-01 5.062476508046324236e-02 2.226208367742600872e-17 3.728678783260571341e-18
2.250000000000000264e-02 3.901279224393799372e-01 4.809486366793640916e-02 5.998125993182176969e-17 8.434258533535670489e-18
2.375000000000000375e-02 3.841943414590071049e-01 4.577790503686292312e-02 1.428804638638450106e-16 1.451249159678239001e-17
2.500000000000000139e-02 3.798720725498977435e-01 4.351915930445764830e-02 3.162703074303585247e-17 1.936240668323766051e-17
2.625000000000000250e-02 3.767479590551252588e-01 4.137999289852962309e-02 5.232114250887633040e-18 1.841412038294074049e-17
2.750000000000000361e-02 3.745206582014462549e-01 3.935405315754790523e-02 6.429198751050108714e-17 1.043060736406775589e-17
2.875000000000000472e-02 3.729691237509164536e-01 3.741468991069856614e-02 2.445621618453145028e-16 2.119838147963107465e-18
3.000000000000000583e-02 3.719299270576765237e-01 3.559384777263849969e-02 6.054335892320338540e-16 1.281820433446666662e-17
3.125000000000000000e-02 3.712816506141816131e-01 3.373106508793190239e-02 1.167703351600455017e-15 7.141251479373120351e-17
3.250000000000000111e-02 3.709335793035768991e-01 3.206420440686482548e-02 1.963750395437148393e-15 2.200474563123508615e-16
3.375000000000000222e-02 3.708175288331401198e-01 3.037643727224903500e-02 2.882306971395285740e-15 4.925351440526267639e-16
3.500000000000000333e-02 3.708820636679289184e-01 2.878969856234766742e-02 3.888697805304689500e-15 9.006536644942378864e-16
3.625000000000000444e-02 3.710880412324918942e-01 2.727884070939028127e-02 4.839346429713115634e-15 1.478528694901198154e-15
3.750000000000000555e-02 3.714054986567004168e-01 2.577977462762003763e-02 5.674983825844215936e-15 2.161623728147402297e-15
3.875000000000000666e-02 3.718113075249322441e-01 2.439429426449907581e-02 6.381357382175443789e-15 2.960240306204470401e-15
4.000000000000000777e-02 3.722872738403200654e-01 2.313004146578031411e-02 6.723757874524547036e-15 3.827343022054802635e-15
4.125000000000000888e-02 3.728190527379843244e-01 2.187843878538098599e-02 6.700917109754021099e-15 4.641663474155177242e-15
4.250000000000000999e-02 3.733950617826614637e-01 2.070081685258151616e-02 6.505562279654731686e-15 5.251587390068211503e-15
4.375000000000000416e-02 3.740058744650698874e-01 1.959390646522362472e-02 6.104376301219783945e-15 5.830740104265324117e-15
4.500000000000000527e-02 3.746436648035972872e-01 1.850043046260592752e-02 5.507068353864062452e-15 6.342579620148103783e-15
4.625000000000000638e-02 3.753018025155519521e-01 1.755074376062848787e-02 4.627330403347678100e-15 6.515554003020404841e-15
4.750000000000000749e-02 3.759748155586642993e-01 1.662860824528725537e-02 3.790372314427966661e-15 6.457177322063680074e-15
4.875000000000000860e-02 3.766579659530278623e-01 1.578006738851542301e-02 3.066551729192766709e-15 6.266673748830198006e-15
5.000000000000000278e-02 3.773578543472773661e-01 1.497358749017954974e-02 2.409816599395401619e-15 6.019542217479144870e-15
