# time 1 2 D-1 D
0.000000000000000000e+00 9.999999302590102390e-01 2.485074119375681681e-08 4.019962239015530809e-35 9.220137451440317179e-36
1.250000000000000243e-03 9.956135646079380397e-01 1.785116247463782325e-03 3.277721716040861650e-29 1.877343808749428267e-31
2.500000000000000486e-03 9.796839021996274210e-01 9.338345230820150819e-03 7.336561053330863533e-25 1.249306683710154472e-26
3.750000000000000729e-03 9.465950238674942785e-01 2.725124462391852534e-02 2.982210540942929986e-22 8.713799442711680012e-24
5.000000000000000971e-03 8.885631763506931513e-01 6.291477100950669532e-02 2.349637537612498299e-20 9.773785182746084032e-22
6.250000000000000347e-03 7.967720969269693754e-01 1.243966140473408144e-01 7.670572040295193220e-19 4.186329562069385303e-20
7.500000000000001457e-03 6.667219993907526066e-01 2.166420001964832198e-01 1.447025645488028355e-17 1.014102260726213873e-18
8.750000000000000833e-03 5.084710256014085550e-01 3.180131862361945116e-01 1.883196976533236973e-16 1.723476993929669667e-17
1.000000000000000194e-02 3.501706605693785668e-01 3.204316429011271339e-01 1.867874314337114393e-15 2.344804828767489024e-16
1.125000000000000132e-02 2.209337488741186795e-01 2.267948151740077911e-01 1.507132529813594097e-14 2.776318380444715222e-15
1.250000000000000069e-02 1.315477986458709614e-01 1.617267525172894072e-01 1.014450419305018045e-13 2.986940034313387351e-14
1.375000000000000180e-02 7.619506350374935510e-02 1.148048217288318296e-01 5.750033000506592187e-13 2.894593605467576755e-13
1.500000000000000291e-02 4.397104097942827750e-02 7.274212633284471430e-02 2.864058695994735608e-12 2.367738024673157269e-12
1.625000000000000056e-02 2.569921480708265912e-02 3.845927361669410766e-02 1.608179227132984403e-11 1.537196210107848465e-11
1.750000000000000167e-02 1.536542466677441425e-02 1.751462295117500040e-02 1.396131476010371465e-10 7.919980972215247699e-11
1.875000000000000278e-02 9.448299323715457498e-03 7.475578184368014863e-03 6.386108145927214349e-10 3.332414731207947825e-10
2.000000000000000389e-02 5.987940114507438877e-03 3.807362294724307358e-03 1.931014383283953772e-09 1.172247213048692579e-09
2.125000000000000500e-02 3.911842253546611234e-03 2.225319558296296688e-03 5.325635441022074063e-09 3.520962348580588399e-09
2.250000000000000264e-02 2.631644406143437715e-03 1.440095886180903792e-03 1.411799526965826529e-08 9.226214066219675686e-09
2.375000000000000375e-02 1.820160480127544630e-03 9.982337807181993535e-04 3.640850538100317170e-08 2.153522821210935893e-08
2.500000000000000139e-02 1.291823161092748402e-03 7.172082733444613183e-04 8.792333315326333543e-08 4.560414419791088479e-08
2.625000000000000250e-02 9.389628035061915951e-04 5.373459107287734821e-04 1.872323547582582090e-07 8.896522146968384282e-08
2.750000000000000361e-02 6.975952790380825349e-04 4.117394064017902548e-04 3.432661081281478721e-07 1.618843403272902334e-07
2.875000000000000472e-02 5.287747162705610680e-04 3.240834677739572850e-04 5.618198056804664774e-07 2.775599500735966108e-07
3.000000000000000583e-02 4.082330648580251254e-04 2.594189321961760204e-04 8.417912114185647403e-07 4.521405790708990996e-07
3.125000000000000000e-02 3.205053715613411110e-04 2.109079088897527988e-04 1.218711533510073594e-06 7.045628405134332389e-07
3.250000000000000111e-02 2.555247209120747485e-04 1.748771586176972777e-04 1.681344388049435359e-06 1.056230879598801513e-06
3.375000000000000222e-02 2.066042959228633511e-04 1.463076076416160133e-04 2.270019263839993648e-06 1.530570181951742679e-06
3.500000000000000333e-02 1.692180555564272752e-04 1.238936410134369118e-04 3.002212703004825387e-06 2.152496494242779044e-06
3.625000000000000444e-02 1.402483509174411993e-04 1.060743616104492271e-04 3.916865809400475157e-06 2.947840723479583265e-06
3.750000000000000555e-02 1.175111817343784076e-04 9.173295614382312858e-05 4.978927899138641054e-06 3.942763835819794026e-06
3.875000000000000666e-02 9.945293169264687026e-05 8.002870317362064940e-05 6.270579491113991131e-06 5.163197350479064775e-06
4.000000000000000777e-02 8.495274906735117903e-05 7.037592043958714122e-05 7.785683003590829324e-06 6.634333944783036693e-06
4.125000000000000888e-02 7.319045538256209883e-05 6.231364142737026821e-05 9.556472859872885045e-06 8.380171772679292816e-06
4.250000000000000999e-02 6.355832197633372782e-05 5.548240469061304682e-05 1.166899093207198778e-05 1.042313819925493528e-05
4.375000000000000416e-02 5.560108844758433121e-05 4.977217919444862403e-05 1.387198051333843652e-05 1.278379877298556148e-05
4.500000000000000527e-02 4.897343527536865963e-05 4.492309189550744235e-05 1.649899412634737414e-05 1.548061167153476340e-05
4.625000000000000638e-02 4.341074615979872194e-05 4.072130819167241693e-05 1.945835130955891659e-05 1.852977216411950137e-05
4.750000000000000749e-02 3.870865270753850600e-05 3.711970358753926533e-05 2.277073444735362912e-05 2.194514700332340787e-05
4.875000000000000860e-02 3.470739330424573040e-05 3.396183349353824209e-05 2.606975165208509737e-05 2.573819039872896885e-05
5.000000000000000278e-02 3.128110219776025828e-05 3.119994481260987345e-05 3.006007658858834291e-05 2.991798438195045280e-05
