# time 1 2 D-1 D
0.000000000000000000e+00 9.999999608487467606e-01 6.776488169535992571e-09 2.846543370406413902e-35 9.866291428436093157e-35
1.250000000000000243e-03 9.999927612501784413e-01 3.143209647336897227e-08 9.419467922758446125e-26 2.922916624196076553e-27
2.500000000000000486e-03 9.998902608053062968e-01 5.615619984911406746e-07 1.482883634367784736e-21 4.142199927599649296e-23
3.750000000000000729e-03 9.994708003319076051e-01 3.904164918812221416e-06 3.448141644050955225e-21 1.279757453953145890e-23
5.000000000000000971e-03 9.983938072498084182e-01 1.561058950235527052e-05 1.006128003762186155e-20 2.717466617939328271e-23
6.250000000000000347e-03 9.961865848780329102e-01 5.091470887198551887e-05 4.563645972592131749e-20 3.062241310256955346e-22
7.500000000000001457e-03 9.921872083494881478e-01 1.374413383220057469e-04 3.632227105241257585e-19 9.569597770950325803e-22
8.750000000000000833e-03 9.854519010750377728e-01 3.360447443067808918e-04 4.444876135812412257e-18 1.982571103457632919e-21
1.000000000000000194e-02 9.746584458372866688e-01 7.171886947603256643e-04 6.168805540034624646e-17 8.319845146136460574e-21
1.125000000000000132e-02 9.580709892980603382e-01 1.411898172098491463e-03 8.178607069819327702e-16 2.530446973265292268e-19
1.250000000000000069e-02 9.336685790615391056e-01 2.602134200760246839e-03 7.225795974690649702e-15 7.945387094910138411e-18
1.375000000000000180e-02 8.995386588524159066e-01 4.428415388212597267e-03 1.963405865316564560e-14 1.271539246818605455e-16
1.500000000000000291e-02 8.545216468760944428e-01 6.898331073448664419e-03 5.110588053537931625e-14 1.191304788876375691e-15
1.625000000000000056e-02 7.988408340638444294e-01 1.028863163814115744e-02 1.245575649655673996e-13 7.416167908034955718e-15
1.750000000000000167e-02 7.343203219380712854e-01 1.430397629735218230e-02 2.795872538976518233e-13 3.343910914035761284e-14
1.875000000000000278e-02 6.638392216659888545e-01 1.886905529005618309e-02 5.507571606194638924e-13 1.178202009749245273e-13
2.000000000000000389e-02 5.904669964109731106e-01 2.436413806864165532e-02 9.908495888754579025e-13 3.402992596760681971e-13
2.125000000000000500e-02 5.168618958815018871e-01 3.022252152684124990e-02 1.602042232739379671e-12 8.339859625783623933e-13
2.250000000000000264e-02 4.448993902117616139e-01 3.588042347848654362e-02 2.428695494626664395e-12 1.785066451916232710e-12
2.375000000000000375e-02 3.762196934377670665e-01 4.079328130351615733e-02 3.449807048460071349e-12 3.413693621764922716e-12
2.500000000000000139e-02 3.125420611338944887e-01 4.391552959254853283e-02 4.679463176172527458e-12 5.944693924758793276e-12
2.625000000000000250e-02 2.554226922089203877e-01 4.452522972061652429e-02 6.035315187397082883e-12 9.551525068047176355e-12
2.750000000000000361e-02 2.057704508917719555e-01 4.349510918699733830e-02 7.579268556518681480e-12 1.434593706777243396e-11
2.875000000000000472e-02 1.643757391651939348e-01 4.098204073537788095e-02 9.250220559513838872e-12 2.035763437170516843e-11
3.000000000000000583e-02 1.308348743488623733e-01 3.760660100598883088e-02 1.093921509900664243e-11 2.751258000142243429e-11
3.125000000000000000e-02 1.049974141563255470e-01 3.304349397670518912e-02 1.269102685966362161e-11 3.568738633633738045e-11
3.250000000000000111e-02 8.378588522819084561e-02 2.950263228715518937e-02 1.448144778960851144e-11 4.467596803202711498e-11
3.375000000000000222e-02 6.733454509164696344e-02 2.587212422333337591e-02 1.613946147567500080e-11 5.426593302997302692e-11
3.500000000000000333e-02 5.452315098315634739e-02 2.235781742338500619e-02 1.777697639747897805e-11 6.422494917548314176e-11
3.625000000000000444e-02 4.455100267305248801e-02 1.898500375144909769e-02 1.926269557854767362e-11 7.432073153105702013e-11
3.750000000000000555e-02 3.618617558467469159e-02 1.636412181822291534e-02 2.062642391173399754e-11 8.439955918346719748e-11
3.875000000000000666e-02 2.968747787605124575e-02 1.375445488323463750e-02 2.179370327163226277e-11 9.426549106828523562e-11
4.000000000000000777e-02 2.417758467894315713e-02 1.166641746788586384e-02 2.280448286921452616e-11 1.037767549964685819e-10
4.125000000000000888e-02 1.973009220721065951e-02 9.749027723231221826e-03 2.362174566511005928e-11 1.128740419399093746e-10
4.250000000000000999e-02 1.623638506611287807e-02 7.900452262924793564e-03 2.432563792176428891e-11 1.214876021159823386e-10
4.375000000000000416e-02 1.294364606809214266e-02 6.711430628024517807e-03 2.471045675551452703e-11 1.295457309150554583e-10
4.500000000000000527e-02 1.049411834407851588e-02 5.411549295572909771e-03 2.503325255851564835e-11 1.369729303101884820e-10
4.625000000000000638e-02 8.368893810762133290e-03 4.414788032276161997e-03 2.509346766555747479e-11 1.438829285230458002e-10
4.750000000000000749e-02 6.397173378105203319e-03 3.802921863851377923e-03 2.507594018593182064e-11 1.502450341833554015e-10
4.875000000000000860e-02 4.939678228146643368e-03 3.137510893992852441e-03 2.487850923628127371e-11 1.559570912735970748e-10
5.000000000000000278e-02 3.859746524575390775e-03 2.486125806377039848e-03 2.457888822602920441e-11 1.611614056147886705e-10
