# time 1 2 D-1 D
0.000000000000000000e+00 9.999999654033676633e-01 9.950881024259947755e-09 6.568974673081878696e-35 2.802378532360332884e-35
2.500000000000000486e-03 9.999975209142287769e-01 1.730379591019232266e-06 3.143775759963839027e-27 2.221277176930145154e-27
5.000000000000000971e-03 9.999471633141445714e-01 3.995597040068388017e-05 2.915191124906206173e-24 1.013425365589463288e-26
7.500000000000001457e-03 9.996269512425850490e-01 3.012445786748281528e-04 5.536936747544169772e-23 2.176445472562992438e-23
1.000000000000000194e-02 9.983213666139122422e-01 1.431382239306054280e-03 3.014379101760560645e-22 2.703437736958559776e-22
1.250000000000000069e-02 9.941313770950086504e-01 5.222150260962594472e-03 1.412385123160037152e-21 1.706074500136153877e-21
1.500000000000000291e-02 9.828876969178084178e-01 1.568974263448186940e-02 7.834062894491995472e-21 7.277344786361951822e-21
1.750000000000000167e-02 9.577800485136567232e-01 3.916564251710082101e-02 5.619159500756035548e-20 1.634345865398700084e-20
2.000000000000000389e-02 9.128884295052943632e-01 7.939667918574569438e-02 4.289987849263694000e-19 1.995496722522792599e-21
2.250000000000000264e-02 8.507762879430923464e-01 1.262691864181460788e-01 2.942048473665835458e-18 3.671879888413343139e-19
2.500000000000000139e-02 7.835871538551130167e-01 1.544597756800517030e-01 1.644204378528188781e-17 6.863986508314551066e-18
2.750000000000000361e-02 7.233816976569862334e-01 1.512216776519719197e-01 7.245073576223793651e-17 5.202182046032132108e-17
3.000000000000000583e-02 6.753959148583833505e-01 1.186270980629890448e-01 2.488532412300930940e-16 2.463013539399954052e-16
3.250000000000000111e-02 6.394335240271886711e-01 7.576969125887873802e-02 7.367019686024862258e-16 8.862815991248018035e-16
3.500000000000000333e-02 6.132135974110513033e-01 4.646396107040685897e-02 2.217471527440276367e-15 2.789730975640068225e-15
3.750000000000000555e-02 5.942722400794440141e-01 3.107676322001811167e-02 6.726113092327266862e-15 8.530086044189337005e-15
4.000000000000000777e-02 5.805924422786007399e-01 2.276790052724025903e-02 1.776012510139028000e-14 2.459972315774462767e-14
4.250000000000000999e-02 5.706771311901928101e-01 1.785894398845106271e-02 3.827974405138907908e-14 6.098863429550099096e-14
4.500000000000000527e-02 5.634565240950788478e-01 1.464061951223518364e-02 6.767783219157505456e-14 1.255708811814138004e-13
4.750000000000000749e-02 5.581756621213064262e-01 1.246362195753369755e-02 1.023766470293706855e-13 2.149251230981067810e-13
5.000000000000000278e-02 5.543018847504220803e-01 1.082057927921592153e-02 1.336395264811108888e-13 3.153202304961438653e-13
5.250000000000000500e-02 5.514573017117196940e-01 9.615744426525699162e-03 1.557425693665041318e-13 4.024772183473775387e-13
5.500000000000000722e-02 5.493716927356612212e-01 8.681550034081945283e-03 1.622282412047754055e-13 4.573149975278679029e-13
5.750000000000000944e-02 5.478502018555732045e-01 7.905163410528369752e-03 1.550933881438098675e-13 4.668652244895238209e-13
6.000000000000001166e-02 5.467511000624587503e-01 7.263330208268707969e-03 1.388854231360641923e-13 4.339794215870082185e-13
6.250000000000000000e-02 5.459705526927421948e-01 6.778478796578143832e-03 1.215789311728860692e-13 3.730027914469146279e-13
6.500000000000000222e-02 5.454320953537672434e-01 6.320220540223231258e-03 1.150048158389490414e-13 3.032644510433436531e-13
6.750000000000000444e-02 5.450791343424262747e-01 5.959465560675883920e-03 1.281516946124225835e-13 2.459052158685101524e-13
7.000000000000000666e-02 5.448696446605634236e-01 5.646008791066072126e-03 1.714617539839299903e-13 2.175578896966162356e-13
7.250000000000000888e-02 5.447723543971053628e-01 5.386777642468186869e-03 2.497093688996813635e-13 2.291887603675087397e-13
7.500000000000001110e-02 5.447639222501640122e-01 5.154307234127051413e-03 3.713876703711792999e-13 2.869111096413909520e-13
7.750000000000001332e-02 5.448268537319036486e-01 4.968516586376817840e-03 5.413610582727894403e-13 3.912632566618824817e-13
8.000000000000001554e-02 5.449479416095229789e-01 4.791795244418884173e-03 7.746942498022102644e-13 5.422935419481956791e-13
8.250000000000001776e-02 5.451170752081012649e-01 4.634155344674713295e-03 1.090662878929581037e-12 7.404681919624882848e-13
8.500000000000001998e-02 5.453262453575069557e-01 4.521524833944156642e-03 1.528532309614971408e-12 9.888320903212969156e-13
8.750000000000000833e-02 5.455689062514355037e-01 4.395341730923499335e-03 2.115053926313981455e-12 1.294188955031559893e-12
9.000000000000001055e-02 5.458396827414861985e-01 4.287705880322264899e-03 2.952611796789886230e-12 1.668073741126705053e-12
9.250000000000001277e-02 5.461336942998766819e-01 4.191326596014484721e-03 4.084005350762828369e-12 2.126371557369958773e-12
9.500000000000001499e-02 5.464464880285033743e-01 4.123908903160290393e-03 5.637230561523243205e-12 2.689409203742844739e-12
9.750000000000001721e-02 5.467740508960420298e-01 4.047053239572167768e-03 7.682294468537758227e-12 3.381302707314412507e-12
1.000000000000000056e-01 5.471127806455233777e-01 3.990056278599205843e-03 1.027442732892705889e-11 4.229310265512349483e-12
