# time 1 2 D-1 D
0.000000000000000000e+00 9.999999384155656701e-01 7.687381647882990133e-10 9.729698181309952501e-36 1.749109191318418389e-35
2.500000000000000486e-03 9.999981409425398038e-01 3.108966468150628741e-07 1.286670792772010340e-33 4.813385339565813789e-36
5.000000000000000971e-03 9.999700684331785938e-01 6.032475235955607645e-06 1.770559460796638271e-29 7.368838782543804912e-31
7.500000000000001457e-03 9.998398209672505477e-01 4.049001962745940060e-05 3.232150154972211720e-28 1.781072028049406659e-31
1.000000000000000194e-02 9.994549311922175105e-01 1.686557236637666100e-04 1.577659866083977001e-27 2.480557822829406358e-28
1.250000000000000069e-02 9.985445540458656177e-01 5.364580214481488862e-04 3.650785873304550033e-27 2.216804763347018987e-27
1.500000000000000291e-02 9.966542620039561262e-01 1.437145536986660348e-03 5.917040859216169821e-27 8.142641132165954725e-27
1.750000000000000167e-02 9.930587613783996570e-01 3.386724696384233943e-03 5.503604403431748503e-27 2.253771316515542064e-26
2.000000000000000389e-02 9.866678071604738642e-01 7.230993088812846629e-03 9.832913914617683725e-27 5.096848047634442789e-26
2.250000000000000264e-02 9.759704361176064769e-01 1.412610174439945208e-02 8.874180070616415223e-26 9.356457647617918810e-26
2.500000000000000139e-02 9.591128661808682176e-01 2.551314667896685193e-02 7.090932787670126628e-25 1.150142850542468194e-25
2.750000000000000361e-02 9.342450388233463077e-01 4.265772365127942084e-02 4.452628868351558398e-24 2.241417805591154768e-26
3.000000000000000583e-02 9.001980365226799341e-01 6.544885762182128808e-02 2.099485150985965200e-23 5.877030754519907894e-25
3.250000000000000111e-02 8.572600864640996798e-01 8.974827525495265856e-02 6.175192087503267470e-23 1.210610063212351352e-23
3.500000000000000333e-02 8.074777935777431859e-01 9.147567244551724208e-02 3.199252493138231926e-23 9.392815887290881741e-23
3.750000000000000555e-02 7.540581436396851522e-01 2.382413129719416003e-02 4.945361564788916976e-22 4.481504124913968411e-22
4.000000000000000777e-02 7.001885849184529276e-01 9.933038036332860268e-03 2.263462424428818485e-21 1.472399885230721242e-21
4.250000000000000999e-02 6.480664026319514770e-01 8.344830746978382924e-03 6.561215401198957509e-21 3.423759527052711376e-21
4.500000000000000527e-02 5.985747598327825214e-01 9.488637041154312016e-03 1.303156279298639472e-20 5.477137919929683326e-21
4.750000000000000749e-02 5.514551710104700355e-01 1.249162595169287307e-02 1.753200629194297249e-20 5.250379036661854354e-21
5.000000000000000278e-02 5.056411784297737411e-01 1.767158287085807480e-02 3.165774825397603433e-20 1.527625663718304299e-21
5.250000000000000500e-02 4.595836508883548999e-01 2.596821507385466132e-02 4.639990178153353488e-20 2.119564501458481680e-21
5.500000000000000722e-02 4.116481151294878460e-01 3.806895704617441895e-02 1.409669063153729844e-19 3.341250674332332965e-20
5.750000000000000944e-02 3.608211199271890712e-01 5.448890731393781633e-02 5.543552602820362454e-19 1.406802530654385235e-19
6.000000000000001166e-02 3.077544313999878711e-01 7.449195762274514465e-02 2.344146362752525765e-18 3.716669381035686063e-19
6.250000000000000000e-02 2.554127803445250255e-01 9.356478893367396743e-02 8.522331879409039261e-18 7.301153347903043079e-19
6.500000000000000222e-02 2.075903118232565181e-01 1.094963121066579725e-01 2.578504102784722400e-17 1.141420116438299951e-18
6.750000000000000444e-02 1.669713190779222589e-01 1.173191618434374778e-01 6.469160947854015398e-17 1.479433745834355367e-18
7.000000000000000666e-02 1.340666607774199104e-01 9.991378338907473677e-02 1.382355859422252127e-16 1.541137716677137448e-18
7.250000000000000888e-02 1.079448323836897927e-01 4.396869430150231878e-02 2.605255508676523105e-16 1.216326217119079468e-18
7.500000000000001110e-02 8.725194755408448299e-02 4.639542016654040618e-02 4.358452613462330309e-16 6.335923527415544399e-19
7.750000000000001332e-02 7.077615875966072889e-02 4.925589767659863810e-02 6.619905425192808805e-16 1.037255101690017661e-19
8.000000000000001554e-02 5.759270903062308627e-02 5.255762679482232913e-02 9.082495029900232442e-16 9.602572632131771134e-20
8.250000000000001776e-02 4.702141007881265738e-02 5.489342946629165859e-02 1.137525305188129742e-15 8.715848094712710595e-19
8.500000000000001998e-02 3.854719460631041150e-02 5.636492583072879453e-02 1.318534670279513236e-15 2.040099763483043188e-18
8.750000000000000833e-02 3.176194838446821933e-02 5.678886036309387791e-02 1.410659931949792141e-15 2.567252587001467316e-18
9.000000000000001055e-02 2.633210486232384975e-02 5.517058520963586538e-02 1.394992154517981355e-15 1.265164087569986603e-18
9.250000000000001277e-02 2.198393796100538491e-02 5.115113947545989886e-02 1.278454016596700782e-15 3.604954972311584170e-19
9.500000000000001499e-02 1.849435783162410585e-02 4.517942429002762272e-02 1.052991397949678842e-15 7.327907986490525952e-18
9.750000000000001721e-02 1.568398335981727176e-02 3.794997651075716905e-02 7.484095508294809793e-16 3.398641406507926415e-17
1.000000000000000056e-01 1.341041316690173152e-02 2.998784558326256927e-02 4.258313927486084838e-16 7.482895130930850207e-17
