# time 1 2 D-1 D
0.000000000000000000e+00 9.999999328490241091e-01 3.461437645836601192e-08 1.340294942339837073e-35 3.469735173024548900e-36
1.250000000000000243e-03 9.972359044672090000e-01 2.300808617308700777e-05 1.056795057750125188e-29 2.431675344749154278e-32
2.500000000000000486e-03 9.891171910505102138e-01 1.106107330881541051e-04 6.013795345019768062e-25 4.009668637647867046e-27
3.750000000000000729e-03 9.758835464648164537e-01 2.926694677681456825e-04 5.661006337199659656e-22 6.989791931292993475e-24
5.000000000000000971e-03 9.577212866145021763e-01 6.379315033761446966e-04 9.856959747219038549e-20 1.923237144081254201e-21
6.250000000000000347e-03 9.347334086360101768e-01 1.236659739548471920e-03 6.614232862030830658e-18 1.944079726407952222e-19
7.500000000000001457e-03 9.069042928479923438e-01 2.208018639449213592e-03 2.438425461043176737e-16 1.038936098091122715e-17
8.750000000000000833e-03 8.740498160405688610e-01 3.823289922198333871e-03 5.733487582121490386e-15 3.496500070154630646e-16
1.000000000000000194e-02 8.357382066675129728e-01 6.474953475259134436e-03 9.589442779330691291e-14 8.017694426683157330e-15
1.125000000000000132e-02 7.911514029521256042e-01 1.092433975304201582e-02 1.216501800358241044e-12 1.285948281330755331e-13
1.250000000000000069e-02 7.388349847047249730e-01 1.839330402119747354e-02 1.269127669063273102e-11 1.452846110835494899e-12
1.375000000000000180e-02 6.762646476045721666e-01 3.127079155332773003e-02 1.011723706282563117e-10 1.173170506584114837e-11
1.500000000000000291e-02 5.992841153467489690e-01 5.348626394248047478e-02 4.838763674820162540e-10 6.988007788978870580e-11
1.625000000000000056e-02 5.024426677463191826e-01 9.056198850468311079e-02 1.928252565833953966e-09 3.202551430865026018e-10
1.750000000000000167e-02 3.844145683504600619e-01 1.439386807795335899e-01 6.768193207055524054e-09 1.178862509296246537e-09
1.875000000000000278e-02 2.606844750413727652e-01 1.983582164568628847e-01 1.974523781395256707e-08 3.621292964807176224e-09
2.000000000000000389e-02 1.598555785106796356e-01 2.247571191284491177e-01 4.610291928589390543e-08 9.583719050713486887e-09
2.125000000000000500e-02 9.394879275007794739e-02 2.097154688176025017e-01 9.223568240311792584e-08 2.242232508419366370e-08
2.250000000000000264e-02 5.536578910961266475e-02 1.599285587616561255e-01 1.677411221578837241e-07 4.734708967645483742e-08
2.375000000000000375e-02 3.336192149016378033e-02 9.736998150776554617e-02 2.845170476895944480e-07 9.174493090864402229e-08
2.500000000000000139e-02 2.067905478233857813e-02 2.785101579365242136e-02 4.562768823466094013e-07 1.653310471392097838e-07
2.625000000000000250e-02 1.319971112260757279e-02 4.000990585783146224e-03 6.975759928125536735e-07 2.801032713702692104e-07
2.750000000000000361e-02 8.671547992098333976e-03 1.429428696084814954e-03 1.021042590655920465e-06 4.501095806486998223e-07
2.875000000000000472e-02 5.855483300654599176e-03 5.834144927241925911e-04 1.444056452199161873e-06 6.910650377440494669e-07
3.000000000000000583e-02 4.057304718136965985e-03 2.815097523991162546e-04 1.976919682630980791e-06 1.019866557763887019e-06
3.125000000000000000e-02 2.879425780408188720e-03 1.546800425159085756e-04 2.630430016371913408e-06 1.454059019653757896e-06
3.250000000000000111e-02 2.088834162719989309e-03 9.359381793982712589e-05 3.416402261039937248e-06 2.011299975915422102e-06
3.375000000000000222e-02 1.545766015766590357e-03 6.475699922624061043e-05 4.343264036495100894e-06 2.708855893882325001e-06
3.500000000000000333e-02 1.164446991775132693e-03 1.140506560830685129e-05 5.419616456634287218e-06 3.563161223428541584e-06
3.625000000000000444e-02 8.910432672013457933e-04 1.092070692493255831e-05 6.634935707125952771e-06 4.589456685866642774e-06
3.750000000000000555e-02 6.910192224589846834e-04 1.104650265234416803e-05 8.013277031799621346e-06 5.801497231597447142e-06
3.875000000000000666e-02 5.417365782551438738e-04 1.090253288297565391e-05 9.543400040235087335e-06 7.211346316286015684e-06
4.000000000000000777e-02 4.280314023141184839e-04 1.145705395566061530e-05 1.124367668166374352e-05 8.829261921010735022e-06
4.125000000000000888e-02 3.395178361809040950e-04 1.456681435013668887e-05 1.307858487517688070e-05 1.066361098575446855e-05
4.250000000000000999e-02 2.689197940566665618e-04 1.527166261075554019e-05 1.507162653226819852e-05 1.272085667381658666e-05
4.375000000000000416e-02 2.110440213162476162e-04 1.878128308910639838e-05 1.719650783619296476e-05 1.500563970266692259e-05
4.500000000000000527e-02 1.622002676900143189e-04 2.108292854925612021e-05 1.950297463216097159e-05 1.752079793726307960e-05
4.625000000000000638e-02 1.200015207512195763e-04 2.528201075642785243e-05 2.189796119748434528e-05 2.026745477763151906e-05
4.750000000000000749e-02 8.350092645183390639e-05 2.809016570463307338e-05 2.447153115458978689e-05 2.324523648239866771e-05
4.875000000000000860e-02 5.334085242316258143e-05 3.096937655765809620e-05 2.716027072974962737e-05 2.645229533184409722e-05
5.000000000000000278e-02 3.097999254415154596e-05 3.055968728418317497e-05 2.997480852333865079e-05 2.988544210251873720e-05
