# time 1 2 D-1 D
0.000000000000000000e+00 9.999999328490241091e-01 3.461437645836601192e-08 1.340294942339837073e-35 3.469735173024548900e-36
1.250000000000000243e-03 9.991787852797481273e-01 2.791624377986983015e-08 3.780279436059861135e-30 7.059307345943434341e-35
2.500000000000000486e-03 9.965431198186884831e-01 3.727914630247048324e-07 8.790103810449016525e-26 2.094369510238492191e-29
3.750000000000000729e-03 9.918103517035594674e-01 2.267736368578432139e-06 3.689559135839756323e-23 5.022240939285305094e-26
5.000000000000000971e-03 9.846618345862957478e-01 9.523501007406627814e-06 3.098321145318748386e-21 1.466930488128426820e-23
6.250000000000000347e-03 9.747328230885184963e-01 3.237781608281175904e-05 1.089752657871812097e-19 1.353730476671417428e-21
7.500000000000001457e-03 9.615922782843600025e-01 9.587872556120019768e-05 2.283309435277820749e-18 5.980184141872873016e-20
8.750000000000000833e-03 9.447043749140651148e-01 2.648659062803011095e-04 3.322766948570432071e-17 1.572817228097212714e-18
1.000000000000000194e-02 9.233539157892167726e-01 6.943502321692200923e-04 3.719054142669942923e-16 2.746693668369387739e-17
1.125000000000000132e-02 8.964962971266677849e-01 1.762580920565757006e-03 3.381395969138758363e-15 3.341523314431272907e-16
1.250000000000000069e-02 8.624478350284425776e-01 4.341168353294133815e-03 2.685777025499539319e-14 2.888728086911182638e-15
1.375000000000000180e-02 8.182554561258229553e-01 1.045268807599724140e-02 1.745385793186277264e-13 1.809181967444343009e-14
1.500000000000000291e-02 7.585740175486560544e-01 2.439741802279054433e-02 7.335235245045963651e-13 8.468521197934928186e-14
1.625000000000000056e-02 6.747158946948594860e-01 5.391481807496855544e-02 2.712652469119468389e-12 3.082797922737942202e-13
1.750000000000000167e-02 5.587371224347461585e-01 1.062131443034287220e-01 9.266873355634324979e-12 9.088512584047548348e-13
1.875000000000000278e-02 4.198849716766206996e-01 1.716418638642731864e-01 2.715406371721217899e-11 2.250325529799770441e-12
2.000000000000000389e-02 2.907173977127135434e-01 2.165548950973031905e-01 6.243498031524099056e-11 4.825106446590490960e-12
2.125000000000000500e-02 1.944060976957152076e-01 2.157366287559251972e-01 1.195878482838365284e-10 9.186812184704027505e-12
2.250000000000000264e-02 1.301397103917465436e-01 1.690235935012609769e-01 2.040849134299842444e-10 1.584996505494488220e-11
2.375000000000000375e-02 8.849795263004124612e-02 1.031608808210303097e-01 3.219295134985569192e-10 2.518890662300988142e-11
2.500000000000000139e-02 6.138907015852150539e-02 5.834121637014975936e-02 4.784174758801141848e-10 3.736516326646392559e-11
2.625000000000000250e-02 4.346778584192925732e-02 2.287129070924378074e-02 6.777963004176878857e-10 5.229902068570503607e-11
2.750000000000000361e-02 3.140112655869912311e-02 1.430836257883273156e-02 9.227223669593422863e-10 6.968587276534025609e-11
2.875000000000000472e-02 2.312019852412730558e-02 9.223218492768175264e-03 1.215743284827561209e-09 8.904678124385181235e-11
3.000000000000000583e-02 1.732814394672532385e-02 6.716260504676093389e-03 1.557281815919430423e-09 1.097973499395802918e-10
3.125000000000000000e-02 1.320068631265702667e-02 5.085304743164700478e-03 1.947405519101883581e-09 1.313191259193533458e-10
3.250000000000000111e-02 1.020577626809279249e-02 4.509667618794137647e-03 2.386007939180519652e-09 1.530251114858026978e-10
3.375000000000000222e-02 7.994390339397070000e-03 3.211574157302624511e-03 2.872251612479964217e-09 1.744030746239181320e-10
3.500000000000000333e-02 6.333709691541828009e-03 8.843172659361095292e-04 3.405301291121057179e-09 1.950449071694689914e-10
3.625000000000000444e-02 5.065757176874670017e-03 4.835782959547530791e-04 3.981744642103512372e-09 2.146567064066262050e-10
3.750000000000000555e-02 4.081445012307158282e-03 4.402515574178917485e-04 4.603141261268436923e-09 2.330556250095374140e-10
3.875000000000000666e-02 3.304058415243057729e-03 4.152875205647727354e-04 5.266370166806955465e-09 2.501588568687410139e-10
4.000000000000000777e-02 2.678592905278970749e-03 3.532298874315910916e-04 5.972245636728513442e-09 2.659593421449177781e-10
4.125000000000000888e-02 2.164805013029965242e-03 2.112435314337956615e-04 6.715371772912007423e-09 2.805166341842455762e-10
4.250000000000000999e-02 1.732718346381482370e-03 1.757636279604783257e-04 7.497487824260437312e-09 2.939327488145026185e-10
4.375000000000000416e-02 1.359953674335428542e-03 9.100770107271656778e-05 8.314967032126630985e-09 3.063314982729105515e-10
4.500000000000000527e-02 1.030718742623611388e-03 5.387793474343869780e-05 9.172048959249466669e-09 3.178506291065733953e-10
4.625000000000000638e-02 7.365974170417458316e-04 1.579811779040761252e-05 1.005869358005638844e-08 3.286299404189908371e-10
4.750000000000000749e-02 4.787901814199707769e-04 3.197993290364561427e-06 1.098306727277398021e-08 3.388132082746397651e-10
4.875000000000000860e-02 2.688944589561557312e-04 5.844412194871037522e-07 1.193870555245141245e-08 3.485302137300688049e-10
5.000000000000000278e-02 1.216036618876170834e-04 2.351482418069989294e-06 1.292509985045317205e-08 3.578508346587098363e-10
