# time 1 2 D-1 D
0.000000000000000000e+00 9.999999445772761453e-01 8.563692765488545318e-09 1.011173671518645034e-34 1.434206422936368667e-36
2.500000000000000486e-03 9.999731656380892453e-01 2.041469057541522294e-05 1.640131734613295478e-31 5.138399841793189519e-33
5.000000000000000971e-03 9.994627612262269034e-01 4.339079623215064759e-04 2.237135926151769841e-27 1.689434299985269356e-28
7.500000000000001457e-03 9.965672646653432887e-01 2.928206389542005895e-03 7.460234418971186874e-26 6.477899232345369124e-29
1.000000000000000194e-02 9.864223487255878720e-01 1.209644611100649594e-02 6.404347808821725042e-25 7.733711896083370402e-27
1.250000000000000069e-02 9.598398009097915962e-01 3.479480150620656298e-02 2.989515810202923954e-24 8.107459077017443989e-26
1.500000000000000291e-02 9.053733780764520178e-01 4.727259074236288966e-02 1.121613672652360504e-23 4.176159528889307947e-25
1.750000000000000167e-02 8.181879453090853405e-01 5.122815556523636210e-02 2.308764420858222614e-23 1.227200086886046903e-24
2.000000000000000389e-02 7.080747481863404191e-01 6.384519774952775173e-02 2.125546926393441674e-23 1.739172150450446434e-25
2.250000000000000264e-02 5.936787128237106526e-01 7.959915328752875663e-02 4.772879771726449312e-21 1.030723439062788872e-22
2.500000000000000139e-02 4.904633912032669851e-01 9.274366932527321195e-02 9.638820017686206174e-20 4.958540949471069109e-21
2.750000000000000361e-02 4.057709142843156647e-01 1.013095760667055839e-01 9.754387787618318011e-19 9.558190571327019714e-20
3.000000000000000583e-02 3.402859351306508628e-01 1.052361865997014506e-01 6.254360675486923616e-18 1.071055336520777182e-18
3.250000000000000111e-02 2.912456819931908969e-01 1.064356585496384344e-01 2.819382970820193750e-17 7.879593275407242098e-18
3.500000000000000333e-02 2.549743707002041782e-01 1.060829259943954911e-01 9.362487386210057690e-17 3.787581385812771037e-17
3.750000000000000555e-02 2.281547129801064500e-01 1.052735142946330804e-01 2.415642567736656865e-16 1.239706283621591797e-16
4.000000000000000777e-02 2.082001934780658425e-01 5.868373942848730158e-03 4.796433538676790430e-16 2.874559067360331174e-16
4.250000000000000999e-02 1.932194799775913963e-01 5.622062335355092373e-03 8.925908968111743597e-16 4.697599930514617616e-16
4.500000000000000527e-02 1.818648287771789107e-01 5.739237580655857929e-03 1.872357577606328803e-13 5.052616275858278229e-16
4.750000000000000749e-02 1.731815590530728644e-01 5.663136853704875927e-03 4.000067432086404475e-13 2.324745696856595130e-16
5.000000000000000278e-02 1.664904489505590335e-01 5.736576802241777524e-03 7.645225585684916538e-13 1.764146946881375686e-17
5.250000000000000500e-02 1.613036499262604229e-01 5.739972900515431624e-03 1.332903154711754364e-12 1.531992481634960787e-15
5.500000000000000722e-02 1.572665313878062188e-01 5.701104885345772630e-03 2.143968124102556624e-12 8.872715731114543234e-15
5.750000000000000944e-02 1.541177832991051377e-01 5.674374370706213380e-03 3.223110925768530876e-12 2.942486888185532179e-14
6.000000000000001166e-02 1.516626578490484489e-01 5.686316848491719013e-03 4.572032345770756795e-12 7.495541573507207927e-14
6.250000000000000000e-02 1.497537793106015758e-01 5.613261940385590176e-03 6.170846998884651946e-12 1.619360553440428893e-13
6.500000000000000222e-02 1.482789950736171369e-01 5.546717425950764731e-03 7.969815639493377613e-12 3.095834042255838233e-13
6.750000000000000444e-02 1.471511924069676125e-01 5.517029907077828331e-03 9.915819239945866861e-12 5.473693071468573743e-13
7.000000000000000666e-02 1.463027060562336612e-01 5.419811596010718283e-03 1.193574627703202953e-11 8.976739343274611468e-13
7.250000000000000888e-02 1.456807052492433696e-01 5.365675836228769695e-03 1.393809207123560647e-11 1.400300218269467968e-12
7.500000000000001110e-02 1.452415462078380237e-01 5.257746008728839474e-03 1.584182031459950619e-11 2.086232971922318413e-12
7.750000000000001332e-02 1.449537932476190893e-01 5.195060769651012669e-03 1.753630926815713668e-11 3.025066644017708074e-12
8.000000000000001554e-02 1.447933694104735769e-01 5.096427679220138195e-03 1.894342330965319771e-11 4.259621334013768895e-12
8.250000000000001776e-02 1.447234555468864536e-01 5.014241932018894364e-03 1.993661566258069398e-11 5.865471032790872728e-12
8.500000000000001998e-02 1.447417577618159423e-01 4.953348683475329930e-03 2.040154330767574597e-11 7.928009276887925695e-12
8.750000000000000833e-02 1.448280240700031973e-01 4.879695367590193393e-03 2.029938672346352587e-11 1.048314914321740588e-11
9.000000000000001055e-02 1.449691243606364421e-01 4.809857176643165221e-03 1.933018648708369474e-11 1.380125033011339040e-11
9.250000000000001277e-02 1.451551311445425374e-01 4.725976264330525138e-03 1.758026896179394195e-11 1.777558688265854056e-11
9.500000000000001499e-02 1.453783631987442815e-01 4.662282966580823425e-03 1.513346083594801055e-11 2.231260896353491764e-11
9.750000000000001721e-02 1.456293756129034001e-01 4.603751286021052005e-03 1.227287543817872703e-11 2.714664018526154510e-11
1.000000000000000056e-01 1.459029579621222150e-01 4.571149500937317714e-03 9.341769295526379942e-12 3.191408404164228339e-11
