# time 1 2 D-1 D
0.000000000000000000e+00 9.999999729442607954e-01 1.445273189207952165e-08 1.036786017425257582e-34 8.411837574484292614e-35
1.250000000000000243e-03 9.999949783479753496e-01 4.452292873308368703e-06 4.036826450199689665e-21 8.262809770892550646e-23
2.500000000000000486e-03 9.999020530868829582e-01 8.810461700507589227e-05 1.144677255083053117e-19 1.419500000098833482e-22
3.750000000000000729e-03 9.993996751817997293e-01 5.454723656629599515e-04 5.581343673439502753e-19 2.559299046608799083e-22
5.000000000000000971e-03 9.977170498383058916e-01 2.087539815362295711e-03 3.363696406825051032e-18 2.619022436753414991e-20
6.250000000000000347e-03 9.933643456641391145e-01 6.105430029211599517e-03 1.135369992255245580e-17 2.264662018861272836e-19
7.500000000000001457e-03 9.839052723461726435e-01 1.482506310371214768e-02 4.937779321454297634e-17 2.045336816872301287e-18
8.750000000000000833e-03 9.660544717603365417e-01 3.112871714078096694e-02 2.306605125084622504e-16 1.533534158467174983e-17
1.000000000000000194e-02 9.365276204173540453e-01 5.764633602478922564e-02 1.185870503265166667e-15 1.162606955091310382e-16
1.125000000000000132e-02 8.937535372829542579e-01 9.438930193220387843e-02 5.635708969628472163e-15 7.601728905657664629e-16
1.250000000000000069e-02 8.394823425792163896e-01 1.365871033555676461e-01 2.385845447889898937e-14 4.312510845598410343e-15
1.375000000000000180e-02 7.786333923428001569e-01 1.607505280645169232e-01 8.728594981733575791e-14 2.073247735639437799e-14
1.500000000000000291e-02 7.171577871851964048e-01 9.638903487132401138e-02 2.782375646526532714e-13 8.582106195853112711e-14
1.625000000000000056e-02 6.597447755394422186e-01 5.389068915597921422e-02 7.779438598812540447e-13 3.092274432568486156e-13
1.750000000000000167e-02 6.089192416259681107e-01 3.922692612660606121e-02 1.929478323211928155e-12 9.859337388426976620e-13
1.875000000000000278e-02 5.653864256772349606e-01 3.334721258251616832e-02 4.292779822044255985e-12 2.818539039611369298e-12
2.000000000000000389e-02 5.287740698506213644e-01 3.033981856073373826e-02 8.596061756335865257e-12 7.337037475227148888e-12
2.125000000000000500e-02 4.982420138378360064e-01 2.881561513341037578e-02 1.566687492741001079e-11 1.751970684700372410e-11
2.250000000000000264e-02 4.728425790525365713e-01 2.809970152031420615e-02 2.598684529142534257e-11 3.881593224877050332e-11
2.375000000000000375e-02 4.516938925008301409e-01 2.778370271319743207e-02 3.928168420515108823e-11 8.028904163645942405e-11
2.500000000000000139e-02 4.340274655869721387e-01 2.775542043495246580e-02 5.509781369012730574e-11 1.548551356513537170e-10
2.625000000000000250e-02 4.192336723195051462e-01 2.782226755226765644e-02 7.278112189885732537e-11 2.804559608172439253e-10
2.750000000000000361e-02 4.068019959777829930e-01 2.794065101220368982e-02 9.456172072618531579e-11 4.781607741693490236e-10
2.875000000000000472e-02 3.963064575655265154e-01 2.809490193241058822e-02 1.247226048350093738e-10 7.740487353545291761e-10
3.000000000000000583e-02 3.874648066024820592e-01 2.819068730943393927e-02 1.701098326719946290e-10 1.198987755228271492e-09
3.125000000000000000e-02 3.799861304411681351e-01 2.825599760758376947e-02 2.340302018386968003e-10 1.794239325444317783e-09
3.250000000000000111e-02 3.737100943015499444e-01 2.825869885414921540e-02 3.154816000781411403e-10 2.606006799646250414e-09
3.375000000000000222e-02 3.683612206829584568e-01 2.824857715892229587e-02 4.237698201510005803e-10 3.679705813122950560e-09
3.500000000000000333e-02 3.639165641801801465e-01 2.815905178125887101e-02 5.374001741288910089e-10 5.080390584069755671e-09
3.625000000000000444e-02 3.601349418876646502e-01 2.809758290937013764e-02 6.397607160518332011e-10 6.876721207335473013e-09
3.750000000000000555e-02 3.570683435133716888e-01 2.792620651422306199e-02 7.385283658048081567e-10 9.119727531639778299e-09
3.875000000000000666e-02 3.544923687390029166e-01 2.778847110886976599e-02 8.011626171667442126e-10 1.191083211440204925e-08
4.000000000000000777e-02 3.523847116774921906e-01 2.764761694853418855e-02 8.390775538385938845e-10 1.532634407103259145e-08
4.125000000000000888e-02 3.507404922031797101e-01 2.744601333893925688e-02 8.076848515741717948e-10 1.951589596805261793e-08
4.250000000000000999e-02 3.493902149357168141e-01 2.730807047626164843e-02 8.030208809889049434e-10 2.449908005430612335e-08
4.375000000000000416e-02 3.483872841561796996e-01 2.713518533007605593e-02 7.578542471264210129e-10 3.044332319604452867e-08
4.500000000000000527e-02 3.476606945977220864e-01 2.695996045657007498e-02 2.566918961826812235e-09 3.547386413090697682e-08
4.625000000000000638e-02 3.471109647514223351e-01 2.684421440725360750e-02 4.524010295548455058e-08 3.943486959911410610e-10
4.750000000000000749e-02 3.468048241855051228e-01 2.669358050113024294e-02 5.305519078471163322e-08 3.651347827635693810e-10
4.875000000000000860e-02 3.465861116864011326e-01 2.662952817783784121e-02 6.011749154761949524e-08 2.784078624514681391e-10
5.000000000000000278e-02 3.465606183103362437e-01 2.652703701733992100e-02 6.519380353634030405e-08 2.107107394920643448e-10
