# time 1 2 D-1 D
0.000000000000000000e+00 9.999999795259152391e-01 9.230110277087162565e-09 8.785644778045775124e-34 2.338058263785529052e-35
1.250000000000000243e-03 9.999973544094608036e-01 2.067991620367423865e-06 1.780993090064112180e-20 5.022472309804628748e-22
2.500000000000000486e-03 9.999469436396011268e-01 4.309336840468374187e-05 3.691762360239580121e-19 1.826125216957859311e-21
3.750000000000000729e-03 9.996535947720808224e-01 2.903291381086474344e-04 2.232191326935427390e-18 4.627159188020676473e-22
5.000000000000000971e-03 9.985796796289486688e-01 1.221577911546920794e-03 1.393154157918190175e-17 6.759525315922375293e-20
6.250000000000000347e-03 9.955119451591362134e-01 3.954130942031679370e-03 9.334792218562340608e-17 1.256509074948876937e-18
7.500000000000001457e-03 9.881067577883128061e-01 1.069848443127061066e-02 6.880245001660735262e-16 1.241795688506691725e-17
8.750000000000000833e-03 9.726107259765547353e-01 2.508151009118466876e-02 5.203740570626433186e-15 1.168961773312396367e-16
1.000000000000000194e-02 9.445989319651983962e-01 5.135936266407692408e-02 3.362810841340075013e-14 8.136983019093731337e-16
1.125000000000000132e-02 9.016091668151997585e-01 9.162994168644944537e-02 1.818003939006786862e-13 4.255407287598951905e-15
1.250000000000000069e-02 8.463159772408553883e-01 1.419588207562618720e-01 8.109066374193914944e-13 1.499003084388262052e-14
1.375000000000000180e-02 7.862409737906402851e-01 1.913080440762404966e-01 3.015837590562943202e-12 2.961389973053667421e-14
1.500000000000000291e-02 7.293799020892364204e-01 2.243433937519579147e-01 9.431807335248777934e-12 1.274405831449704295e-14
1.625000000000000056e-02 6.805416798522710975e-01 2.283457091219993074e-01 2.489252408140510320e-11 8.712281694210043969e-14
1.750000000000000167e-02 6.410576694347144278e-01 2.074743413015959215e-01 5.505271481879848392e-11 1.961843085589211386e-12
1.875000000000000278e-02 6.102103510642972184e-01 1.796085631267157756e-01 1.011665635530247538e-10 1.232694741171816187e-11
2.000000000000000389e-02 5.865323926465222382e-01 1.562377916101419517e-01 1.553677517719743487e-10 4.320773619236674868e-11
2.125000000000000500e-02 5.685026837638087471e-01 1.375797129171807964e-01 2.039047715609763489e-10 1.032325314418843898e-10
2.250000000000000264e-02 5.548120819408316473e-01 1.259479293103799857e-01 2.298627867234383221e-10 1.903081635590996148e-10
2.375000000000000375e-02 5.444189720679775135e-01 1.148580481276069848e-01 2.123412015378033681e-10 2.927667376085143167e-10
2.500000000000000139e-02 5.365247931750077859e-01 1.092893783782833833e-01 1.412381880598689635e-10 3.939922701218244009e-10
2.625000000000000250e-02 5.305274733060122427e-01 1.016200697151937032e-01 4.457654214401166982e-11 4.769147997252881901e-10
2.750000000000000361e-02 5.259761432803685688e-01 6.712187728178960200e-02 4.088199894585114183e-13 5.279331592059013077e-10
2.875000000000000472e-02 5.225334317083069058e-01 5.784002215488839166e-02 6.938779240391298849e-11 5.392367509798430906e-10
3.000000000000000583e-02 5.199463055176158921e-01 5.437744682448639871e-02 2.775227361874542401e-10 5.099385398997314500e-10
3.125000000000000000e-02 5.180242006258777288e-01 5.053312247915169031e-02 6.158198470034680272e-10 4.457189500955417530e-10
3.250000000000000111e-02 5.166228392743872355e-01 4.857169012595115298e-02 1.070604907842114040e-09 3.573552223540306029e-10
3.375000000000000222e-02 5.156324583599711797e-01 4.580466483519534532e-02 1.562997072774559254e-09 2.587259261757189938e-10
3.500000000000000333e-02 5.149690639571624651e-01 4.399364490819708540e-02 2.031818608294549962e-09 1.647099441898633984e-10
3.625000000000000444e-02 5.145679763306341137e-01 4.207992717828740181e-02 2.393916415146679177e-09 8.926783391349207748e-11
3.750000000000000555e-02 5.143790346363771304e-01 4.028187149842980819e-02 2.714412897930244420e-09 4.407518470106989380e-11
3.875000000000000666e-02 5.143630018703631013e-01 3.847498211412249403e-02 3.107461097098350788e-09 3.775063157367840365e-11
4.000000000000000777e-02 5.144888551054523917e-01 3.697754338332688573e-02 3.592414549881143046e-09 7.562161551807931028e-11
4.125000000000000888e-02 5.147317444093456595e-01 3.559459880543040800e-02 4.236875271725639146e-09 1.599103875783188701e-10
4.250000000000000999e-02 5.150714617445564247e-01 3.426095075852469973e-02 4.943752811902593909e-09 2.901822580549247131e-10
4.375000000000000416e-02 5.154913084930257128e-01 3.303479594012050102e-02 5.787361874022321255e-09 4.639014882300050671e-10
4.500000000000000527e-02 5.159772691744977102e-01 3.189073868015132596e-02 6.751457771783518408e-09 6.769812183736814686e-10
4.625000000000000638e-02 5.165173946950831763e-01 3.088783596271783144e-02 7.823132019308105143e-09 9.243946581087932114e-10
4.750000000000000749e-02 5.171013923602916229e-01 2.989604968793225376e-02 8.920061864940723660e-09 1.200486730110427960e-09
4.875000000000000860e-02 5.177203504164825665e-01 2.888379084522706836e-02 1.010492764465336865e-08 1.499194319582890952e-09
5.000000000000000278e-02 5.183665152845927659e-01 2.811210068740298620e-02 1.131092552974430533e-08 1.814560367011644789e-09
