# time 1 2 D-1 D
0.000000000000000000e+00 9.999999416546845321e-01 1.680547772181453848e-08 2.242221035882453907e-35 2.832436290252843943e-36
5.000000000000000104e-04 9.999977359511585950e-01 2.795353792904090177e-08 5.254588009633588165e-29 1.593484721187767055e-31
1.000000000000000021e-03 9.999651195747959465e-01 7.096907722847619340e-07 2.222101145278871847e-25 3.586197480797992508e-27
1.500000000000000248e-03 9.998285547905449988e-01 5.373428968708531338e-06 6.025515051271347476e-23 1.192691566089110901e-24
2.000000000000000042e-03 9.994642090215739572e-01 2.557721258665051898e-05 5.517534335865806242e-22 1.259265301523409233e-23
2.500000000000000052e-03 9.986715900293337000e-01 9.693175782141125250e-05 2.746675699988343719e-21 3.966632543252897920e-22
3.000000000000000496e-03 9.971013025365118576e-01 3.187783317832186590e-04 2.511365681458021364e-20 3.779233307611418303e-21
3.500000000000000507e-03 9.940827134921964570e-01 9.751714262282929402e-04 1.384140484499475805e-19 2.541474318405001444e-20
4.000000000000000083e-03 9.882059067511160810e-01 2.841704293652577533e-03 5.592224519743524037e-19 1.314186298886870069e-19
4.500000000000000527e-03 9.762470187245962938e-01 8.146469864434843083e-03 2.230134628594861897e-18 6.230195224482044525e-19
5.000000000000000104e-03 9.503022283017263927e-01 2.323661737223334592e-02 9.086639191017938195e-18 2.872517902689732549e-18
5.500000000000000548e-03 8.909952527038443870e-01 6.520259449716825362e-02 4.330208852787696729e-17 1.371884056599638299e-17
6.000000000000000992e-03 7.628384694298359081e-01 1.665840572250193719e-01 2.294153054282366881e-16 6.641846180127287082e-17
6.500000000000000569e-03 5.612035096118120903e-01 3.284229623947493848e-01 1.145291569985374156e-15 3.008171040999980139e-16
7.000000000000001013e-03 3.712341514235651951e-01 4.600838075140439298e-01 4.951616390080287545e-15 1.189961224779942803e-15
7.499999999999999722e-03 2.463397691199824546e-01 4.968535457209586337e-01 1.797306796548136959e-14 3.987538298215051940e-15
8.000000000000000167e-03 1.721231828827106403e-01 4.365927030858121616e-01 5.593430136911809285e-14 1.128976134890751799e-14
8.500000000000000611e-03 1.272174039131848955e-01 3.149579159529938277e-01 1.494182750416861338e-13 2.730447560385422598e-14
9.000000000000001055e-03 9.883466021468037543e-02 2.320680346467693111e-01 3.533041737727783601e-13 5.726323033429428520e-14
9.500000000000001499e-03 8.010650682827463731e-02 9.626495703784763991e-02 7.384511516697771638e-13 1.057495891787043800e-13
1.000000000000000021e-02 6.727371528257745925e-02 6.867877031041692837e-02 1.418855526615788796e-12 1.743869719944437858e-13
1.050000000000000065e-02 5.819240565871330179e-02 5.481132882094776754e-02 2.471886582876571639e-12 2.598744802780521722e-13
1.100000000000000110e-02 5.158786878823771321e-02 4.569391754483244361e-02 4.121541536698472795e-12 3.533676131636578732e-13
1.150000000000000154e-02 4.667255824369890421e-02 3.859354553676707517e-02 6.267633306352389564e-12 4.416580160997176346e-13
1.200000000000000198e-02 4.294274958571531187e-02 3.312269413574474991e-02 9.268779067069547527e-12 5.098652249125846167e-13
1.250000000000000069e-02 4.006603158724182656e-02 3.649873858534369991e-02 1.347334974601646094e-11 5.448128758054206951e-13
1.300000000000000114e-02 3.781678636632384433e-02 1.590774276399221226e-02 1.923913070426966907e-11 5.382846314250118611e-13
1.350000000000000158e-02 3.603795658124341050e-02 1.426135648785538737e-02 5.433977162241337687e-11 4.893158814873065506e-13
1.400000000000000203e-02 3.461767331517325019e-02 1.344860047164144444e-02 7.140976197908876465e-11 4.027899536967703892e-13
1.450000000000000247e-02 3.347463517478978939e-02 1.277578713590621709e-02 8.672546714367863042e-11 2.917830354716194292e-13
1.499999999999999944e-02 3.254865195471228628e-02 1.216435821327355865e-02 1.014585829463428299e-10 1.749505285465142347e-13
1.550000000000000162e-02 3.179442888846298332e-02 1.183966516348589591e-02 1.186457318089534258e-10 7.359565129600484909e-14
1.600000000000000033e-02 3.117738254964490946e-02 1.145631705593346504e-02 1.368034026069580639e-10 1.072035182966794677e-14
1.650000000000000078e-02 3.067074695634237555e-02 1.125929056755933626e-02 1.578482731237503890e-10 7.678660439241619042e-15
1.700000000000000122e-02 3.025357934178161956e-02 1.104577414737212444e-02 1.759188845597237043e-10 8.401111714848347093e-14
1.750000000000000167e-02 2.990931905641038349e-02 1.087345095929954930e-02 1.936866783353644695e-10 2.552975895825702760e-13
1.800000000000000211e-02 2.962474895523563301e-02 1.079239566497286300e-02 2.085318642737604573e-10 5.328873475286388344e-13
1.850000000000000255e-02 2.938923838581085010e-02 1.069002302025276983e-02 2.240453278891711190e-10 9.246382060622507619e-13
1.900000000000000300e-02 2.919417620704169158e-02 1.060293369397099193e-02 2.430395744360498057e-10 1.433896119998585877e-12
1.950000000000000344e-02 2.903254527802209134e-02 1.055663116548112047e-02 2.574385054971377208e-10 2.059128338747908766e-12
2.000000000000000042e-02 2.889968073835282730e-02 1.052351375889641269e-02 2.703213158127620982e-10 2.802785159419498266e-12
