# time 1 2 D-1 D
0.000000000000000000e+00 9.999999731299475947e-01 6.754906632450827251e-09 6.135874799780946891e-34 2.543769775179430167e-34
2.500000000000000052e-04 9.999988493245381971e-01 6.123434899981031724e-08 1.932432772991702182e-20 3.483562471456147481e-22
5.000000000000000104e-04 9.999832055666570962e-01 1.092676512178714066e-06 2.601459502983714531e-19 3.821221570807223076e-22
7.500000000000001240e-04 9.999181144330986371e-01 7.311978912730500897e-06 2.340516329005564153e-20 6.245339661928509539e-20
1.000000000000000021e-03 9.997445256050871976e-01 3.107732122478092676e-05 2.512067242426890345e-19 4.967375468650944256e-19
1.250000000000000026e-03 9.993682870534985607e-01 1.024378397537657737e-04 3.716537726008960010e-19 1.548236454216755873e-18
1.500000000000000248e-03 9.986358659780274483e-01 2.850124908257666554e-04 7.604167121336586055e-17 3.871067931276868053e-18
1.750000000000000253e-03 9.972928268695268050e-01 7.065382206327392280e-04 1.829678972507928812e-15 6.807644787964290828e-18
2.000000000000000042e-03 9.949208796434910740e-01 1.604490504270682585e-03 2.477441989891952007e-14 2.773012685306475249e-18
2.250000000000000264e-03 9.908506745781622271e-01 3.386128921799142193e-03 2.318587379383191007e-13 1.843188964793673979e-17
2.500000000000000052e-03 9.840532202902437797e-01 6.730365073013777621e-03 1.574745116979716298e-12 3.252449443083454274e-16
2.750000000000000274e-03 9.730278605247587587e-01 1.264706890470020106e-02 8.114438906076556099e-12 1.092744913437638875e-15
3.000000000000000496e-03 9.557432960767168195e-01 2.254764377040641837e-02 3.370312529918196534e-11 1.679396258142098331e-16
3.250000000000000284e-03 9.297463854291104779e-01 3.802240631327937631e-02 1.281379128613659900e-10 1.840348316788528641e-14
3.500000000000000507e-03 8.925729704240944473e-01 6.043596306652856270e-02 5.944992989532456884e-10 3.356425403883088352e-13
3.749999999999999861e-03 8.426419411270981152e-01 8.986258393059003147e-02 1.640397033930771831e-09 2.409195565548672836e-12
4.000000000000000083e-03 7.805494765608925745e-01 1.236951851583578815e-01 3.035835160068402544e-09 1.108596516621488823e-11
4.250000000000000305e-03 7.088708612071988879e-01 1.566377326842000595e-01 5.308847458302458894e-09 3.833045393872530568e-11
4.500000000000000527e-03 6.340681896598516776e-01 1.795364024537812186e-01 8.717246324950824866e-09 1.075923590821575802e-10
4.750000000000000749e-03 5.592339038728393330e-01 1.881193088588850315e-01 1.345264543628954759e-08 2.570054358169006779e-10
5.000000000000000104e-03 4.885591756618963832e-01 1.806535172903479536e-01 1.970706426391604376e-08 5.395805056513144535e-10
5.250000000000000326e-03 4.256788726574422532e-01 1.618258364337569477e-01 2.761930330062795227e-08 1.019470113677342328e-09
5.500000000000000548e-03 3.700062030498062482e-01 1.401156591321964240e-01 3.724589421609049345e-08 1.764381455507290669e-09
5.750000000000000770e-03 3.205424940461053529e-01 1.210396004791290947e-01 4.856215928743747685e-08 2.836272647817666539e-09
6.000000000000000992e-03 2.791874743457360419e-01 1.037427739230909751e-01 6.146772721311778482e-08 4.282517980832610961e-09
6.250000000000000347e-03 2.431630677625020998e-01 9.019362414988570109e-02 7.583177731063947216e-08 6.129088870612622068e-09
6.500000000000000569e-03 2.121514426279025034e-01 7.938615878050830910e-02 9.143161320265662308e-08 8.377130821537126090e-09
6.750000000000000791e-03 1.983799883599290104e-01 5.778977549052202040e-02 1.081999161073639299e-07 1.100335204765146207e-08
7.000000000000001013e-03 6.691742903492273187e-02 1.592146762032927432e-01 1.256445508958788425e-07 1.396353392927304886e-08
7.250000000000001235e-03 6.110442206074390148e-02 1.393994754300831584e-01 1.436523897506264396e-07 1.719846965438120301e-08
7.499999999999999722e-03 5.665324191618549554e-02 1.218884569515009536e-01 1.619626740422288155e-07 2.063912683664707016e-08
7.750000000000000812e-03 5.289425338445008506e-02 1.067549902033782944e-01 1.803598301851267008e-07 2.421456733852852924e-08
8.000000000000000167e-03 4.936720459905288849e-02 9.398990329921662334e-02 1.987529709107302518e-07 2.785682212861934120e-08
8.250000000000000389e-03 4.617499424139821090e-02 8.313671658924567942e-02 2.165998719409057732e-07 3.150510027760309271e-08
8.500000000000000611e-03 4.368889059866292585e-02 7.343004417623878732e-02 2.341540169728256236e-07 3.510793535144125056e-08
8.750000000000000833e-03 4.140692505436024268e-02 6.522836036691011252e-02 2.512948302237786071e-07 3.862410031402542251e-08
9.000000000000001055e-03 3.943705882069118568e-02 5.814436062433281371e-02 2.678123936964862469e-07 4.202189761151169173e-08
9.250000000000001277e-03 3.765309222978352466e-02 5.260330322163469380e-02 2.834019544951354957e-07 4.527863229079049358e-08
9.500000000000001499e-03 3.604848626786249371e-02 4.839537419490629044e-02 2.987560811894254005e-07 4.837885106350754735e-08
9.750000000000001721e-03 3.459563517185962334e-02 4.639353785925498519e-02 3.130476478584032546e-07 5.131293711287368560e-08
1.000000000000000021e-02 3.327237585732334413e-02 4.058202082407746242e-02 3.270871075888680387e-07 5.407558619267615384e-08
