# time 1 2 D-1 D
0.000000000000000000e+00 9.999999517746999134e-01 2.472433603550730167e-08 1.726700182312166773e-34 4.721740402062349741e-35
5.000000000000000104e-04 9.999971249399929318e-01 1.718797337857587282e-07 2.104112266655398552e-25 4.496973585932532735e-27
1.000000000000000021e-03 9.999567045866846193e-01 3.567142762832623665e-06 1.044437905585147483e-22 4.586382152650585830e-24
1.500000000000000248e-03 9.997852096610023720e-01 2.455285638319020704e-05 1.076561367017696234e-20 6.067484324670959849e-22
2.000000000000000042e-03 9.993203137755370946e-01 1.067473985793926893e-04 1.444720995432778226e-20 1.863427983062596363e-22
2.500000000000000052e-03 9.982957961167346905e-01 3.611154401237500681e-04 3.976002242634538501e-20 9.421366507874035425e-23
3.000000000000000496e-03 9.962559932579608812e-01 1.043568418722898078e-03 1.514218735065114123e-19 2.779246519900685598e-22
3.500000000000000507e-03 9.923826163723636906e-01 2.706630887516099041e-03 6.452529745570025692e-19 2.477729903915559249e-21
4.000000000000000083e-03 9.851771213112018311e-01 6.480376021627079833e-03 3.425436105867914174e-18 2.336841865735506817e-20
4.500000000000000527e-03 9.719432628003733532e-01 1.453569707096168638e-02 2.508584613067209887e-17 1.881120790362227086e-19
5.000000000000000104e-03 9.481556127383018451e-01 3.065276084805527296e-02 2.550787062392516041e-16 9.323621853684862915e-19
5.500000000000000548e-03 9.073986013858797994e-01 6.019452025656660266e-02 6.190767360085323291e-16 2.357541034431661519e-18
6.000000000000000992e-03 8.437293173717760331e-01 1.077348667083699169e-01 1.915453856348048991e-15 1.105511310664912682e-18
6.500000000000000569e-03 7.576109354307715149e-01 1.711210014481265029e-01 5.374105031507202557e-15 1.442217315866347627e-17
7.000000000000001013e-03 6.597837336878775716e-01 2.377531152004153936e-01 1.240295784660478554e-14 3.669426549906319000e-16
7.499999999999999722e-03 5.649746586857236075e-01 2.836683343777066657e-01 2.458583671216564975e-14 2.972931354952033436e-15
8.000000000000000167e-03 4.823041598237030603e-01 1.504029211641950137e-01 4.226011570044324760e-14 1.472670110689671572e-14
8.500000000000000611e-03 4.135754693467708631e-01 7.400518419821364158e-02 6.298461227245830960e-14 5.332217846789016399e-14
9.000000000000001055e-03 3.569049290446683065e-01 6.502406194631672742e-02 8.406555841460066040e-14 1.536407796573543663e-13
9.500000000000001499e-03 3.097617797816337726e-01 6.841902939185148802e-02 9.912321378051669462e-14 3.699564461549452236e-13
1.000000000000000021e-02 2.701374427959738478e-01 7.471515057753702616e-02 1.118981349974851332e-13 7.700619730259438498e-13
1.050000000000000065e-02 2.366606970201331761e-01 8.240247609630850512e-02 1.026832315319235849e-13 1.421732292825810804e-12
1.100000000000000110e-02 2.083786314386369409e-01 9.022987700422480106e-02 5.703389480184170964e-14 2.373530915735558170e-12
1.150000000000000154e-02 1.845455457502657992e-01 9.846004215907316892e-02 3.997643074336377225e-11 3.638950907707872586e-12
1.200000000000000198e-02 1.645066253537569856e-01 1.068141195124256704e-01 4.740630977977324658e-11 5.190515671863883555e-12
1.250000000000000069e-02 1.476629701432179420e-01 1.015793358926418005e-01 5.377780642984606043e-11 6.963016546764822285e-12
1.300000000000000114e-02 1.334737347685907016e-01 6.118465056090235249e-02 5.896269213081813465e-11 8.867885550566196998e-12
1.350000000000000158e-02 1.214648488951160510e-01 4.356848705833311214e-02 6.293953096154556105e-11 1.080492536240278228e-11
1.400000000000000203e-02 1.112316143393778656e-01 3.785865328366042754e-02 6.593831463547783807e-11 1.268507299456493658e-11
1.450000000000000247e-02 1.024332275061855535e-01 3.608135794724483952e-02 6.778866468113590132e-11 1.443753617328838167e-11
1.499999999999999944e-02 9.478091808036695487e-02 3.538278778065354069e-02 6.958396102758569720e-11 1.601912065661902300e-11
1.550000000000000162e-02 8.802105462293763338e-02 3.666536555182894896e-02 7.124288993803324305e-11 1.741045522693752981e-11
1.600000000000000033e-02 8.191254526014858650e-02 3.795040339302697269e-02 7.222279022616516911e-11 1.861460580495983027e-11
1.650000000000000078e-02 7.619480415286010444e-02 4.031894813336140554e-02 7.367464378452164265e-11 1.964771730416437159e-11
1.700000000000000122e-02 7.053842890907829899e-02 4.405846605623665174e-02 7.558550591992109526e-11 2.053575467133286953e-11
1.750000000000000167e-02 6.446540672448053400e-02 4.897383294710853929e-02 7.755005281813243025e-11 2.130869028209635936e-11
1.800000000000000211e-02 5.722562983126985164e-02 5.584183248886016165e-02 7.949572141749993852e-11 2.199373415696855258e-11
1.850000000000000255e-02 4.766911847519096634e-02 6.509449675672875080e-02 8.187706279079482727e-11 2.261364977191445895e-11
1.900000000000000300e-02 3.427465221494709752e-02 7.786620765120499943e-02 8.453689868677964669e-11 2.318756697490366717e-11
1.950000000000000344e-02 1.720202342770408774e-02 9.316208553409956183e-02 8.745220563698654028e-11 2.372903980601621699e-11
2.000000000000000042e-02 3.480639317277919864e-03 1.035255795198951473e-01 9.062473956520404209e-11 2.424780393370677548e-11
