# time 1 2 D-1 D
0.000000000000000000e+00 9.999999731299475947e-01 6.754906632450827251e-09 6.135874799780946891e-34 2.543769775179430167e-34
2.500000000000000486e-03 9.999995215724134523e-01 2.169014024665529209e-08 2.105483753328329488e-20 3.673707106484610437e-22
5.000000000000000971e-03 9.999928597629703653e-01 3.177780786886135863e-07 2.140566284702855921e-19 2.033987142397801379e-22
7.500000000000001457e-03 9.999633830779712795e-01 2.176600313874452905e-06 8.670604588057286614e-20 7.309710103315707336e-20
1.000000000000000194e-02 9.998793538127300762e-01 9.750034414675031407e-06 4.831781682975943719e-19 4.320467483056199350e-19
1.250000000000000069e-02 9.996851161953200782e-01 3.430909691465676003e-05 3.213210650237598601e-18 1.132727356973726619e-18
1.500000000000000291e-02 9.992843861932572125e-01 1.029836510270985768e-04 1.519048099038876869e-16 2.097088762244730459e-18
1.750000000000000167e-02 9.985106770703352508e-01 2.777998594384504887e-04 3.083525322128022786e-15 1.268176580746621696e-18
2.000000000000000389e-02 9.970771360854364662e-01 6.910470256823802396e-04 3.964104244677617997e-14 1.398310520563010402e-17
2.250000000000000264e-02 9.944961453910650118e-01 1.604323869408843259e-03 3.639062881401456440e-13 3.519636312255825273e-16
2.500000000000000139e-02 9.899623751136018557e-01 3.508651737339017751e-03 2.457737309009310386e-12 2.827615857948259501e-15
2.750000000000000361e-02 9.822092964581730090e-01 7.230524360982697185e-03 1.266184750375204762e-11 1.122387941313060138e-14
3.000000000000000583e-02 9.693927180631874974e-01 1.403278818699963369e-02 5.270596379766171660e-11 1.958597786741093168e-14
3.250000000000000111e-02 9.491227986658393734e-01 2.551188516541287588e-02 2.000963706061415360e-10 2.316445857246767720e-15
3.500000000000000333e-02 9.187998055156093580e-01 4.322554551708880644e-02 9.017149247537673567e-10 1.377932604311410152e-13
3.750000000000000555e-02 8.764528475326684998e-01 6.773657368136985768e-02 2.387171074886855413e-09 1.972693487686509581e-12
4.000000000000000777e-02 8.220443588798839185e-01 9.718087782616081916e-02 4.392472058931088578e-09 1.153681738912993982e-11
4.250000000000000999e-02 7.574956435733546378e-01 1.270445367075030418e-01 7.741890138982895239e-09 4.487101731728482266e-11
4.500000000000000527e-02 6.886190923277296649e-01 1.489230470547990848e-01 1.290231930573532249e-08 1.347751962929814967e-10
4.750000000000000749e-02 6.183719968241183640e-01 1.585752024798256499e-01 2.030211672075217938e-08 3.359666295757872057e-10
5.000000000000000278e-02 5.509063144331055595e-01 1.538848498147360466e-01 3.044417754658947877e-08 7.256874553730330605e-10
5.250000000000000500e-02 4.900019219208819887e-01 1.386488934634818315e-01 4.381425023748960029e-08 1.398374993204309612e-09
5.500000000000000722e-02 4.353440405448162909e-01 1.204956671412409364e-01 6.080778632998693899e-08 2.454537271410006822e-09
5.750000000000000944e-02 3.861394452305099145e-01 1.045494950267769896e-01 8.170737251695608386e-08 3.986963099941593819e-09
6.000000000000001166e-02 3.445267122620531697e-01 8.982521474865629019e-02 1.066518803717037685e-07 6.067548268851765515e-09
6.250000000000000000e-02 3.078567821019910777e-01 7.839084176578342555e-02 1.356926673610763605e-07 8.737273926859218264e-09
6.500000000000000222e-02 2.759404275818355678e-01 6.933299643268131529e-02 1.686327176196664917e-07 1.200078994819917266e-08
6.750000000000000444e-02 2.619837195607451763e-01 4.832024656607380314e-02 2.055235596690004882e-07 1.582661306038145081e-08
7.000000000000000666e-02 5.992939486711655606e-02 2.204201236191870306e-01 2.454271602320936609e-07 2.015187291545572242e-08
7.250000000000000888e-02 5.526901445928077833e-02 1.993134538712365011e-01 2.880970198138901676e-07 2.489014712160435496e-08
7.500000000000001110e-02 5.190628975713880433e-02 1.804183813858019902e-01 3.328886391814250850e-07 2.994141836925372072e-08
7.750000000000001332e-02 4.914468231481473187e-02 1.638823402873351986e-01 3.791723991091466475e-07 3.520015749247459513e-08
8.000000000000001554e-02 4.646812374280700347e-02 1.497934867163079331e-01 4.265537610327510607e-07 4.056557535440374766e-08
8.250000000000001776e-02 4.401736702566398651e-02 1.377007690376090554e-01 4.735136247154074948e-07 4.594708649957878362e-08
8.500000000000001998e-02 4.229392653518521811e-02 1.267074666870904587e-01 5.204547197136198554e-07 5.126842126782687280e-08
8.750000000000000833e-02 4.069409033948629545e-02 1.173709710476190660e-01 5.668766444350129409e-07 5.646891156022232617e-08
9.000000000000001055e-02 3.938008474804697429e-02 1.092390705648094845e-01 6.120582315482628585e-07 6.150310509340583227e-08
9.250000000000001277e-02 3.820249918114571736e-02 1.031601842031604072e-01 6.550310846227316062e-07 6.633902334076217528e-08
9.500000000000001499e-02 3.716748666934564099e-02 9.897920285232741922e-02 6.975276599160094388e-07 7.095578612660837855e-08
9.750000000000001721e-02 3.625025707562956612e-02 9.833846843055486786e-02 7.372418857147531996e-07 7.534107295241869138e-08
1.000000000000000056e-01 3.543116325583624271e-02 8.632262871123878856e-02 7.763205534757162556e-07 7.949103236266297029e-08
