# time 1 2 D-1 D
0.000000000000000000e+00 9.999999620971685710e-01 2.064560717838748673e-08 4.886530016368249171e-35 2.050062147834069414e-34
2.500000000000000486e-03 9.999915458540852287e-01 7.471214822010677186e-06 1.476236045615889767e-20 8.150939602342873938e-22
5.000000000000000971e-03 9.998257347087717850e-01 1.575298513281173790e-04 2.386927850997735661e-19 2.495530780185655268e-21
7.500000000000001457e-03 9.988557260560556594e-01 1.055823892626081778e-03 1.190840060358285438e-18 1.877501827020115924e-21
1.000000000000000194e-02 9.953078958526864195e-01 4.407045684954495092e-03 6.821978759610920011e-18 1.484983800903837572e-19
1.250000000000000069e-02 9.853002053381749725e-01 1.401198157248290110e-02 5.191354528614397680e-17 1.227474352360833334e-18
1.500000000000000291e-02 9.620861214202421907e-01 3.652035322202713125e-02 4.978498872266104068e-16 6.491641256942588104e-18
1.750000000000000167e-02 9.177686873363957165e-01 7.946419625617097415e-02 4.462045804315218213e-15 2.995394906880244027e-17
2.000000000000000389e-02 8.498383050584236154e-01 1.429076407695306361e-01 3.310102065532085092e-14 7.656240834781731594e-17
2.250000000000000264e-02 7.670463731252079587e-01 2.048201165117375655e-01 2.004346670343965663e-13 9.947716432560813034e-18
2.500000000000000139e-02 6.841776255457872047e-01 2.109936591779908999e-01 1.003239865165242976e-12 2.944399893635929234e-15
2.750000000000000361e-02 6.116974273511845972e-01 1.666180846801591231e-01 4.197687465121272160e-12 8.723485734527199902e-14
3.000000000000000583e-02 5.529015201964035953e-01 1.351631660829296089e-01 1.474129175614397113e-11 1.010410927971171229e-12
3.250000000000000111e-02 5.068678943725544173e-01 1.197483828486413798e-01 4.406228513669597931e-11 6.628270620647630825e-12
3.500000000000000333e-02 4.713321825406546206e-01 1.112580747664665970e-01 1.167817213183582054e-10 2.798084917656815975e-11
3.750000000000000555e-02 4.440181364524080077e-01 1.042929613308314352e-01 2.847604016408342685e-10 8.566503426401355209e-11
4.000000000000000777e-02 4.230315908684393889e-01 9.573665021638612382e-02 6.448357048729735070e-10 2.101427828531492767e-10
4.250000000000000999e-02 4.068947141641918175e-01 8.496796090836382376e-02 1.373388572000356595e-09 4.379118666370176004e-10
4.500000000000000527e-02 3.944798104481043732e-01 7.333148166707406657e-02 2.769511512703671047e-09 8.048681180922300641e-10
4.750000000000000749e-02 3.849312873772692822e-01 6.225063790101453831e-02 5.710435483510044673e-09 1.338234550502499858e-09
5.000000000000000278e-02 3.775993188599187089e-01 5.330996867153223878e-02 1.443211970961035962e-08 2.049714052453460293e-09
5.250000000000000500e-02 3.719885935757498707e-01 4.607380070621264895e-02 1.421786793571621913e-08 2.933057744818182793e-09
5.500000000000000722e-02 3.677199026487951716e-01 4.077588903352621919e-02 1.608455428523756566e-08 3.964597736345668671e-09
5.750000000000000944e-02 3.645016254725552129e-01 3.649335656841626307e-02 1.843357636843856850e-08 5.107634157472589336e-09
6.000000000000001166e-02 3.621084820603458487e-01 3.327832669653173897e-02 2.075719231952685429e-08 6.317897347941909550e-09
6.250000000000000000e-02 3.603656934777128562e-01 3.054874301529703767e-02 2.275957567176148861e-08 7.548909104032109540e-09
6.500000000000000222e-02 3.591371570127321333e-01 2.823705717363397122e-02 2.441411880919817323e-08 8.756840406890104154e-09
6.750000000000000444e-02 3.583164625118839264e-01 2.632019157724495642e-02 2.565826879968993649e-08 9.904235967732162085e-09
7.000000000000000666e-02 3.578200862710113062e-01 2.476030776926907429e-02 2.651005300353699866e-08 1.096175961038757725e-08
7.250000000000000888e-02 3.575822030355598202e-01 2.329950678790329577e-02 2.686285029451296754e-08 1.190879703190323368e-08
7.500000000000001110e-02 3.575507004269407041e-01 2.206590628842009308e-02 2.687175020255172361e-08 1.273312019172396784e-08
7.750000000000001332e-02 3.576841014764966520e-01 2.098952018173005224e-02 2.646581478600780392e-08 1.342981016824945060e-08
8.000000000000001554e-02 3.579491831550000169e-01 2.001766584777018090e-02 2.583029474092633906e-08 1.399989725034109037e-08
8.250000000000001776e-02 3.583191328628262395e-01 1.917725678361904829e-02 2.499576784713299587e-08 1.444884630682090306e-08
8.500000000000001998e-02 3.587721213126703890e-01 1.840460041146686765e-02 2.395446626931334500e-08 1.478520156356600054e-08
8.750000000000000833e-02 3.592902057802708216e-01 1.771948248339780263e-02 2.273461869336170748e-08 1.501936773103140285e-08
9.000000000000001055e-02 3.598584908739691501e-01 1.710227495911816747e-02 2.146199584582048802e-08 1.516261203711527339e-08
9.250000000000001277e-02 3.604645135107609755e-01 1.651728419541034776e-02 2.022532283031384783e-08 1.522651211484769640e-08
9.500000000000001499e-02 3.610977506901249523e-01 1.601054023049083494e-02 1.898783385469943326e-08 1.522205413993335966e-08
9.750000000000001721e-02 3.617492750303292759e-01 1.554277725579066190e-02 1.774980910550633999e-08 1.515958497965671192e-08
1.000000000000000056e-01 3.624125645400637086e-01 1.509422930464503036e-02 1.655026273004213642e-08 1.504882226983299691e-08
