# time 1 2 D-1 D
0.000000000000000000e+00 9.999999531451962964e-01 7.631677978525750067e-10 6.115509360152950760e-36 1.122046092058336790e-36
1.250000000000000243e-03 9.999989300838496575e-01 8.046301186241144993e-07 4.537839024039678120e-26 1.320141427039099360e-27
2.500000000000000486e-03 9.999772610448506294e-01 1.769869721991383486e-05 1.082235049658013806e-24 7.884272956946862396e-28
3.750000000000000729e-03 9.998498238695545659e-01 1.215631736858991335e-04 6.971780395568654518e-23 1.971082877056517486e-25
5.000000000000000971e-03 9.993763997837613600e-01 5.222875169311827232e-04 8.852718675008383790e-22 2.496284118756909488e-23
6.250000000000000347e-03 9.979839014615767834e-01 1.733044728651878625e-03 4.328000915670129550e-21 2.338447237715325143e-22
7.500000000000001457e-03 9.944489531338426280e-01 4.861680757428930508e-03 1.845223162635168131e-20 1.402410521378713681e-21
8.750000000000000833e-03 9.864413699343647091e-01 1.203188467741132632e-02 7.729317072451386297e-20 6.042176237136205489e-21
1.000000000000000194e-02 9.701783741207681278e-01 2.655120870326499113e-02 4.051936437075794973e-19 2.116119090071468542e-20
1.125000000000000132e-02 9.409958010896684044e-01 5.212954938579468511e-02 2.454602620514218045e-18 6.404453385508968069e-20
1.250000000000000069e-02 8.958643916608991509e-01 8.919485800503411388e-02 1.537816874484800778e-17 1.821900825188128545e-19
1.375000000000000180e-02 8.369082694161720237e-01 1.328798228364917455e-01 9.188083832500948064e-17 7.182161604902607543e-19
1.500000000000000291e-02 7.718203872606486105e-01 1.715448602090162977e-01 4.747412293140760501e-16 5.198474407352077530e-18
1.625000000000000056e-02 7.095481689403347891e-01 1.968245271156881249e-01 2.051953934543398458e-15 4.667156663228927053e-17
1.750000000000000167e-02 6.558871626634028562e-01 2.080158770883998309e-01 7.245142141259174685e-15 3.433557452550956756e-16
1.875000000000000278e-02 6.126506387728090086e-01 2.095524783296843496e-01 2.072396454126092314e-14 1.699291556785179177e-15
2.000000000000000389e-02 5.791315647423607160e-01 2.096580692185991690e-01 4.867436414508887465e-14 5.424637506880016645e-15
2.125000000000000500e-02 5.536450170021448569e-01 2.097610798039103996e-01 9.629098557729032116e-14 1.136564990532316123e-14
2.250000000000000264e-02 5.344104203974838763e-01 2.282562533730438104e-01 1.669391656831686508e-13 1.587800427128160756e-14
2.375000000000000375e-02 5.199000796282228221e-01 1.591404480570449420e-01 2.644026577599665426e-13 1.405541660554174051e-14
2.500000000000000139e-02 5.089151477119157052e-01 9.448896394715038116e-02 3.967951290055797561e-13 5.815073444118773949e-15
2.625000000000000250e-02 5.005537316024336603e-01 7.117272123548329388e-02 5.807286759181498134e-13 5.355363672207635372e-16
2.750000000000000361e-02 4.941508542290109496e-01 5.642355129117280349e-02 8.408186823359135517e-13 1.577713682087326705e-14
2.875000000000000472e-02 4.892202409244639782e-01 4.626866407893678174e-02 1.212514952966832184e-12 7.023278638991052992e-14
3.000000000000000583e-02 4.854062561329992032e-01 3.744746133354810019e-02 1.733821387372322946e-12 1.750926436353642232e-13
3.125000000000000000e-02 4.824481422432748690e-01 3.171205391089531450e-02 2.414066609818583877e-12 3.283247088795980787e-13
3.250000000000000111e-02 4.801535841195370136e-01 2.776775670371101762e-02 3.261700458659035687e-12 5.141821460259230963e-13
3.375000000000000222e-02 4.783797006932810625e-01 2.423509570252449161e-02 4.227678790229548319e-12 7.080975950586523429e-13
3.500000000000000333e-02 4.770197246731028295e-01 2.135725204164633587e-02 5.105485881024324019e-12 8.826372006939297752e-13
3.625000000000000444e-02 4.759933115830231598e-01 1.904918068623609115e-02 5.779773009935374414e-12 1.014214118919674143e-12
3.750000000000000555e-02 4.752396741650328216e-01 1.751167594043301010e-02 6.352430118907745213e-12 1.087252180369990581e-12
3.875000000000000666e-02 4.747124787836226600e-01 1.600225620596965395e-02 6.846800100275946649e-12 1.096246509170088625e-12
4.000000000000000777e-02 4.743762063489306846e-01 1.478623705232923365e-02 7.849457993107240891e-12 1.044480570168967487e-12
4.125000000000000888e-02 4.742033360776066742e-01 1.382939480698724966e-02 9.446318090202398847e-12 9.422648491697401172e-13
4.250000000000000999e-02 4.741721323215592476e-01 1.290854597499812260e-02 1.151404384478394192e-11 8.045380222770609636e-13
4.375000000000000416e-02 4.742649405329935064e-01 1.216221561895768251e-02 1.441821346732353672e-11 6.481274326923023047e-13
4.500000000000000527e-02 4.744668780586598911e-01 1.158707564353531581e-02 1.815137866671139681e-11 4.896710363375016179e-13
4.625000000000000638e-02 4.747648650949710114e-01 1.098559929826016177e-02 2.228554212577073764e-11 3.444304003849310590e-13
4.750000000000000749e-02 4.751470124395039685e-01 1.056403025610628404e-02 2.679748058957543066e-11 2.249487587504678903e-13
4.875000000000000860e-02 4.756022200801334199e-01 1.020216593407364050e-02 3.186247163210941842e-11 1.406580704224672104e-13
5.000000000000000278e-02 4.761201631444533233e-01 9.832165586458370063e-03 3.725965864118624600e-11 9.762765875461520538e-14
