# time 1 2 D-1 D
0.000000000000000000e+00 9.999999697821992939e-01 1.203710327791645183e-08 1.513397548805846478e-34 1.827452905147098984e-35
2.500000000000000486e-03 9.993108606913745362e-01 3.659727791573556921e-06 1.152214534537950659e-28 1.290243009492763681e-25
5.000000000000000971e-03 9.970444863382651457e-01 7.281032629844022856e-05 2.176216856167383112e-24 6.743621662233079184e-22
7.500000000000001457e-03 9.927278630065483611e-01 4.680596638035949353e-04 8.763601700785588270e-22 1.066699528183941784e-19
1.000000000000000194e-02 9.854984017038577182e-01 1.864849864402848582e-03 5.992161960366100899e-20 3.896123269250409571e-18
1.250000000000000069e-02 9.738509335617385743e-01 5.698261953057667112e-03 1.713393553125203996e-18 6.190272117237065925e-17
1.500000000000000291e-02 9.554439722278605940e-01 1.462660953567151804e-02 2.367491156104518768e-17 5.663617791028329022e-16
1.750000000000000167e-02 9.273245860774850247e-01 3.020791655873047987e-02 2.105281635475477249e-16 3.466384790771014958e-15
2.000000000000000389e-02 8.870341832799235604e-01 4.332754847372491391e-02 1.208069588432091817e-15 1.554995854406121235e-14
2.250000000000000264e-02 8.344292508973436551e-01 5.201631046568264832e-02 5.178079428318483840e-15 5.439939657197893669e-14
2.500000000000000139e-02 7.727508566901802878e-01 6.250843021420876555e-02 1.648396498292487420e-14 1.554037474806821688e-13
2.750000000000000361e-02 7.074968809980934914e-01 7.416573053106495506e-02 4.051136672555970472e-14 3.759627342001581399e-13
3.000000000000000583e-02 6.439432859705185308e-01 8.392281810637007566e-02 7.989060873527617640e-14 7.934955738600190716e-13
3.250000000000000111e-02 5.854683452037000579e-01 8.146496392073904191e-02 1.296442704944429622e-13 1.497101999645204641e-12
3.500000000000000333e-02 5.334256097740468494e-01 4.202376002476253258e-02 1.727677674486900569e-13 2.575019133487022494e-12
3.750000000000000555e-02 4.878269840813507230e-01 7.718197882650300497e-03 1.864097877073821302e-13 4.100021936855889684e-12
4.000000000000000777e-02 4.480473174617140564e-01 6.666822731923745769e-04 1.550864883416249869e-13 6.111696122555006463e-12
4.250000000000000999e-02 4.132728096040639842e-01 1.820146111664740603e-05 8.640685042215128383e-14 8.595614454736314724e-12
4.500000000000000527e-02 3.827177023487153273e-01 4.889416786197609780e-04 2.192491415701750779e-14 1.146109516114674074e-11
4.750000000000000749e-02 3.557036062070486060e-01 1.214402292622586811e-03 4.797543269054455519e-14 1.452459188380409108e-11
5.000000000000000278e-02 3.316730684866883716e-01 1.965919312066676319e-03 2.767505046740633594e-13 1.753898217616019159e-11
5.250000000000000500e-02 3.101773719585694256e-01 2.700353840799544092e-03 8.101911531058962509e-13 2.024210400332807621e-11
5.500000000000000722e-02 2.908607006428751696e-01 3.408020093679050080e-03 1.561938936007823225e-12 2.256576125827346380e-11
5.750000000000000944e-02 2.734396645720103547e-01 4.034392270465409110e-03 2.444209567011488593e-12 2.447864026536853528e-11
6.000000000000001166e-02 2.576843801902310438e-01 4.601378755965846064e-03 3.162121656740807906e-12 2.621639552794857606e-11
6.250000000000000000e-02 2.433356424827306241e-01 5.135584004916817283e-03 3.661505790800519112e-12 2.784096132368352843e-11
6.500000000000000222e-02 2.304257824302252400e-01 5.451496600822112668e-03 3.755956924979298598e-12 2.960402072602120629e-11
6.750000000000000444e-02 2.186424866436367520e-01 5.717794809150498342e-03 3.585463595141481577e-12 3.146792223843111977e-11
7.000000000000000666e-02 2.079641690091284245e-01 5.840110655503626992e-03 3.138576766824380175e-12 3.355918773238400263e-11
7.250000000000000888e-02 1.982056163748631139e-01 5.899870556421312438e-03 2.526964675521479459e-12 3.587716731413144327e-11
7.500000000000001110e-02 1.894768800779744466e-01 5.697819884692057260e-03 1.929532352735554041e-12 3.833620275092882097e-11
7.750000000000001332e-02 1.816451732984079581e-01 5.288972943354367136e-03 1.339179404080792368e-12 4.101290255808572211e-11
8.000000000000001554e-02 1.747086395612914289e-01 4.607005625278938823e-03 8.210279398792182299e-13 4.388757343531087795e-11
8.250000000000001776e-02 1.684999151136785389e-01 3.759247259158240723e-03 4.703892030789477114e-13 4.688735935223583192e-11
8.500000000000001998e-02 1.629113903756855553e-01 2.800244280542543967e-03 2.630019402167314878e-13 5.004060802493915743e-11
8.750000000000000833e-02 1.580632959367954116e-01 1.562720374940707686e-03 1.845914147893292078e-13 5.335112006719177349e-11
9.000000000000001055e-02 1.535509462707831674e-01 4.095368106251733270e-04 2.448220039985582183e-13 5.678844128486048832e-11
9.250000000000001277e-02 1.486450352935933528e-01 3.273691584608753917e-05 4.283787055607396363e-13 6.034126839781049544e-11
9.500000000000001499e-02 1.420965527308394316e-01 1.648031276871158267e-03 6.936901853136440595e-13 6.402044519308836391e-11
9.750000000000001721e-02 1.316618729271246402e-01 7.469229742340446031e-03 1.081202738593197376e-12 6.775667474550627208e-11
1.000000000000000056e-01 1.170145922010908807e-01 1.779617299668905667e-02 1.534507751090049771e-12 7.157781145856880431e-11
