# time 1 2 D-1 D
0.000000000000000000e+00 9.999999434195431247e-01 1.536246910925664521e-08 2.242889713088854014e-35 1.815365344951228409e-37
5.000000000000000104e-04 9.987532686879944110e-01 8.002374118601775780e-07 1.886099224024468849e-30 1.690002718047432853e-37
1.000000000000000021e-03 9.947627787549174760e-01 1.598201003470612247e-05 3.327393224701279139e-26 2.572250161079801264e-31
1.500000000000000248e-03 9.876285903850392511e-01 1.010785660645789966e-04 1.147378733016274762e-23 5.578543118183342239e-28
2.000000000000000042e-03 9.768942842245013081e-01 4.074480253705632139e-04 7.150988927130429219e-22 1.393930338643551640e-25
2.500000000000000052e-03 9.619773675202738517e-01 1.251336392501778069e-03 1.731301129751368698e-20 1.033063829415927137e-23
3.000000000000000496e-03 9.420422620011953407e-01 3.215843519720016069e-03 2.235855457846692464e-19 3.432449923536830826e-22
3.500000000000000507e-03 9.158612271790010917e-01 7.133195025431416682e-03 1.886415968563879562e-18 6.341764242444337462e-21
4.000000000000000083e-03 8.818349597264861783e-01 1.403096968846755631e-02 1.111670254431643060e-17 7.374109956347244738e-20
4.500000000000000527e-03 8.384349802551909203e-01 2.443749853260659619e-02 5.050299674586163078e-17 5.809842694246065507e-19
5.000000000000000104e-03 7.851097896222458683e-01 3.652333652195190183e-02 1.868019036754432034e-16 3.226078800549411870e-18
5.500000000000000548e-03 7.231098347061254428e-01 4.263827093813005176e-02 5.746543740145292016e-16 1.268359959092528845e-17
6.000000000000000992e-03 6.554400829891199320e-01 3.785318641043605714e-02 1.504945294510890451e-15 3.358954614283547320e-17
6.500000000000000569e-03 5.858596624229073235e-01 3.350604562949262982e-02 3.661858340772048120e-15 4.998409098914278894e-17
7.000000000000001013e-03 5.176877304954595749e-01 3.354721627112632054e-02 7.628238123958566957e-15 1.754545833384799820e-17
7.499999999999999722e-03 4.531087149952940374e-01 3.636061406500871312e-02 1.404858658855473227e-14 5.367005463135857013e-17
8.000000000000000167e-03 3.932027745258732665e-01 4.178004630238787293e-02 2.183041040080394274e-14 1.015976774929671259e-15
8.500000000000000611e-03 3.381880246891266206e-01 4.902342998572154636e-02 3.396997105553720074e-14 5.517968098399307698e-15
9.000000000000001055e-03 2.880232596389050159e-01 5.762819048266158706e-02 7.417757282471166310e-13 1.979257440115612345e-14
9.500000000000001499e-03 2.430244548131452742e-01 6.648463190120432187e-02 9.840651350422269695e-13 5.665060022871330903e-14
1.000000000000000021e-02 2.030304395938735684e-01 7.500102753324355831e-02 1.399972927828574612e-12 1.383343437184804863e-13
1.050000000000000065e-02 1.689012992062795260e-01 8.159670007921354662e-02 2.121658265128768148e-12 2.958768303081002163e-13
1.100000000000000110e-02 1.402526233049744275e-01 8.600903453035652069e-02 3.358292346129529790e-12 5.595891440239936340e-13
1.150000000000000154e-02 1.168432365240295173e-01 8.792107720586474218e-02 5.415497616512376818e-12 9.349237391274073302e-13
1.200000000000000198e-02 9.809247699850152935e-02 8.752923916945649918e-02 8.731555841621009395e-12 1.362840882852127860e-12
1.250000000000000069e-02 8.317749258213825991e-02 8.523991421202775642e-02 1.396789572110302030e-11 1.682096475463203832e-12
1.300000000000000114e-02 7.132060074864897403e-02 8.156887497856940561e-02 2.185211688260913005e-11 1.663699185300014817e-12
1.350000000000000158e-02 6.184500729867401653e-02 7.692623047980574891e-02 3.325426947936317571e-11 1.136796016163160339e-12
1.400000000000000203e-02 5.420252328024215832e-02 7.165703903695506971e-02 4.861093304715492005e-11 3.582845165238079667e-13
1.450000000000000247e-02 4.796633449839665664e-02 2.322167307556419827e-06 6.829850615453829225e-11 3.904934405158641828e-16
1.499999999999999944e-02 4.281109678179830652e-02 5.757831910825130797e-05 9.294541245443188436e-11 6.265882096574720163e-13
1.550000000000000162e-02 3.849138280864097816e-02 1.561141983427756920e-04 1.239990458687284435e-10 2.386037552034451927e-12
1.600000000000000033e-02 3.482292279898856896e-02 3.006616426333073269e-04 1.632212020740396591e-10 5.266047174191776836e-12
1.650000000000000078e-02 3.166769202951989770e-02 4.477680806765845802e-04 2.123171924978920092e-10 9.268268697377551201e-12
1.700000000000000122e-02 2.892249534274976552e-02 6.547164758642870595e-04 2.742705417996810404e-10 1.425895857896060383e-11
1.750000000000000167e-02 2.651029812062624322e-02 8.614568622444704034e-04 3.515543456948398938e-10 2.029033173855336910e-11
1.800000000000000211e-02 2.437359512569934467e-02 1.096767886042718156e-03 4.449104787343961215e-10 2.750560418774618139e-11
1.850000000000000255e-02 2.246928713061066216e-02 1.304261603098365438e-03 5.573909233613886666e-10 3.592987865540139085e-11
1.900000000000000300e-02 2.076467459684776945e-02 1.536510641911698538e-03 6.883242947732578634e-10 4.582293341652948884e-11
1.950000000000000344e-02 1.923440203509831775e-02 1.777076460338788836e-03 8.421762760038389217e-10 5.736252171896569522e-11
2.000000000000000042e-02 1.785811400422039272e-02 1.972764668737357271e-03 1.008279526015345808e-09 7.081596383585411504e-11
