# time 1 2 D-1 D
0.000000000000000000e+00 9.999999693944112700e-01 1.938918419414002252e-08 7.209306853593089286e-35 1.305739124893397178e-34
2.500000000000000052e-04 9.988760654873429790e-01 1.015783648421366815e-08 1.370278911429393874e-16 5.631150342418953841e-22
5.000000000000000104e-04 9.952565740000486327e-01 3.906138544456388362e-07 4.043707464853164323e-14 3.046006991598205209e-18
7.500000000000001240e-04 9.887061910018781763e-01 3.278088726579574649e-06 1.188197445091492138e-12 5.418203303655022687e-16
1.000000000000000021e-03 9.786808888830880182e-01 1.734235923975643962e-05 1.329929368296164780e-11 2.354124399811823540e-14
1.250000000000000026e-03 9.644866777677336689e-01 7.347940693535919465e-05 8.687341150117150863e-11 4.686622849348862149e-13
1.500000000000000248e-03 9.452116310991568460e-01 2.744576072163603417e-04 3.966230955668881277e-10 5.611855905883651622e-12
1.750000000000000253e-03 9.195944392985160309e-01 9.313631040265466475e-04 1.383823531136747056e-09 4.607762445394852833e-11
2.000000000000000042e-03 8.857465566643087929e-01 2.917580682966798480e-03 3.875953473050155707e-09 2.753122624947461634e-10
2.250000000000000264e-03 8.405986149359393478e-01 8.419101673245622461e-03 8.926398870201140794e-09 1.224196861159682241e-09
2.500000000000000052e-03 7.790734512237365017e-01 2.209284547592687414e-02 1.711220169554081597e-08 4.116412014123889831e-09
2.750000000000000274e-03 6.954152478087589628e-01 5.014228136835219285e-02 2.707513124436360675e-08 1.080294852245868583e-08
3.000000000000000496e-03 5.901516307281048368e-01 9.348911621780778280e-02 3.469191275162531564e-08 2.316975732839707609e-08
3.250000000000000284e-03 4.782425131618631697e-01 1.393950405670068837e-01 3.806353536039120749e-08 4.253090685171947000e-08
3.500000000000000507e-03 3.809952279553546761e-01 1.690139740772239607e-01 4.009727208245410362e-08 6.934904971921885209e-08
3.749999999999999861e-03 3.069775943726711920e-01 1.757832513674605635e-01 4.376887114174445376e-08 1.032166514350273949e-07
4.000000000000000083e-03 2.528548107754067242e-01 1.649202390192300860e-01 5.393269897248063799e-08 1.429892350637816235e-07
4.250000000000000305e-03 2.133605818971129886e-01 1.430660461165374486e-01 7.129885693739561567e-08 1.870137196921542924e-07
4.500000000000000527e-03 1.838564143029178255e-01 1.164401953739317847e-01 4.476886823591368385e-08 2.333971920502758428e-07
4.750000000000000749e-03 1.612648457143440184e-01 9.065897776162201716e-02 2.988878936608599808e-08 2.802640257018833553e-07
5.000000000000000104e-03 1.435525430161249116e-01 5.748989116263882732e-02 1.752035622849844181e-08 3.259587787372370453e-07
5.250000000000000326e-03 1.293791933229401225e-01 1.481360980323746801e-02 8.060290380288503356e-09 3.691707265603342144e-07
5.500000000000000548e-03 1.178417692213150209e-01 1.177667030322495159e-02 2.269830936934407705e-09 4.089828305594057003e-07
5.750000000000000770e-03 1.083159122243744499e-01 1.019904046991480275e-02 7.116265794661448632e-11 4.448597206201809716e-07
6.000000000000000992e-03 1.003589069741956524e-01 8.970474483554397027e-03 8.835712199218305390e-10 4.765952432854853826e-07
6.250000000000000347e-03 9.364945205489938473e-02 7.937918418515864730e-03 3.687008473444924849e-09 5.042405469379497476e-07
6.500000000000000569e-03 8.794893662597788597e-02 7.001959780247341003e-03 7.339639606818821996e-09 5.280286121054220300e-07
6.750000000000000791e-03 8.305461646786559127e-02 6.134607578091790837e-03 1.076204889663936838e-08 5.483070253859883337e-07
7.000000000000001013e-03 7.887704645586259000e-02 5.264658102273610772e-03 1.313707905891817663e-08 5.654813093027835627e-07
7.250000000000001235e-03 7.527687725498333204e-02 4.406574044339825989e-03 1.400189519167274623e-08 5.799730662431394072e-07
7.499999999999999722e-03 7.216925266976850772e-02 3.548517402732450851e-03 1.321833813614628884e-08 5.921928002727097252e-07
7.750000000000000812e-03 6.942680415094419633e-02 2.741966793383437701e-03 1.096045864043183641e-08 6.025201962795712125e-07
8.000000000000000167e-03 6.704542745135173842e-02 1.931527323451583166e-03 7.772416519251355363e-09 6.112938334400626774e-07
8.250000000000000389e-03 6.488897408599425543e-02 1.201044750264106988e-03 4.328254960625910187e-09 6.188107548719510179e-07
8.500000000000000611e-03 6.291082943815722028e-02 5.569349815691890249e-04 1.561931118707431267e-09 6.253225351389204719e-07
8.750000000000000833e-03 6.094488126090606001e-02 1.313055181154249029e-04 4.284493152969768681e-10 6.310409681902185419e-07
9.000000000000001055e-03 5.888338420155001668e-02 3.450527780847117877e-06 1.958108030584753503e-09 6.361404824993061549e-07
9.250000000000001277e-03 5.659624151247484580e-02 2.794792174665626733e-04 7.156419865026053815e-09 6.407638556378236804e-07
9.500000000000001499e-03 5.400876702260817841e-02 1.013710144764169100e-03 1.700573785934104975e-08 6.450244827366846125e-07
9.750000000000001721e-03 5.101346354975454939e-02 2.296234716433791494e-03 3.240513051771737648e-08 6.490147686145496644e-07
1.000000000000000021e-02 4.782234352940565453e-02 3.900347884601890192e-03 5.416224409813047810e-08 6.525975193005174499e-07
