# time 1 2 D-1 D
0.000000000000000000e+00 9.999999575355817960e-01 3.149423719343033403e-09 1.730137843220693114e-34 7.131228314759564089e-35
1.250000000000000243e-03 9.999979623489259062e-01 2.602407809198756997e-08 3.368938094818393179e-25 7.962710806657952892e-27
2.500000000000000486e-03 9.999690166369042954e-01 5.502103967690215920e-07 1.380364386969139102e-22 6.834020737077207060e-24
3.750000000000000729e-03 9.998467054640340912e-01 4.125552517077531849e-06 3.338226445336662937e-21 1.739603753210845585e-22
5.000000000000000971e-03 9.995089020856018358e-01 1.926738760846504598e-05 9.689337977629587032e-21 2.512503769939286477e-22
6.250000000000000347e-03 9.987376953360741494e-01 6.927760732918354734e-05 4.072920746459536806e-20 9.417174759508112115e-22
7.500000000000001457e-03 9.971414554377012740e-01 2.131688848817142785e-04 2.995274156106506868e-19 7.591750296247074370e-21
8.750000000000000833e-03 9.940127942898344671e-01 5.962703769632737285e-04 3.432377381949425463e-18 7.013514740809400539e-20
1.000000000000000194e-02 9.880625796148773121e-01 1.579120819687513224e-03 5.768681309366232900e-17 8.676794264277127489e-19
1.125000000000000132e-02 9.768999577578439952e-01 4.070886314865870478e-03 5.213114795139249278e-16 1.021333074369826575e-17
1.250000000000000069e-02 9.559129361740481556e-01 1.044514150068586236e-02 3.946115890801501086e-15 1.037515439242425272e-16
1.375000000000000180e-02 9.167769916089646420e-01 2.592879967449353285e-02 2.435159581542885860e-14 7.951040339497162169e-16
1.500000000000000291e-02 8.450562870741074040e-01 6.129793967422544204e-02 1.196341929809747069e-13 4.610432292676436865e-15
1.625000000000000056e-02 7.283586243060798937e-01 1.257872293100783800e-01 4.708080338167257541e-13 2.033445191294791499e-14
1.750000000000000167e-02 5.858098850498826282e-01 1.994809505109979286e-01 1.532560234575856779e-12 7.044292737717031242e-14
1.875000000000000278e-02 4.560623062853348952e-01 2.469154727765602020e-01 4.217936859604579782e-12 1.968172850966545615e-13
2.000000000000000389e-02 3.615630038570661342e-01 2.525364002732069513e-01 1.012805211151183042e-11 4.562069120077661096e-13
2.125000000000000500e-02 2.953954647219233509e-01 2.310091067272186383e-01 2.167237221147431718e-11 8.976057704039242393e-13
2.250000000000000264e-02 2.471925201435919706e-01 1.985858232873690676e-01 4.197798413405100903e-11 1.528662215272046958e-12
2.375000000000000375e-02 2.106460602498305135e-01 1.640183457733138117e-01 7.496014385878864811e-11 2.287523805249084304e-12
2.500000000000000139e-02 1.818452684543938047e-01 1.328830159769181229e-01 1.245542102451383473e-10 3.040716639610464162e-12
2.625000000000000250e-02 1.584672650097418145e-01 1.057570880000397590e-01 1.957936610671616795e-10 3.613261238045035487e-12
2.750000000000000361e-02 1.391132108425137126e-01 8.390012956873992012e-02 2.910030718080855089e-10 3.832229858200085400e-12
2.875000000000000472e-02 1.228283208115519831e-01 6.658879260350474005e-02 4.136854162775152555e-10 3.596717892177685804e-12
3.000000000000000583e-02 1.089357380466218356e-01 4.604560482742409144e-02 5.659174223983691689e-10 2.919422889560178684e-12
3.125000000000000000e-02 9.693668541833597163e-02 4.566638458158927411e-02 7.465211210604880914e-10 1.938351107129813359e-12
3.250000000000000111e-02 8.645511031262276269e-02 4.498121402430106663e-02 9.554984669400770039e-10 9.114047805981825531e-13
3.375000000000000222e-02 7.720423680960075696e-02 4.496330846328492475e-02 1.189159260022637316e-09 1.800543571415936582e-13
3.500000000000000333e-02 6.896467014632008674e-02 4.547436903329143965e-02 1.441835065097733969e-09 1.234264420608527121e-13
3.625000000000000444e-02 6.156907544498192025e-02 4.611047887352939106e-02 1.708001047855785952e-09 1.109086329776842195e-12
3.750000000000000555e-02 5.489131019484872615e-02 4.699009913012411332e-02 1.979854791792878388e-09 3.456436905995817852e-12
3.875000000000000666e-02 4.883614668609313064e-02 4.801312348690358472e-02 2.258333384939057965e-09 7.408442340637768715e-12
4.000000000000000777e-02 4.333403070439251215e-02 4.912890069253807168e-02 2.529414479356081207e-09 1.312010848334564436e-11
4.125000000000000888e-02 3.833005280942186621e-02 5.020618213016758008e-02 2.786430585572123072e-09 2.065806917860246908e-11
4.250000000000000999e-02 3.379965321488232616e-02 5.143204956943593642e-02 3.028358157198711235e-09 3.000696061240336482e-11
4.375000000000000416e-02 2.969658505605907509e-02 5.251308317814035870e-02 3.246913270085505037e-09 4.108744619223125823e-11
4.500000000000000527e-02 2.600848976386968894e-02 5.356765783270300840e-02 3.446775736478392703e-09 5.376944840999237769e-11
4.625000000000000638e-02 2.269185852489358571e-02 5.450640214496579178e-02 3.619228407095941204e-09 6.788915247627273408e-11
4.750000000000000749e-02 1.974132924812307260e-02 5.541543583789976246e-02 3.756843770021840533e-09 8.326591873792051831e-11
4.875000000000000860e-02 1.711085585504823828e-02 5.612157718068397361e-02 3.876536630797344638e-09 9.970933539697153172e-11
5.000000000000000278e-02 1.482025132744696147e-02 5.671022945453344649e-02 3.972182540285746617e-09 1.171223734759313661e-10
