# time 1 2 D-1 D
0.000000000000000000e+00 9.999999575355817960e-01 3.149423719343033403e-09 1.730137843220693114e-34 7.131228314759564089e-35
2.500000000000000486e-03 9.999867165341771447e-01 1.910035554200264147e-07 8.900189186716400940e-29 3.187306377994730272e-29
5.000000000000000971e-03 9.998030659775666296e-01 3.998499008120884862e-06 1.062469614199561743e-22 5.165913563175684075e-24
7.500000000000001457e-03 9.990877533075945838e-01 2.675632095660017382e-05 5.493236491738001451e-22 1.092009609794169581e-23
1.000000000000000194e-02 9.973646892916840923e-01 1.084663181431106798e-04 2.415368019451741086e-21 2.667762485820777781e-23
1.250000000000000069e-02 9.940798220459623469e-01 3.312370283616672493e-04 1.141172088361201506e-20 1.084053965535947304e-22
1.500000000000000291e-02 9.885401616356846999e-01 8.498628651799232034e-04 6.957388707421370831e-20 5.435584709795473825e-22
1.750000000000000167e-02 9.797379991304533409e-01 1.956257221227579099e-03 7.153813642724653478e-19 2.862814052138790012e-21
2.000000000000000389e-02 9.660257698913887747e-01 4.236310013086799948e-03 1.014760485562360359e-17 1.205078606500481261e-20
2.250000000000000264e-02 9.445470751743471061e-01 8.946497392507716737e-03 7.814426453322053265e-17 2.093686471134008170e-20
2.500000000000000139e-02 9.101213268420043079e-01 1.897179085413332189e-02 4.826286142751346153e-16 6.318302575206921984e-20
2.750000000000000361e-02 8.542117890957726667e-01 3.986575330857903415e-02 2.462659826751740678e-15 4.168742329537703298e-18
3.000000000000000583e-02 7.634316528897087117e-01 8.182357967237274821e-02 1.024310547815799414e-14 5.952791511962430603e-17
3.250000000000000111e-02 6.299464451175529334e-01 1.504830554343538629e-01 3.410434432889624468e-14 5.715300816331616981e-16
3.500000000000000333e-02 4.790234476567661881e-01 2.211706817534964398e-01 9.564801544311979238e-14 3.681384822061973343e-15
3.750000000000000555e-02 3.495681008460985173e-01 2.595635010590695568e-01 2.322751041620780931e-13 1.735425519609399366e-14
4.000000000000000777e-02 2.593677436033674510e-01 2.555916541541788933e-01 5.059273906832884191e-13 6.427646803112716088e-14
4.250000000000000999e-02 1.986281358752623738e-01 2.267821637724893313e-01 1.016126055755863768e-12 1.946340244159913032e-13
4.500000000000000527e-02 1.561339573488989829e-01 1.895938479167807722e-01 1.905992435368673260e-12 4.969498314543968357e-13
4.750000000000000749e-02 1.252639024274355417e-01 1.523402405960985195e-01 3.394211293939259241e-12 1.107224915672934987e-12
5.000000000000000278e-02 1.020006051228932870e-01 1.198383526658829829e-01 5.753128531130246122e-12 2.208369162524251711e-12
5.250000000000000500e-02 8.396046381019225957e-02 9.238269800485299221e-02 9.413859389959369607e-12 4.004221310321754785e-12
5.500000000000000722e-02 6.969009218415195273e-02 7.072253532236841278e-02 1.474885538906607059e-11 6.709817287167233710e-12
5.750000000000000944e-02 5.821220633405567446e-02 5.395683901780415348e-02 2.231744839281842506e-11 1.049655768136403373e-11
6.000000000000001166e-02 4.884879086372252710e-02 2.988730079634004458e-02 3.266662135796583813e-11 1.549646404247868005e-11
6.250000000000000000e-02 4.111485603939336875e-02 2.876022979972891330e-02 4.620950118651297282e-11 2.173916201686801082e-11
6.500000000000000222e-02 3.465656745640839642e-02 2.742726580436444239e-02 6.340440431922115225e-11 2.919976638888685516e-11
6.750000000000000444e-02 2.921243894327604090e-02 2.653694687783591036e-02 8.437524836337553860e-11 3.775800080770671587e-11
7.000000000000000666e-02 2.458751672191845580e-02 2.596227701834544557e-02 1.090111170966270762e-10 4.721454110909853953e-11
7.250000000000000888e-02 2.063541130919029076e-02 2.544009205889895611e-02 1.370178564078394482e-10 5.742093349948244966e-11
7.500000000000001110e-02 1.724556623169378605e-02 2.503418828871272969e-02 1.677058621897360369e-10 6.811893261903735895e-11
7.750000000000001332e-02 1.433310213912137969e-02 2.468277235685909995e-02 2.008324290869995668e-10 7.895885524257931865e-11
8.000000000000001554e-02 1.183253440278637936e-02 2.435723904741652138e-02 2.351843045852451845e-10 8.978257245265268037e-11
8.250000000000001776e-02 9.690360245309845647e-03 2.399497152624786855e-02 2.695740374204960270e-10 1.005894100271515901e-10
8.500000000000001998e-02 7.868554637705599958e-03 2.368992180669195202e-02 3.033001558240503490e-10 1.110866407242290545e-10
8.750000000000000833e-02 6.324616958823198708e-03 2.330860047427880249e-02 3.353285432551192119e-10 1.207797647208818694e-10
9.000000000000001055e-02 5.029772753667343006e-03 2.291486301591319844e-02 3.661873956635405896e-10 1.301608443988874185e-10
9.250000000000001277e-02 3.950188847262631892e-03 2.247382161839139164e-02 3.939411541780072186e-10 1.391691254583392796e-10
9.500000000000001499e-02 3.062146417798168423e-03 2.202906312705451772e-02 4.172716740082166120e-10 1.473061119450437593e-10
9.750000000000001721e-02 2.334933080946538075e-03 2.152054604331561996e-02 4.389185032134378690e-10 1.538838457509946730e-10
1.000000000000000056e-01 1.756752885114065254e-03 2.099186190320179515e-02 4.573838685405314707e-10 1.606113055545472065e-10
