# time 1 2 D-1 D
0.000000000000000000e+00 9.999999325651303117e-01 7.670304950183416340e-09 1.176969458479325242e-35 1.432583230541776005e-35
2.500000000000000052e-04 9.999962909099761044e-01 3.210572080891550494e-08 2.113717727807814654e-29 4.244111257907031684e-32
5.000000000000000104e-04 9.999460562405301234e-01 5.485938648309227033e-07 2.624248638540906616e-25 3.348894118351959087e-27
7.500000000000001240e-04 9.997481247612256539e-01 3.977510982799008569e-06 4.292882226226804943e-23 7.761222190107833561e-25
1.000000000000000021e-03 9.992503936892427330e-01 1.856369421889036611e-05 4.321697119271030387e-22 3.190494133879022796e-23
1.250000000000000026e-03 9.982260064437847857e-01 6.992861699547525819e-05 4.611660410472011270e-21 3.486033582977953517e-22
1.500000000000000248e-03 9.962987975146806452e-01 2.294584954941491400e-04 2.639498340627657527e-20 2.632314381899791886e-21
1.750000000000000253e-03 9.927780290592393975e-01 6.955990994786193310e-04 1.150106330355462913e-19 1.515123252298838402e-20
2.000000000000000042e-03 9.862942928534587095e-01 2.007429277521937533e-03 4.465582551628322764e-19 7.628618233088098976e-20
2.250000000000000264e-03 9.739393752367058177e-01 5.681602282600472544e-03 2.022666746479715613e-18 3.751015048726169831e-19
2.500000000000000052e-03 9.491003623620816176e-01 1.596112614070409677e-02 1.186767785308940631e-17 2.017484025007884440e-18
2.750000000000000274e-03 8.963379556128093784e-01 4.438767158055798717e-02 7.576387564637494039e-17 1.137740411544770153e-17
3.000000000000000496e-03 7.853132021986922728e-01 1.149243806103916049e-01 4.433377619717662445e-16 5.959578023111021789e-17
3.250000000000000284e-03 6.013490281536078008e-01 2.325354996252713413e-01 2.176629587268791678e-15 2.664995291771794487e-16
3.500000000000000507e-03 4.094616189000178652e-01 3.197571386999175092e-01 8.747847354868128516e-15 9.733421247822291958e-16
3.749999999999999861e-03 2.764735739973219197e-01 3.074603365642963881e-01 2.889637509056052954e-14 2.908353955034087167e-15
4.000000000000000083e-03 1.949781009722955649e-01 2.313474266557986325e-01 8.006594907568827275e-14 7.185864425993273275e-15
4.250000000000000305e-03 1.442243983234354765e-01 1.560785711243017626e-01 1.926248853316365580e-13 1.516083276249264917e-14
4.500000000000000527e-03 1.109945541533461089e-01 1.048068418117835410e-01 4.105161907437593604e-13 2.743672384166534922e-14
4.750000000000000749e-03 8.820872787091614542e-02 6.002110563874941962e-02 7.928228330681322498e-13 4.340256688639552424e-14
5.000000000000000104e-03 7.197428347961309925e-02 3.467201886312850506e-02 1.395625790279215154e-12 6.051560388420074739e-14
5.250000000000000326e-03 6.002752196559824754e-02 2.860170517742552723e-02 2.281133375330311560e-12 7.492103401376752967e-14
5.500000000000000548e-03 5.098260004275755042e-02 2.453525887575620443e-02 3.483861404630740500e-12 8.262258048509031898e-14
5.750000000000000770e-03 4.395476807526953883e-02 2.174568136185289768e-02 5.047450059035853928e-12 8.026593236344025577e-14
6.000000000000000992e-03 3.835983134067881550e-02 1.967732839927013172e-02 6.975898082880950656e-12 6.730665973304636572e-14
6.250000000000000347e-03 3.380115035341050428e-02 1.847724233192155410e-02 9.233140962895033799e-12 4.677227746444634437e-14
6.500000000000000569e-03 3.000493503529364989e-02 1.773549658748672930e-02 1.182576635658720910e-11 2.364893747440637756e-14
6.750000000000000791e-03 2.677498916839789536e-02 1.735993618993503240e-02 1.464216305115436329e-11 5.354496282990813492e-15
7.000000000000001013e-03 2.399798212314380522e-02 1.731199034078647822e-02 1.771426556215463197e-11 5.455579617489405266e-16
7.250000000000001235e-03 2.150597180746210632e-02 1.754266265337592681e-02 2.090933269817427796e-11 1.750890311226417873e-14
7.499999999999999722e-03 1.929815686103495895e-02 1.789152543042018748e-02 2.421893312181197349e-11 6.368738332802467385e-14
7.750000000000000812e-03 1.732981152508934752e-02 1.837897892623167537e-02 2.757798262585965825e-11 1.445773851559414541e-13
8.000000000000000167e-03 1.551165233413601650e-02 1.897071355970502554e-02 3.097824565063271513e-11 2.647245757780009006e-13
8.250000000000000389e-03 1.384945283996421098e-02 1.965651100368056084e-02 3.428386149841631722e-11 4.256366043099530395e-13
8.500000000000000611e-03 1.229221282272563963e-02 2.041017665165201223e-02 3.761300856645816694e-11 6.277681019339634926e-13
8.750000000000000833e-03 1.092450633511152583e-02 2.113226211942000748e-02 4.080786566999832540e-11 8.704832637438017682e-13
9.000000000000001055e-03 9.650949312691215615e-03 2.188893251098586457e-02 4.393650207683792749e-11 1.151504789417772436e-12
9.250000000000001277e-03 8.474526914951364259e-03 2.265368059493207131e-02 4.693621351375791674e-11 1.467235284110232653e-12
9.500000000000001499e-03 7.423918051260086290e-03 2.338372469776385867e-02 4.981941970666745056e-11 1.815217642835707804e-12
9.750000000000001721e-03 6.462296508000655616e-03 2.410149917092375277e-02 5.252978909083951387e-11 2.194408995088115053e-12
1.000000000000000021e-02 5.607486552137682864e-03 2.477725745611964597e-02 5.518536569553382801e-11 2.597586661448804633e-12
