# time 1 2 D-1 D
0.000000000000000000e+00 9.999999663064632616e-01 5.245677272490379087e-09 1.967524565183186238e-36 1.892878808497455606e-36
2.500000000000000486e-03 9.949925407274882172e-01 1.013737230564883098e-05 6.345425706604810732e-31 1.382693732998290038e-32
5.000000000000000971e-03 9.790615970531327816e-01 5.827398960284007874e-05 1.859292474585466737e-27 1.489943643219113445e-27
7.500000000000001457e-03 9.509207376685802071e-01 1.799072779072223105e-04 2.276586713109943135e-25 1.538338415299502094e-24
1.000000000000000194e-02 9.095271462831189258e-01 4.430738495250324512e-04 2.113628067782622785e-22 2.388155943471721996e-22
1.250000000000000069e-02 8.543430577206883036e-01 9.656700109110413462e-04 1.659165223978368346e-20 1.302874243915655964e-20
1.500000000000000291e-02 7.856778655941084599e-01 1.923958610769792949e-03 4.863713655483109044e-19 3.632391202285801939e-19
1.750000000000000167e-02 7.050244270189867102e-01 3.575709454662922594e-03 7.864020211508227429e-18 6.291578904097549535e-18
2.000000000000000389e-02 6.152231223874813359e-01 6.250608124502040133e-03 8.348479092631236518e-17 7.570296945201863271e-17
2.250000000000000264e-02 5.202942890214756755e-01 1.031757914749656738e-02 6.565011321723523537e-16 6.773102184281153807e-16
2.500000000000000139e-02 4.248623506045374754e-01 1.607601415909886561e-02 4.223332405156625471e-15 4.712644754471452077e-15
2.750000000000000361e-02 3.336699442420822947e-01 2.333847011570712102e-02 2.361450813322965093e-14 2.637085163793723627e-14
3.000000000000000583e-02 2.510770058229430113e-01 3.116111215024850584e-02 1.084859644615566287e-13 1.220961232163628392e-13
3.250000000000000111e-02 1.809826825294419683e-01 3.749039072419011603e-02 1.870797787983676244e-13 4.796557581373239135e-13
3.500000000000000333e-02 1.257354398063830481e-01 4.038021150006636945e-02 1.455509363853732479e-13 1.634025662860587715e-12
3.750000000000000555e-02 8.530581808399738397e-02 3.912600935670410007e-02 1.190269768288581604e-13 4.913903658513641324e-12
4.000000000000000777e-02 5.732476006488324699e-02 3.442343220286050998e-02 1.392282654701382607e-13 1.322433922100215747e-11
4.250000000000000999e-02 3.855030213880725892e-02 2.756622594019077547e-04 3.115859183482853243e-13 3.215947692376916459e-11
4.500000000000000527e-02 2.608130448244174587e-02 6.586136317084493891e-04 2.404873930488980587e-12 7.108980664606998743e-11
4.750000000000000749e-02 1.777973965632427544e-02 7.351530691001623326e-04 6.150791151720583722e-11 1.431669969707383825e-10
5.000000000000000278e-02 1.220453798755431404e-02 7.297176882582953605e-04 4.597682691067888494e-09 2.622071953729724631e-10
5.250000000000000500e-02 8.422935687796612517e-03 7.329335003863773641e-04 1.096126441729080905e-08 4.337395114538434757e-10
5.500000000000000722e-02 5.837455386464301607e-03 7.166931534352331780e-04 2.407060573637524029e-08 6.386526236457183648e-10
5.750000000000000944e-02 4.046134361162456554e-03 6.988302259249994141e-04 4.985437436350521275e-08 8.134189603408986964e-10
6.000000000000001166e-02 2.812664595689629878e-03 6.596223568033371008e-04 9.804254956616411935e-08 8.438185056160187181e-10
6.250000000000000000e-02 1.957177774084817995e-03 6.095870508953956214e-04 1.843446860005826261e-07 6.113382652381771504e-10
6.500000000000000222e-02 1.372832642123941954e-03 5.425965614117021817e-04 3.336547809524734630e-07 1.624797030902527789e-10
6.750000000000000444e-02 9.687037138737563443e-04 4.732375456309480797e-04 5.858955312579173637e-07 1.083884195111471849e-10
7.000000000000000666e-02 6.918151852491115448e-04 4.025459145912220135e-04 1.001370619151745418e-06 2.404004954897833081e-09
7.250000000000000888e-02 4.998180248916799353e-04 3.367871454479961081e-04 1.682881871175697506e-06 1.170987522446795642e-08
7.500000000000001110e-02 3.668739636292966196e-04 2.774430650646433905e-04 2.806484135955793129e-06 3.763907637173890613e-08
7.750000000000001332e-02 2.725061512394607839e-04 2.266845084826347415e-04 4.581972986355120653e-06 9.843111309126103973e-08
8.000000000000001554e-02 2.062557256525445056e-04 1.829556698440699676e-04 7.249846931304970523e-06 2.270608017178779096e-07
8.250000000000001776e-02 1.574682653743169128e-04 1.475851963440027602e-04 1.064284175308171934e-05 4.817916630479882536e-07
8.500000000000001998e-02 1.219550094147827898e-04 1.189702629264620366e-04 1.418750489358491603e-05 9.646733642789417092e-07
8.750000000000000833e-02 9.555660514525014446e-05 9.555567392993234309e-05 1.761331729989182464e-05 1.853154833900520804e-06
9.000000000000001055e-02 7.556175050164243084e-05 7.656913809530426689e-05 2.087862328379234443e-05 3.450279030299448783e-06
9.250000000000001277e-02 6.049839211968652942e-05 6.180840333204865608e-05 2.411502036319505284e-05 6.246139176355848733e-06
9.500000000000001499e-02 4.880364677187461669e-05 4.969164956286996592e-05 2.671517934229094085e-05 1.091172593789459260e-05
9.750000000000001721e-02 3.986853585663360013e-05 4.013754856016629778e-05 2.827054315643103479e-05 1.820111875735521794e-05
1.000000000000000056e-01 3.274825757938140696e-05 3.268866792839451472e-05 2.833938174761107588e-05 2.864941333333009008e-05
