# time 1 2 D-1 D
0.000000000000000000e+00 9.999999402508703561e-01 1.261037292869989312e-08 2.189034967460035210e-34 1.655481755041644642e-35
2.500000000000000486e-03 9.999751295381106297e-01 1.722099453866222078e-05 1.510464760926762302e-29 1.760608020369290829e-27
5.000000000000000971e-03 9.994930467186214917e-01 3.655472824453521292e-04 1.122344234765016197e-25 2.186459365026187463e-24
7.500000000000001457e-03 9.967218605148779886e-01 2.467460033258784928e-03 5.519232052857195849e-24 2.020362600951318825e-24
1.000000000000000194e-02 9.870522834356827424e-01 1.005512174825143497e-02 2.790490265103178408e-23 7.513978611591012868e-23
1.250000000000000069e-02 9.622698162389565768e-01 3.008480139025673794e-02 6.518277078766235928e-23 5.356624221033226978e-22
1.500000000000000291e-02 9.134249495363142568e-01 7.000701689349536627e-02 6.174136371152325705e-23 2.065086558656807240e-21
1.750000000000000167e-02 8.391735407950210446e-01 1.319492673088508428e-01 6.680477335736387431e-23 5.529579223377209639e-21
2.000000000000000389e-02 7.506457125585569434e-01 2.017574255748136591e-01 7.876083335547636561e-21 1.372445822276865520e-20
2.250000000000000264e-02 6.634758250785030009e-01 1.136633998102758586e-01 1.528598217129803587e-19 5.307200538952330790e-20
2.500000000000000139e-02 5.877203245070011794e-01 8.603312742947841207e-02 1.741971164105967166e-18 3.997240052062213116e-19
2.750000000000000361e-02 5.263715362722237723e-01 7.677709898825853252e-02 1.409949176024408315e-17 3.851413492586358909e-18
3.000000000000000583e-02 4.784603974653147684e-01 6.968234802658433702e-02 8.559345362204860595e-17 3.384574242446883645e-17
3.250000000000000111e-02 4.416784539094179007e-01 6.289587580390142152e-02 3.923422737460852444e-16 2.536661155938779556e-16
3.500000000000000333e-02 4.136326988252900794e-01 5.676904541500775447e-02 1.308245450136110395e-15 1.579602451412136970e-15
3.750000000000000555e-02 3.922796080092001980e-01 5.164967793361949222e-02 2.764390390946247993e-15 8.072556045137557120e-15
4.000000000000000777e-02 3.760038741612234947e-01 4.762259182873892355e-02 3.010629769664629804e-15 3.137184688645967127e-14
4.250000000000000999e-02 3.635722741797790536e-01 4.434266691448882081e-02 1.304779426433406589e-15 9.181848928837659300e-14
4.500000000000000527e-02 3.540577316960795695e-01 4.164042697744437665e-02 4.716080121352183684e-18 2.162730326304325744e-13
4.750000000000000749e-02 3.467665836727324979e-01 3.946031660378621075e-02 1.918407426981189076e-15 4.336676820725957614e-13
5.000000000000000278e-02 3.411797961205901841e-01 3.756029662402562280e-02 8.340993330299022526e-15 7.603864817086491754e-13
5.250000000000000500e-02 3.369074753286383506e-01 3.590374161418253413e-02 1.759149754272953686e-14 1.192131299228152675e-12
5.500000000000000722e-02 3.336554149758370613e-01 3.444363592093995646e-02 2.736824069653854682e-14 1.692056352202771949e-12
5.750000000000000944e-02 3.312002385664177817e-01 3.314451490614729601e-02 3.458319312320981391e-14 2.207260624304108041e-12
6.000000000000001166e-02 3.293710910658855240e-01 3.197067034458210555e-02 3.490472461505364616e-14 2.669740619061185150e-12
6.250000000000000000e-02 3.280365840593635340e-01 3.088927970338934195e-02 3.214966901765199676e-14 3.016058047456208439e-12
6.500000000000000222e-02 3.270947754300913002e-01 2.990480681905173521e-02 2.648745184473808534e-14 3.194762605562493459e-12
6.750000000000000444e-02 3.264661888469490569e-01 2.900783943794049691e-02 2.073800357650952230e-14 3.180486443684379777e-12
7.000000000000000666e-02 3.260882438021159846e-01 2.817711361955775942e-02 1.809068004414594599e-14 2.968583969432168670e-12
7.250000000000000888e-02 3.259114227876463432e-01 2.740884928231578435e-02 2.208257645687498021e-14 2.582318481738908553e-12
7.500000000000001110e-02 3.258961768805982984e-01 2.670922133863555537e-02 4.067157002948637733e-14 2.065833907873375805e-12
7.750000000000001332e-02 3.260107180974576302e-01 2.604603235754993085e-02 1.007794272920196304e-13 1.482464668242959080e-12
8.000000000000001554e-02 3.262292958511360808e-01 2.545600441188999169e-02 2.717357928034242737e-13 9.073466086564284721e-13
8.250000000000001776e-02 3.265308388939664463e-01 2.489357506074240181e-02 1.476240783300925611e-11 4.216461159248282384e-13
8.500000000000001998e-02 3.268981030343897087e-01 2.437979018991589392e-02 1.501092351968636061e-11 1.041477192735491723e-13
8.750000000000000833e-02 3.273167821331530725e-01 2.392155838502224227e-02 1.477899994884152296e-11 1.640297358932243566e-14
9.000000000000001055e-02 3.277748562926559028e-01 2.347812395865233812e-02 1.379028709034603580e-11 1.908293564067315033e-13
9.250000000000001277e-02 3.282623470171757152e-01 2.309077474924552814e-02 1.232162113982416912e-11 6.170505976267133289e-13
9.500000000000001499e-02 3.287709004728578410e-01 2.271850821108421445e-02 1.054740855908199415e-11 1.236793952491476368e-12
9.750000000000001721e-02 3.292933689622008497e-01 2.237468978557252339e-02 8.494923656411520552e-12 1.954002126049663893e-12
1.000000000000000056e-01 3.298259969346599152e-01 2.206092238161077440e-02 6.455592146547287933e-12 2.656296841261673803e-12
