# time 1 2 D-1 D
0.000000000000000000e+00 9.999999616671501057e-01 1.504004214258487212e-08 6.808463279962688177e-35 1.124536670714141344e-33
2.500000000000000052e-04 9.999896451659185947e-01 8.692883541512924755e-06 4.483056107896208657e-21 7.215918842883209494e-23
5.000000000000000104e-04 9.997986055300405184e-01 1.701771356970744069e-04 9.307740241456688658e-20 6.268772273041411071e-22
7.500000000000001240e-04 9.987630532456427401e-01 1.035644734961474987e-03 9.939914437373071926e-19 3.237860349354067372e-21
1.000000000000000021e-03 9.953334028980388437e-01 3.823906852892937445e-03 5.406777373523609516e-18 8.138381658031031657e-20
1.250000000000000026e-03 9.867440584537034987e-01 1.060873435576700254e-02 2.932771812583542042e-17 7.158562713865705920e-19
1.500000000000000248e-03 9.691463945975806737e-01 2.385737711815367687e-02 2.052830847682160916e-16 6.095540313777201340e-18
1.750000000000000253e-03 9.387380622835650446e-01 4.542625636439188985e-02 1.495723494304807391e-15 4.939824900136206573e-17
2.000000000000000042e-03 8.938637214832694244e-01 7.454057792852099296e-02 9.571828025078752314e-15 3.362546494531396231e-16
2.250000000000000264e-03 8.367265608098939378e-01 1.076911790910747985e-01 5.106203835979476170e-14 1.839576808705496204e-15
2.500000000000000052e-03 7.729057764376717765e-01 1.402782414120792298e-01 2.282850839827062819e-13 8.063664953782347102e-15
2.750000000000000274e-03 7.088304614914371360e-01 1.698141001514328619e-01 8.673890005436418707e-13 2.849257832574139586e-14
3.000000000000000496e-03 6.493759513385783944e-01 1.522656566722077054e-01 2.859072002263867116e-12 8.202478380956282802e-14
3.250000000000000284e-03 5.970566083235580024e-01 4.259414563868216957e-02 8.358455277665894879e-12 1.943963216663865862e-13
3.500000000000000507e-03 5.524874033163947873e-01 3.624364947998195280e-02 2.193829577986668797e-11 3.788585914436522386e-13
3.749999999999999861e-03 5.151944090226862061e-01 3.448365553195738287e-02 5.243225067575590217e-11 6.008803419591516079e-13
4.000000000000000083e-03 4.842505321450917832e-01 3.373169229442992550e-02 1.162393505818242544e-10 7.786446876220323463e-13
4.250000000000000305e-03 4.586406828052450035e-01 3.375546974427860031e-02 2.422504696152308798e-10 7.707151125173029154e-13
4.500000000000000527e-03 4.374290526517348732e-01 3.374019402761697928e-02 4.784494472259812296e-10 5.031429957011229997e-13
4.750000000000000749e-03 4.198159266426519931e-01 3.381777986510352274e-02 9.143502422746953841e-10 1.579916616355567706e-13
5.000000000000000104e-03 4.051425320169700917e-01 3.391785424394106602e-02 1.697525302011016256e-09 7.859135027727852072e-15
5.250000000000000326e-03 3.928753304589439055e-01 3.397530403991200904e-02 3.056478001056402245e-09 2.355861836351237686e-14
5.500000000000000548e-03 3.825848588406174922e-01 3.401682431477926621e-02 5.240249519018650195e-09 4.886617966188366815e-14
5.750000000000000770e-03 3.739263475570508422e-01 3.396212878161105481e-02 8.349214085885477674e-09 3.167334875892237259e-13
6.000000000000000992e-03 3.666218761059983899e-01 3.386074941213125522e-02 1.218970178749439849e-08 3.366437012644870338e-12
6.250000000000000347e-03 3.604477484176018542e-01 3.371331096154558254e-02 1.635824446316844335e-08 1.371603551046073889e-11
6.500000000000000569e-03 3.552166462720412476e-01 3.351442021999151422e-02 2.043445070519404171e-08 3.668541918371809686e-11
6.750000000000000791e-03 3.507803754900228332e-01 3.330171756036254954e-02 2.410961047350631694e-08 5.106330116224238634e-11
7.000000000000001013e-03 3.470133360500033404e-01 3.305174352223658185e-02 2.704094648264653646e-08 1.696862456309574818e-10
7.250000000000001235e-03 3.438157925956878969e-01 3.279749009177118646e-02 6.720525548537482206e-09 2.276340472644170348e-08
7.499999999999999722e-03 3.411032175362234686e-01 3.249229523239699491e-02 6.933115641152162098e-11 3.084682876884906955e-08
7.750000000000000812e-03 3.388007940445810218e-01 3.222181315060321932e-02 1.609294685865577630e-10 3.136696732150523684e-08
8.000000000000000167e-03 3.368505306684615452e-01 3.195585714772181812e-02 2.734962046974559888e-10 3.111559613486077662e-08
8.250000000000000389e-03 3.352049044279161727e-01 3.166960162972017045e-02 3.530116972467227428e-10 3.027017336743466501e-08
8.500000000000000611e-03 3.338104285422082151e-01 3.140069888073081933e-02 6.147852584464606997e-10 2.878620936102151020e-08
8.750000000000000833e-03 3.326395909520559746e-01 3.115443439195432485e-02 1.044194316460774264e-09 2.689815682008101779e-08
9.000000000000001055e-03 3.316606452598616084e-01 3.089428950305011037e-02 1.881065440380481526e-09 2.464115104114360029e-08
9.250000000000001277e-03 3.308316246449413689e-01 3.067779029528471674e-02 3.270611127936633953e-09 2.220276742197279466e-08
9.500000000000001499e-03 3.301575954260291268e-01 3.046491167974174630e-02 5.453650717330752252e-09 1.972505739962424299e-08
9.750000000000001721e-03 3.295781567632097286e-01 3.029022186601202510e-02 8.946605136563949478e-09 1.710605535969148105e-08
1.000000000000000021e-02 3.291056673038164071e-01 3.012776568807878572e-02 1.384546363346669173e-08 1.466883336263131548e-08
