# time 1 2 D-1 D
0.000000000000000000e+00 9.999999402508703561e-01 1.261037292869989312e-08 2.189034967460035210e-34 1.655481755041644642e-35
1.250000000000000243e-03 9.999915595390258538e-01 5.546589929812425476e-06 1.508911803500071383e-29 1.435971451834088272e-27
2.500000000000000486e-03 9.998140291277418656e-01 1.311194874558088068e-04 1.137291385783972466e-25 6.048797085958415799e-25
3.750000000000000729e-03 9.986754564241685506e-01 1.001466131088202694e-03 4.047152784229698619e-24 2.024731615885628648e-24
5.000000000000000971e-03 9.942162731419265098e-01 4.605843961015758381e-03 2.560118296720351620e-23 6.629270155372252611e-23
6.250000000000000347e-03 9.814775933449686462e-01 1.536885534652836748e-02 9.468128536419587061e-23 5.587611738000578941e-22
7.500000000000001457e-03 9.539497889711748835e-01 3.923093022595762480e-02 2.816588043036734426e-22 1.866365537369201711e-21
8.750000000000000833e-03 9.090207684649276310e-01 7.947630834983183956e-02 1.107503408220276572e-21 6.778405054949750008e-22
1.000000000000000194e-02 8.526440689909736692e-01 1.260901464697981866e-01 9.314902213272815848e-21 2.076352328285672391e-20
1.125000000000000132e-02 7.951079365588962222e-01 6.921565762280953993e-02 1.092278162490656310e-19 4.192284798283392518e-19
1.250000000000000069e-02 7.437873141370271446e-01 5.344500558320643135e-02 1.050983613716290511e-18 2.623015285204578909e-18
1.375000000000000180e-02 7.013688934354727067e-01 4.934664628721428803e-02 7.121324329371144557e-18 8.988685283447226731e-18
1.500000000000000291e-02 6.676638670545165244e-01 4.625819225937184698e-02 3.441304373443859851e-17 2.104060925382592692e-17
1.625000000000000056e-02 6.413803092081865609e-01 4.287795204768567181e-02 1.218517610101026916e-16 4.425011728919341667e-17
1.750000000000000167e-02 6.210338737448827251e-01 3.950299922753040122e-02 3.223083211135530088e-16 1.143057121223155217e-16
1.875000000000000278e-02 6.052977178016867299e-01 3.649296096603315415e-02 6.028482366778309676e-16 3.910627690449343185e-16
2.000000000000000389e-02 5.930947419023084866e-01 3.402452661796009914e-02 7.314387900335246461e-16 1.255967816756257574e-15
2.125000000000000500e-02 5.835889873933963745e-01 3.194920359164760137e-02 5.762214934731612468e-16 3.025397977865585935e-15
2.250000000000000264e-02 5.761458602176098287e-01 3.020652155330911040e-02 2.950289393812095456e-16 5.682130654939089463e-15
2.375000000000000375e-02 5.702879720509299588e-01 2.879671381154777152e-02 1.041631690028591419e-16 8.854959661185761957e-15
2.500000000000000139e-02 5.656569194300518078e-01 2.757056142576216895e-02 3.371204889658505285e-17 1.187781451222306013e-14
2.625000000000000250e-02 5.619830630433081398e-01 2.651580274638208612e-02 4.327114923374951954e-17 1.377862228266419097e-14
2.750000000000000361e-02 5.590623424478768921e-01 2.560651249021739587e-02 1.115924173586654009e-16 1.372721809409590090e-14
2.875000000000000472e-02 5.567392167952457394e-01 2.482123472051817395e-02 4.259889160722020856e-16 1.124164983983990619e-14
3.000000000000000583e-02 5.548941237166441498e-01 2.413420655709307833e-02 1.465129791360098993e-15 6.743873079010380213e-15
3.125000000000000000e-02 5.534342742684339456e-01 2.351849955453201926e-02 3.980760085373791886e-15 1.933532812869670447e-15
3.250000000000000111e-02 5.522869720697091145e-01 2.297826897828688861e-02 8.606471712051229347e-15 2.113615979133174642e-16
3.375000000000000222e-02 5.513947376827253999e-01 2.250346045390334490e-02 1.703599868990776497e-14 7.150115878087974188e-15
3.500000000000000333e-02 5.507116716650958255e-01 2.207561085552538910e-02 2.943197684938580200e-14 3.084551991317088277e-14
3.625000000000000444e-02 5.502008656838258682e-01 2.169041359090973300e-02 4.383313157619505455e-14 8.211758992090936067e-14
3.750000000000000555e-02 5.498323977435803922e-01 2.135082122042880268e-02 5.971482595606791415e-14 1.756119585730381888e-13
3.875000000000000666e-02 5.495818773640638311e-01 2.102829396756366459e-02 7.340876512122954501e-14 3.291933687444885353e-13
4.000000000000000777e-02 5.494293316171418029e-01 2.075676234566671552e-02 6.804096592292253013e-14 5.634693982365834911e-13
4.125000000000000888e-02 5.493583250101619075e-01 2.049264870966790303e-02 4.519004260838738670e-12 9.047855782534126178e-13
4.250000000000000999e-02 5.493552869925796278e-01 2.025661405827391959e-02 5.066766210418720342e-12 1.378988297604489381e-12
4.375000000000000416e-02 5.494089908608997819e-01 2.005925116083684748e-02 5.484647591705204361e-12 2.010925195901358688e-12
4.500000000000000527e-02 5.495100987571308604e-01 1.985635531987036545e-02 5.786518340595477585e-12 2.822515685043002877e-12
4.625000000000000638e-02 5.496508153373227401e-01 1.969608450179077472e-02 5.924521064104564074e-12 3.822649314519788537e-12
4.750000000000000749e-02 5.498246099158192735e-01 1.953400827808941462e-02 5.910387910862172924e-12 5.000648775558510292e-12
4.875000000000000860e-02 5.500259802384780405e-01 1.938400659902037027e-02 5.754751044480697635e-12 6.336058685684140660e-12
5.000000000000000278e-02 5.502540691736790279e-01 1.925282398248044299e-02 5.482262629499799532e-12 7.786103729864452326e-12
