# time 1 2 D-1 D
0.000000000000000000e+00 9.999999362777652889e-01 3.005390643471946585e-08 8.011039918601968362e-36 7.301886217269960227e-36
1.250000000000000243e-03 9.999963880948775641e-01 2.563671977824693305e-06 1.340388412366856051e-32 1.306296178924076212e-33
2.500000000000000486e-03 9.999205557271441114e-01 6.076661260360320807e-05 1.440611471090918215e-27 8.381592540255262103e-29
3.750000000000000729e-03 9.994268033777077287e-01 4.693361247321417638e-04 2.442571318123519503e-26 3.599822522176281621e-28
5.000000000000000971e-03 9.973901166027246967e-01 2.262985788802476372e-03 1.808898998307790493e-25 1.511902593611902740e-27
6.250000000000000347e-03 9.909586759769460906e-01 8.207352789816805064e-03 6.942944175112614517e-25 2.602974485276301461e-28
7.500000000000001457e-03 9.748184167447666582e-01 2.367884453039930531e-02 1.412297435348001092e-24 2.962546975122854727e-27
8.750000000000000833e-03 9.434007004220827941e-01 5.457572063772352794e-02 4.808514743416579610e-25 2.862069851584950839e-26
1.000000000000000194e-02 8.973646842389287892e-01 9.804721111798821165e-02 4.706009482320024507e-24 1.117703690628887459e-25
1.125000000000000132e-02 8.458971793314979948e-01 9.887984547186697004e-02 4.237818381672440385e-23 1.191437589034949426e-23
1.250000000000000069e-02 7.991438139579571942e-01 5.994755740280640482e-02 2.621779346269183568e-23 4.613481119911839646e-22
1.375000000000000180e-02 7.619270090727666700e-01 4.471843739169897858e-02 5.253525231874047993e-22 3.907495639633674469e-21
1.500000000000000291e-02 7.344505576620722342e-01 3.586359474830529831e-02 6.948885191874635257e-21 1.190915814993334589e-20
1.625000000000000056e-02 7.150052634377003224e-01 2.864952938478571021e-02 1.838456745015992324e-20 1.503823913468757736e-20
1.750000000000000167e-02 7.015955295762978938e-01 2.312363982510631452e-02 6.564391778445159588e-21 9.362162996303378082e-21
1.875000000000000278e-02 6.925265858427341881e-01 1.918631992551006124e-02 2.691510085258272199e-20 2.579083971328525964e-21
2.000000000000000389e-02 6.865128088024995412e-01 1.650469324088740114e-02 2.612998697056174962e-19 2.383937526230586270e-21
2.125000000000000500e-02 6.826258758905572321e-01 1.466146494907971144e-02 1.394720566725294173e-20 2.828950315002934913e-20
2.250000000000000264e-02 6.802100716355570231e-01 1.331412073485352399e-02 5.021514940932456615e-19 1.320870903056788976e-19
2.375000000000000375e-02 6.788057623049024158e-01 1.225174224344584110e-02 1.251659547349776528e-18 4.026696334140197199e-19
2.500000000000000139e-02 6.780915084676181204e-01 1.147441184812103554e-02 2.063234635560443742e-18 9.296511168413290860e-19
2.625000000000000250e-02 6.778422860857247212e-01 1.086717375002271314e-02 2.800654734296582176e-18 1.736496472440035459e-18
2.750000000000000361e-02 6.779000565113859622e-01 1.035418933170008382e-02 3.235730171898589876e-18 2.742212978541651159e-18
2.875000000000000472e-02 6.781538459776903505e-01 9.936720090547664433e-03 3.340738196127289476e-18 3.781395388356892223e-18
3.000000000000000583e-02 6.785261519713153833e-01 9.600637051465972516e-03 3.331536071060989492e-18 4.826623575142724700e-18
3.125000000000000000e-02 6.789630940582623841e-01 9.298071515541597026e-03 3.416108912783724079e-18 5.931711921190108615e-18
3.250000000000000111e-02 6.794279119086432672e-01 9.053308903381370940e-03 3.992261524798840428e-18 7.476734584736983036e-18
3.375000000000000222e-02 6.798960886916334267e-01 8.832489028488012955e-03 5.175457200306541198e-18 1.018856610050802480e-17
3.500000000000000333e-02 6.803520698775241682e-01 8.629279937339733725e-03 6.934745982666981452e-18 1.467570661632881597e-17
3.625000000000000444e-02 6.807867360029411508e-01 8.490558994156110345e-03 9.064970378092557702e-18 2.167588091637984617e-17
3.750000000000000555e-02 6.811955440033933273e-01 8.338639698194308045e-03 1.130365962158038741e-17 3.185423398648597753e-17
3.875000000000000666e-02 6.815771866043248695e-01 8.202586071512044108e-03 1.284943561560871734e-17 4.474103479670830070e-17
4.000000000000000777e-02 6.819324490946605533e-01 8.091147868448144917e-03 1.464659035505371693e-17 6.103176461562444781e-17
4.125000000000000888e-02 6.822634710382887713e-01 8.015456458071333265e-03 1.447847508145104124e-17 7.971787684952402484e-17
4.250000000000000999e-02 6.825730663243180230e-01 7.915694376996315271e-03 1.495686723864472199e-17 9.908188320813640493e-17
4.375000000000000416e-02 6.828642993031239783e-01 7.831579388090715785e-03 1.378671919211705936e-17 1.220433407205217837e-16
4.500000000000000527e-02 6.831401748932096618e-01 7.780292579546962788e-03 1.240045392411680146e-17 1.415719929244261609e-16
4.625000000000000638e-02 6.834034056790372347e-01 7.707509350419491576e-03 1.096867291850918334e-17 1.643141853414452418e-16
4.750000000000000749e-02 6.836563775866461024e-01 7.654100526615506030e-03 5.571004325482172377e-18 1.705757442377277796e-16
4.875000000000000860e-02 6.839009563643050349e-01 7.602809352817224524e-03 4.361551099819269611e-18 1.819579404710139603e-16
5.000000000000000278e-02 6.841445276398414599e-01 7.564812249406005148e-03 3.600328833114763460e-18 1.922730714002989375e-16
