# time 1 2 D-1 D
0.000000000000000000e+00 9.999999541123619773e-01 1.903014331227794774e-08 2.053352154483929449e-34 2.249473744191531531e-35
2.500000000000000052e-04 9.999952570703373178e-01 3.681732828857274756e-06 5.846759304353968083e-28 2.632068163661916107e-28
5.000000000000000104e-04 9.999067655710478508e-01 7.512762005144166971e-05 3.369542315426553914e-25 1.190546422361533874e-25
7.500000000000001240e-04 9.993970700234019455e-01 5.027028659568602001e-04 4.333698646268026794e-24 3.764921932896958347e-26
1.000000000000000021e-03 9.975461987183577017e-01 2.106851015327148267e-03 1.735367711075724173e-23 1.975188055884028521e-23
1.250000000000000026e-03 9.923110289739486278e-01 6.733808062176249373e-03 7.636648118237995959e-23 1.959306994419538117e-22
1.500000000000000248e-03 9.798821300444974236e-01 1.789359272468778878e-02 5.429339713201511438e-22 1.028494999380115335e-21
1.750000000000000253e-03 9.546311076112601324e-01 4.073069027265628639e-02 6.670688110371970475e-21 4.040045365369683073e-21
2.000000000000000042e-03 9.111298231438219597e-01 8.001575012118833374e-02 7.522336514657683138e-20 1.356974224858361181e-20
2.250000000000000264e-03 8.487000463008820272e-01 1.354366613239866013e-01 6.936279595775279926e-19 5.044702947186079829e-20
2.500000000000000052e-03 7.743698940726549962e-01 1.969754508730004183e-01 4.976064103477770653e-18 2.588853646981785213e-19
2.750000000000000274e-03 6.992446529539056987e-01 2.184652560512269082e-01 2.794328065729423236e-17 1.806965710634905847e-18
3.000000000000000496e-03 6.319496977101421997e-01 9.035235401580259118e-02 1.259236730071133534e-16 1.291939125967375893e-17
3.250000000000000284e-03 5.760478480980830707e-01 2.244657917107891615e-02 4.638173603294194326e-16 7.896983883080485541e-17
3.500000000000000507e-03 5.314425117092754780e-01 1.219545854651807835e-02 1.413867897712602176e-15 3.875278645401824919e-16
3.749999999999999861e-03 4.964670002803979743e-01 9.235705401200196632e-03 3.577835547361706557e-15 1.522203865406226939e-15
4.000000000000000083e-03 4.691583584060551870e-01 8.103062207225432412e-03 7.444526298230772911e-15 4.824729070203274445e-15
4.250000000000000305e-03 4.477751639229229363e-01 7.605750787245605174e-03 1.263187359818427495e-14 1.245711713570679145e-14
4.500000000000000527e-03 4.309256485861537311e-01 7.375394981915089562e-03 1.800312276529644846e-14 2.574443936995463420e-14
4.750000000000000749e-03 4.175451592233321296e-01 7.250333516538969882e-03 2.344084720589502618e-14 4.205599536938815897e-14
5.000000000000000104e-03 4.068332631407408639e-01 7.145859979609545456e-03 3.130545310149314580e-14 5.403274494907210154e-14
5.250000000000000326e-03 3.981903182828331889e-01 7.128770408600162804e-03 4.719723295157426169e-14 5.290981820896219815e-14
5.500000000000000548e-03 3.911658351709893511e-01 7.071741054685108316e-03 8.211650812094271915e-14 3.542630829461348013e-14
5.750000000000000770e-03 3.854192267990513288e-01 7.002413512907899179e-03 1.544953595277039024e-13 1.008201307197609356e-14
6.000000000000000992e-03 3.806905667168343221e-01 6.895430028655949277e-03 2.850172209972514526e-13 1.444694800767250984e-15
6.250000000000000347e-03 3.767810975734697809e-01 6.800732703257476863e-03 7.998372344181403686e-12 5.092702301417588413e-14
6.500000000000000569e-03 3.735359641853712720e-01 6.671544766848185384e-03 1.071068308664414102e-11 2.131906190739153270e-13
6.750000000000000791e-03 3.708353618421742492e-01 6.547315839164625541e-03 1.353044247163793093e-11 5.501695661656926042e-13
7.000000000000001013e-03 3.685846015559728350e-01 6.394906682767911334e-03 1.627994918507821494e-11 1.122710753950074796e-12
7.250000000000001235e-03 3.667084499922917407e-01 6.252766895411841774e-03 1.879704991547371118e-11 1.982875681333205827e-12
7.499999999999999722e-03 3.651517829477589627e-01 6.103700678566829560e-03 2.093436617775342900e-11 3.174727945697926704e-12
7.750000000000000812e-03 3.638646140760071201e-01 5.948289297770553707e-03 2.249413742294415673e-11 4.695805002112821942e-12
8.000000000000000167e-03 3.628124754984486944e-01 5.777568814194066621e-03 2.328481033958669659e-11 6.626760897710574941e-12
8.250000000000000389e-03 3.619583216110887625e-01 5.628271082488843675e-03 2.324744986969851483e-11 8.912550597031221688e-12
8.500000000000000611e-03 3.612815142312137962e-01 5.484841691975161915e-03 2.224831157683420459e-11 1.160314464056114384e-11
8.750000000000000833e-03 3.607584865073502622e-01 5.358293964659291767e-03 2.026218078805020481e-11 1.466868753943172357e-11
9.000000000000001055e-03 3.603704829486736316e-01 5.227538616472176582e-03 1.737656206418983104e-11 1.799450635562453993e-11
9.250000000000001277e-03 3.601026706921982568e-01 5.099824449815418617e-03 1.333889363682248011e-11 2.183316137626892154e-11
9.500000000000001499e-03 3.599372765575946653e-01 4.977331435290474441e-03 8.943592068189838423e-12 2.541636624241400307e-11
9.750000000000001721e-03 3.598626024545912849e-01 4.860240659133755435e-03 4.576332219095766765e-12 2.840394648495090960e-11
1.000000000000000021e-02 3.598662153452893420e-01 4.774010731263783440e-03 1.422843320718203284e-12 2.967434728245262824e-11
