# time 1 2 D-1 D
0.000000000000000000e+00 9.999999482950101548e-01 1.269420439437889582e-08 4.570710040968321344e-35 1.354869737805479358e-35
2.500000000000000052e-04 9.942206913322532147e-01 1.452501571141538717e-03 6.892094764766359909e-31 8.502629489551479093e-33
5.000000000000000104e-04 9.737759227112647853e-01 6.819597400960140249e-03 7.475054590560311511e-27 3.675899420120717829e-28
7.500000000000001240e-04 9.332675892673926166e-01 1.892568780262684006e-02 1.179618797469351129e-24 1.408066747286107582e-25
1.000000000000000021e-03 8.669468382089785541e-01 3.938811351811774553e-02 2.469066204463003715e-23 7.066715394800414026e-24
1.250000000000000026e-03 7.706114750479708952e-01 7.124533923674762625e-02 4.750704353751476008e-23 9.488762859998736789e-23
1.500000000000000248e-03 6.451495570732282969e-01 1.122332338664715490e-01 1.736299018754385202e-21 2.880760655324440022e-22
1.750000000000000253e-03 5.006274129349832513e-01 1.567825187718031310e-01 1.091414740574131864e-19 6.021403533154167273e-22
2.000000000000000042e-03 3.566406072205201006e-01 1.926372919707733111e-01 2.021580742104260628e-18 9.726003078514180860e-20
2.250000000000000264e-03 2.343429814328260030e-01 2.103817281475511280e-01 2.158832596257644536e-17 2.075270481206271587e-18
2.500000000000000052e-03 1.449410501543864083e-01 2.081904223875216675e-01 1.642083122032128945e-16 2.462764525137179799e-17
2.750000000000000274e-03 8.672595629826358732e-02 5.139426172751338645e-02 9.781372519526061206e-16 2.125193921561066009e-16
3.000000000000000496e-03 5.144332998506286059e-02 1.458890406711737392e-02 4.756551662457805061e-15 1.489464921810967519e-15
3.250000000000000284e-03 3.077043701544958376e-02 7.246337809799198448e-03 1.946248719091561681e-14 8.958184180381078971e-15
3.500000000000000507e-03 1.874861502867105137e-02 4.260237220900384841e-03 6.763193760824761283e-14 4.745666127910136957e-14
3.749999999999999861e-03 1.169821381198998464e-02 2.713838676828229414e-03 2.001245993923572966e-13 2.224211805308637468e-13
4.000000000000000083e-03 7.490917701671185279e-03 1.835128746818684908e-03 5.087435368588967899e-13 9.178557558356342751e-13
4.250000000000000305e-03 4.924670245882698666e-03 1.294492140218539639e-03 1.129421446140643729e-12 3.316043387722425970e-12
4.500000000000000527e-03 3.321711003341355165e-03 9.482895943401419350e-04 2.358545210933948328e-12 1.064756708314547243e-11
4.750000000000000749e-03 2.295978974038459866e-03 7.100776342983084691e-04 4.809032284510458462e-12 3.094954047447423068e-11
5.000000000000000104e-03 1.623910096623642140e-03 5.459290365406651441e-04 1.001806395171901711e-11 8.302054819791488555e-11
5.250000000000000326e-03 1.173469437832941461e-03 4.282041568092181797e-04 2.173153822184239058e-11 2.088014303204525647e-10
5.500000000000000548e-03 8.650227562235000660e-04 3.417333068913958028e-04 6.286382160129268855e-11 4.985102139909675497e-10
5.750000000000000770e-03 6.495135072714315659e-04 2.772737795258900994e-04 8.768925387936263545e-10 1.140798275876757991e-09
6.000000000000000992e-03 4.960566379605371896e-04 2.275642604529616120e-04 1.531171998752241074e-09 2.520985731464226111e-09
6.250000000000000347e-03 3.848967776099539357e-04 1.896644160355114939e-04 2.490687333592046395e-09 5.409505867511458843e-09
6.500000000000000569e-03 3.030105115513880964e-04 1.595022798847181632e-04 4.133582505991031858e-09 1.131505039526132737e-08
6.750000000000000791e-03 2.417805459698351301e-04 1.355262735546421441e-04 6.047430376699647490e-09 2.312904461676938541e-08
7.000000000000001013e-03 1.952803485120128556e-04 1.163675506178869437e-04 9.206831750164563736e-09 4.626573681761299894e-08
7.250000000000001235e-03 1.596495807052798039e-04 1.006497785379626997e-04 1.239220985563099160e-08 9.062981944211614267e-08
7.499999999999999722e-03 1.318830456468574530e-04 8.768099976357669528e-05 1.358498926927178421e-08 1.736866037726484474e-07
7.750000000000000812e-03 1.100337087568266202e-04 7.697989366014440298e-05 1.504707786312991546e-08 3.257379427233670399e-07
8.000000000000000167e-03 9.265611609392031343e-05 6.810692661792585060e-05 1.231424186434626365e-08 5.973551103547003338e-07
8.250000000000000389e-03 7.869605459371974273e-05 6.056839368597325953e-05 2.912378646504739027e-09 1.070727614662040085e-06
8.500000000000000611e-03 6.737751997369024657e-05 5.414544324525222616e-05 1.106616936353427278e-09 1.875028662001779662e-06
8.750000000000000833e-03 5.811724959257443164e-05 4.866414323120901839e-05 4.568144153624018951e-08 3.205133367995537350e-06
9.000000000000001055e-03 5.048007089731025750e-05 4.393400181703513234e-05 1.516920537556939003e-05 5.339776257217858412e-06
9.250000000000001277e-03 4.413235108248860557e-05 3.989683218904864801e-05 1.879104991287584473e-05 8.651398391469338910e-06
9.500000000000001499e-03 3.882295405529674853e-05 3.636342526126503565e-05 2.268610404155963137e-05 1.359863876500432456e-05
9.750000000000001721e-03 3.434507420561221970e-05 3.325502555257826815e-05 2.653489760736355262e-05 2.069722133772551381e-05
1.000000000000000021e-02 3.054757908445702628e-05 3.055645376020836628e-05 3.047898425736195906e-05 3.048415070912804015e-05
