# time 1 2 D-1 D
0.000000000000000000e+00 9.999999794810480180e-01 1.338841469337456902e-09 8.595214693212568396e-35 1.277727094513301681e-33
2.500000000000000486e-03 9.992839060342546542e-01 3.505151840409267389e-06 5.541784166260435627e-17 1.922067339483156226e-22
5.000000000000000971e-03 9.969286140760813542e-01 7.525995436522362749e-05 1.679005283216852048e-14 8.878322975484281831e-19
7.500000000000001457e-03 9.924081025556386049e-01 5.173077369896967540e-04 4.978353767530502568e-13 1.259010852253895775e-16
1.000000000000000194e-02 9.846232171123505683e-01 2.230889269102012164e-03 5.594520688855208074e-12 4.159481475348473808e-15
1.250000000000000069e-02 9.713171809831538939e-01 7.380943680649489080e-03 3.656743843471866764e-11 6.011456687162160960e-14
1.500000000000000291e-02 9.483991314414663698e-01 2.020116951308405934e-02 1.665552877268106119e-10 4.998180021799428616e-13
1.750000000000000167e-02 9.102836762966950435e-01 4.681141818036323871e-02 5.869611003264295064e-10 2.748171681198240580e-12
2.000000000000000389e-02 8.533779284433593570e-01 9.176647906926894971e-02 1.696459755899498115e-09 1.074866813030517234e-11
2.250000000000000264e-02 7.817000230475876776e-01 1.520931152269660025e-01 4.191026387051256212e-09 3.075225400068869838e-11
2.500000000000000139e-02 7.067163111983162382e-01 2.143714522679487922e-01 9.113174167655993525e-09 6.258231279102110564e-11
2.750000000000000361e-02 6.393706877780436226e-01 2.049358620989526480e-01 1.787312998876554300e-08 7.809490283410694269e-11
3.000000000000000583e-02 5.846171779421813763e-01 7.272103975060725811e-02 3.208704756422576532e-08 2.612050783144717908e-11
3.250000000000000111e-02 5.424611086853745601e-01 4.167937623549502341e-02 5.325396881945150110e-08 9.077805527749813546e-11
3.500000000000000333e-02 5.108301470341958250e-01 3.184443500381643755e-02 8.144438288900411197e-08 1.647987204721023279e-09
3.750000000000000555e-02 4.873410453285496047e-01 2.733431547307167003e-02 1.144124835687202588e-07 7.825753654355522942e-09
4.000000000000000777e-02 4.699506439687767267e-01 2.456696441893104974e-02 1.501891740643926275e-07 2.040038505305493204e-08
4.250000000000000999e-02 4.570767599792396330e-01 2.269853951934676373e-02 1.893158262881958169e-07 3.719688828152075992e-08
4.500000000000000527e-02 4.475417347006929725e-01 2.126258635750180245e-02 2.312635989246677749e-07 5.585914547195393427e-08
4.750000000000000749e-02 4.404810271993436221e-01 2.014971539872111722e-02 2.751601705263424269e-07 7.383689804203878972e-08
5.000000000000000278e-02 4.352613375245476535e-01 1.917277014874597604e-02 3.182024704579406242e-07 9.041473212911009539e-08
5.250000000000000500e-02 4.314172556134527325e-01 1.831427017568077256e-02 3.572465008582746184e-07 1.051991300254147964e-07
5.500000000000000722e-02 4.286050002880781862e-01 1.753225298119011344e-02 3.900470707157899974e-07 1.176423478378852994e-07
5.750000000000000944e-02 4.265690973144215525e-01 1.686622644237459681e-02 4.141833795694767102e-07 1.279370010589059730e-07
6.000000000000001166e-02 4.251185414518506289e-01 1.622340668836725133e-02 4.275118297337999007e-07 1.360941301515921591e-07
6.250000000000000000e-02 4.241098233586353961e-01 1.566484874112693271e-02 4.280390506225867475e-07 1.423335239493449446e-07
6.500000000000000222e-02 4.234346018178887228e-01 1.513587355245078411e-02 4.156571942053051592e-07 1.468865122441563077e-07
6.750000000000000444e-02 4.230106786862565804e-01 1.465738221121932333e-02 3.913830717126631586e-07 1.499982908960127439e-07
7.000000000000000666e-02 4.227755341819827151e-01 1.421265711172558371e-02 3.554766441847724617e-07 1.519088673178079608e-07
7.250000000000000888e-02 4.226814724677589452e-01 1.380181909355021261e-02 3.109628489675689462e-07 1.528403024087109145e-07
7.500000000000001110e-02 4.226920019544702090e-01 1.343500152929477491e-02 2.611633852963037594e-07 1.529897506983399548e-07
7.750000000000001332e-02 4.227791925579968968e-01 1.307917748135958846e-02 2.094766887419585334e-07 1.525270911055867985e-07
8.000000000000001554e-02 4.229216043648799106e-01 1.276864716595899583e-02 1.598550419455430255e-07 1.515953164650447355e-07
8.250000000000001776e-02 4.231028468726640845e-01 1.248838967666829163e-02 1.160606077637348272e-07 1.503126414445904404e-07
8.500000000000001998e-02 4.233103134758425257e-01 1.222065310128529758e-02 8.161102576865934450e-08 1.487751559834847804e-07
8.750000000000000833e-02 4.235344093469034510e-01 1.197503307256558847e-02 5.925781918076764270e-08 1.470599978811245778e-07
9.000000000000001055e-02 4.237677660823829795e-01 1.175652457547481967e-02 5.032518069881505254e-08 1.452281695016681135e-07
9.250000000000001277e-02 4.240049003492346591e-01 1.155263155048916537e-02 5.577498927100221058e-08 1.433275844078474736e-07
9.500000000000001499e-02 4.242415633663547125e-01 1.137458815260308093e-02 7.529186852728841999e-08 1.413953705438203997e-07
9.750000000000001721e-02 4.244746882539902622e-01 1.120758711128924841e-02 1.081347937090798133e-07 1.394605860544598387e-07
1.000000000000000056e-01 4.247030765913608064e-01 1.104320431789184223e-02 1.532402377386025132e-07 1.375422127083753510e-07
