# time 1 2 D-1 D
0.000000000000000000e+00 9.999999501522365275e-01 2.107411037056089621e-08 5.603875443957551191e-35 2.516017088240485758e-35
2.500000000000000052e-04 9.991248789938421693e-01 1.027504588602790040e-10 6.066522058959430464e-26 1.594784170931086695e-24
5.000000000000000104e-04 9.962939348904765735e-01 6.016606156874691021e-08 1.433878187415641213e-21 8.673139080123333897e-21
7.500000000000001240e-04 9.911407054208541956e-01 4.812594980772590281e-07 5.895489345062537142e-19 1.484247989390719302e-18
1.000000000000000021e-03 9.832159829114732741e-01 2.123080533961306643e-06 4.549477195736236447e-17 6.182694833162189276e-17
1.250000000000000026e-03 9.719689573869054744e-01 6.718046787946856083e-06 1.379949074564325965e-15 1.195177784866925113e-15
1.500000000000000248e-03 9.567139256658565571e-01 1.845581182970001090e-05 2.273453415389174815e-14 1.429768873376732284e-14
1.750000000000000253e-03 9.365850878930160883e-01 4.412008552068991980e-05 2.467556242233320314e-13 1.221415992351027325e-13
2.000000000000000042e-03 9.104878536332192684e-01 9.659707814319235322e-05 1.900300999624277100e-12 7.936437194259687905e-13
2.250000000000000264e-03 8.770650652900189304e-01 2.041972992279734100e-04 9.802361205107270518e-12 3.995814763514551196e-12
2.500000000000000052e-03 8.347110826706037878e-01 4.103500384506996281e-04 3.357344161547451653e-11 1.571060142176685526e-11
2.750000000000000274e-03 7.816789019091063828e-01 8.107089296594935292e-04 8.982704548915905374e-11 4.909701222435610482e-11
3.000000000000000496e-03 7.163678557994358487e-01 1.567113155822849819e-03 2.068492276881812743e-10 1.254801657297378583e-10
3.250000000000000284e-03 6.373899909677757103e-01 3.382631940575591464e-03 4.285217381097404416e-10 2.708856732547730352e-10
3.500000000000000507e-03 5.444743251555489438e-01 7.254589035540739278e-03 8.459368461576601371e-10 5.092303168769264375e-10
3.749999999999999861e-03 4.353436457231401047e-01 1.837453481484862400e-02 1.650717620934859892e-09 8.556652906243372230e-10
4.000000000000000083e-03 3.077632004731390980e-01 4.485647242177243088e-02 3.471892647034500541e-09 1.312920028295019437e-09
4.250000000000000305e-03 1.753978743584784228e-01 8.212619405077505041e-02 9.398288630801393791e-09 1.871351628102164136e-09
4.500000000000000527e-03 8.801893132061218428e-02 9.003077192982816834e-02 2.558897007659139790e-08 2.511768287781377867e-09
4.750000000000000749e-03 4.740893480921921921e-02 7.154989801333316857e-02 3.940462605846964644e-08 3.209495766883370092e-09
5.000000000000000104e-03 2.828880489999507572e-02 5.021857539938436726e-02 5.240860226773640943e-08 3.938386087918581387e-09
5.250000000000000326e-03 1.793680297151986625e-02 3.396787933743185273e-02 6.726714967832464442e-08 4.673985095408262100e-09
5.500000000000000548e-03 1.194547596092705374e-02 2.265603259468316338e-02 8.422813549974012640e-08 5.395608915762935943e-09
5.750000000000000770e-03 8.230714750999958487e-03 1.508863570216960673e-02 1.034301986513488255e-07 6.087288903426398444e-09
6.000000000000000992e-03 5.919692548663657745e-03 9.991681990444126540e-03 1.248468248038661131e-07 6.737929682790219935e-09
6.250000000000000347e-03 4.346287871099633292e-03 6.659767800903508908e-03 1.484474442876781456e-07 7.340920163473242272e-09
6.500000000000000569e-03 3.259448252321548063e-03 4.467915856357466964e-03 1.741916864517571094e-07 7.893316753974689689e-09
6.750000000000000791e-03 2.503957685915321300e-03 3.009019743906507071e-03 2.020493733072502842e-07 8.395080477382672737e-09
7.000000000000001013e-03 1.959837032160552297e-03 2.039951929573350069e-03 2.318293611041285298e-07 8.848251003816250522e-09
7.250000000000001235e-03 1.563037917730199537e-03 1.388505584983185321e-03 2.636853757643185972e-07 9.256241691165608076e-09
7.499999999999999722e-03 1.264521857724373735e-03 9.525497520478685498e-04 2.974612103720818405e-07 9.623307540280674929e-09
7.750000000000000812e-03 1.033391435001335991e-03 6.599850987073833898e-04 3.330080030316553657e-07 9.954065622455192895e-09
8.000000000000000167e-03 8.551034725692759899e-04 4.599488855292842944e-04 3.703568141558482117e-07 1.025317847416388530e-08
8.250000000000000389e-03 7.147940677667896170e-04 3.223686191406309226e-04 4.093426673233311880e-07 1.052514236739197679e-08
8.500000000000000611e-03 6.025276244480220990e-04 2.271275718545314023e-04 4.500359316218244444e-07 1.077416315288537071e-08
8.750000000000000833e-03 5.114807710305262385e-04 1.610512933047382716e-04 4.922323104612492731e-07 1.100407330503482406e-08
9.000000000000001055e-03 4.367613869231162424e-04 1.146100861316520244e-04 5.358649102689859058e-07 1.121827197346110345e-08
9.250000000000001277e-03 3.748377757045421471e-04 8.184327959797684665e-05 5.812412018002684678e-07 1.141980257091641135e-08
9.500000000000001499e-03 3.230682366264412916e-04 5.859628213208197163e-05 6.276900490393595533e-07 1.161127040047137620e-08
9.750000000000001721e-03 2.795350275626296141e-04 4.201322962416797281e-05 6.754450623313761345e-07 1.179490206147862666e-08
1.000000000000000021e-02 2.427704200965301892e-04 3.025400514335706934e-05 7.246311583974999256e-07 1.197253727400628483e-08
