# time 1 2 D-1 D
0.000000000000000000e+00 9.999999740672169679e-01 2.993315331116947192e-09 7.186357163103208619e-36 2.169154419251752684e-35
5.000000000000000104e-04 9.999850456339988147e-01 1.254466707806065745e-05 2.685877352952702945e-28 1.087258448177129094e-27
1.000000000000000021e-03 9.996969143300417082e-01 2.600889910125827676e-04 4.209739185463263950e-24 5.595602139432023054e-25
1.500000000000000248e-03 9.980610411138823856e-01 1.706622762175553877e-03 1.291912209342623752e-22 9.343550158260983098e-24
2.000000000000000042e-03 9.923206467938576747e-01 6.909742323957828412e-03 6.880755952399427673e-22 1.648037762923366751e-22
2.500000000000000052e-03 9.769739775132811888e-01 2.099146446083972536e-02 2.025062874086828127e-21 1.103642091670881341e-21
3.000000000000000496e-03 9.436144713384549965e-01 5.156238962030171985e-02 3.117773461605328002e-21 5.239783428090725562e-21
3.500000000000000507e-03 8.842875974844448539e-01 1.031458892043595338e-01 1.198727429449488033e-24 2.609224184956705882e-20
4.000000000000000083e-03 7.992025242116570505e-01 1.660085975870126962e-01 1.248947609726939280e-19 1.859696194548469631e-19
4.500000000000000527e-03 7.008766478461584404e-01 2.075537827291347170e-01 3.055232465325338158e-18 1.786848058136592446e-18
5.000000000000000104e-03 6.063410625845533364e-01 1.995303143339423879e-01 3.746790484740626232e-17 1.805880899810083740e-17
5.500000000000000548e-03 5.264867638509195258e-01 1.503238579192065494e-01 3.099092914265480767e-16 1.660179206677925126e-16
6.000000000000000992e-03 4.639926283099474191e-01 9.893207920639121578e-02 1.811555068158328778e-15 1.332074664207301008e-15
6.500000000000000569e-03 4.169249921334033937e-01 6.663684528811679442e-02 7.375351240992093563e-15 9.198186958489922456e-15
7.000000000000001013e-03 3.820386940731043679e-01 4.888601544252550030e-02 1.868948452568358989e-14 5.218289518941337389e-14
7.499999999999999722e-03 3.563025705858932635e-01 3.897883591998320407e-02 2.358958975160669829e-14 2.265525353770521202e-13
8.000000000000000167e-03 3.373176048080190337e-01 3.300992181468633685e-02 8.283669646517347157e-15 7.393996206624683766e-13
8.500000000000000611e-03 3.233007988893662477e-01 2.908299643597781967e-02 5.001629827481499254e-15 1.927428014798833131e-12
9.000000000000001055e-03 3.129560216692714447e-01 2.635918255224659404e-02 8.248566304775225168e-14 4.251367405525255494e-12
9.500000000000001499e-03 3.053443483102784572e-01 2.442014936298093561e-02 2.321402160595302155e-13 8.242103141250700221e-12
1.000000000000000021e-02 2.997819143045491463e-01 2.293469484104084313e-02 3.462091450369764650e-13 1.440518115794355161e-11
1.050000000000000065e-02 2.957666803149943680e-01 2.180718761391150715e-02 3.393406717971547819e-13 2.311513807111781409e-11
1.100000000000000110e-02 2.929257666737856702e-01 2.087518570488642797e-02 1.929299684789931080e-13 3.453011556701654605e-11
1.150000000000000154e-02 2.909799285600624952e-01 2.013200408120366727e-02 1.898412227525509090e-14 4.855135581168193295e-11
1.200000000000000198e-02 2.897181386000163839e-01 1.950187952949281045e-02 1.185204969707471837e-13 6.481611769413296965e-11
1.250000000000000069e-02 2.889797959928065429e-01 1.898574295022700809e-02 8.656033953035252704e-13 8.274955366054050832e-11
1.300000000000000114e-02 2.886417880688207926e-01 1.854671153757500232e-02 2.778286310783967533e-12 1.016378139485588807e-10
1.350000000000000158e-02 2.886118897107917691e-01 1.816206430934654698e-02 1.075466894229319424e-11 1.207118760162872506e-10
1.400000000000000203e-02 2.888184898870905792e-01 1.785231192966256833e-02 6.465420400457661866e-12 1.392442172448469606e-10
1.450000000000000247e-02 2.891906458959631609e-01 1.758809374755979094e-02 2.713907635449469692e-12 1.566169277975762977e-10
1.499999999999999944e-02 2.897043662849495549e-01 1.736581182050915551e-02 4.288567951957040767e-13 1.723944603001564969e-10
1.550000000000000162e-02 2.903121036609437877e-01 1.717943654130060435e-02 1.254482695055341910e-13 1.863596344633586605e-10
1.600000000000000033e-02 2.910001734184354261e-01 1.701448707818371125e-02 1.927529913789979600e-12 1.985487731666647552e-10
1.650000000000000078e-02 2.917381004274694489e-01 1.687658355512918623e-02 5.660801825463523778e-12 2.092844927569894602e-10
1.700000000000000122e-02 2.925139275365369884e-01 1.676561122210865756e-02 1.053274090109825061e-11 2.192215275030664876e-10
1.750000000000000167e-02 2.933148927473758771e-01 1.667418099960106190e-02 1.553243352601229004e-11 2.294687388608274946e-10
1.800000000000000211e-02 2.941298552707502512e-01 1.659837548002520563e-02 1.965584248574375925e-11 2.406507905981152704e-10
1.850000000000000255e-02 2.949542916522834290e-01 1.653216508181859848e-02 1.970298810912125271e-11 2.555923080587012412e-10
1.900000000000000300e-02 2.957803659339746094e-01 1.648279768698272807e-02 1.467788214832773977e-11 2.749850944877523443e-10
1.950000000000000344e-02 2.966025544997631935e-01 1.643746677514757240e-02 6.019540140286197642e-12 2.970143714363265158e-10
2.000000000000000042e-02 2.974189032349632278e-01 1.640794661666665488e-02 2.268184307558190729e-13 3.148270420043560609e-10
