# time 1 2 D-1 D
0.000000000000000000e+00 9.999999700802564284e-01 1.118392175276939089e-08 6.139753931138663113e-36 1.328854119276363352e-34
2.500000000000000052e-04 9.987403537484234040e-01 8.501463949676373178e-09 1.317340910824145228e-24 5.413630182947170373e-24
5.000000000000000104e-04 9.946929158053138265e-01 3.157633734571491043e-07 3.032327578237973202e-20 3.043781173298318806e-20
7.500000000000001240e-04 9.874026873822910888e-01 2.437643926119808638e-06 1.241633979930610324e-17 5.597704246093898723e-18
1.000000000000000021e-03 9.763248796119717854e-01 1.145883496572092412e-05 9.649439875972445887e-16 2.642151541313123040e-16
1.250000000000000026e-03 9.607846212276860420e-01 4.268265998551466702e-05 2.989354786058091201e-14 6.171664272748995470e-15
1.500000000000000248e-03 9.399077382699061456e-01 1.426002174574902167e-04 5.061913212656571217e-13 9.481797083883406300e-14
1.750000000000000253e-03 9.124990843728262302e-01 4.380234866674658249e-04 5.499628120189137541e-12 1.074033416900357884e-12
2.000000000000000042e-03 8.768261589883796780e-01 1.291542988882157924e-03 4.228451910830802389e-11 9.093017226582165862e-12
2.250000000000000264e-03 8.302201527648283008e-01 3.689792307072492332e-03 2.484304050623435524e-10 5.635061360564562077e-11
2.500000000000000052e-03 7.681694116025062913e-01 1.033699734418167850e-02 1.168197770459050861e-09 2.562585990301833307e-10
2.750000000000000274e-03 6.827950025587143923e-01 2.766175510161114626e-02 4.381389459228180495e-09 8.868060508604189459e-10
3.000000000000000496e-03 5.605895503697579940e-01 6.842326841886252342e-02 1.160446284088640726e-08 2.455064939261903515e-09
3.250000000000000284e-03 3.984726160424836294e-01 1.348550304945148048e-01 2.132397872846528109e-08 5.699627782193796855e-09
3.500000000000000507e-03 2.434130650073602631e-01 1.764251760116772316e-01 3.445666482898564063e-08 1.153188033343062872e-08
3.749999999999999861e-03 1.420126069521638057e-01 1.470887664498000957e-01 5.507680553129428736e-08 2.094802152522090424e-08
4.000000000000000083e-03 8.568887660285086361e-02 8.349989288243278573e-02 8.470610410495256793e-08 3.494340320125022074e-08
4.250000000000000305e-03 5.434318544910343024e-02 3.972504408796120878e-02 1.211580755198763573e-07 5.444622066255007854e-08
4.500000000000000527e-03 3.605354906473068333e-02 1.898322701078402480e-02 1.716197890981139172e-07 8.027441258704205410e-08
4.750000000000000749e-03 2.481861113840834118e-02 9.756066863060247271e-03 2.319071138245849856e-07 1.131130981146155485e-07
5.000000000000000104e-03 1.761051960106918904e-02 5.400460495514879285e-03 2.566043105773667990e-07 1.535073059282922795e-07
5.250000000000000326e-03 1.282582297282710768e-02 3.179430493847459037e-03 5.725071031527784416e-07 2.018650466065166146e-07
5.500000000000000548e-03 9.558666847313506201e-03 1.964155488275530232e-03 7.178071493018874405e-07 2.584667892556879163e-07
5.750000000000000770e-03 7.263275135669901988e-03 1.264940242470813814e-03 9.020550400306673301e-07 3.234779638171955810e-07
6.000000000000000992e-03 5.611419909244170709e-03 8.465401665246981202e-04 1.092383746241933602e-06 3.969631665530884526e-07
6.250000000000000347e-03 4.405515355370734180e-03 5.811645955155734936e-04 1.305793494471722988e-06 4.788997067839803167e-07
6.500000000000000569e-03 3.502681036147176942e-03 4.104581450239185936e-04 1.539450722289750922e-06 5.691910136904986103e-07
6.750000000000000791e-03 2.820865249232274233e-03 2.961423793464080709e-04 1.793837054454337708e-06 6.676789246692940632e-07
7.000000000000001013e-03 2.297944982221703392e-03 2.176551627021313382e-04 2.086973358126571086e-06 7.741546726697591562e-07
7.250000000000001235e-03 1.890411802492321554e-03 1.629130869426294369e-04 2.401703561046322875e-06 8.883682229917619356e-07
7.499999999999999722e-03 1.570073011156747356e-03 1.242904283364044493e-04 2.749234538360284623e-06 1.010037727601647102e-06
7.750000000000000812e-03 1.315308975845478267e-03 9.675383471126451781e-05 3.095301924152086911e-06 1.138856226028004011e-06
8.000000000000000167e-03 1.110946510308976525e-03 7.567291414459985073e-05 3.502945538765821729e-06 1.274498380293596321e-06
8.250000000000000389e-03 9.450202542959589393e-04 6.029863618883637749e-05 3.912276149507672999e-06 1.416626547733659673e-06
8.500000000000000611e-03 8.098433311087906454e-04 4.822047461892422246e-05 4.343274069112615833e-06 1.564894537055663008e-06
8.750000000000000833e-03 6.983690624669167384e-04 3.954154807127026572e-05 4.797461316074782086e-06 1.718952736018580987e-06
9.000000000000001055e-03 6.058511953403225006e-04 3.237188369903132187e-05 5.255904679033926713e-06 1.878450093020164052e-06
9.250000000000001277e-03 5.287512890945780765e-04 2.676474675663737486e-05 5.748229931376405901e-06 2.043039370283466829e-06
9.500000000000001499e-03 4.638228955524015696e-04 2.228263356381867831e-05 6.253585472606583549e-06 2.212376050952468995e-06
9.750000000000001721e-03 4.090287979481671511e-04 1.870591291622723752e-05 6.811903410256760501e-06 2.386124637742777823e-06
1.000000000000000021e-02 3.623223285560168028e-04 1.583817478585859383e-05 7.354404149627560742e-06 2.563728391759648669e-06
