# time 1 2 D-1 D
0.000000000000000000e+00 9.999999700802564284e-01 1.118392175276939089e-08 6.139753931138663113e-36 1.328854119276363352e-34
5.000000000000000104e-04 9.987396732070068506e-01 1.608658658131040426e-08 1.041304279235650723e-24 5.411407170970499232e-24
1.000000000000000021e-03 9.946830734477226654e-01 5.329825167915037106e-07 2.456446232366387951e-20 3.033945317615285527e-20
1.500000000000000248e-03 9.873565892373273867e-01 4.017813169499842305e-06 1.026372790029397097e-17 5.538328784008990256e-18
2.000000000000000042e-03 9.761862421578050286e-01 1.846871659731265749e-05 8.107050759314939706e-16 2.579505480558982801e-16
2.500000000000000052e-03 9.604509385505745067e-01 6.662936644913466976e-05 2.542466760898901900e-14 5.912534118110688290e-15
3.000000000000000496e-03 9.391994055442539624e-01 2.132750856760787738e-04 4.342389574474155565e-13 8.887140281608390587e-14
3.500000000000000507e-03 9.111120742780329795e-01 6.197521205460106717e-04 4.744645840119558219e-12 9.860199320395887613e-13
4.000000000000000083e-03 8.742800910307388929e-01 1.716032593258860154e-03 3.661221485431820019e-11 8.212601725168913017e-12
4.500000000000000527e-03 8.258392522815916070e-01 4.592469270019883254e-03 2.156344162760163402e-10 5.032100504669364018e-11
5.000000000000000104e-03 7.611590673930642703e-01 1.208097332108830878e-02 1.015993450228492915e-09 2.270922477322027258e-10
5.500000000000000548e-03 6.725475846750139652e-01 3.065491069489723053e-02 3.820173015994688763e-09 7.813939558976629837e-10
6.000000000000000992e-03 5.473250524076002099e-01 7.273314564794758352e-02 1.014453885128991232e-08 2.152082153813464068e-09
6.500000000000000569e-03 3.842100956383829313e-01 1.394352595835069986e-01 1.866909635504445183e-08 4.968552259410033185e-09
7.000000000000001013e-03 2.310071499397897687e-01 1.800855194167239881e-01 3.015521588792655982e-08 9.988074946045591685e-09
7.499999999999999722e-03 1.324524859603382620e-01 1.504266232451755003e-01 4.811266679594229703e-08 1.800730614487762568e-08
8.000000000000000167e-03 7.852548248472944470e-02 8.689758668758974791e-02 7.381591097947305529e-08 2.978040480231011625e-08
8.500000000000000611e-03 4.893181581441950756e-02 4.254920383083127949e-02 1.053136564269424394e-07 4.596141926749748638e-08
9.000000000000001055e-03 3.189632552084254585e-02 2.103772063443950374e-02 1.488053231379140320e-07 6.707417359722493282e-08
9.500000000000001499e-03 2.156957597728307793e-02 1.119010971220392101e-02 2.006213032213909545e-07 9.350479871950281735e-08
1.000000000000000021e-02 1.503118739534157686e-02 6.399988339611690016e-03 2.215568525821819399e-07 1.255095074870757103e-07
1.050000000000000065e-02 1.074965610051493992e-02 3.884076117290517771e-03 4.949506595469775376e-07 1.632306958486739343e-07
1.100000000000000110e-02 7.867218206302947422e-03 2.468870201819971071e-03 6.185237113201113507e-07 2.067161112801881115e-07
1.150000000000000154e-02 5.870411319114814293e-03 1.632552500510919607e-03 7.744275174919966781e-07 2.559380168488399898e-07
1.200000000000000198e-02 4.453321998738955789e-03 1.118880669804664038e-03 9.342429970974886208e-07 3.108100602717774242e-07
1.250000000000000069e-02 3.434345135015112911e-03 7.860982849200675139e-04 1.112446624779602846e-06 3.712015953441906776e-07
1.300000000000000114e-02 2.681715043747552769e-03 5.669182732423872894e-04 1.306521419296432932e-06 4.369493204303451209e-07
1.350000000000000158e-02 2.121866282004324436e-03 4.172890865144821514e-04 1.516810671153754149e-06 5.078661602901601368e-07
1.400000000000000203e-02 1.698804342917063174e-03 3.126908132852931313e-04 1.758439962808325536e-06 5.837482141327874518e-07
1.450000000000000247e-02 1.373619128625054586e-03 2.383253218586478398e-04 2.016885671738991694e-06 6.643803449650324731e-07
1.499999999999999944e-02 1.121706446893176419e-03 1.848487986465548031e-04 2.301465955927552077e-06 7.495399142658378290e-07
1.550000000000000162e-02 9.241674511611332361e-04 1.459361833012475190e-04 2.583510657495674712e-06 8.390001107314416538e-07
1.600000000000000033e-02 7.679648898192613458e-04 1.159546172163784382e-04 2.915648353054523981e-06 9.325319432256548781e-07
1.650000000000000078e-02 6.427884778747990167e-04 9.360695854594839650e-05 3.247843884210083658e-06 1.029907077505654979e-06
1.700000000000000122e-02 5.422999922070399379e-04 7.598472052483009036e-05 3.596959854147392087e-06 1.130897477014960615e-06
1.750000000000000167e-02 4.604915562676443531e-04 6.291074441939707555e-05 3.964278135291084021e-06 1.235279440905045189e-06
1.800000000000000211e-02 3.934700419277439225e-04 5.214800211434757248e-05 4.334041932422443697e-06 1.342830917391067812e-06
1.850000000000000255e-02 3.383898940703975529e-04 4.362955155540783743e-05 4.730802351340681140e-06 1.453336834129808136e-06
1.900000000000000300e-02 2.925549506596283747e-04 3.675084646861847735e-05 5.137439428461663893e-06 1.566584927954985624e-06
1.950000000000000344e-02 2.543918654536014953e-04 3.119972984504632105e-05 5.586585191617801451e-06 1.682370839164823475e-06
2.000000000000000042e-02 2.222236014060868944e-04 2.668804176063936925e-05 6.022133030171625048e-06 1.800391488050492046e-06
