# time 1 2 D-1 D
0.000000000000000000e+00 9.999999508548470528e-01 1.458256526834674042e-08 7.770934004995422953e-35 2.766383609641208430e-36
2.500000000000000486e-03 9.988258850460994820e-01 1.720375229968733088e-08 2.193598996138049396e-29 2.358814004272197875e-34
5.000000000000000971e-03 9.950362576482530974e-01 1.098160675445895635e-07 5.461225957185790215e-25 1.320646121200981519e-28
7.500000000000001457e-03 9.881666998742553165e-01 6.575540187266127337e-07 2.389350052745499347e-22 3.382513287417950121e-25
1.000000000000000194e-02 9.776667590768215454e-01 2.857615819041185563e-06 2.029403541825537121e-20 1.064298939529349605e-22
1.250000000000000069e-02 9.628862815971522826e-01 9.863290055883317404e-06 7.203391306616243803e-19 1.054729846782645292e-20
1.500000000000000291e-02 9.430446060094729299e-01 3.011624248268267670e-05 1.473366655305481766e-17 4.975322721291560627e-19
1.750000000000000167e-02 9.171760541896089025e-01 8.695858291825580948e-05 2.071908620167051925e-16 1.365795108980298106e-17
2.000000000000000389e-02 8.840402283258423921e-01 2.383556889268957733e-04 2.203160859041842378e-15 2.376030287491445320e-16
2.250000000000000264e-02 8.419718498105440707e-01 6.494472500352203295e-04 1.936362820260462522e-14 2.690730208690893023e-15
2.500000000000000139e-02 7.885973146283423718e-01 1.798918791485834600e-03 1.605990830280062656e-13 2.027866527641668166e-14
2.750000000000000361e-02 7.201698085172633101e-01 5.109840685757985161e-03 1.008627927533964135e-12 1.064659211413618883e-13
3.000000000000000583e-02 6.296858082879013274e-01 1.506068271702956478e-02 4.044815019447074026e-12 4.136885234741328659e-13
3.250000000000000111e-02 5.014145216343982581e-01 4.541683833489574412e-02 1.173202987545656893e-11 1.261356878596946025e-12
3.500000000000000333e-02 3.250814854188848191e-01 1.070947749696208734e-01 2.610680829533703439e-11 3.169449032150235884e-12
3.750000000000000555e-02 1.640258222443972125e-01 1.446909512978235557e-01 4.920187186433557812e-11 6.823114658402156797e-12
4.000000000000000777e-02 7.984840097961562466e-02 1.158355649104869101e-01 8.246627398570458230e-11 1.297178795338883581e-11
4.250000000000000999e-02 4.168090705969717397e-02 7.167791297633485659e-02 1.270215770717358593e-10 2.230009089202321368e-11
4.500000000000000527e-02 2.308854404587853612e-02 4.051090543926133547e-02 1.825530454244008839e-10 3.531579069029181788e-11
4.750000000000000749e-02 1.347338068894462192e-02 2.239521209125261078e-02 2.484357564367088441e-10 5.228398441350140882e-11
5.000000000000000278e-02 8.150215320174507283e-03 1.271439827447546494e-02 3.236153848797615249e-10 7.322105911814348386e-11
5.250000000000000500e-02 5.098176768374082513e-03 7.353304313405332679e-03 4.055944182061311303e-10 9.792898452202866950e-11
5.500000000000000722e-02 3.280243884792393826e-03 4.368124697275095440e-03 4.935814537455379332e-10 1.260548845337095672e-10
5.750000000000000944e-02 2.163076602091567897e-03 2.636317303263176291e-03 5.870209657877719322e-10 1.571606836120419116e-10
6.000000000000001166e-02 1.457521314448039689e-03 1.602559403711333172e-03 6.828313702140034230e-10 1.907864605140019608e-10
6.250000000000000000e-02 1.001077673295425879e-03 1.156930970800228208e-03 7.810876259201575809e-10 2.264913684183461030e-10
6.500000000000000222e-02 6.994143384885749331e-04 8.089858089135882604e-04 8.824023670841781909e-10 2.638865275184420901e-10
6.750000000000000444e-02 4.962030537253226585e-04 6.379554842623398093e-04 9.842030565345966754e-10 3.026470186615607080e-10
7.000000000000000666e-02 3.569462643030703363e-04 5.147448136915573061e-04 1.087636112373330091e-09 3.425157161444882960e-10
7.250000000000000888e-02 2.600288638540537039e-04 4.214942271393595807e-04 1.190675946687509555e-09 3.833032939289188825e-10
7.500000000000001110e-02 1.916251114218238166e-04 3.485327547374593004e-04 1.296624916666105423e-09 4.248811646757934909e-10
7.750000000000001332e-02 1.427245323664131304e-04 2.911182640137949707e-04 1.402639385624615328e-09 4.671483559115630622e-10
8.000000000000001554e-02 1.073540294296631631e-04 2.456129882055749659e-04 1.510336980048943002e-09 5.100585141448827030e-10
8.250000000000001776e-02 8.149200132162451662e-05 2.085481860298698360e-04 1.620866685854574793e-09 5.535623647479319991e-10
8.500000000000001998e-02 6.239216641670183850e-05 1.784306777878309444e-04 1.730224906741448950e-09 5.976665983429037195e-10
8.750000000000000833e-02 4.815411532858234362e-05 1.537114451628062003e-04 1.841316169001620614e-09 6.423354298815412096e-10
9.000000000000001055e-02 3.744761736308341407e-05 1.332363577624254075e-04 1.954141687892172487e-09 6.875764511175167922e-10
9.250000000000001277e-02 2.933061214704569164e-05 1.160608977241972496e-04 2.067438464995738090e-09 7.333383686605807107e-10
9.500000000000001499e-02 2.312905039927046222e-05 1.016899091939429197e-04 2.182044641387223282e-09 7.796879560651029987e-10
9.750000000000001721e-02 1.835644087967481746e-05 8.955370409172189823e-05 2.297335964758506239e-09 8.265128758089109422e-10
1.000000000000000056e-01 1.465706016802375351e-05 7.921720752111809831e-05 2.417295720538165234e-09 8.738146838792772752e-10
