# time 1 2 D-1 D
0.000000000000000000e+00 9.999999776064772972e-01 7.130363891673352810e-09 1.030673446800981687e-34 7.654466564249490421e-34
2.500000000000000486e-03 9.976291676771700256e-01 8.444423242139795737e-05 1.057534872852901149e-18 1.548512583532036875e-21
5.000000000000000971e-03 9.898709623158969961e-01 3.914409419856995729e-04 2.988749451324698719e-16 1.877096870484124529e-18
7.500000000000001457e-03 9.757289330980739583e-01 9.634629634636086978e-04 8.504053638671199247e-15 1.269032766344899207e-16
1.000000000000000194e-02 9.542425578575430833e-01 1.861080735010262922e-03 9.327551865583857902e-14 2.616161645284945231e-15
1.250000000000000069e-02 9.246014519410540311e-01 3.114937505291930607e-03 6.154966337137538464e-13 2.799210425586189980e-14
1.500000000000000291e-02 8.862921015418383508e-01 4.791221650064464953e-03 2.897207703595153746e-12 1.969188406964252791e-13
1.750000000000000167e-02 8.392579464838942904e-01 6.892269040276889809e-03 1.087345745336125745e-11 1.032962860736848883e-12
2.000000000000000389e-02 7.840368650964210095e-01 9.451771436587480882e-03 3.438320836601229807e-11 4.354665237117448495e-12
2.250000000000000264e-02 7.218289532508835871e-01 1.245525605516076967e-02 9.537013811588959824e-11 1.548060954873332713e-11
2.500000000000000139e-02 6.544537523910478605e-01 1.581626720658459509e-02 2.386295084501961321e-10 4.794783207152753745e-11
2.750000000000000361e-02 5.841841938175912352e-01 1.942695189207894677e-02 5.482597572736943778e-10 1.324160198655208500e-10
3.000000000000000583e-02 5.134859814915093690e-01 2.310876285062113747e-02 1.173372852312070657e-09 3.316218367991012827e-10
3.250000000000000111e-02 4.447251747271408484e-01 2.654788392898824526e-02 2.364578277424484971e-09 7.627249717695622977e-10
3.500000000000000333e-02 3.799147556198974041e-01 2.968614579022192668e-02 4.536527691112946384e-09 1.626604974032772417e-09
3.750000000000000555e-02 3.205510209734344085e-01 3.247949360334186075e-02 8.373278316702623801e-09 3.240105278562257894e-09
4.000000000000000777e-02 2.675558375632808294e-01 3.502600773985845017e-02 1.494040577248941255e-08 6.061647992717745320e-09
4.250000000000000999e-02 2.213100506269782830e-01 6.406916768845600380e-03 2.617406115877659686e-08 1.069368619040785205e-08
4.500000000000000527e-02 1.817465556143870453e-01 2.713166813369238210e-03 4.563139720244196389e-08 1.783944662943618680e-08
4.750000000000000749e-02 1.484697749223877761e-01 1.751045590673902703e-03 8.015344234454300449e-08 2.819081837084280237e-08
5.000000000000000278e-02 1.208754335766981380e-01 1.273207705198714686e-03 1.430221372713154948e-07 4.223373254893859440e-08
5.250000000000000500e-02 9.825452188893653294e-02 9.492577054791975300e-04 2.559831874035959131e-07 5.997671000111488249e-08
5.500000000000000722e-02 7.987406235955811507e-02 7.280011063202294604e-04 4.384301500115518393e-07 8.062964471689497105e-08
5.750000000000000944e-02 6.503339915232957125e-02 5.612167180637191773e-04 6.376337370192256655e-07 1.022760482459990913e-07
6.000000000000001166e-02 5.309848902469734705e-02 4.317107277913781330e-04 7.520344187665173605e-07 1.216021191830187406e-07
6.250000000000000000e-02 4.351777227525419761e-02 3.320880232725352890e-04 7.460359137708080019e-07 1.338022647144442338e-07
6.500000000000000222e-02 3.582758137487988825e-02 2.576623958141107361e-04 5.812756409366247744e-07 1.329254823321231098e-07
6.750000000000000444e-02 2.964640394013737940e-02 1.952062413308416368e-04 3.484746659918875234e-07 1.132431957935386439e-07
7.000000000000000666e-02 2.465937047192556450e-02 1.489820773049947125e-04 7.982938254504255342e-07 7.286773682464328198e-08
7.250000000000000888e-02 2.062385600900754068e-02 1.131402094487257557e-04 1.215702785817038376e-04 2.217716192671919870e-08
7.500000000000001110e-02 1.734673063297940965e-02 8.191500956015052709e-05 1.823295504184756178e-04 2.372137029011876349e-09
7.750000000000001332e-02 1.466645122544372494e-02 6.133568685730758359e-05 2.680365998162532863e-04 1.254906275155028674e-07
8.000000000000001554e-02 1.246665459185800247e-02 4.476143777151120096e-05 3.871013480575014867e-04 6.609100736549869739e-07
8.250000000000001776e-02 1.064947585388097487e-02 3.356956897749537792e-05 5.486832627776008992e-04 2.226959591005556195e-06
8.500000000000001998e-02 9.140214065754066058e-03 2.649223861629804264e-05 7.621771679955753002e-04 6.236290653043322969e-06
8.750000000000000833e-02 7.880733854987116704e-03 2.178445289090563531e-05 1.037403836992701603e-03 1.603490574564813646e-05
9.000000000000001055e-02 6.824306366829946228e-03 1.883141583683289351e-05 1.377540019110306017e-03 3.996128381824552277e-05
9.250000000000001277e-02 5.929280641428619734e-03 2.171805299143420592e-05 1.770338560165923836e-03 9.960865277677455527e-05
9.500000000000001499e-02 5.164886435424636060e-03 3.127974568528027742e-05 2.150041263185153029e-03 2.681613185784925755e-04
9.750000000000001721e-02 4.472163520332195219e-03 8.250413824999715197e-05 2.318681840330789716e-03 7.472685959875246739e-04
1.000000000000000056e-01 1.913245401517756376e-03 2.093981327274752405e-03 1.912472279929497030e-03 1.900555010845931311e-03
