# time 1 2 D-1 D
0.000000000000000000e+00 9.999999461127747624e-01 2.351290375642515363e-08 5.936476060392946893e-35 9.559874259899041188e-37
1.250000000000000243e-03 9.999981758206654137e-01 6.463606143989957460e-07 2.117121474627262649e-34 4.762187050457733020e-36
2.500000000000000486e-03 9.999666734668964940e-01 1.321615145099977887e-05 1.675504648736255751e-29 8.289140335246728481e-31
3.750000000000000729e-03 9.998056603160163647e-01 8.578186152463996900e-05 9.775688679289345092e-30 7.168718433071445028e-30
5.000000000000000971e-03 9.992884664870695932e-01 3.474877335499257196e-04 5.842684309238350704e-27 1.255203989640047172e-27
6.250000000000000347e-03 9.979792623935365148e-01 1.080495427078909890e-03 4.033856069059496306e-26 7.762884702031562028e-27
7.500000000000001457e-03 9.951222537554338388e-01 2.806631072858979670e-03 1.438875735120182764e-25 2.932732790270198078e-26
8.750000000000000833e-03 9.895271976518409396e-01 6.309777426908223970e-03 4.058148535509748133e-25 9.069990888258952832e-26
1.000000000000000194e-02 9.795262293801334508e-01 1.251786330816603496e-02 1.031150357992910691e-24 2.497296100157894030e-25
1.125000000000000132e-02 9.631385545623085687e-01 1.777072726861743390e-02 2.546991900315665910e-24 6.092880980439559758e-25
1.250000000000000069e-02 9.385722844338976190e-01 1.318163043575582396e-04 6.322628467447554288e-24 1.204383849417991221e-24
1.375000000000000180e-02 9.049892233270425690e-01 5.167139643726337489e-04 1.599596413801380870e-23 1.375944238566516593e-24
1.500000000000000291e-02 8.630930519788055921e-01 1.849709215202487503e-03 3.897036302332720866e-23 4.778647275918588125e-26
1.625000000000000056e-02 8.150041304424008315e-01 4.157669963861926159e-03 8.202430849130816074e-23 2.718076023377148034e-23
1.750000000000000167e-02 7.634007304011160011e-01 7.477148137529763053e-03 1.339882894332786396e-22 4.565124375206312079e-22
1.875000000000000278e-02 7.105324557258427820e-01 1.230379436504180912e-02 1.981058704961642944e-22 4.004822781953975496e-21
2.000000000000000389e-02 6.576959391925741860e-01 1.926628694919063287e-02 9.546684574225615256e-22 2.531694537278740336e-20
2.125000000000000500e-02 6.052817929591455259e-01 2.870522444156295080e-02 2.024877605688152112e-20 1.261926767029816980e-19
2.250000000000000264e-02 5.531739405041062874e-01 4.092368017649712642e-02 2.306558273597423021e-19 5.158266836927308323e-19
2.375000000000000375e-02 5.012604400317488551e-01 5.552516373317207404e-02 1.182704795775411114e-18 1.826583477967200752e-18
2.500000000000000139e-02 4.498330286977781922e-01 7.186892783991551126e-02 3.883507244929840071e-18 5.625680277879956832e-18
2.625000000000000250e-02 3.997216178655709218e-01 8.818624489429584268e-02 9.961902916092074312e-18 1.537407143550304031e-17
2.750000000000000361e-02 3.520679945521030252e-01 1.022881612680194841e-01 1.980951316111271176e-17 3.754656659467750386e-17
2.875000000000000472e-02 3.079120229255156715e-01 1.092259586853294023e-01 3.523914846014128759e-17 7.943847258176990120e-17
3.000000000000000583e-02 2.678628444240257478e-01 8.918631033831884991e-02 5.452639126242000924e-17 1.611324507602138602e-16
3.125000000000000000e-02 2.320191680680688262e-01 3.146963434043487107e-02 7.201117934897976354e-17 3.082423967007202811e-16
3.250000000000000111e-02 2.000921962380136643e-01 1.599691588597380518e-02 8.391178549015628620e-17 5.189947084286840540e-16
3.375000000000000222e-02 1.715962028951186213e-01 1.399863814376139590e-02 7.827212357030294622e-17 8.889421661978655723e-16
3.500000000000000333e-02 1.460110466869956325e-01 1.511906707734801507e-02 7.272005928277462606e-15 1.383485394791166790e-15
3.625000000000000444e-02 1.228824688451511243e-01 1.787576362173369515e-02 8.961432162411825231e-15 2.031533973580428406e-15
3.750000000000000555e-02 1.018599352952703763e-01 2.142020356576486775e-02 1.030652830656826511e-14 3.059348872346832509e-15
3.875000000000000666e-02 8.278760602670676150e-02 2.541040849814248798e-02 1.136896655309548670e-14 4.106809096891286462e-15
4.000000000000000777e-02 6.568998878472893932e-02 2.930516576827848357e-02 1.254950998601390071e-14 5.690046219670425870e-15
4.125000000000000888e-02 5.050839516968422954e-02 3.283730090980702121e-02 1.267760904426963934e-14 7.605017287848013842e-15
4.250000000000000999e-02 3.749358719587934236e-02 3.549552912894525514e-02 1.287835002796890238e-14 9.656912384912033857e-15
4.375000000000000416e-02 2.671642631662748263e-02 3.691288549016626813e-02 1.236248114761295449e-14 1.267174903102347469e-14
4.500000000000000527e-02 1.816435959955120874e-02 3.686555951278511212e-02 1.101155916656667416e-14 1.566669731579033454e-14
4.625000000000000638e-02 1.174475067132481863e-02 3.520106041732133650e-02 9.594620608420567529e-15 1.938559608217744938e-14
4.750000000000000749e-02 7.157707168271438582e-03 3.216404083864027319e-02 7.292153341403975360e-15 2.359360926719158156e-14
4.875000000000000860e-02 4.060802515328377701e-03 2.807758206072961948e-02 5.114255750852468709e-15 2.733339674228334781e-14
5.000000000000000278e-02 2.097348985394297156e-03 2.352069409015372300e-02 3.110009423630049882e-15 3.126762599554966363e-14
