# time 1 2 D-1 D
0.000000000000000000e+00 9.999999315673623324e-01 3.687518783764201311e-08 1.097360710691068452e-35 4.178170692078008327e-36
5.000000000000000104e-04 9.988343663003252937e-01 1.555486385632557755e-05 6.809476808958520258e-29 1.834374859307184619e-33
1.000000000000000021e-03 9.949173776928224022e-01 3.226470777900808167e-04 1.508006942562624310e-24 7.338238484186945368e-28
1.500000000000000248e-03 9.869859802066665022e-01 2.085093621168010794e-03 5.465179848595809245e-22 1.341583124111147186e-24
2.000000000000000042e-03 9.724277646867049985e-01 7.888154398528994179e-03 3.514462221176884871e-20 2.677318162035669417e-22
2.500000000000000052e-03 9.474859177645170716e-01 2.096981457476123842e-02 8.433520692600691655e-19 1.516459982417379111e-20
3.000000000000000496e-03 9.096559117423554941e-01 2.958740401518075366e-02 1.045731712242995369e-17 3.740727345005371641e-19
3.500000000000000507e-03 8.607424712601040584e-01 2.184913544164191618e-02 8.086373800068874852e-17 5.104268342038428240e-18
4.000000000000000083e-03 8.061833245222757016e-01 2.766542276361698416e-02 4.385046744539226468e-16 4.505255723238328444e-17
4.500000000000000527e-03 7.512361381808649874e-01 3.912206678119732606e-02 1.795874960268741270e-15 2.874493688096940731e-16
5.000000000000000104e-03 6.989361011215844410e-01 5.436431883840151663e-02 5.942263184333469199e-15 1.429596489729211503e-15
5.500000000000000548e-03 6.507142014664827334e-01 7.165236357837963255e-02 1.694848460370745180e-14 5.771032448737763953e-15
6.000000000000000992e-03 6.074528344800151913e-01 8.855846146134513375e-02 4.768668723398434862e-14 1.918258311643702968e-14
6.500000000000000569e-03 5.698049978928558801e-01 1.026492174067903385e-01 1.512375190815165374e-13 5.311214927118928036e-14
7.000000000000001013e-03 5.380474977073199661e-01 1.125943632141795797e-01 2.926374971994649497e-13 1.256885280645618710e-13
7.499999999999999722e-03 5.119870367727911153e-01 1.184676529704326714e-01 4.869213954027700798e-13 2.632378225716977701e-13
8.000000000000000167e-03 4.910627211960210681e-01 1.215870767939237901e-01 7.613068299608567896e-13 5.040654495558445932e-13
8.500000000000000611e-03 4.745313082707348085e-01 1.226724074024455602e-01 1.098912671783648884e-12 9.045499459667181124e-13
9.000000000000001055e-03 4.616238462349327998e-01 1.224361481569820331e-01 1.442636165682024277e-12 1.548977593174188543e-12
9.500000000000001499e-03 4.516363808645165179e-01 1.215859577499431021e-01 1.684245831423973727e-12 2.556432811803163999e-12
1.000000000000000021e-02 4.439671396720374363e-01 1.198813188315486361e-01 1.696639548019955666e-12 4.037238535763751767e-12
1.050000000000000065e-02 4.381216114649393867e-01 1.175883275289875407e-01 1.386625839838905830e-12 6.035203899441868567e-12
1.100000000000000110e-02 4.337028727291735164e-01 1.146881144062243257e-01 8.677600046859416479e-13 8.353099877454053379e-12
1.150000000000000154e-02 4.303965316274974695e-01 1.111919680061865950e-01 3.747123004964600213e-13 1.064275016192755927e-11
1.200000000000000198e-02 4.279552804891302853e-01 1.071617106051056534e-01 8.884241941771263137e-14 1.258749418673433621e-11
1.250000000000000069e-02 4.261853812585872925e-01 1.024860102757682578e-01 7.685600224754690930e-16 1.405711948964573669e-11
1.300000000000000114e-02 4.249352854517854938e-01 9.801638067484987060e-02 4.441162637075591736e-14 1.498639276400865092e-11
1.350000000000000158e-02 4.240865160958660618e-01 9.337745426032721674e-02 1.377701673858673148e-13 1.533523245793407216e-11
1.400000000000000203e-02 4.235464504185563750e-01 8.938960640520748901e-02 2.470739164810579855e-13 1.508857451238259405e-11
1.450000000000000247e-02 4.232426449419935399e-01 8.565786871198376173e-02 2.258701483031229451e-13 1.425799677207318840e-11
1.499999999999999944e-02 4.231183802822722217e-01 8.201474804439277955e-02 1.677425405731490002e-10 1.289382754609201549e-11
1.550000000000000162e-02 4.231293105547380695e-01 7.927929792278069765e-02 1.823661082414455567e-10 1.108323949136339879e-11
1.600000000000000033e-02 4.232407354069400163e-01 7.674995158929799610e-02 1.961302088144377299e-10 8.963781424612852023e-12
1.650000000000000078e-02 4.234255236621209950e-01 7.504472948653513609e-02 2.091392966608550853e-10 6.707725530902348853e-12
1.700000000000000122e-02 4.236624840842591611e-01 7.329875279367265017e-02 2.212017911789911337e-10 4.509674310775040620e-12
1.750000000000000167e-02 4.239350925671701020e-01 7.179079852959831254e-02 2.322189672997074451e-10 2.578188233815484849e-12
1.800000000000000211e-02 4.242305176503708974e-01 7.115623247280669639e-02 2.419785176724603219e-10 1.100204150680846859e-12
1.850000000000000255e-02 4.245388428529238145e-01 7.042212942201329928e-02 2.503949035802205615e-10 2.347893698950311155e-13
1.900000000000000300e-02 4.248524317832128028e-01 6.956608310886888691e-02 2.574305384610380553e-10 6.761137967226666976e-14
1.950000000000000344e-02 4.251654519369930108e-01 6.941981699595857480e-02 2.631138541033560608e-10 6.258555370981875963e-13
2.000000000000000042e-02 4.254930730684722273e-01 6.920261121843623853e-02 2.673573973334531629e-10 1.945909387193997483e-12
