# time 1 2 D-1 D
0.000000000000000000e+00 9.999999303897274538e-01 4.283716604736725536e-08 8.046465461244913472e-36 4.589688420221221883e-36
1.250000000000000243e-03 9.999979159159948505e-01 4.827958322587112486e-08 2.885540724273193649e-31 3.686575281144280035e-36
2.500000000000000486e-03 9.999637651663269011e-01 1.274785322959974381e-06 1.324964202832230187e-27 4.211549642118163548e-31
3.750000000000000729e-03 9.998013530606745247e-01 8.511058016214211969e-06 3.615220922934496681e-26 2.180843958163894974e-29
5.000000000000000971e-03 9.993079098531000293e-01 3.620374234412175314e-05 3.838540375254799288e-26 1.983096312454318828e-28
6.250000000000000347e-03 9.981033760356754492e-01 1.194963681859657743e-04 6.531686052685353765e-25 8.847182478000526242e-27
7.500000000000001457e-03 9.955248628567485714e-01 3.396069998859746366e-04 2.627370374406241461e-24 7.464249212752297939e-26
8.750000000000000833e-03 9.904962674590462868e-01 8.411236229886872662e-04 4.464422045458049158e-24 2.925678082876882725e-25
1.000000000000000194e-02 9.814035469891397856e-01 1.924094727869902913e-03 4.155400504225849216e-25 1.463027953315048886e-25
1.125000000000000132e-02 9.660280015512742180e-01 4.164812647928788254e-03 1.817586764455016273e-22 6.394058153084554517e-24
1.250000000000000069e-02 9.415945830223356738e-01 8.472514330752306186e-03 2.941883383224465594e-21 2.156247193091254994e-22
1.375000000000000180e-02 9.049666662168482922e-01 1.656511787707233910e-02 2.513852859128786096e-20 2.429428636120916488e-21
1.500000000000000291e-02 8.529688340215350051e-01 3.059017836718419536e-02 1.494023361424232108e-19 1.553809367545343313e-20
1.625000000000000056e-02 7.832853230660127286e-01 5.310428828019160552e-02 6.909336650709133215e-19 6.423323331572077791e-20
1.750000000000000167e-02 6.953798101180546087e-01 8.596050087988170441e-02 2.516992655415634710e-18 1.769715290170341483e-19
1.875000000000000278e-02 5.951667597939392929e-01 1.245965081986517287e-01 7.579228819967671237e-18 3.059529739300341823e-19
2.000000000000000389e-02 4.927834236851690308e-01 1.616396928024551594e-01 1.894003431950665144e-17 2.308383664356801619e-19
2.125000000000000500e-02 3.998690355454571077e-01 1.880134927367489717e-01 3.797528564425301432e-17 3.947642553640753781e-20
2.250000000000000264e-02 3.230232588605541633e-01 1.986949479171553068e-01 3.728405091178633444e-18 3.534693355868534652e-18
2.375000000000000375e-02 2.622756785984080019e-01 1.967581047449455944e-01 5.499064083622356425e-14 3.137921643641934775e-17
2.500000000000000139e-02 2.152643013417116225e-01 1.855293854172982981e-01 1.292081353808187781e-13 1.603602107391992696e-16
2.625000000000000250e-02 1.788978036551552020e-01 1.705771709464909969e-01 2.690664767014374837e-13 6.197787271595858291e-16
2.750000000000000361e-02 1.505733779664904792e-01 1.538622527535850881e-01 5.133677576247787016e-13 2.000751976396874718e-15
2.875000000000000472e-02 1.283042264562656021e-01 1.364363835568044026e-01 9.149303213435387830e-13 5.636409186894263060e-15
3.000000000000000583e-02 1.106182971172979812e-01 1.232538752568574647e-01 1.525622482912000867e-12 1.426751876064072918e-14
3.125000000000000000e-02 9.642807928870400502e-02 2.134791490842032763e-02 2.423693809728987281e-12 3.301675846056668058e-14
3.250000000000000111e-02 8.492599552274797403e-02 2.036331860561557336e-02 3.668971435266407861e-12 7.073246800538793510e-14
3.375000000000000222e-02 7.550839379950669006e-02 1.805910039200410780e-02 5.339878459803060798e-12 1.417419362020971163e-13
3.500000000000000333e-02 6.772111278945043555e-02 1.551976691865261833e-02 7.502174852079305982e-12 2.674797750667935305e-13
3.625000000000000444e-02 6.122022582202483326e-02 1.369705272272194255e-02 1.016919861382000853e-11 4.783653177029179191e-13
3.750000000000000555e-02 5.574349714527807031e-02 1.211590209533351323e-02 1.330742844600265039e-11 8.145382352975827204e-13
3.875000000000000666e-02 5.108952828540103130e-02 1.056631884155820149e-02 1.675049968104286010e-11 1.325627444609914847e-12
4.000000000000000777e-02 4.710246918741942124e-02 9.297524859561602170e-03 2.036628887258942505e-11 2.068145122577762166e-12
4.125000000000000888e-02 4.366076175222314421e-02 8.078584229257085303e-03 2.387825973341132371e-11 3.101617813605300923e-12
4.250000000000000999e-02 4.066880937725819017e-02 7.200450047985411384e-03 2.707016307346069240e-11 4.480873840910158163e-12
4.375000000000000416e-02 3.805079021683661217e-02 6.341526718024614699e-03 2.981689808651473581e-11 6.246941919133566370e-12
4.500000000000000527e-02 3.574608432751312515e-02 5.564855756831015021e-03 3.202173121054220425e-11 8.422581523904526824e-12
4.625000000000000638e-02 3.370578882305166890e-02 4.906493137080746546e-03 3.377174990967533988e-11 1.100362402372903842e-11
4.750000000000000749e-02 3.189011776721970004e-02 4.351394528277827481e-03 3.500898085870623288e-11 1.395902620682095190e-11
4.875000000000000860e-02 3.026644705911307048e-02 3.891342015926796231e-03 3.577755170326029051e-11 1.723580825467250300e-11
5.000000000000000278e-02 2.880840882774503980e-02 3.450406940712206962e-03 3.639302134306529007e-11 2.076717541136848371e-11
