# time 1 2 D-1 D
0.000000000000000000e+00 9.999999601473505972e-01 2.148188878811097377e-08 2.953447923540230031e-35 2.672083478355077463e-35
5.000000000000000104e-04 9.999996620385137591e-01 7.402803766931926226e-08 1.829879377015435897e-28 2.076795876596787259e-30
1.000000000000000021e-03 9.999945488106359859e-01 1.329602801250049252e-06 8.241668598400515312e-26 1.743734461414593583e-27
1.500000000000000248e-03 9.999688170461979997e-01 8.595602779700985347e-06 2.479555257585658115e-24 6.134365159966416970e-26
2.000000000000000042e-03 9.998853286608528901e-01 3.700949804422207212e-05 2.981784138268295388e-23 2.099081860955448104e-24
2.500000000000000052e-03 9.996666225247549109e-01 1.216012402148435034e-04 1.360976676543706149e-22 9.893892266449785877e-24
3.000000000000000496e-03 9.991600106940324855e-01 3.436096204589747082e-04 3.964942115319568163e-22 3.028979824146410146e-23
3.500000000000000507e-03 9.980784554220230032e-01 8.598290481894689053e-04 1.016097358965201680e-21 7.261225899013714327e-23
4.000000000000000083e-03 9.959108413729395037e-01 1.976980570198762915e-03 2.308237473706993561e-21 1.311061934867700303e-22
4.500000000000000527e-03 9.918079044359628949e-01 4.245497365429633588e-03 4.739024553065067973e-21 1.425040531965300612e-22
5.000000000000000104e-03 9.844844630233490212e-01 8.451599746334007360e-03 8.968288672516860336e-21 1.570708698538247629e-23
5.500000000000000548e-03 9.722371907869183927e-01 1.566589308358752597e-02 1.504787352411083489e-20 6.886997185885063564e-22
6.000000000000000992e-03 9.532235251590071012e-01 2.694827391919685233e-02 2.173379347648311043e-20 1.080288158449788651e-20
6.500000000000000569e-03 9.260750972686031535e-01 4.277296556432302194e-02 2.844617860538329611e-20 7.157197962776541818e-20
7.000000000000001013e-03 8.906471354877261160e-01 6.297007180622994638e-02 3.773247899142921852e-20 3.189959503404182871e-19
7.499999999999999722e-03 8.484019998224741066e-01 8.498448512456245607e-02 6.332183285515690353e-20 1.075381071135722320e-18
8.000000000000000167e-03 8.020442568771776193e-01 1.061827206294424092e-01 2.078878729588074954e-19 2.873545542424315380e-18
8.500000000000000611e-03 7.546101656775783262e-01 1.217986845140872354e-01 7.385980277559184904e-19 6.217802328528511789e-18
9.000000000000001055e-03 7.086178273896917013e-01 1.172774656518861258e-01 3.122283705886533580e-18 1.094225895718651177e-17
9.500000000000001499e-03 6.656771477529188630e-01 2.494048025805282315e-02 9.663979326904786316e-18 1.545866074345990507e-17
1.000000000000000021e-02 6.265279120354416698e-01 3.566787115866213581e-02 2.620165313157646889e-17 1.675496148752584124e-17
1.050000000000000065e-02 5.912762021029027704e-01 3.586577801234905327e-02 5.982878928540074596e-17 1.215959531739025089e-17
1.100000000000000110e-02 5.596460939410714541e-01 3.878782520447380394e-02 1.148277376024348432e-16 3.406764978672081150e-18
1.150000000000000154e-02 5.311693687278581377e-01 4.027124357442716379e-02 1.811511045718614158e-16 1.121981842965686056e-18
1.200000000000000198e-02 5.053037372227939805e-01 4.403836713253427015e-02 2.500387019307074376e-16 2.781050945220353947e-17
1.250000000000000069e-02 4.814967045438520721e-01 5.104751758008241325e-02 2.988594718883411025e-16 1.141889135845090724e-16
1.300000000000000114e-02 4.592140175596745588e-01 5.291968982951689160e-02 3.000389395122117876e-16 2.904906109318386918e-16
1.350000000000000158e-02 4.379479403131674720e-01 1.321375779619251255e-02 2.526194473913272137e-16 5.723909534903226136e-16
1.400000000000000203e-02 4.172153654852420179e-01 9.239078046688704512e-03 1.709242512493473392e-16 9.623673066249510990e-16
1.450000000000000247e-02 3.965520542441670626e-01 1.039068289072791161e-02 8.448983330041782731e-17 1.441392641409915571e-15
1.499999999999999944e-02 3.755075995965103108e-01 9.148015107212937105e-03 2.217861572605440726e-17 1.997756644380583811e-15
1.550000000000000162e-02 3.536446903684873910e-01 8.395994691022690831e-03 3.669973445681549003e-20 2.612204612909497778e-15
1.600000000000000033e-02 3.305466441619913653e-01 7.121569723304035059e-03 1.879982280300053356e-17 3.278631672130479294e-15
1.650000000000000078e-02 3.058369497462812836e-01 5.363116164974494372e-03 6.268226193047770508e-17 3.984041325090355838e-15
1.700000000000000122e-02 2.792131095358930115e-01 3.721683236191277409e-03 1.066756312829490808e-16 4.717580726403872151e-15
1.750000000000000167e-02 2.504929418541351760e-01 1.572251137546517999e-03 1.233905131341031350e-16 5.473376372214290425e-15
1.800000000000000211e-02 2.196685595237115318e-01 3.371443551543748182e-04 1.106656259645227560e-16 6.225918737370806508e-15
1.850000000000000255e-02 1.869847431179570141e-01 5.959832012498604342e-05 7.197865327298002259e-17 6.950572449312646568e-15
1.900000000000000300e-02 1.530710924566126285e-01 1.487286903534377081e-03 1.882779601745049349e-17 7.620172702369459333e-15
1.950000000000000344e-02 1.193771564020488646e-01 4.416706269885963682e-03 2.462677122584713787e-18 8.204077587672688580e-15
2.000000000000000042e-02 8.815275773433682571e-02 8.352564688760210146e-03 7.720757067612307502e-17 8.674970665233297438e-15
