# time 1 2 D-1 D
0.000000000000000000e+00 9.999999820192287947e-01 1.358521572497121932e-09 1.831537748016206380e-34 1.149751024539279198e-34
1.250000000000000243e-03 9.995603027306717570e-01 5.014689694870768710e-10 4.712769250193804077e-18 1.026415183426269077e-23
2.500000000000000486e-03 9.981672612817725776e-01 3.337469359634965296e-09 1.508342528949542277e-15 4.941460771246706255e-20
3.750000000000000729e-03 9.957321336873282691e-01 2.320233947461821548e-10 4.584068295544526257e-14 7.604422468351294864e-18
5.000000000000000971e-03 9.922072189913376805e-01 2.396908250598690555e-07 5.291912780258795092e-13 2.717039324820788446e-16
6.250000000000000347e-03 9.875986279484902930e-01 3.085178294540805921e-06 3.359369463125050614e-12 4.215942150856826042e-15
7.500000000000001457e-03 9.819725221435554596e-01 1.950784796873803438e-05 1.440526774091829235e-11 3.740058034219653896e-14
8.750000000000000833e-03 9.754466789904846502e-01 8.036537460770894160e-05 4.620841262766318402e-11 2.190244551766403674e-13
1.000000000000000194e-02 9.681598411646209490e-01 2.619861517604079736e-04 1.175174410691630149e-10 9.199192532658424990e-13
1.125000000000000132e-02 9.602158887369131035e-01 7.056855383712562707e-04 2.465241389774180569e-10 2.920162958260029743e-12
1.250000000000000069e-02 9.516112156636550301e-01 1.654287819886092557e-03 4.415528409599087479e-10 7.251681650382565175e-12
1.375000000000000180e-02 9.421672240105626317e-01 3.488107406998905771e-03 6.902074621395763715e-10 1.441079116651938621e-11
1.500000000000000291e-02 9.315085595077324809e-01 6.745519176848722466e-03 9.630096438841992565e-10 2.320648135352911384e-11
1.625000000000000056e-02 9.191391005102982348e-01 1.198333251885097712e-02 1.224661897763690924e-09 3.030775343630311403e-11
1.750000000000000167e-02 9.046428065551790354e-01 1.957969867755649310e-02 1.446947821123528469e-09 3.146135418529667744e-11
1.875000000000000278e-02 8.879377772408968417e-01 2.939637634128059937e-02 1.606861323947062339e-09 2.469801277260646251e-11
2.000000000000000389e-02 8.694179051955935877e-01 4.014240367991423614e-02 1.698926775084308782e-09 1.271140341529813481e-11
2.125000000000000500e-02 8.498606575133771379e-01 4.832486998278373580e-02 1.716717667000639381e-09 2.636513535626624596e-12
2.250000000000000264e-02 8.301650237479777372e-01 4.797113511034317018e-02 1.670429012936545898e-09 3.246101661987132795e-13
2.375000000000000375e-02 8.111008834219912700e-01 3.839190578597770354e-02 1.571007899273097344e-09 6.196355539826786677e-12
2.500000000000000139e-02 7.931880161498114923e-01 2.967747156197989358e-02 1.438774618741208838e-09 1.589873743104853396e-11
2.625000000000000250e-02 7.766985772023177192e-01 2.535014356636603600e-02 1.285400743342592513e-09 2.459152475953994724e-11
2.750000000000000361e-02 7.617190346642549459e-01 2.406589261586535022e-02 1.124363302471538381e-09 2.990821617696804219e-11
2.875000000000000472e-02 7.482190188883184323e-01 2.388564511839920065e-02 9.643147160578078380e-10 3.160682638392374931e-11
3.000000000000000583e-02 7.361044096458766450e-01 2.466662771052326869e-02 8.062804488256748143e-10 3.047593667328299478e-11
3.125000000000000000e-02 7.252519956205820684e-01 2.576901178168139461e-02 6.668327327512046029e-10 2.754886473687153874e-11
3.250000000000000111e-02 7.155298159912879541e-01 2.716174802576520539e-02 1.543276954354754714e-09 2.371567023681557771e-11
3.375000000000000222e-02 7.068083874452470994e-01 2.831423627127940129e-02 1.531828991885863148e-09 1.962032152664878727e-11
3.500000000000000333e-02 6.989664746767654258e-01 2.932832232172764494e-02 1.527775804774447801e-09 1.567803466719387865e-11
3.625000000000000444e-02 6.918937430222396046e-01 3.009394064895641249e-02 1.510169237857995427e-09 1.212482363329282098e-11
3.750000000000000555e-02 6.854916535135383571e-01 3.087268679696022686e-02 1.482889963171385924e-09 9.073283185536479728e-12
3.875000000000000666e-02 6.796733504570190432e-01 3.144164963607643665e-02 1.452774402050529759e-09 6.558969661435862513e-12
4.000000000000000777e-02 6.743628713203639879e-01 3.173351103584577670e-02 1.418701606226330917e-09 4.558065358349661599e-12
4.125000000000000888e-02 6.694943891219057308e-01 3.169988367620639458e-02 1.383528895193006484e-09 3.027972811301176265e-12
4.250000000000000999e-02 6.650110242873483735e-01 3.149756087044353753e-02 1.348101340814563524e-09 1.913694174381742758e-12
4.375000000000000416e-02 6.608638363082143252e-01 3.075601797486147287e-02 1.313624868256373621e-09 1.151679382351831276e-12
4.500000000000000527e-02 6.570108503949683154e-01 2.960085089514744722e-02 1.280301068852029465e-09 6.823876845234216267e-13
4.625000000000000638e-02 6.534160363082532896e-01 2.744318373923913118e-02 1.248377701417901179e-09 4.545397674959813855e-13
4.750000000000000749e-02 6.500485632185354357e-01 2.317583207306633461e-02 1.218381349541935605e-09 4.194000848121037719e-13
4.875000000000000860e-02 6.468820138731364855e-01 1.454020503029177132e-02 1.190055681115658312e-09 5.354205403990284977e-13
5.000000000000000278e-02 6.438947893587565474e-01 9.802962976811328572e-04 1.163574901444029105e-09 7.692509807172485708e-13
