# time 1 2 D-1 D
0.000000000000000000e+00 9.999999617506724059e-01 1.570935841170576737e-08 2.331083357852331223e-35 1.790755440882365643e-34
5.000000000000000104e-04 9.992418058051201202e-01 2.291140627122219256e-08 1.711891878284249188e-28 1.528215534189207262e-26
1.000000000000000021e-03 9.968222494790975885e-01 3.913890232410188997e-07 3.567921258916589225e-24 8.237667668952739662e-23
1.500000000000000248e-03 9.925291534774803859e-01 2.451906618960532666e-06 1.319289403529347918e-21 1.380320283686387676e-20
2.000000000000000042e-03 9.861665730174591360e-01 8.930686482511717786e-06 9.110874546978353365e-20 5.511523402604283457e-19
2.500000000000000052e-03 9.775644266200671506e-01 2.670713499975073469e-05 2.471646820167630137e-18 9.919306153494036803e-18
3.000000000000000496e-03 9.665854531723560017e-01 6.656385734708363281e-05 3.667165907303520964e-17 1.068279930593938837e-16
3.500000000000000507e-03 9.531290497302548070e-01 1.463652187010423551e-04 3.517604283357442327e-16 8.008576729314267335e-16
4.000000000000000083e-03 9.371317977196370608e-01 3.014766729111239153e-04 2.463661494174090646e-15 4.577086602466196335e-15
4.500000000000000527e-03 9.185647391711866394e-01 5.798818569881201979e-04 1.332703284188760789e-14 2.117343153755773743e-14
5.000000000000000104e-03 8.974276893913213371e-01 1.051825166541998664e-03 5.992950939815098256e-14 8.270112428328463687e-14
5.500000000000000548e-03 8.737411735850620920e-01 1.784682449647692886e-03 2.293009169598580342e-13 2.813604275014736064e-13
6.000000000000000992e-03 8.475373774493034640e-01 2.886058707278598909e-03 7.813387483637525017e-13 8.533017480799786035e-13
6.500000000000000569e-03 8.188525484044162361e-01 4.359758081150098830e-03 2.591688794965786820e-12 2.346279858063529367e-12
7.000000000000001013e-03 7.877236345797733463e-01 6.210299815704552369e-03 8.735676695297217205e-12 5.919893825552748822e-12
7.499999999999999722e-03 7.541914606971524826e-01 8.257055555460341909e-03 3.034834452892784502e-11 1.382242514861000833e-11
8.000000000000000167e-03 7.183096904356893742e-01 1.041410876472725899e-02 7.829220185119937131e-11 3.005518227914976084e-11
8.500000000000000611e-03 6.801539250062030861e-01 1.276285855410504329e-02 1.465917579094989720e-10 6.117582129326820110e-11
9.000000000000001055e-03 6.398213276333679644e-01 1.605982285249267852e-02 2.363747668108227591e-10 1.171265520424995450e-10
9.500000000000001499e-03 5.974129684129678708e-01 2.017740835490336795e-02 3.434442423935842822e-10 2.119209796165380936e-10
1.000000000000000021e-02 5.530019889589665727e-01 2.596055562493979410e-02 4.617587332560019329e-10 3.639895057647313391e-10
1.050000000000000065e-02 5.066094004766451553e-01 3.340252766660738865e-02 5.866579409000846345e-10 5.959530809978455135e-10
1.100000000000000110e-02 4.582226616072169745e-01 4.306978394213503702e-02 7.125224637406733069e-10 9.335590576979410321e-10
1.150000000000000154e-02 4.079814723752021033e-01 5.473801582956495243e-02 8.334738462575188269e-10 1.403550770374370049e-09
1.200000000000000198e-02 3.566024887051893466e-01 6.787457171188789051e-02 9.753557599783931773e-10 2.030521056093294107e-09
1.250000000000000069e-02 3.040558882689962661e-01 8.201316232151732721e-02 1.161963022283328268e-09 2.833362890317085705e-09
1.300000000000000114e-02 2.531540155995620767e-01 9.472943829115819392e-02 1.491895190313948403e-09 3.822522766467342680e-09
1.350000000000000158e-02 2.052658357579092152e-01 1.045135345120448700e-01 2.311778654222007640e-09 4.999167978306836469e-09
1.400000000000000203e-02 1.621490091353898766e-01 1.078413627147709747e-01 4.237168743701880911e-09 6.356392241086300170e-09
1.450000000000000247e-02 1.242899821861225829e-01 1.043750392054193649e-01 6.680649809128678822e-09 7.881397530658664128e-09
1.499999999999999944e-02 9.152891496236752189e-02 4.986441507787794242e-02 7.857793645648132838e-09 9.557236433860133860e-09
1.550000000000000162e-02 6.335732015495296188e-02 5.602424176168625120e-02 8.100183262129302780e-09 1.136333642719675417e-08
1.600000000000000033e-02 3.981623051096488258e-02 5.838147378994086589e-02 7.894836875066711539e-09 1.327490841604124595e-08
1.650000000000000078e-02 2.209167030809165017e-02 5.789876531041465019e-02 7.394007773748088099e-09 1.526177596173646055e-08
1.700000000000000122e-02 1.083373682452144077e-02 5.446054035872337218e-02 6.685783260831945680e-09 1.728980837503353491e-08
1.750000000000000167e-02 4.898301639898091850e-03 4.785846299775959461e-02 5.849004644744017253e-09 1.931837536897330744e-08
1.800000000000000211e-02 2.139215348719223503e-03 3.971046235646584488e-02 4.939934013333968206e-09 2.130044795141410679e-08
1.850000000000000255e-02 9.293225044961755249e-04 3.121740007421921342e-02 4.040245803303933784e-09 2.319220505009229367e-08
1.900000000000000300e-02 4.084995459912238512e-04 2.325376696334704660e-02 3.145307345328869465e-09 2.500137962482163405e-08
1.950000000000000344e-02 1.844616363612960907e-04 1.620351314195658463e-02 2.362021934595754471e-09 2.663619528653088786e-08
2.000000000000000042e-02 8.748404891543092813e-05 1.049782926078703105e-02 1.694610402796279022e-09 2.810376356547677223e-08
