# time 1 2 D-1 D
0.000000000000000000e+00 9.999999843342425310e-01 2.744877559163119893e-09 3.298731021995044319e-35 7.519872461080338501e-34
2.500000000000000052e-04 9.979730819902390415e-01 5.367296742524298257e-04 5.937298494038306145e-18 8.679720956746418246e-21
5.000000000000000104e-04 9.913031529185013513e-01 2.568965041939175534e-03 1.752739383602713429e-15 1.006209274639613658e-17
7.500000000000001240e-04 9.789004730122131681e-01 6.911459544818965121e-03 5.093536160735937561e-14 6.551933027036998599e-16
1.000000000000000021e-03 9.593494265677868782e-01 1.461797147230685552e-02 5.662466353227088768e-13 1.307659605231593493e-14
1.250000000000000026e-03 9.308892524205506502e-01 2.694977067986594962e-02 3.647923421355031083e-12 1.356982086458418235e-13
1.500000000000000248e-03 8.915010214198897387e-01 4.488696055893535986e-02 1.623356072585174214e-11 9.218358616277655823e-13
1.750000000000000253e-03 8.392201357391009253e-01 6.856162159221472485e-02 5.464683527788948034e-11 4.599483214501794796e-12
2.000000000000000042e-03 7.728044294149585269e-01 9.522747260579460249e-02 1.430916370878618082e-10 1.783259630583374383e-11
2.250000000000000264e-03 6.927356307076673048e-01 1.181833747168796328e-01 2.936017615317772274e-10 5.461852714989644640e-11
2.500000000000000052e-03 6.021213744128567358e-01 1.313085755244391695e-01 4.497369774032201973e-10 1.292855257616852484e-10
2.750000000000000274e-03 5.066820515832393124e-01 1.337164654946946252e-01 4.402471324743099422e-10 2.183995723361813504e-10
3.000000000000000496e-03 4.133670101817921161e-01 1.301860119551018491e-01 1.097291860814371468e-10 2.074047233850660896e-10
3.250000000000000284e-03 3.282879600095211514e-01 1.242779283244166838e-01 5.952289645969274627e-10 2.331020774524749862e-11
3.500000000000000507e-03 2.552641770528639165e-01 1.167307303331342472e-01 1.774428160115088322e-08 4.547042646301454896e-10
3.749999999999999861e-03 1.955796601356721010e-01 1.078966650185444465e-01 1.113266611200544689e-06 5.308829532219655974e-09
4.000000000000000083e-03 1.485938131924958161e-01 9.803365930745651380e-02 1.100443503365344734e-05 2.546644939807881233e-08
4.250000000000000305e-03 1.125905425598295317e-01 8.751878873693373639e-02 2.147563491867239644e-05 8.529605110810862623e-08
4.500000000000000527e-03 8.548646887257442539e-02 7.669679101025089762e-02 3.784212014004772562e-05 2.318851739038066081e-07
4.750000000000000749e-03 6.527969454538155858e-02 6.618861691395927505e-02 6.205107716152260665e-05 5.475851091141902465e-07
5.000000000000000104e-03 5.026529653660214564e-02 5.655680895446330014e-02 9.587830877296225560e-05 1.166429577266208477e-06
5.250000000000000326e-03 3.909206454177429485e-02 4.789463374861647332e-02 1.410632060787775247e-04 2.295095535554373171e-06
5.500000000000000548e-03 3.073567538786007441e-02 4.042056693217121327e-02 1.991624514773669545e-04 4.239226980536458192e-06
5.750000000000000770e-03 2.443999147285443041e-02 3.406030392925964156e-02 2.701555141588058676e-04 7.436091480533212593e-06
6.000000000000000992e-03 1.965491632176062306e-02 2.863716951674413411e-02 3.557921443007451383e-04 1.249442509970064856e-05
6.250000000000000347e-03 1.598279433661223617e-02 2.400938928130813207e-02 4.553817948915744743e-04 2.024326720254548926e-05
6.500000000000000569e-03 1.313640727040747518e-02 2.006521837779534287e-02 5.693056814875515964e-04 3.178472583858458898e-05
6.750000000000000791e-03 1.090770736598149250e-02 1.662101105063816184e-02 6.949962681620626762e-04 4.856814686713370916e-05
7.000000000000001013e-03 9.145192720169831660e-03 1.366388996001237019e-02 8.309499759890548627e-04 7.241669169403049534e-05
7.250000000000001235e-03 7.737778502592298352e-03 1.114776354911702939e-02 9.743798738254566983e-04 1.057544045196544041e-04
7.499999999999999722e-03 6.603375021437787179e-03 9.078095367019329426e-03 1.120947189870098335e-03 1.513489889565857740e-04
7.750000000000000812e-03 5.680809943248417947e-03 7.380412059159032964e-03 1.270087235722150171e-03 2.124141365590429800e-04
8.000000000000000167e-03 4.924103688585242632e-03 6.058806474552375608e-03 1.412013398343482272e-03 2.929981449208940133e-04
8.250000000000000389e-03 4.298394901112043143e-03 5.007707507965311437e-03 1.546412078950289712e-03 3.958986958373686784e-04
8.500000000000000611e-03 3.777023560344959681e-03 4.190820334395075480e-03 1.667538477393707341e-03 5.247941605381487235e-04
8.750000000000000833e-03 3.339428778359187621e-03 3.582702842281764843e-03 1.768597940135569011e-03 6.856346585978677181e-04
9.000000000000001055e-03 2.969622678875266653e-03 3.086663886378902041e-03 1.848314197706448858e-03 8.783964877744894571e-04
9.250000000000001277e-03 2.655074049785531923e-03 2.709404954454694859e-03 1.909442344770786049e-03 1.099407904389091773e-03
9.500000000000001499e-03 2.385885405293835734e-03 2.409596492584822718e-03 1.941203984415985212e-03 1.358491949783614903e-03
9.750000000000001721e-03 2.154181622393054000e-03 2.158537656924689428e-03 1.958443639711531827e-03 1.639780852825998159e-03
1.000000000000000021e-02 1.953652287750364067e-03 1.950476165626988502e-03 1.953338915838541065e-03 1.950239900345470366e-03
