# time 1 2 D-1 D
0.000000000000000000e+00 9.999999404165924588e-01 5.811549763909077340e-09 1.120022267311754892e-35 5.917890851857972754e-36
1.250000000000000243e-03 9.999993942994649387e-01 3.520461296896913555e-08 3.788632444693683120e-34 8.781643046300695040e-36
2.500000000000000486e-03 9.999893090776440507e-01 7.258050476724598720e-07 1.267383906817260504e-31 6.832245378869184302e-33
3.750000000000000729e-03 9.999387445765647309e-01 4.667858108254294428e-06 3.132006703985932891e-30 4.744016346141236944e-31
5.000000000000000971e-03 9.997799920018447528e-01 2.077285488856950475e-05 1.546453447415827652e-27 1.214410951608721319e-29
6.250000000000000347e-03 9.993863502842661450e-01 6.983115922540696421e-05 7.249426228279003122e-27 6.090196674596721282e-29
7.500000000000001457e-03 9.985377897922662616e-01 1.979769376548442205e-04 2.350835843253580306e-26 1.654603796039427711e-28
8.750000000000000833e-03 9.968698049181886622e-01 4.926783608180340624e-04 5.674925233062334034e-26 2.710640689417208924e-28
1.000000000000000194e-02 9.938015198479284162e-01 1.136565777927356618e-03 1.200624741410876719e-25 3.109480868371313405e-28
1.125000000000000132e-02 9.884421642772344141e-01 2.442549599127725318e-03 2.547978636779095359e-25 3.064965564269976479e-28
1.250000000000000069e-02 9.794799130462085168e-01 4.965586173822344671e-03 6.593445448258064209e-25 4.263586972262256780e-28
1.375000000000000180e-02 9.650601063895071219e-01 9.581056478196596157e-03 2.323587940544138400e-24 2.473088044410823112e-27
1.500000000000000291e-02 9.426610778610201580e-01 1.788217335648379161e-02 1.026500700001891584e-23 2.350599197387891525e-26
1.625000000000000056e-02 9.090110659658444670e-01 3.218758193600975565e-02 4.689737232806091982e-23 1.754179454184616775e-25
1.750000000000000167e-02 8.601097979664779070e-01 5.599149942574364186e-02 1.915740190243556414e-22 9.314851883636813240e-25
1.875000000000000278e-02 7.924402750651494687e-01 9.277882438564778733e-02 6.576449701945145980e-22 3.302648154320493891e-24
2.000000000000000389e-02 7.039335859380403404e-01 1.448907828212416260e-01 1.832210913874386216e-21 7.548792235432796061e-24
2.125000000000000500e-02 6.020310083148328051e-01 2.057663205639346515e-01 4.070107126981251483e-21 8.159948632078380885e-24
2.250000000000000264e-02 4.966776052563831034e-01 2.665550915925897213e-01 6.946076570733918559e-21 1.649414269213605793e-25
2.375000000000000375e-02 4.020893883813037029e-01 3.134664191780350828e-01 8.419723015651225251e-21 9.582471670586786926e-23
2.500000000000000139e-02 3.232555124228246868e-01 3.410896733853245322e-01 5.643319707431068502e-21 1.112111158258047032e-21
2.625000000000000250e-02 2.605282360424832078e-01 3.434481141301183871e-01 2.267340286113564171e-22 6.671690059787463755e-21
2.750000000000000361e-02 2.111189752992930491e-01 3.110301113395754768e-01 1.077871083801147355e-20 2.811061794991861406e-20
2.875000000000000472e-02 1.719011974999029302e-01 2.461509126215271070e-01 9.001452980805301107e-20 9.363580688617703760e-20
3.000000000000000583e-02 1.403423652867648586e-01 1.829484391790625331e-01 3.333698825144551907e-19 2.562202336349108143e-19
3.125000000000000000e-02 1.146282179537783941e-01 1.452174979129544352e-01 9.409916636287999117e-19 5.870398695946263939e-19
3.250000000000000111e-02 9.351271564206219133e-02 1.262882576479589306e-02 2.169037655998670316e-18 1.146611298375622960e-18
3.375000000000000222e-02 7.613002468120663724e-02 1.203732989088576212e-02 4.444208283717874172e-18 1.962333936581921371e-18
3.500000000000000333e-02 6.184344092104902130e-02 1.074517107301042190e-02 9.024196926272743968e-18 2.870214102638009492e-18
3.625000000000000444e-02 5.014603207012459374e-02 9.649976426834797755e-03 1.623421561131251424e-17 3.790429311361520324e-18
3.750000000000000555e-02 4.060546589549762081e-02 8.751112369494794263e-03 2.706640340899820479e-17 4.718490160583178485e-18
3.875000000000000666e-02 3.284669317480781031e-02 8.182011504463808718e-03 4.323749975374869419e-17 5.205954053887433556e-18
4.000000000000000777e-02 2.652990197848952708e-02 7.649683309458614119e-03 6.386907908853298539e-17 5.100014207377643641e-18
4.125000000000000888e-02 2.134419663434224471e-02 7.326224902046501834e-03 8.643715037146006875e-17 5.387676910919241115e-18
4.250000000000000999e-02 1.707020708858879299e-02 7.136335877136518527e-03 1.164324419769872212e-16 4.499640528893130541e-18
4.375000000000000416e-02 1.348534825471494822e-02 7.098600281978378196e-03 1.461609074315479280e-16 3.595614373704734370e-18
4.500000000000000527e-02 1.037726938762443922e-02 7.252698532547204383e-03 1.747741670967120861e-16 3.080644558993147263e-18
4.625000000000000638e-02 7.599576560087870428e-03 7.608571798958739182e-03 2.083285419316318474e-16 2.240641379933242462e-18
4.750000000000000749e-02 5.199092864135683792e-03 8.011241282013869397e-03 2.383681300651717511e-16 1.266830067235414274e-18
4.875000000000000860e-02 3.073525079117370336e-03 8.477799214271523540e-03 2.547355834568696218e-16 1.032698348797705124e-18
5.000000000000000278e-02 1.523411106288016055e-03 8.640801547836278115e-03 2.701542632726619261e-16 7.509140359074148736e-19
