# time 1 2 D-1 D
0.000000000000000000e+00 9.999999542586700541e-01 9.651756603316341947e-09 1.022167671845421090e-34 8.039867080845963942e-35
2.500000000000000486e-03 9.992095978144831525e-01 6.088045006904337248e-06 2.407888980385197906e-28 3.085695768747502714e-25
5.000000000000000971e-03 9.965856515955926476e-01 1.252872329853512757e-04 6.671227529104157193e-24 1.650492378073868798e-21
7.500000000000001457e-03 9.914402576365616282e-01 8.314516195409409885e-04 2.817081496705883416e-21 2.713549470186178880e-19
1.000000000000000194e-02 9.822988264455172480e-01 3.446835407214922462e-03 2.162672366073881714e-19 1.047924280814506300e-17
1.250000000000000069e-02 9.662240599451124012e-01 1.085290736787931920e-02 6.330051933295584568e-18 1.794135097015519543e-16
1.500000000000000291e-02 9.382694890262538445e-01 2.801974269257429678e-02 9.667168267824502595e-17 1.807171747812743333e-15
1.750000000000000167e-02 8.924703263303612744e-01 6.049803997414743284e-02 9.412846336995836403e-16 1.248502771500031759e-14
2.000000000000000389e-02 8.261102971701778097e-01 1.092243586729236410e-01 6.362250676922982039e-15 6.510373846994216603e-14
2.250000000000000264e-02 7.447757719128050846e-01 1.652671020623259490e-01 3.186824106732529170e-14 2.740876644400385409e-13
2.500000000000000139e-02 6.607513810870364601e-01 2.126520316505516595e-01 1.203556677935634330e-13 9.807101416489077789e-13
2.750000000000000361e-02 5.851194921149136530e-01 2.271227212200337131e-01 3.357524315331710232e-13 3.104201286996243348e-12
3.000000000000000583e-02 5.230101312235566624e-01 1.862066924797579348e-01 6.111096118473962865e-13 8.926123861836289083e-12
3.250000000000000111e-02 4.746299774910334723e-01 1.455166038164323883e-01 4.029183994299278104e-13 2.337299261188438622e-11
3.500000000000000333e-02 4.379482104676479803e-01 1.266439442007761262e-01 2.352043186495746155e-13 5.378127655555439750e-11
3.750000000000000555e-02 4.104691429344235476e-01 1.219569497026836841e-01 9.895562137905527230e-12 1.037446239398929100e-10
4.000000000000000777e-02 3.899676713258491967e-01 6.202296846157084181e-02 5.736633087217615451e-11 1.693541380602246290e-10
4.250000000000000999e-02 3.746746905272528849e-01 2.700985166098436585e-02 1.869870952179481088e-10 2.447611883404135964e-10
4.500000000000000527e-02 3.632501069570334140e-01 2.087595804441455538e-02 4.516878370186248810e-10 3.223910267828991224e-10
4.750000000000000749e-02 3.546995512981185872e-01 1.869788420402682463e-02 8.669903604596561729e-10 3.944849026684079115e-10
5.000000000000000278e-02 3.482904231618191293e-01 1.744783645852236373e-02 1.391955055288691012e-09 4.537438540215825285e-10
5.250000000000000500e-02 3.434832970897281901e-01 1.651515182550492358e-02 1.942181260935606864e-09 4.949722103944670478e-10
5.500000000000000722e-02 3.398798458826406410e-01 1.609973348938187679e-02 2.496575288730628881e-09 5.155758963822425918e-10
5.750000000000000944e-02 3.371845646700986632e-01 1.561395901469107665e-02 4.928590821344036322e-10 5.153886229974333653e-10
6.000000000000001166e-02 3.351770466220561073e-01 1.529007739022890215e-02 4.356945104735781188e-10 4.961877509277015922e-10
6.250000000000000000e-02 3.336920261826160083e-01 1.501309722429795997e-02 3.413351249047830112e-10 4.611378825932315776e-10
6.500000000000000222e-02 3.326049050933820861e-01 1.473784289485796650e-02 2.656300926687822649e-10 4.142303434716247018e-10
6.750000000000000444e-02 3.318212042100140979e-01 1.460030332169367021e-02 2.043692772973678408e-10 3.598219279681865620e-10
7.000000000000000666e-02 3.312689210718630650e-01 1.439197488753700578e-02 1.450812996864221425e-10 3.022610320945573678e-10
7.250000000000000888e-02 3.308929672528345689e-01 1.426992335621039484e-02 1.021154425823264118e-10 2.455949298767206377e-10
7.500000000000001110e-02 3.306509978419022722e-01 1.413470615497178749e-02 6.603737044634480319e-11 1.933675687467794246e-10
7.750000000000001332e-02 3.305103400893431020e-01 1.400358322562387722e-02 4.379772666281570098e-11 1.485014589777894508e-10
8.000000000000001554e-02 3.304457098651673030e-01 1.394229085957552142e-02 2.840860519624768065e-11 1.132175785957570957e-10
8.250000000000001776e-02 3.304374941375707864e-01 1.383218757098065438e-02 1.827341865206887194e-11 8.903438884290028981e-11
8.500000000000001998e-02 3.304704386516001957e-01 1.377554305284896426e-02 1.323729157822709545e-11 7.682081240511597302e-11
8.750000000000000833e-02 3.305326746139954364e-01 1.370049390972187878e-02 1.017596599265224350e-11 7.681546522276079756e-11
9.000000000000001055e-02 3.306149734213623126e-01 1.364405370547270777e-02 9.920144713952251749e-12 8.876559943262959349e-11
9.250000000000001277e-02 3.307102309331360068e-01 1.358901475128606109e-02 1.046145014386386648e-11 1.120009858981728014e-10
9.500000000000001499e-02 3.308128507881597513e-01 1.352797692198642703e-02 1.096873989843815690e-11 1.455702764103281633e-10
9.750000000000001721e-02 3.309184178062614667e-01 1.348371694523453450e-02 1.115789078888664499e-11 1.883446643040111024e-10
1.000000000000000056e-01 3.310242036019384604e-01 1.343836282633680858e-02 1.087516038992526175e-11 2.390585524676352799e-10
