# time 1 2 D-1 D
0.000000000000000000e+00 9.999999603851981167e-01 3.377004303369336123e-09 5.356879285265826196e-36 8.931966274074304232e-36
1.250000000000000243e-03 9.973862859204918330e-01 5.203130595068555965e-05 6.331751789317950608e-30 1.708055016677639486e-32
2.500000000000000486e-03 9.897250625899877141e-01 2.521970570724542502e-04 3.581367893290117329e-25 2.559785537813197096e-27
3.750000000000000729e-03 9.772037317248321031e-01 6.903081113952617672e-04 3.304809185476959646e-22 4.183798301858872171e-24
5.000000000000000971e-03 9.598918575116204277e-01 1.503102275787684223e-03 5.673557942019321309e-20 1.094000289053946918e-21
6.250000000000000347e-03 9.377012433780507195e-01 2.928617439311931563e-03 3.827647712073175969e-18 1.063028244379744784e-19
7.500000000000001457e-03 9.103300713662263455e-01 5.294885171815673711e-03 1.420928266454794320e-16 5.506535130694876166e-18
8.750000000000000833e-03 8.771711381300879573e-01 9.223154606110310280e-03 3.482168687104894065e-15 1.804697442092252428e-16
1.000000000000000194e-02 8.371517047413810086e-01 1.566895001484809244e-02 6.152202911707922050e-14 4.041777622611305128e-15
1.125000000000000132e-02 7.884511416441876142e-01 2.638706322440277294e-02 8.342253472101894073e-13 6.372276318455771322e-14
1.250000000000000069e-02 7.280477008178585230e-01 4.425199334901906700e-02 8.776135105695103986e-12 7.179029478993092891e-13
1.375000000000000180e-02 6.512399906788602921e-01 7.398578165644187354e-02 6.000350649603951522e-11 5.897035109238746821e-12
1.500000000000000291e-02 5.523019127635316883e-01 1.211235073209262769e-01 2.736551931377427092e-10 3.639897891165114936e-11
1.625000000000000056e-02 4.299529132586939473e-01 1.869411585294041001e-01 1.033227891819262852e-09 1.749908884070439248e-10
1.750000000000000167e-02 2.987336019096960560e-01 2.550501446278079509e-01 3.362116353258532483e-09 6.794275751043957274e-10
1.875000000000000278e-02 1.867668197898012805e-01 2.891259354492193290e-01 9.389898288813737846e-09 2.202431676191229345e-09
2.000000000000000389e-02 1.098394048443123855e-01 2.375176264462670328e-01 2.295047364590348395e-08 6.135292497837598285e-09
2.125000000000000500e-02 6.346388990930015850e-02 1.135602653203552220e-01 5.058154633376403877e-08 1.504940051164237678e-08
2.250000000000000264e-02 3.692656306313157888e-02 4.920277691451713231e-02 1.004713359173928353e-07 3.316897513709690750e-08
2.375000000000000375e-02 2.187965380890213862e-02 2.406343659283762329e-02 1.852718429947494603e-07 6.678872102285908704e-08
2.500000000000000139e-02 1.326320726446123324e-02 1.234440188563836090e-02 3.147396976480839503e-07 1.245583641077896472e-07
2.625000000000000250e-02 8.239376478760319228e-03 6.434453779022093929e-03 5.022462736995102685e-07 2.175845199074524176e-07
2.750000000000000361e-02 5.246430947173360421e-03 3.535341710196401258e-03 7.628834969494759594e-07 3.593361440926772384e-07
2.875000000000000472e-02 3.422067429618466661e-03 2.064037473405992695e-03 1.099355062463036542e-06 5.653716383406430337e-07
3.000000000000000583e-02 2.284041326922137474e-03 1.287929086279575005e-03 1.522001437977934076e-06 8.529258495617491589e-07
3.125000000000000000e-02 1.557937420258139393e-03 8.530215887129219757e-04 2.025582225615181747e-06 1.240406881116416939e-06
3.250000000000000111e-02 1.084490681664125773e-03 5.904019374158575584e-04 2.654986074365077214e-06 1.746852687861511872e-06
3.375000000000000222e-02 7.694985370501883620e-04 4.245122115291152863e-04 3.437582333932504177e-06 2.391387700841148553e-06
3.500000000000000333e-02 5.555509908230838768e-04 3.155158178486884481e-04 4.312994075282744510e-06 3.192716526898167865e-06
3.625000000000000444e-02 4.078517689477945802e-04 2.405354782428423819e-04 5.345035410558233659e-06 4.168681656820943434e-06
3.750000000000000555e-02 3.040740671879575523e-04 1.868162186572338071e-04 6.585782522982929674e-06 5.335884770562393922e-06
3.875000000000000666e-02 2.299205252974279728e-04 1.481940043232749307e-04 7.928393247796681012e-06 6.709390442783597310e-06
4.000000000000000777e-02 1.760591207013233964e-04 1.193726376456346255e-04 9.507282016244386367e-06 8.302524119689431092e-06
4.125000000000000888e-02 1.367409807151533964e-04 9.735278812926399848e-05 1.132218889514538118e-05 1.012671385345387003e-05
4.250000000000000999e-02 1.073152575109591014e-04 8.051080207268733328e-05 1.325576692724652829e-05 1.219140566135075546e-05
4.375000000000000416e-02 8.517596439153606762e-05 6.730846313105538368e-05 1.545044150242337873e-05 1.450408016250062401e-05
4.500000000000000527e-02 6.831517494843174416e-05 5.671120948824063081e-05 1.780925252349437559e-05 1.707024346871353397e-05
4.625000000000000638e-02 5.535570591696659923e-05 4.821289796081507171e-05 2.053428436287581331e-05 1.989346742458730446e-05
4.750000000000000749e-02 4.524079747422323438e-05 4.132591702888414539e-05 2.337311137634952017e-05 2.297556786664468778e-05
4.875000000000000860e-02 3.728707788483325068e-05 3.566641625730252585e-05 2.656479856232155302e-05 2.631665110565894499e-05
5.000000000000000278e-02 3.100087396427355854e-05 3.096418277207705174e-05 3.009619751605184163e-05 2.991517730177080679e-05
