# time 1 2 D-1 D
0.000000000000000000e+00 9.999999603851981167e-01 3.377004303369336123e-09 5.356879285265826196e-36 8.931966274074304232e-36
2.500000000000000052e-04 9.999968230374536304e-01 1.347556259849409576e-07 1.454265876609400140e-30 4.828025490336269994e-33
5.000000000000000104e-04 9.999492772645421912e-01 2.651840093749189870e-06 1.000396059684035474e-26 1.654574609141384596e-28
7.500000000000001240e-04 9.997497335578112709e-01 1.773444600221382223e-05 3.140389589497683702e-24 6.078648709805279231e-26
1.000000000000000021e-03 9.992266003139205210e-01 7.506972271589583228e-05 8.079107573344535903e-25 1.424502967713944405e-25
1.250000000000000026e-03 9.981316902979807670e-01 2.491180902664177628e-04 3.276831426465081241e-22 2.608869301484920068e-23
1.500000000000000248e-03 9.960924919297383662e-01 7.055087920373885645e-04 2.531254359454882889e-21 1.967806712602099369e-22
1.750000000000000253e-03 9.924994057086761190e-01 1.810250134717419739e-03 1.245554949565134422e-20 1.163188334890496918e-21
2.000000000000000042e-03 9.862689941965470108e-01 4.330845763986361854e-03 5.524177493378628247e-20 5.853748753570015419e-21
2.250000000000000264e-03 9.753645716383582132e-01 9.904563576732717048e-03 2.328677989697098550e-19 2.588578162914748656e-20
2.500000000000000052e-03 9.558597725476315476e-01 2.191259991906638338e-02 9.995234865432954458e-19 1.030070389821264245e-19
2.750000000000000274e-03 9.203367085631408706e-01 4.712397893996114057e-02 3.756257303099897185e-18 3.748414085124586897e-19
3.000000000000000496e-03 8.564084622245707878e-01 9.702480901376785150e-02 1.248231205635733292e-17 1.273913533779299151e-18
3.250000000000000284e-03 7.506137922400836215e-01 1.840738734919821207e-01 4.327440272622171053e-17 4.081742751653279067e-18
3.500000000000000507e-03 6.060408884196170076e-01 3.023679482371778859e-01 1.516067450081192095e-16 1.224224438408064639e-17
3.749999999999999861e-03 4.547500320187848333e-01 4.077586281965203119e-01 4.911241208074490604e-16 3.340059667471494136e-17
4.000000000000000083e-03 3.297019219741591511e-01 4.038141507515479733e-01 1.414308043755599194e-15 8.052506515145492137e-17
4.250000000000000305e-03 2.393457032497412762e-01 2.447203585638479673e-01 3.647747369687947768e-15 1.679829685578199526e-16
4.500000000000000527e-03 1.771052962756371474e-01 1.402448487699114177e-01 8.160830594087143979e-15 2.989769380761822184e-16
4.750000000000000749e-03 1.343595192526041704e-01 9.292639364414639891e-02 1.649583449868731460e-14 4.484353856384854670e-16
5.000000000000000104e-03 1.045633232102789467e-01 6.582721515153319713e-02 2.927018518191790952e-14 5.542891587699304067e-16
5.250000000000000326e-03 8.335533232745770404e-02 4.803345581372749085e-02 4.707411287713690144e-14 5.371866709074552622e-16
5.500000000000000548e-03 6.791751359047486225e-02 3.687936092522064307e-02 7.023196409629746940e-14 3.574055450178059091e-16
5.750000000000000770e-03 5.642714753291763752e-02 2.981964535981175210e-02 9.573262064577764984e-14 9.774275063972549092e-17
6.000000000000000992e-03 4.769129424870617584e-02 2.536516318605869236e-02 1.221684504498817574e-13 1.845821901589797324e-17
6.250000000000000347e-03 4.091689466042044282e-02 2.248631710766616984e-02 1.442227296280367262e-13 6.017739433539465591e-16
6.500000000000000569e-03 3.556709777716740573e-02 2.049600991542444364e-02 1.679182723431414817e-13 2.526496943599076208e-15
6.750000000000000791e-03 3.127808938030158387e-02 1.908943466162810187e-02 1.941751019982513515e-13 6.659685778082701890e-15
7.000000000000001013e-03 2.777524076887305862e-02 1.808459029569622206e-02 2.089215030649462955e-13 1.373731778149857870e-14
7.250000000000001235e-03 2.489334703848037483e-02 1.731599312836273191e-02 2.214264924414582726e-13 2.455444192136779205e-14
7.499999999999999722e-03 2.249200589814999776e-02 1.668033518071330989e-02 2.361865492116467970e-13 3.954595348559555031e-14
7.750000000000000812e-03 2.046506453400324249e-02 1.618924980751845766e-02 2.378303296610663650e-13 5.881802026841793664e-14
8.000000000000000167e-03 1.872742650997012703e-02 1.577516983503221906e-02 2.417547769332176074e-13 8.260409132492933122e-14
8.250000000000000389e-03 1.727284613004574990e-02 1.539168781036549458e-02 2.454255919698564068e-13 1.102975561169338545e-13
8.500000000000000611e-03 1.599547284095163835e-02 1.507343330650975921e-02 2.387216941092628415e-13 1.415807400510819941e-13
8.750000000000000833e-03 1.489068263867266047e-02 1.478372259795768945e-02 2.339803091202760872e-13 1.761436590516216678e-13
9.000000000000001055e-03 1.392692963484482016e-02 1.449721624286807141e-02 2.238556389614351033e-13 2.129228491263245011e-13
9.250000000000001277e-03 1.308664525040638058e-02 1.423175636458914699e-02 2.200269152401950733e-13 2.509306503494078194e-13
9.500000000000001499e-03 1.233382352991923420e-02 1.398835137251623791e-02 2.093711469386045811e-13 2.898417151492709165e-13
9.750000000000001721e-03 1.165946432910753595e-02 1.375808725387913864e-02 2.025821448094158172e-13 3.294749278996550046e-13
1.000000000000000021e-02 1.106021325989705456e-02 1.353512409329801422e-02 1.974938454180545853e-13 3.683632988489050664e-13
