# lambda 1 2 D-1 D
0.000000000000000000e+00 -8.999999967618453667e+00 -7.000000017006097863e+00 7.000000009600510609e+00 8.999999969241073927e+00
2.500000000000000139e-02 -8.783231637174651496e+00 -6.910239654742028392e+00 6.910518127258068688e+00 8.784051802123840957e+00
5.000000000000000278e-02 -8.582252331794752109e+00 -6.833151193019130432e+00 6.835340390253293208e+00 8.589174615777082522e+00
7.500000000000001110e-02 -8.396135844592105713e+00 -6.768231350899696963e+00 6.775382818768783011e+00 8.420825887012224342e+00
1.000000000000000056e-01 -8.224088990802210120e+00 -6.715006605588941468e+00 6.731218179176478245e+00 8.285946383284224837e+00
1.250000000000000000e-01 -8.065466703681702043e+00 -6.673049943953845542e+00 6.703362341843060790e+00 8.192820205577030279e+00
1.500000000000000222e-01 -7.919779937222772404e+00 -6.641995168223639112e+00 6.693899581653802500e+00 8.150210453210425143e+00
1.750000000000000167e-01 -7.786700519088215700e+00 -6.621543922190364029e+00 6.710856859331844504e+00 8.165593795563209412e+00
2.000000000000000111e-01 -7.666066224913027582e+00 -6.611467184558426524e+00 6.770924687338689907e+00 8.243130732650678638e+00
2.250000000000000056e-01 -7.557888710790804154e+00 -6.611602570156794201e+00 6.882037902867374157e+00 8.382684303186177743e+00
2.500000000000000000e-01 -7.462366517032849700e+00 -6.621848475190574845e+00 7.036643001348965143e+00 8.580496364405513887e+00
2.750000000000000222e-01 -7.379904972580263234e+00 -6.642155717136571269e+00 7.231046380424468012e+00 8.830755889986697582e+00
3.000000000000000444e-01 -7.311144063885171462e+00 -6.672517990699736501e+00 7.480522039822893987e+00 9.127010036894604994e+00
3.250000000000000111e-01 -7.256993257603513214e+00 -6.712963238696540103e+00 7.776911540885787844e+00 9.463017444735259076e+00
3.500000000000000333e-01 -7.218666672847623644e+00 -6.763550298076895118e+00 8.103952072049244393e+00 9.833139263266046370e+00
3.750000000000000000e-01 -7.197700453756326056e+00 -6.824378604565641382e+00 8.455255148516116037e+00 1.023246176845138322e+01
4.000000000000000222e-01 -7.195905028302485462e+00 -6.895634585677244743e+00 8.826674576998629007e+00 1.065678689302749937e+01
4.250000000000000444e-01 -7.215171275580594568e+00 -6.977699722381800029e+00 9.215006441432702644e+00 1.110256567153918894e+01
4.500000000000000111e-01 -7.257029655485748521e+00 -7.071344599189639979e+00 9.617675025368889408e+00 1.156681273580851155e+01
4.750000000000000333e-01 -7.321997374326411290e+00 -7.177917847294629894e+00 1.003258087329133019e+01 1.204702034099448937e+01
5.000000000000000000e-01 -7.409108098016169208e+00 -7.299228443900801722e+00 1.045799907383128513e+01 1.254108008082806691e+01
5.250000000000000222e-01 -7.516167509147171799e+00 -7.436890076901422120e+00 1.089250301437419388e+01 1.304721511711931292e+01
5.500000000000000444e-01 -7.640655666110589550e+00 -7.591511972752357451e+00 1.133490542968469939e+01 1.356392313110404046e+01
5.750000000000000666e-01 -7.781073740335838096e+00 -7.761874875238849114e+00 1.178421208092148831e+01 1.408992904969446514e+01
6.000000000000000888e-01 -7.952386361235465273e+00 -7.930071523177534942e+00 1.223958534761689165e+01 1.462414620150305566e+01
6.250000000000000000e-01 -8.152511456881887497e+00 -8.095389827904723390e+00 1.270031535039709603e+01 1.516564452468448998e+01
6.500000000000000222e-01 -8.365959857691615653e+00 -8.270820397838987148e+00 1.316579708562515627e+01 1.571362457351541231e+01
6.750000000000000444e-01 -8.590757697371213197e+00 -8.456153929776377254e+00 1.363551208273593929e+01 1.626739624839235887e+01
7.000000000000000666e-01 -8.825632338110441566e+00 -8.650770221607551491e+00 1.410901373313090090e+01 1.682636135515293674e+01
7.250000000000000888e-01 -9.069525988775541947e+00 -8.854093053415013514e+00 1.458591541929958169e+01 1.738999926352085978e+01
7.500000000000000000e-01 -9.321531154156122767e+00 -9.065628092392579163e+00 1.506588092635417553e+01 1.795785507430608163e+01
7.750000000000000222e-01 -9.580861165490130560e+00 -9.284971864502225003e+00 1.554861652466259159e+01 1.852952982051482778e+01
8.000000000000000444e-01 -9.846829660337398593e+00 -9.511817175575231431e+00 1.603386460149323511e+01 1.910467232193181886e+01
8.250000000000000666e-01 -1.011883478910031187e+01 -9.745957986376431847e+00 1.652139823931954865e+01 1.968297238631125623e+01
8.500000000000000888e-01 -1.039634443578991707e+01 -9.987297707741749520e+00 1.701101688806781453e+01 2.026415511321272689e+01
8.750000000000000000e-01 -1.067888980357595230e+01 -1.023584375953074854e+01 1.750254261509338249e+01 2.084797610258617695e+01
9.000000000000000222e-01 -1.096605167115822255e+01 -1.049170334059592236e+01 1.799581709366906423e+01 2.143421740801265329e+01
9.250000000000000444e-01 -1.125745716209938863e+01 -1.075504157793189464e+01 1.849069889447028814e+01 2.202268410659656794e+01
9.500000000000000666e-01 -1.155277208212602247e+01 -1.102601119433456134e+01 1.898706140010924770e+01 2.261320138043750561e+01
9.750000000000000888e-01 -1.185169624000350908e+01 -1.130465040423731793e+01 1.948479084711724951e+01 2.320561202441504989e+01
1.000000000000000000e+00 -1.215395923153660718e+01 -1.159078902848419901e+01 1.998378481742942014e+01 2.379977431052992287e+01
