# time 1 2 D-1 D
0.000000000000000000e+00 9.999999458388858509e-01 2.872461582650577263e-08 1.216393576022174388e-35 2.305357939491072799e-36
1.250000000000000243e-03 9.989045441379063028e-01 5.533817415936865480e-06 2.346050932262108687e-29 2.425912691185071718e-34
2.500000000000000486e-03 9.953038816412262957e-01 1.216766409611878987e-04 5.185638355448228306e-25 1.016088899149083929e-28
3.750000000000000729e-03 9.883861480946436462e-01 8.505497428627644980e-04 2.028600096978163787e-22 1.978320633575313729e-25
5.000000000000000971e-03 9.764056744276593536e-01 3.703085494338279136e-03 1.439623802643232793e-20 4.344962278499288780e-23
6.250000000000000347e-03 9.557489802903544884e-01 1.238140977360398069e-02 3.912249305525600205e-19 2.799403625075656159e-21
7.500000000000001457e-03 9.202001825661531020e-01 3.377036186331913020e-02 5.656895258564584199e-18 8.065821659029644310e-20
8.750000000000000833e-03 8.629481785281495343e-01 7.632155141858711078e-02 5.156255714327674287e-17 1.305641947040224027e-18
1.000000000000000194e-02 7.839497756570816822e-01 1.424888712959481440e-01 3.286716541237082818e-16 1.375004601248424681e-17
1.125000000000000132e-02 6.954846275045227788e-01 2.110353944146755589e-01 1.577327317912114569e-15 1.050375168595032765e-16
1.250000000000000069e-02 6.141740241746480589e-01 6.350648861698965364e-02 5.977450765202039102e-15 6.370885057176787686e-16
1.375000000000000180e-02 5.493652360464950091e-01 2.395770563561195818e-02 1.846122469416605312e-14 3.292633935729890892e-15
1.500000000000000291e-02 5.019350106751945262e-01 1.662763401459613211e-02 4.693238861548390151e-14 1.493155401007293679e-14
1.625000000000000056e-02 4.688055422899255475e-01 1.426666248680798742e-02 9.759833626705770670e-14 5.749369881633110538e-14
1.750000000000000167e-02 4.462632306398620630e-01 1.353410399480106316e-02 1.716823284645146896e-13 1.763809013826607335e-13
1.875000000000000278e-02 4.311977552473962305e-01 1.351890995734715550e-02 2.759527104307435803e-13 4.321705596322585575e-13
2.000000000000000389e-02 4.213078846597330673e-01 1.384625340928520576e-02 4.209118373137743218e-13 8.919748970941878015e-13
2.125000000000000500e-02 4.149793548000187404e-01 1.436568985044846779e-02 6.112342074249219262e-13 1.633510703903587665e-12
2.250000000000000264e-02 4.110941869614312405e-01 1.500911579204605890e-02 8.665580603140771728e-13 2.743259968125743945e-12
2.375000000000000375e-02 4.088970635915248342e-01 1.568720772201998015e-02 1.197060314063292324e-12 4.309615817973403196e-12
2.500000000000000139e-02 4.078763498164253987e-01 1.635291756234609137e-02 1.565258057272786235e-12 6.412558706867056292e-12
2.625000000000000250e-02 4.076857287091788518e-01 1.699892927643532545e-02 1.907337946944701635e-12 9.112296619205407481e-12
2.750000000000000361e-02 4.080631282600600263e-01 1.761295986798598959e-02 2.404076387353733552e-12 1.243957230867023070e-11
2.875000000000000472e-02 4.088038805322518066e-01 1.820538219905193031e-02 2.861830019743470517e-12 1.639531257667053549e-11
3.000000000000000583e-02 4.098974126412602281e-01 1.868040968005348773e-02 3.259042491668671650e-12 2.095693729405384510e-11
3.125000000000000000e-02 4.111352894457276919e-01 1.914901984576581478e-02 3.712820323233156461e-12 2.608887154244381191e-11
3.250000000000000111e-02 4.125096483807388914e-01 1.955735518095038511e-02 4.094043983059574182e-12 3.175137690693826515e-11
3.375000000000000222e-02 4.140497280438832917e-01 1.984215107959438201e-02 4.379528168257881226e-12 3.790757612781226919e-11
3.500000000000000333e-02 4.155794414914167345e-01 2.012051475616233667e-02 4.694821586917266293e-12 4.451478407932648399e-11
3.625000000000000444e-02 4.171045176941555188e-01 2.040445082937129492e-02 4.984346413604579963e-12 5.152419086199273683e-11
3.750000000000000555e-02 4.186060739679046683e-01 2.067209783178798610e-02 5.242656936629508372e-12 5.886732900885606905e-11
3.875000000000000666e-02 4.201073207133055876e-01 2.089243546161387299e-02 5.496141232582009333e-12 6.644571380706501563e-11
4.000000000000000777e-02 4.216175534317541107e-01 2.106013702373446192e-02 5.766549352401721260e-12 7.413120507021256166e-11
4.125000000000000888e-02 4.230936291064588128e-01 2.120506949124587731e-02 5.387486386214760483e-12 8.175290854472165956e-11
4.250000000000000999e-02 4.245259543268039004e-01 2.133682029340121244e-02 1.804439466228432223e-11 8.911149239431557460e-11
4.375000000000000416e-02 4.258575262707521847e-01 2.150828456828094565e-02 1.512469069476830744e-11 9.599103432753154552e-11
4.500000000000000527e-02 4.271290908618831095e-01 2.168399787658439534e-02 1.180384858183496757e-11 1.021741684860069024e-10
4.625000000000000638e-02 4.284336649333421176e-01 2.176717358572804670e-02 8.896977112713550600e-12 1.074787514959308593e-10
4.750000000000000749e-02 4.296225048364584742e-01 2.191144979141237958e-02 6.242210873349228625e-12 1.117809984311975258e-10
4.875000000000000860e-02 4.307996602789769258e-01 2.201493419607307087e-02 3.981320867151696155e-12 1.150123985085721733e-10
5.000000000000000278e-02 4.319032009283561568e-01 2.213208019431131893e-02 2.303288056394474144e-12 1.171675209927060293e-10
