# time 1 2 D-1 D
0.000000000000000000e+00 9.999999430906022502e-01 3.061385780806134792e-08 3.784335601734090351e-35 5.261772149557205211e-36
2.500000000000000052e-04 9.999988278164189115e-01 3.125757138119779432e-08 4.290487122479851380e-33 1.527529941118044930e-35
5.000000000000000104e-04 9.999819695822553811e-01 8.006352473791138070e-07 5.465052597317142425e-29 2.514911693071824032e-31
7.500000000000001240e-04 9.999058392271492623e-01 5.827435992520456438e-06 5.876635143745626567e-28 1.921277824761797152e-30
1.000000000000000021e-03 9.996864001794170118e-01 2.432900525183373454e-05 1.682005370617322069e-26 4.445260288654959503e-28
1.250000000000000026e-03 9.991813089380413571e-01 7.962695842101317979e-05 1.327685494996505208e-25 3.669041144101239906e-28
1.500000000000000248e-03 9.981663671349512157e-01 2.223690698669521877e-04 5.664308304953912490e-25 2.837501394597042564e-27
1.750000000000000253e-03 9.963108434242707867e-01 5.327395161411218770e-04 1.941529603604779758e-24 1.656522308887510411e-26
2.000000000000000042e-03 9.931580860931839005e-01 1.144517088039832863e-03 3.953831541186064445e-24 1.465315986552684675e-25
2.250000000000000264e-03 9.881169333400793287e-01 2.239785905967851733e-03 3.917412560274868008e-23 2.965635462903104810e-24
2.500000000000000052e-03 9.804670658860590304e-01 3.978661546481368494e-03 6.317875672520245935e-21 7.092420091099913003e-23
2.750000000000000274e-03 9.693782334341602969e-01 6.548045253945669782e-03 9.794253250155486201e-20 1.369220803140197260e-21
3.000000000000000496e-03 9.539446894278119649e-01 9.877535920310421408e-03 9.451031435101644042e-19 1.926113543111825678e-20
3.250000000000000284e-03 9.332399336312994231e-01 1.339952383134142624e-02 6.702307843086709853e-18 2.010804146251589163e-19
3.500000000000000507e-03 9.064004696088409085e-01 1.364352404009032578e-02 3.711442836856284889e-17 1.605767517902436958e-18
3.749999999999999861e-03 8.727422305148828663e-01 7.437127234701169064e-03 1.670984428136761205e-16 1.013404327448515573e-17
4.000000000000000083e-03 8.318953134367305102e-01 3.590902854484629666e-06 6.288974160773065103e-16 5.191596412692126010e-17
4.250000000000000305e-03 7.839191804060443580e-01 5.872609086381116658e-03 2.036439766264987427e-15 2.208007988641248155e-16
4.500000000000000527e-03 7.293458522568255775e-01 1.766994420792515966e-02 5.794096437482607461e-15 7.947548065644250365e-16
4.750000000000000749e-03 6.691172666938685065e-01 3.181685883946869242e-02 1.478907056252602671e-14 2.460283781427663431e-15
5.000000000000000104e-03 6.044349835614357680e-01 4.719751026849773601e-02 3.473924691467586610e-14 6.652477875498969476e-15
5.250000000000000326e-03 5.366113915026511361e-01 6.401627247039000379e-02 7.749414821767588398e-14 1.593151036575322011e-14
5.500000000000000548e-03 4.670501393624953979e-01 8.572070082651868372e-02 6.787861469552411397e-14 3.425199577057059059e-14
5.750000000000000770e-03 3.974299070859190763e-01 1.080230615132306421e-01 5.930826509177744574e-14 6.685585320044113783e-14
6.000000000000000992e-03 3.299654837189790468e-01 1.312267534547007786e-01 7.019586099007074083e-14 1.198377869920534804e-13
6.250000000000000347e-03 2.673725606098656948e-01 1.479890731244834223e-01 8.415215264046183433e-14 1.993138960125662298e-13
6.500000000000000569e-03 2.122479595998552071e-01 1.665117376333494909e-02 9.598855288153062841e-14 3.099826797404714568e-13
6.750000000000000791e-03 1.661859079772904924e-01 2.667256884229134151e-02 1.019525338959973057e-13 4.546915040346622059e-13
7.000000000000001013e-03 1.293553365668747290e-01 2.421997569122166447e-02 1.006232262841051038e-13 6.329734947990640119e-13
7.250000000000001235e-03 1.007927576663633362e-01 2.118010833879918967e-02 8.854327846385780794e-14 8.409739295081524573e-13
7.499999999999999722e-03 7.897982731442541871e-02 1.797354900366486194e-02 6.895263545648849713e-14 1.072816476925546059e-12
7.750000000000000812e-03 6.246918940944241189e-02 1.585718385348913392e-02 4.406896025111291043e-14 1.318825378586719256e-12
8.000000000000000167e-03 5.009528151724167849e-02 1.354044635986181334e-02 1.958988867774517003e-14 1.569088456984456462e-12
8.250000000000000389e-03 4.048552319384948056e-02 1.188812839677512966e-02 3.079063799352000947e-15 1.811861085796829805e-12
8.500000000000000611e-03 3.320745479894511576e-02 1.066133370657360892e-02 2.303985105010656216e-15 2.036087871714947563e-12
8.750000000000000833e-03 2.764399144004261316e-02 9.446996873938779890e-03 2.634146455362892528e-14 2.232138676491281296e-12
9.000000000000001055e-03 2.341408540541566746e-02 8.555065298953045197e-03 8.391773746933655141e-14 2.391338603558584094e-12
9.250000000000001277e-03 2.028644854950449258e-02 2.575258132231624496e-03 1.811291880694051956e-13 2.508812820484753145e-12
9.500000000000001499e-03 1.813356462669770894e-02 1.685391347229011879e-03 3.252643008649497356e-13 2.579606160168314327e-12
9.750000000000001721e-03 1.670972622867195057e-02 3.067249295080557835e-04 5.207659998622285096e-13 2.601552444916976103e-12
1.000000000000000021e-02 1.434079270229025350e-02 4.767122170085395143e-04 7.640228953241980778e-13 2.580633945652917019e-12
