# time 1 2 D-1 D
0.000000000000000000e+00 9.999999723158490283e-01 7.992341706086129684e-09 1.638639125046268786e-34 1.563054838288395699e-34
2.500000000000000052e-04 9.995042276183582208e-01 4.324316834256873219e-09 3.243874878658359116e-17 1.502605468535457017e-22
5.000000000000000104e-04 9.979052413716917869e-01 1.066657916259548664e-07 1.022640363396611655e-14 8.510763854103492276e-19
7.500000000000001240e-04 9.950065838943082941e-01 6.926772921128235740e-07 3.223687939221130200e-13 1.581981612225649438e-16
1.000000000000000021e-03 9.905670741813945579e-01 2.767478306450515701e-06 4.030292506859757540e-12 7.236647120105745510e-15
1.250000000000000026e-03 9.842883019004595724e-01 8.631882741801201123e-06 3.021777282480007070e-11 1.534193227957028915e-13
1.500000000000000248e-03 9.757947093851621068e-01 2.317814498575265916e-05 1.653210290433722043e-10 1.989772801704035595e-12
1.750000000000000253e-03 9.646031049526458956e-01 5.637054226425492653e-05 7.264469313574705754e-10 1.815212769557334013e-11
2.000000000000000042e-03 9.500766913054961016e-01 1.277929871582648795e-04 2.717036471311227423e-09 1.250005259637344257e-10
2.250000000000000264e-03 9.313563412860211832e-01 2.742630911556901059e-04 9.017745755880125155e-09 6.709555589281884744e-10
2.500000000000000052e-03 9.072598722160843954e-01 5.621989433402376033e-04 2.735375554978222183e-08 2.849647678516522691e-09
2.750000000000000274e-03 8.761428267382733726e-01 1.104821164054378777e-03 7.716718422971751689e-08 9.726616706269971393e-09
3.000000000000000496e-03 8.357178454837368431e-01 2.097754886061113655e-03 2.010832868428631165e-07 2.732985661022664021e-08
3.250000000000000284e-03 7.831004793338580683e-01 3.684711331510137286e-03 4.637692318642068507e-07 6.511583713432680253e-08
3.500000000000000507e-03 7.146983185807751493e-01 6.308342217508260304e-03 9.149703945773326738e-07 1.354612192894095039e-07
3.749999999999999861e-03 6.284633966395800631e-01 9.649649715764258354e-03 1.514330227711436642e-06 2.523759542179420816e-07
4.000000000000000083e-03 5.262478075155331281e-01 1.304701917470170273e-02 2.127085778945513029e-06 4.299229638280183042e-07
4.250000000000000305e-03 4.177216201871706835e-01 1.460712985614372704e-02 2.645412571836314676e-06 6.808137550292438478e-07
4.500000000000000527e-03 3.187061627676904818e-01 1.150864670962962501e-02 3.248210677126271610e-06 1.015455109124768331e-06
4.750000000000000749e-03 2.431066243896177759e-01 9.606530111428363342e-04 3.918411696698201328e-06 1.441507021944506788e-06
5.000000000000000104e-03 1.370233817452221892e-01 4.079483946443377557e-02 4.828637521090097067e-06 1.963870525420795030e-06
5.250000000000000326e-03 5.606522779681609447e-02 7.343775792821961856e-02 5.980028785336253492e-06 2.584967550679499199e-06
5.500000000000000548e-03 3.358912328538297271e-02 6.143120324778181263e-02 7.250703901763807254e-06 3.305175331353664748e-06
5.750000000000000770e-03 2.365270678973096716e-02 4.682091363227339209e-02 8.912093381163274284e-06 4.123308721455798336e-06
6.000000000000000992e-03 1.717955046566355462e-02 3.569937332529139751e-02 1.054363149129183010e-05 5.037076021620782575e-06
6.250000000000000347e-03 1.316456436922875881e-02 2.696640343509325299e-02 1.263945890303126437e-05 6.043463427445178736e-06
6.500000000000000569e-03 1.018208508639389942e-02 2.060332255102923643e-02 1.478478641486897993e-05 7.139040903701554616e-06
6.750000000000000791e-03 8.020288529313662762e-03 1.583469024026732189e-02 1.703308715594315564e-05 8.320182857504388157e-06
7.000000000000001013e-03 6.459027871532480730e-03 1.220096903991334941e-02 1.932875562322808986e-05 9.583218018634254807e-06
7.250000000000001235e-03 5.268852786145911474e-03 9.458244728076390176e-03 2.229033250381303529e-05 1.092452480042980690e-05
7.499999999999999722e-03 4.329212544124477931e-03 7.393145694521731197e-03 2.515352902611122884e-05 1.234057141444357243e-05
7.750000000000000812e-03 3.598854096454006096e-03 5.808375386071078922e-03 2.784302735628661624e-05 1.382794546090541759e-05
8.000000000000000167e-03 3.039394687328856974e-03 4.569875958870963685e-03 3.131499760538406901e-05 1.538335053417898260e-05
8.250000000000000389e-03 2.572354240120289324e-03 3.630121261553576582e-03 3.443891486376388577e-05 1.700360424388748932e-05
8.500000000000000611e-03 2.201231852586056116e-03 2.892632866863363659e-03 3.791011709039124425e-05 1.868561701657724044e-05
8.750000000000000833e-03 1.902642989823649872e-03 2.311576033976198673e-03 4.235381109059183834e-05 2.042639003444305398e-05
9.000000000000001055e-03 1.649916348094979677e-03 1.861676364424703347e-03 4.624493038947789602e-05 2.222299369775184168e-05
9.250000000000001277e-03 1.442898038785293737e-03 1.503817065631988517e-03 4.963786982738529612e-05 2.407256255478693261e-05
9.500000000000001499e-03 1.269421683113412152e-03 1.220273629503613099e-03 5.448842088926386835e-05 2.597228908322059938e-05
9.750000000000001721e-03 1.126053955613480180e-03 9.915783711603380450e-04 5.819978491151993138e-05 2.791920369110238449e-05
1.000000000000000021e-02 1.000058885025177126e-03 8.127891949962443713e-04 6.337463844497185066e-05 2.990862763931065720e-05
