# time 1 2 D-1 D
0.000000000000000000e+00 9.999999744181770067e-01 7.463333705640128581e-09 1.308450108739980651e-34 4.115640821098992168e-34
2.500000000000000052e-04 9.990723842615235606e-01 6.291175660616174578e-09 8.008973549884579205e-17 8.319930436384301054e-22
5.000000000000000104e-04 9.960820396890068817e-01 1.835973086240961570e-07 2.440014820913047868e-14 5.030349692810766099e-18
7.500000000000001240e-04 9.906669165234404106e-01 1.475227722208674247e-06 7.421706630955668461e-13 9.482880100700885520e-16
1.000000000000000021e-03 9.823849602162819661e-01 7.254350532352630056e-06 8.671498427729738690e-12 4.317531089437064490e-14
1.250000000000000026e-03 9.706870507878014864e-01 2.799737731831862151e-05 5.996342883328680202e-11 8.920349992215550326e-13
1.500000000000000248e-03 9.548719890972712232e-01 9.407007598511374846e-05 2.974964058208191988e-10 1.092685485928838203e-11
1.750000000000000253e-03 9.340137807182415930e-01 2.890164494430091349e-04 1.149323625454410879e-09 8.970270838198501181e-11
2.000000000000000042e-03 9.068393925944683298e-01 8.359204787611330392e-04 3.743402058655666682e-09 5.212800699641019999e-10
2.250000000000000264e-03 8.715084180903868161e-01 2.305700243907307483e-03 1.143355982459894221e-08 2.216897970476496482e-09
2.500000000000000052e-03 8.251465492168963412e-01 6.158691832196292772e-03 4.591970379815179243e-08 7.183956920568511315e-09
2.750000000000000274e-03 7.632841335526975302e-01 1.552571402569559618e-02 2.402921139072807910e-07 1.863443834328349516e-08
3.000000000000000496e-03 6.783963247816267028e-01 3.716095438154431996e-02 4.469265810904984604e-07 4.054298697441801049e-08
3.250000000000000284e-03 5.639161426840226810e-01 7.815046206313468191e-02 7.390380726785713022e-07 7.683746329109331509e-08
3.500000000000000507e-03 4.311247104915542638e-01 1.297117768534801485e-01 1.133090078611385002e-06 1.305549663729260040e-07
3.749999999999999861e-03 3.107040628473095589e-01 1.657160463524230132e-01 1.623837058067296962e-06 2.032707150983168539e-07
4.000000000000000083e-03 2.227477205181420949e-01 1.717707693303050231e-01 2.200648662195235449e-06 2.949421837296631358e-07
4.250000000000000305e-03 1.632485389711156032e-01 1.565108337882764877e-01 2.849556772404712869e-06 4.041179052806296574e-07
4.500000000000000527e-03 1.227966228352239120e-01 1.328351643244269631e-01 3.557007708734909082e-06 5.283565802275756600e-07
4.750000000000000749e-03 9.442528318570479751e-02 1.084447928221919238e-01 4.311331049230614031e-06 6.647005935774778376e-07
5.000000000000000104e-03 7.399643438502111203e-02 8.626877806599102250e-02 5.101777131467459864e-06 8.100883077544238932e-07
5.250000000000000326e-03 5.888120826467385660e-02 6.787334676285176893e-02 5.921232423893269655e-06 9.616599908525043169e-07
5.500000000000000548e-03 4.747149933719064380e-02 5.283892428538428110e-02 6.762320131301482642e-06 1.116945042629539418e-06
5.750000000000000770e-03 3.871262045868710533e-02 4.077842721983866714e-02 7.621487165229508370e-06 1.273966826425246902e-06
6.000000000000000992e-03 3.189005399706355826e-02 3.142746945149825499e-02 8.494892109743898046e-06 1.431145998705934558e-06
6.250000000000000347e-03 2.650691045664987228e-02 2.386435383320815312e-02 9.380946413679543995e-06 1.587466545352840389e-06
6.500000000000000569e-03 2.221033969389907964e-02 2.001443927484278587e-02 1.027749647385494051e-05 1.742230657869063168e-06
6.750000000000000791e-03 1.874535629831964451e-02 4.081864385442195847e-02 1.118368831491973625e-05 1.895034545844291438e-06
7.000000000000001013e-03 1.592481789464556333e-02 3.753719867605521954e-02 1.209944092222616006e-05 2.045708296174280184e-06
7.250000000000001235e-03 1.360941709000815757e-02 3.512717000666993467e-02 1.302666880480643811e-05 2.194291398360050233e-06
7.499999999999999722e-03 1.169409127382840460e-02 3.301613940929748470e-02 1.395967159070600875e-05 2.340782865465176191e-06
7.750000000000000812e-03 1.009864076947418129e-02 3.119030039275981839e-02 1.490297551775854796e-05 2.485536177906621301e-06
8.000000000000000167e-03 8.761157109907623253e-03 2.963887890616585807e-02 1.585658255843495521e-05 2.628370571060480035e-06
8.250000000000000389e-03 7.633356600644506350e-03 2.822587160936283757e-02 1.681954836659003380e-05 2.770323774036941250e-06
8.500000000000000611e-03 6.677223647129782412e-03 2.698328286556264666e-02 1.779350669621662160e-05 2.910971965472570276e-06
8.750000000000000833e-03 5.862565955136658270e-03 2.583192928507586916e-02 1.876795442587185682e-05 3.050446257632875519e-06
9.000000000000001055e-03 5.165212723587658296e-03 2.479759867118542030e-02 1.975027513888054649e-05 3.189220319967371777e-06
9.250000000000001277e-03 4.565671256142029774e-03 2.383693907039516335e-02 2.074870695685643703e-05 3.327298881684699467e-06
9.500000000000001499e-03 4.048115079867848146e-03 2.296484703107892419e-02 2.174587559326904510e-05 3.465157594028586510e-06
9.750000000000001721e-03 3.599614263344118326e-03 2.215700674531363712e-02 2.275629013876118503e-05 3.602617526441510287e-06
1.000000000000000021e-02 3.209543086740138107e-03 2.140387252736715776e-02 2.376492649296136551e-05 3.739232290246584157e-06
