# time 1 2 D-1 D
0.000000000000000000e+00 9.999999444050214903e-01 3.378721633773941559e-10 5.116479785057496966e-36 5.691527833265542830e-36
5.000000000000000104e-04 9.989804905056043349e-01 5.119121738925146101e-09 3.269406399394724155e-29 4.452280391354009941e-34
1.000000000000000021e-03 9.956892666929541003e-01 1.643691466125672472e-07 7.636255976883139359e-25 1.886136508367137451e-28
1.500000000000000248e-03 9.897227281493229389e-01 1.223486012195045316e-06 3.203826211826794960e-22 4.564139728440182701e-25
2.000000000000000042e-03 9.806014903643742731e-01 5.537905356506873308e-06 2.696575840184097252e-20 1.372034687220976250e-22
2.500000000000000052e-03 9.677476738997682348e-01 1.928556309604149405e-05 9.617887964975079202e-19 1.265389852623570736e-20
3.000000000000000496e-03 9.504323449802950519e-01 5.711432448553506252e-05 1.997503678283894269e-17 5.407357215635241124e-19
3.500000000000000507e-03 9.276822139034193171e-01 1.560400602323821009e-04 2.798241915047543107e-16 1.292381278183594407e-17
4.000000000000000083e-03 8.981423165944472098e-01 3.796354712950550316e-04 2.849968660763391630e-15 1.872410323436704710e-16
4.500000000000000527e-03 8.599328565828696647e-01 8.114714689075062720e-04 2.178049238053958974e-14 1.713131154075444055e-15
5.000000000000000104e-03 8.106579157742477282e-01 1.630713824170428950e-03 8.625497498089437475e-14 1.034930641602928283e-14
5.500000000000000548e-03 7.479279986785430934e-01 2.814464687806406476e-03 2.072228759797701094e-13 4.379505051438538177e-14
6.000000000000000992e-03 6.708026590094541275e-01 4.278292944072225289e-03 4.779059817499111599e-13 1.383891022146521841e-13
6.500000000000000569e-03 5.817941499404614136e-01 5.517762078594528295e-03 9.718099055629015179e-13 3.462238362872399359e-13
7.000000000000001013e-03 4.875325632683378263e-01 5.903851419063564990e-03 1.678778343192408469e-12 7.200404286500419626e-13
7.499999999999999722e-03 3.965733881952716033e-01 5.326006516670289334e-03 2.579017427557875683e-12 1.294147077456428365e-12
8.000000000000000167e-03 3.154753594695017815e-01 4.275546339049418609e-03 3.614632784732212383e-12 2.072349746259651240e-12
8.500000000000000611e-03 2.474492525762823913e-01 2.842561148287113017e-03 4.775749565216593076e-12 3.027801565282418058e-12
9.000000000000001055e-03 1.924675367653541636e-01 1.301831033953263200e-03 5.902002397317813010e-12 4.112134299622998932e-12
9.500000000000001499e-03 1.486491601434185572e-01 1.395314945492760999e-04 6.973053833524983014e-12 5.267971766994138534e-12
1.000000000000000021e-02 1.132078220703697374e-01 2.758383765291262213e-04 7.873512333580745332e-12 6.439937210655791664e-12
1.050000000000000065e-02 8.402494144057634506e-02 2.034323956391121454e-03 8.790254987614383652e-12 7.581367857649153197e-12
1.100000000000000110e-02 6.066364905996365908e-02 4.297843408753664572e-03 9.420264767874186393e-12 8.658247889279941803e-12
1.150000000000000154e-02 4.322484099846393008e-02 5.664158503087000744e-03 1.013566963932960715e-11 9.649434524072542517e-12
1.200000000000000198e-02 3.124434758469952361e-02 5.517742704489988007e-03 1.063516452399455013e-11 1.054418265890965197e-11
1.250000000000000069e-02 2.302967978497463472e-02 4.660368448223770402e-03 1.139150969118937257e-11 1.134021921750458475e-11
1.300000000000000114e-02 1.726092030533601246e-02 3.685025139132594527e-03 1.190714534640560050e-11 1.204097620096830627e-11
1.350000000000000158e-02 1.317883352443559829e-02 2.768902211116156410e-03 1.191581184428295104e-11 1.265373068232161999e-11
1.400000000000000203e-02 1.022108739221411731e-02 2.028621146618141222e-03 1.227837389706673853e-11 1.318692443524808545e-11
1.450000000000000247e-02 8.043447537571616138e-03 1.456428524867681281e-03 1.261735273097534768e-11 1.365317914988890022e-11
1.499999999999999944e-02 6.416377743560184796e-03 1.033882923412388511e-03 1.304624016206249097e-11 1.406026752888419581e-11
1.550000000000000162e-02 5.184134572856070704e-03 7.257782349802212101e-04 1.327510565923198054e-11 1.441680730870857273e-11
1.600000000000000033e-02 4.238833356094010192e-03 4.993997385964579544e-04 1.364218849767276208e-11 1.473231707012866663e-11
1.650000000000000078e-02 3.504687144275700581e-03 6.224947972016955331e-06 1.441704271039028603e-11 1.501353580586276281e-11
1.700000000000000122e-02 2.927795480404776253e-03 2.638146613684991936e-06 1.456460978789318863e-11 1.526646216835574605e-11
1.750000000000000167e-02 2.469384342119132752e-03 1.761542660223662170e-06 1.503672579333886385e-11 1.549718845927114899e-11
1.800000000000000211e-02 2.101250457782300168e-03 9.359441187907701181e-07 1.532885717427971689e-11 1.571053889754094147e-11
1.850000000000000255e-02 1.802656975184809126e-03 6.874040590906262599e-07 1.565071441501176199e-11 1.591160351337589963e-11
1.900000000000000300e-02 1.558192054426317747e-03 4.990246686241006751e-07 1.579899295420025998e-11 1.610122326392314101e-11
1.950000000000000344e-02 1.356282215823275371e-03 3.132540945171300295e-07 1.577507231788042484e-11 1.628355538658254068e-11
2.000000000000000042e-02 1.188147721004564937e-03 2.437770900386179347e-07 1.650869693466264526e-11 1.645936275897759740e-11
