# time 1 2 D-1 D
0.000000000000000000e+00 9.999999709118758684e-01 1.564545311792480798e-08 5.179698307463326820e-34 1.372977401760431542e-35
2.500000000000000052e-04 9.993200540015357847e-01 1.621743175093609719e-08 9.658387845757549969e-17 5.427182626013819745e-22
5.000000000000000104e-04 9.971488862275627030e-01 6.076737322686636304e-07 2.944056366057545334e-14 3.219951269132844927e-18
7.500000000000001240e-04 9.932832470928150137e-01 4.665609238496037432e-06 8.854862399133807671e-13 5.807905534478309872e-16
1.000000000000000021e-03 9.875046273602783309e-01 2.141351167011053042e-05 1.020685152807389882e-11 2.504711857929629120e-14
1.250000000000000026e-03 9.795660582534078120e-01 7.596888600364302643e-05 6.791916237448800925e-11 4.862863525782044901e-13
1.500000000000000248e-03 9.691679342970803690e-01 2.332543648986231581e-04 2.994720452467871244e-10 5.575059891802959025e-12
1.750000000000000253e-03 9.559052687332444398e-01 6.557786590795983877e-04 9.503500210096202775e-10 4.308466687982541125e-11
2.000000000000000042e-03 9.391451546260723982e-01 1.738337696564037742e-03 2.357360701717404000e-09 2.403772832897837702e-10
2.250000000000000264e-03 9.177616254964453546e-01 4.392687161814142101e-03 4.895447314265343073e-09 1.007472052019607651e-09
2.500000000000000052e-03 8.896699436990964660e-01 1.051320691719557013e-02 8.784729237502172264e-09 3.270164995960323424e-09
2.750000000000000274e-03 8.513696677024117365e-01 2.343975017275979830e-02 1.354608128240783254e-08 8.476638490012283111e-09
3.000000000000000496e-03 7.985020121713704011e-01 4.711018389885648222e-02 1.836522855903242706e-08 1.813600389380214477e-08
3.250000000000000284e-03 7.289621963470267474e-01 8.257962133624832668e-02 2.224179296248154094e-08 3.312708772955010022e-08
3.500000000000000507e-03 6.471402011100466645e-01 1.234615352012341932e-01 2.427600806714213554e-08 5.332859775107695998e-08
3.749999999999999861e-03 5.631919651974557350e-01 1.587636961204404451e-01 2.441336081187060510e-08 7.779767688360237268e-08
4.000000000000000083e-03 4.866380793505463154e-01 1.825833089108378493e-01 2.290854863045247747e-08 1.052443909780896150e-07
4.250000000000000305e-03 4.220784699855579247e-01 1.953223092481780609e-01 2.027572601821683424e-08 1.344537156602725777e-07
4.500000000000000527e-03 3.698568558745652379e-01 2.007771456053819570e-01 1.690209887790951127e-08 1.645002575728878518e-07
4.750000000000000749e-03 3.283096874473660498e-01 2.016551307541823712e-01 1.334932061842998167e-08 1.947819273527499711e-07
5.000000000000000104e-03 2.953059454935637596e-01 1.989359824694144629e-01 9.916020870375385933e-09 2.249590633236230060e-07
5.250000000000000326e-03 2.689117433655586198e-01 1.941402684660879230e-01 6.745353901683282437e-09 2.548678826691391919e-07
5.500000000000000548e-03 2.475725769318013192e-01 1.874365026784869659e-01 4.062318777752769926e-09 2.844462780683912210e-07
5.750000000000000770e-03 2.301008590714442303e-01 1.796753304820513930e-01 1.990708488170145521e-09 3.136807865833270065e-07
6.000000000000000992e-03 2.156078010782845611e-01 1.704653110669498428e-01 6.150030594298698257e-10 3.425744365840735020e-07
6.250000000000000347e-03 2.034317936278188244e-01 1.602942107888873924e-01 2.049090994583461444e-11 3.711303896203675098e-07
6.500000000000000569e-03 1.930789206734782326e-01 1.490184484572731338e-01 2.511020699457090961e-10 3.993443917319503605e-07
6.750000000000000791e-03 1.841777966487811169e-01 1.373506452482389784e-01 1.413373550767906861e-09 4.272032548681348264e-07
7.000000000000001013e-03 1.764465086398525062e-01 1.249819033738571450e-01 3.537929137647245115e-09 4.546864172559297641e-07
7.250000000000001235e-03 1.696687854982176780e-01 1.120480618533583467e-01 6.605189778600015703e-09 4.817680442114342506e-07
7.499999999999999722e-03 1.636768939636760178e-01 9.923218828954341597e-02 1.086908910248243175e-08 5.084197658967204198e-07
7.750000000000000812e-03 1.583393206947360798e-01 8.608775082778208354e-02 1.660676089838006533e-08 5.346136581156432134e-07
8.000000000000000167e-03 1.535518391592071707e-01 7.368570108588318179e-02 2.359193680650809506e-08 5.603230790953665159e-07
8.250000000000000389e-03 1.492309844339490266e-01 6.182490096339772478e-02 3.230532193861046708e-08 5.855225303119085907e-07
8.500000000000000611e-03 1.453092883763263121e-01 5.135176315842589906e-02 4.393708784057357614e-08 6.101922660706567365e-07
8.750000000000000833e-03 1.417316763853878336e-01 4.199688291522770539e-02 5.797373598484746937e-08 6.343149762073672360e-07
9.000000000000001055e-03 1.384528074060107639e-01 3.444039080454460583e-02 7.791122150060242384e-08 6.578775815214999466e-07
9.250000000000001277e-03 1.354350382255357088e-01 2.851979138015972928e-02 1.109034861811341444e-07 6.808707962513991244e-07
9.500000000000001499e-03 1.326468803616052128e-01 2.359020552702465259e-02 1.669256552376584541e-07 7.032904396519181112e-07
9.750000000000001721e-03 1.300617850850234736e-01 2.004786721086524240e-02 3.247097889169718481e-07 7.251341274930734139e-07
1.000000000000000021e-02 1.276577659025469047e-01 1.743542349522602883e-02 9.887108875750635376e-07 7.463878625926096364e-07
