# time 1 2 D-1 D
0.000000000000000000e+00 9.999999646659704089e-01 3.845859121195718116e-09 4.469817269001748784e-35 5.062339890213107546e-35
2.500000000000000486e-03 9.965746883313700843e-01 1.415473934565443129e-06 4.324497848757527802e-25 1.160978962000964571e-25
5.000000000000000971e-03 9.851259062600316030e-01 7.932199945449560364e-06 2.193259076422559200e-21 5.484184959680701673e-22
7.500000000000001457e-03 9.638038442552072649e-01 1.929982915395097283e-05 3.305632200069362169e-19 8.057057863736905266e-20
1.000000000000000194e-02 9.308506047793106974e-01 5.921432820550064519e-05 1.273308659029941340e-17 2.820982801616997696e-18
1.250000000000000069e-02 8.849935360895021530e-01 1.275404197219493234e-04 2.189935472932282780e-16 4.444279420136307117e-17
1.500000000000000291e-02 8.259699613749516001e-01 2.103546871821216431e-04 2.330008402913296911e-15 4.167337700669644605e-16
1.750000000000000167e-02 7.550347393259392303e-01 3.067189497364517414e-04 1.722443968618253361e-14 2.688429733558970264e-15
2.000000000000000389e-02 6.751796421917860558e-01 3.964023002442787838e-04 1.000024156719938416e-13 1.293216499415429750e-14
2.250000000000000264e-02 5.908040779171400692e-01 4.540788307061741622e-04 4.734970127593725623e-13 4.843319454154087648e-14
2.500000000000000139e-02 5.068310846689731974e-01 4.703717583836129887e-04 1.899782119270691637e-12 1.434949275585788060e-13
2.750000000000000361e-02 4.276278488652856535e-01 4.539252248409885349e-04 6.597596033814606452e-12 3.321004735295897179e-13
3.000000000000000583e-02 3.562272313179913885e-01 4.210445086855570855e-04 2.049463745901750152e-11 5.647232091394446451e-13
3.250000000000000111e-02 2.941118337479799449e-01 3.785286059477249308e-04 5.730866560262363503e-11 5.752599484286352077e-13
3.500000000000000333e-02 2.414652282111359460e-01 3.382374368225158972e-04 1.446972305540299538e-10 1.008230612287421258e-13
3.750000000000000555e-02 1.976208346924842318e-01 3.020852922047306864e-04 3.313573372056455151e-10 1.091439312493706934e-12
4.000000000000000777e-02 1.614853186815161934e-01 2.906051235081852737e-04 5.783547101059471184e-10 1.656436270993513735e-11
4.250000000000000999e-02 1.318384798649321066e-01 3.201120092226362730e-04 5.429903573196198193e-10 9.735163145298108308e-11
4.500000000000000527e-02 1.075047781064991798e-01 4.189217553819479063e-04 6.654834257623376321e-10 4.019999050414514144e-10
4.750000000000000749e-02 8.743053206113830800e-02 5.908340753724306699e-04 1.268102657576979180e-09 1.364812247832531050e-09
5.000000000000000278e-02 7.070699662577312195e-02 8.417871903579797954e-04 2.705338436627677872e-09 4.078825614124499709e-09
5.250000000000000500e-02 5.657678161240087961e-02 9.973262183037552662e-04 5.461446020128181198e-09 1.113183930281563521e-08
5.500000000000000722e-02 4.445980753541942110e-02 1.119132913765768676e-03 1.017905792483946943e-08 2.831947439137976821e-08
5.750000000000000944e-02 3.401704494737051165e-02 1.075718707574173328e-03 1.669113230799588963e-08 6.824860938853606661e-08
6.000000000000001166e-02 2.520389115833730070e-02 1.006519573452004405e-03 2.338522221110916333e-08 1.563647690344573731e-07
6.250000000000000000e-02 1.805898240238777361e-02 1.098180499139711584e-03 2.596555567068231831e-08 3.408298567933173693e-07
6.500000000000000222e-02 1.261167204223316400e-02 1.228157163428411766e-03 1.738655648653889088e-08 7.071549187546498450e-07
6.750000000000000444e-02 8.647752711712759777e-03 1.390420722615758747e-03 1.381826280257948568e-09 1.387124640704055526e-06
7.000000000000000666e-02 5.872550832187932099e-03 1.498518266907263984e-03 2.595427225742073680e-08 2.558562151565759964e-06
7.250000000000000888e-02 3.936135615125093551e-03 1.564505213478819797e-03 2.311609667257116210e-07 4.443810195907604642e-06
7.500000000000001110e-02 2.695771042544972771e-03 1.477354625808576351e-03 9.042844884864452210e-07 7.314391776074696060e-06
7.750000000000001332e-02 1.894087956031606772e-03 1.321065505770942661e-03 2.529868185891706115e-06 1.151119691020085948e-05
8.000000000000001554e-02 1.370214497791599848e-03 1.141618578491861461e-03 5.750417387084482750e-06 1.755507541686210382e-05
8.250000000000001776e-02 1.027749489891407715e-03 9.594302518165750190e-04 1.142094843049219213e-05 2.614748268338442074e-05
8.500000000000001998e-02 7.944812702375816460e-04 7.957856477180445896e-04 2.089556628045048851e-05 3.789892444812370531e-05
8.750000000000000833e-02 6.302900869651762014e-04 6.560021386337903590e-04 3.508410004657420663e-05 5.422224543404447020e-05
9.000000000000001055e-02 5.131983819974322500e-04 5.377652179014707915e-04 5.625136543874262855e-05 7.540328586564850461e-05
9.250000000000001277e-02 4.227951189176564362e-04 4.442033241956092168e-04 8.570901278342059164e-05 1.027081342586382847e-04
9.500000000000001499e-02 3.553728950908701962e-04 3.665139339442718600e-04 1.245568504083931780e-04 1.374019527149655340e-04
9.750000000000001721e-02 3.014386323815253558e-04 3.050091223787588937e-04 1.732281784149999665e-04 1.809887275893829308e-04
1.000000000000000056e-01 2.570042320709390389e-04 2.568591783582438253e-04 2.341298102076775809e-04 2.324102381759883236e-04
