# time 1 2 D-1 D
0.000000000000000000e+00 9.999999498644951412e-01 5.589655618754056555e-09 3.438218593926271075e-35 2.927362624828402546e-36
2.500000000000000486e-03 9.999971896708558239e-01 1.710573497608502199e-07 3.147259850519457565e-35 5.198405657208190607e-36
5.000000000000000971e-03 9.999517637854460350e-01 3.184654694694488620e-06 1.114078356314165046e-31 4.949459830933031858e-34
7.500000000000001457e-03 9.997270904441890593e-01 2.035856435844948976e-05 2.100340676141001142e-29 1.721944902008484721e-31
1.000000000000000194e-02 9.990333273148169768e-01 7.784330728116839882e-05 4.814827779939425366e-30 8.047832637049695946e-29
1.250000000000000069e-02 9.973652085066685435e-01 2.264034711480854376e-04 8.871438952928032517e-28 1.795274391744340662e-28
1.500000000000000291e-02 9.939522267885948503e-01 5.531006306763395488e-04 2.334345871636183073e-27 9.856068529350222746e-28
1.750000000000000167e-02 9.877613730090987199e-01 1.184263865288720302e-03 1.314606240153181499e-26 1.653131410075526671e-27
2.000000000000000389e-02 9.776036800086516099e-01 2.274615224778058810e-03 3.728766932247575110e-26 3.464096615951297601e-27
2.250000000000000264e-02 9.623677958769577545e-01 4.075665574527317231e-03 9.790714195688112488e-26 5.865387051506096577e-27
2.500000000000000139e-02 9.413181844072926463e-01 6.830866237954105746e-03 2.201163027032749227e-25 1.082171921960490970e-26
2.750000000000000361e-02 9.142988827450239109e-01 1.086505514589214058e-02 3.847078270950314314e-25 3.501793508503354800e-26
3.000000000000000583e-02 8.816915186832064988e-01 1.656814496973681161e-02 4.131034619838789945e-25 2.179912963528117296e-25
3.250000000000000111e-02 8.441352004314550683e-01 2.427478502212445516e-02 7.948891903185777066e-26 1.729660131172058976e-24
3.500000000000000333e-02 8.022368609249062033e-01 3.433181018954675062e-02 1.161481492665322669e-24 1.264826145554372050e-23
3.750000000000000555e-02 7.561948475092352684e-01 4.695783574465897670e-02 1.761587739221768530e-23 7.594099250210251286e-23
4.000000000000000777e-02 7.062892534890434781e-01 6.199589209972831277e-02 1.029367937635221783e-22 3.674588508924321823e-22
4.250000000000000999e-02 6.526822147032120824e-01 7.866830601340933649e-02 4.014295322120910592e-22 1.445621895320473730e-21
4.500000000000000527e-02 5.961465584112497496e-01 9.489575048300018245e-02 1.179605544283340485e-21 4.679019016389101634e-21
4.750000000000000749e-02 5.380075677552014213e-01 1.082609075358973716e-01 2.709357108093722176e-21 1.269452052821871340e-20
5.000000000000000278e-02 4.801508139790400809e-01 1.151097571014912391e-01 5.111609073659242260e-21 2.920139057225330635e-20
5.250000000000000500e-02 4.245030576792948596e-01 1.135690607938085323e-01 7.875423312926331525e-21 5.801784296379514798e-20
5.500000000000000722e-02 3.726820055189969394e-01 1.032211891808265392e-01 9.987473756783021500e-21 1.008585190885143609e-19
5.750000000000000944e-02 3.256381323246188009e-01 8.702031667087607725e-02 9.698512499806796196e-21 1.562751242370234961e-19
6.000000000000001166e-02 2.836768642108351002e-01 7.031532780530279358e-02 5.648764693629079735e-21 2.189029789581903059e-19
6.250000000000000000e-02 2.466308548930461753e-01 5.635994957734249272e-02 2.567358448711103340e-22 2.782173245436704166e-19
6.500000000000000222e-02 2.141074065132965443e-01 4.512908161342411156e-02 1.591150341843511384e-20 3.051590332227949375e-19
6.750000000000000444e-02 1.855759779040045687e-01 3.639458506185630493e-02 1.189211083748801532e-19 2.299819661761162232e-19
7.000000000000000666e-02 1.605937068102926968e-01 3.005880562805341924e-02 2.273869658103452217e-19 1.348798642238612057e-19
7.250000000000000888e-02 1.384067446140626600e-01 2.532656560510845520e-02 2.737681267534985944e-19 8.857345026366925786e-20
7.500000000000001110e-02 1.189885705556314593e-01 2.186908773635460115e-02 2.886515411416776184e-19 6.599145682128042305e-20
7.750000000000001332e-02 1.019075941310150224e-01 1.907447203888677431e-02 2.899871096986786790e-19 4.834339478659636723e-20
8.000000000000001554e-02 8.691004843595073748e-02 1.673969320897218324e-02 2.771817424195150951e-19 6.589990801973603345e-20
8.250000000000001776e-02 7.380475793967188058e-02 1.465380739541118603e-02 2.673254806512005572e-19 5.272930642250147494e-20
8.500000000000001998e-02 6.241031722397014092e-02 1.254821757661599840e-02 2.521424478746248723e-19 1.506909553878542779e-19
8.750000000000000833e-02 5.254638248836234621e-02 9.563719159565111164e-03 2.288343962767829563e-19 1.447294499923609369e-19
9.000000000000001055e-02 4.401293837086509703e-02 2.743854016142901683e-03 2.046760733957793638e-19 1.137619650929429213e-19
9.250000000000001277e-02 3.656458878668925050e-02 1.105948668033102458e-04 1.805251088499727126e-19 1.238871493943045474e-19
9.500000000000001499e-02 2.991123606810625057e-02 1.174467948583635363e-04 1.536500839047120146e-19 1.103582662242064599e-19
9.750000000000001721e-02 2.380771267691921683e-02 7.078560139347876571e-04 1.301882544545996660e-19 1.078027778174268385e-19
1.000000000000000056e-01 1.824052602463300046e-02 1.636370349916404284e-03 1.073142354388633541e-19 1.011924862726864095e-19
