# time 1 2 D-1 D
0.000000000000000000e+00 9.999999392483678307e-01 3.505169337085072433e-08 1.676989628241845382e-35 1.378473756205487750e-36
2.500000000000000486e-03 9.999875229336050442e-01 8.913809345916892429e-06 1.558979514885929566e-32 1.228978317810017950e-34
5.000000000000000971e-03 9.997530082343598634e-01 1.857157385075626185e-04 3.120801875795555660e-28 1.673305651116606144e-29
7.500000000000001457e-03 9.984480166752015551e-01 1.170160188316250998e-03 1.671241558961616353e-26 6.438753201001308017e-28
1.000000000000000194e-02 9.939372192693811670e-01 4.592696034531652122e-03 1.594320340224021521e-25 1.244860405168542810e-26
1.250000000000000069e-02 9.819475981843243106e-01 1.359333661365530292e-02 8.087006913588226546e-25 4.375114983326849181e-26
1.500000000000000291e-02 9.555970931036692484e-01 3.272217305673118942e-02 2.346066665273873522e-24 7.330257899400542549e-26
1.750000000000000167e-02 9.069417279254884390e-01 6.588179444392501527e-02 4.311538065934043313e-24 3.632097979792526284e-26
2.000000000000000389e-02 8.321616349937596135e-01 1.108080921851657408e-01 3.596810360490766639e-24 1.764456526338565816e-25
2.250000000000000264e-02 7.374036185087969875e-01 1.551428788494004785e-01 4.410834853375025544e-24 7.208247519282661286e-24
2.500000000000000139e-02 6.372848639364618872e-01 1.830385656341398937e-01 1.611246114376436771e-22 1.175347811600690094e-22
2.750000000000000361e-02 5.458478632973050582e-01 1.854261786201984730e-01 1.686512244481609244e-21 1.357460379946082012e-21
3.000000000000000583e-02 4.702168849555181107e-01 1.697503010257370160e-01 9.906673144152612435e-21 1.191625673647386951e-20
3.250000000000000111e-02 4.111833690917302553e-01 1.467300679417821441e-01 3.699672010249608920e-20 8.272358867582239733e-20
3.500000000000000333e-02 3.664369320721177492e-01 1.257238571974353958e-01 7.790515192848421589e-20 4.366701385539524068e-19
3.750000000000000555e-02 3.329337063420746423e-01 1.077879737849159331e-01 7.549800341394168932e-20 1.703053397532590767e-18
4.000000000000000777e-02 3.079326503283780769e-01 9.417794318325310721e-02 1.623097501345241083e-20 4.929480773016749862e-18
4.250000000000000999e-02 2.892663232045952215e-01 8.461240551093289486e-02 3.935040763737999758e-19 1.060465267763123777e-17
4.500000000000000527e-02 2.753088926922902524e-01 7.599441655368052717e-02 4.900687475308441415e-18 1.779350690907543424e-17
4.750000000000000749e-02 2.648655023268308706e-01 7.277651814984356649e-02 1.129974216907587281e-15 2.174221153448502781e-17
5.000000000000000278e-02 2.570614431483531637e-01 9.150098993268776515e-02 2.625632430058006900e-15 1.646624049918696071e-17
5.250000000000000500e-02 2.512541806601099048e-01 4.862038983847190299e-02 5.447516661785198171e-15 3.516270757583020545e-18
5.500000000000000722e-02 2.469682322322393486e-01 4.166852707265911865e-02 1.009217619080037091e-14 1.034559115242870654e-17
5.750000000000000944e-02 2.438487053597952481e-01 3.950832391248762510e-02 1.696884315153318042e-14 1.115656173719907094e-16
6.000000000000001166e-02 2.416283759463385139e-01 3.711685917953649189e-02 2.614963190464593095e-14 4.374499452645371077e-16
6.250000000000000000e-02 2.401044283437318849e-01 3.598759172252859184e-02 3.734328838002065525e-14 1.167731188133738634e-15
6.500000000000000222e-02 2.391216794363425491e-01 3.546257790676306948e-02 4.956547293824191443e-14 2.482370829147825900e-15
6.750000000000000444e-02 2.385604956586911130e-01 3.409692198381039652e-02 6.221364896416433371e-14 4.558570606895589493e-15
7.000000000000000666e-02 2.383281195016033471e-01 3.355236145672074038e-02 7.375764862615898734e-14 7.538695999068486162e-15
7.250000000000000888e-02 2.383522192427339204e-01 3.292048479282335544e-02 8.370292636865934131e-14 1.130507427148341954e-14
7.500000000000001110e-02 2.385759659361956497e-01 3.213906606752849754e-02 9.113974347049704619e-14 1.584207822716931619e-14
7.750000000000001332e-02 2.389545448376432790e-01 3.144532368036281195e-02 9.530918310219022985e-14 2.091640276264318726e-14
8.000000000000001554e-02 2.394523946406246495e-01 3.064730151845459008e-02 9.665697572785592834e-14 2.615333701605377976e-14
8.250000000000001776e-02 2.400410673039363174e-01 3.027208357534920402e-02 9.498403355306053803e-14 3.137553168865641462e-14
8.500000000000001998e-02 2.406977359603427180e-01 2.956577043184281661e-02 9.098385805226937496e-14 3.626511715436368509e-14
8.750000000000000833e-02 2.414039698794583078e-01 2.906892077748251743e-02 8.493051986334180592e-14 4.048962883942962536e-14
9.000000000000001055e-02 2.421447480889427351e-01 2.870833875392840920e-02 7.759470758297549682e-14 4.401599704293717475e-14
9.250000000000001277e-02 2.429078157658230985e-01 2.814393312065509994e-02 6.936857552677519462e-14 4.669733915155120996e-14
9.500000000000001499e-02 2.436832286571504469e-01 2.776351790937022293e-02 6.070074465027560227e-14 4.832679835760829028e-14
9.750000000000001721e-02 2.444626796283900505e-01 2.731556676473539599e-02 5.224472159798260693e-14 4.917418735127638850e-14
1.000000000000000056e-01 2.452430183869927782e-01 2.697872474205800439e-02 4.413319891132320722e-14 4.927623540891946273e-14
