# time 1 2 D-1 D
0.000000000000000000e+00 9.999999392483678307e-01 3.505169337085072433e-08 1.676989628241845382e-35 1.378473756205487750e-36
2.500000000000000486e-03 9.999976531150026604e-01 1.406468784754682272e-06 1.252527222157712053e-33 2.046054676370474645e-34
5.000000000000000971e-03 9.999504539590440277e-01 3.356131966304640543e-05 1.514961470625360283e-28 1.124121609477792760e-29
7.500000000000001457e-03 9.996609701764188616e-01 2.393378475214837954e-04 7.481283304406257086e-27 4.982939792988148953e-28
1.000000000000000194e-02 9.985425363232658391e-01 1.066048567704170344e-03 6.496276818276110075e-26 5.212247841270045647e-27
1.250000000000000069e-02 9.951958432084949679e-01 3.588131819104244981e-03 3.239068437237145071e-25 1.121422861136625946e-26
1.500000000000000291e-02 9.869170827334535767e-01 9.813832540155517301e-03 9.176334638100097297e-25 2.605241743499935290e-26
1.750000000000000167e-02 9.698420600044478368e-01 2.234956968424127097e-02 8.969454489702725998e-25 6.615185794814765245e-26
2.000000000000000389e-02 9.409376434835698966e-01 4.222998263161355931e-02 4.906358133996568394e-25 6.346159167419907180e-26
2.250000000000000264e-02 9.013405939055428862e-01 6.595116499594866344e-02 1.471046249600654967e-23 1.808671682122504638e-23
2.500000000000000139e-02 8.570474299291209741e-01 8.621543794462065147e-02 1.594572054238129291e-23 5.364491960232655655e-22
2.750000000000000361e-02 8.151195641342512399e-01 9.623665575246953541e-02 5.533796382832890442e-22 6.036050421230871845e-21
3.000000000000000583e-02 7.798806489360593508e-01 9.629816318911557649e-02 1.127349987981994240e-20 3.276485179735251946e-20
3.250000000000000111e-02 7.524125841034544626e-01 9.012062703894228866e-02 7.574872514841744608e-20 9.342849611072645097e-20
3.500000000000000333e-02 7.319164862003201266e-01 8.259350125657315134e-02 2.656297538558861649e-19 1.416149328775476952e-19
3.750000000000000555e-02 7.169807136570803818e-01 7.484088194937499328e-02 5.261040799528396307e-19 1.139078333384580134e-19
4.000000000000000777e-02 7.062314194846046611e-01 6.833445286954034636e-02 6.633008279163052413e-19 4.295101486442685604e-20
4.250000000000000999e-02 6.985492175488425826e-01 6.352383216243599751e-02 5.961219282937242112e-19 4.513245017605715826e-21
4.500000000000000527e-02 6.930883678473694909e-01 5.858256827046712939e-02 4.926513007156667222e-19 7.669674827065269031e-20
4.750000000000000749e-02 6.892312024447448948e-01 5.720422573660922244e-02 1.616509243010014778e-18 3.714498431439468096e-19
5.000000000000000278e-02 6.865325777158320930e-01 7.261821231208673288e-02 1.880929313177196818e-18 1.050026939930745882e-18
5.250000000000000500e-02 6.846722961607629721e-01 3.834285259998616857e-02 2.591258316434774897e-18 2.300128339254678226e-18
5.500000000000000722e-02 6.834198653174429205e-01 3.320532572257752640e-02 3.499154921308727543e-18 4.288614417720396548e-18
5.750000000000000944e-02 6.826086478529119761e-01 3.183111548127653956e-02 4.460432008431012888e-18 7.134315676125412101e-18
6.000000000000001166e-02 6.821175121382009321e-01 3.021160976402031614e-02 5.311464832123814955e-18 1.089955595995089546e-17
6.250000000000000000e-02 6.818578795752678889e-01 2.959930065730089974e-02 6.036024757679456854e-18 1.570456200832445053e-17
6.500000000000000222e-02 6.817652565603870007e-01 2.947989266077966422e-02 6.442506694029517952e-18 2.163623336098654948e-17
6.750000000000000444e-02 6.817921515555173118e-01 2.863850415736321486e-02 6.722610279077098617e-18 2.893855224258596940e-17
7.000000000000000666e-02 6.819039932661964398e-01 2.849062290326306174e-02 6.669744331287281043e-18 3.792826218491067436e-17
7.250000000000000888e-02 6.820754192028657403e-01 2.826967215309262801e-02 6.422691437885658573e-18 4.870692010070748721e-17
7.500000000000001110e-02 6.822877743462669731e-01 2.790463599835432337e-02 6.207464116553329141e-18 6.192386262924629095e-17
7.750000000000001332e-02 6.825276967256039828e-01 2.761754951700502031e-02 5.761112371237068035e-18 7.743270211029730372e-17
8.000000000000001554e-02 6.827853887229263785e-01 2.722338533478210407e-02 5.463452511982594091e-18 9.512273637039328241e-17
8.250000000000001776e-02 6.830539126992067889e-01 2.721032815290571824e-02 5.338366674802106627e-18 1.152335071180164762e-16
8.500000000000001998e-02 6.833283519788762028e-01 2.687822564475328413e-02 5.175145754141391018e-18 1.377986837535399207e-16
8.750000000000000833e-02 6.836050973181135859e-01 2.673035207607512426e-02 5.459273484643320775e-18 1.617014956761803554e-16
9.000000000000001055e-02 6.838816135231181592e-01 2.670593297532553381e-02 6.772298153649668664e-18 1.860195978806033597e-16
9.250000000000001277e-02 6.841561609752462303e-01 2.646820583020335904e-02 8.610908437071675662e-18 2.114442873700194946e-16
9.500000000000001499e-02 6.844275043002748804e-01 2.639543227010303361e-02 1.084649133135224542e-17 2.382043503718813675e-16
9.750000000000001721e-02 6.846946052926481396e-01 2.624303537457476146e-02 1.547096857318683657e-17 2.620671663737682864e-16
1.000000000000000056e-01 6.849718139586327137e-01 2.618922468771892054e-02 2.050070110950896071e-17 2.855805033656821585e-16
