# time 1 2 D-1 D
0.000000000000000000e+00 9.999999673299937442e-01 7.484516175693233333e-09 1.311767206861207293e-34 3.558368336732917073e-35
5.000000000000000104e-04 9.990421620329129615e-01 2.978316660538032904e-07 1.743912389771658774e-27 5.875401784948113618e-26
1.000000000000000021e-03 9.959779501705464666e-01 7.024979263130829669e-06 3.482657145940404327e-23 3.169377813446852977e-22
1.500000000000000248e-03 9.905051348763640462e-01 4.904461277252274620e-05 1.198209704475449288e-20 5.322680846447473232e-20
2.000000000000000042e-03 9.822797303513528533e-01 2.171196374402970452e-04 7.582052367614837925e-19 2.136187172666302524e-18
2.500000000000000052e-03 9.708493919640426295e-01 7.481838747465971266e-04 1.811855992283269825e-17 3.876361183849269764e-17
3.000000000000000496e-03 9.554994426129441720e-01 2.214861523958910807e-03 2.235863888292243737e-16 4.215683420830874234e-16
3.500000000000000507e-03 9.349690473964518134e-01 5.817253536101948085e-03 1.657741764894180296e-15 3.179997474751354655e-15
4.000000000000000083e-03 9.070922861443621033e-01 1.378235941962868520e-02 7.984847777249452626e-15 1.802593960395648027e-14
4.500000000000000527e-03 8.687493401099125601e-01 2.916019697045023340e-02 2.565868034192203020e-14 8.008519532743591949e-14
5.000000000000000104e-03 8.169755518589461030e-01 5.368433311562856997e-02 5.459033196885882688e-14 2.842411660785134585e-13
5.500000000000000548e-03 7.515563966031683085e-01 8.359935318152059147e-02 7.248754469435062553e-14 8.135224988830386725e-13
6.000000000000000992e-03 6.769610158204667494e-01 1.100526571821043575e-01 5.234219437088868203e-14 1.901180673780976266e-12
6.500000000000000569e-03 6.006975104540470678e-01 1.298608946080909432e-01 1.469445436415700468e-14 3.711259067104202344e-12
7.000000000000001013e-03 5.295260191595168031e-01 1.459642742492316403e-01 4.745295636934477069e-15 6.240273814430071878e-12
7.499999999999999722e-03 4.673050476021518573e-01 1.593313557636443778e-01 1.984478311722975671e-13 9.333988977181402612e-12
8.000000000000000167e-03 4.151591582888615184e-01 1.795365375308247092e-03 2.281230739369012157e-12 1.278150789704888103e-11
8.500000000000000611e-03 3.725208803824594517e-01 2.000049906119434964e-03 8.397149345388982294e-12 1.639688326759675712e-11
9.000000000000001055e-03 3.380654357620199169e-01 1.914232731773636564e-03 1.417151875787070498e-11 2.004305802772735957e-11
9.500000000000001499e-03 3.102977520939302902e-01 1.920624223080713523e-03 2.026920723711274037e-11 2.360502436221415378e-11
1.000000000000000021e-02 2.878437691659482822e-01 1.943830520534885718e-03 2.263278953103270642e-11 2.693840072973986085e-11
1.050000000000000065e-02 2.695536253050731523e-01 1.924801978009975812e-03 2.506233993756404428e-11 2.982313426020546198e-11
1.100000000000000110e-02 2.545144752392444754e-01 1.886863734195222972e-03 2.373326443053051818e-11 3.193868666040038537e-11
1.150000000000000154e-02 2.420188838916572660e-01 1.798994534862789416e-03 2.354180616696185952e-11 3.287865222997274522e-11
1.200000000000000198e-02 2.315155026096705759e-01 1.672052817580718881e-03 2.075679143587234531e-11 3.221406020646733330e-11
1.250000000000000069e-02 2.225979471883986205e-01 1.493067828277263014e-03 1.618387487623446465e-11 2.960264739526553786e-11
1.300000000000000114e-02 2.149299851094097213e-01 1.269445948369911153e-03 1.165697933043884368e-11 2.494318344507428235e-11
1.350000000000000158e-02 2.082680611159644368e-01 1.007748974277983744e-03 7.674570545206029117e-12 1.854077945867190686e-11
1.400000000000000203e-02 2.024225842521657215e-01 6.986681308977189331e-04 3.817617560370337332e-12 1.125681955241511155e-11
1.450000000000000247e-02 1.971844652373049844e-01 4.144102159604088828e-04 1.474420485003707620e-12 4.600742783593781766e-12
1.499999999999999944e-02 1.924315497740652636e-01 1.594788170558811573e-04 1.668924917286814415e-13 7.404410404261600164e-13
1.550000000000000162e-02 1.879986320670871958e-01 1.150296827766393644e-05 7.347614111111225529e-13 2.412458815925186616e-12
1.600000000000000033e-02 1.837232539693632871e-01 6.222177550124202553e-05 3.266412723137297879e-12 1.274740935622765233e-11
1.650000000000000078e-02 1.793941382281107888e-01 4.676041182987367368e-04 6.919713693742634657e-12 3.503537083438024274e-11
1.700000000000000122e-02 1.748373107214472033e-01 1.356672087147744055e-03 1.035165520417960873e-11 7.247119931605968616e-11
1.750000000000000167e-02 1.697000607716284970e-01 3.047353019506160183e-03 1.303193184691459657e-11 1.279155873526876616e-10
1.800000000000000211e-02 1.637722514190669276e-01 5.720212401712073021e-03 2.123680019546725730e-11 2.037039681859015480e-10
1.850000000000000255e-02 1.567473496567613478e-01 9.658635191972485268e-03 2.367350993351893292e-11 3.015228208756220757e-10
1.900000000000000300e-02 1.485479613273149313e-01 1.492097917728055570e-02 2.539947591846164900e-11 4.223548539261782837e-10
1.950000000000000344e-02 1.393954396964374176e-01 2.127028298143928547e-02 3.308324564719366853e-11 5.664884235664011720e-10
2.000000000000000042e-02 1.299031038451664843e-01 2.808082369047842919e-02 3.022448106491404087e-11 7.335434233700280795e-10
