# time 1 2 D-1 D
0.000000000000000000e+00 9.999999590831236684e-01 3.118762121372873757e-09 8.523034576105714609e-35 2.574378546048887803e-37
5.000000000000000104e-04 9.991440634474857418e-01 2.540721099940730348e-08 7.579461274609652282e-32 1.562239453876882935e-36
1.000000000000000021e-03 9.964061189180103417e-01 5.233104595891105309e-07 1.630716790232704579e-27 1.440220385196645026e-32
1.500000000000000248e-03 9.915209645270256500e-01 3.383805073376638902e-06 6.179384651387984520e-25 3.553941129504053136e-29
2.000000000000000042e-03 9.842103225507816688e-01 1.395980763855063803e-05 4.349252568236642690e-23 1.005413161286063124e-26
2.500000000000000052e-03 9.741783899145298742e-01 4.308165444712328733e-05 1.193761770717049890e-21 8.593570869595458401e-25
3.000000000000000496e-03 9.610995691012940156e-01 1.156369500482953665e-04 1.765279523922161812e-20 3.354980570907453218e-23
3.500000000000000507e-03 9.445943016981466211e-01 2.834706241624363300e-04 1.668994861999681613e-19 7.448082244822008149e-22
4.000000000000000083e-03 9.241890436971885725e-01 6.360550803091206355e-04 1.114868052473674024e-18 1.065876072563399744e-20
4.500000000000000527e-03 8.992588227537862133e-01 1.343892480680332954e-03 5.602943534236813660e-18 1.063882345492935619e-19
5.000000000000000104e-03 8.689586190031254320e-01 2.703364332373827880e-03 2.218349461012076944e-17 7.817548964192904748e-19
5.500000000000000548e-03 8.321663948511626163e-01 5.192072020929782913e-03 7.167985731356930515e-17 4.404907856805216120e-18
6.000000000000000992e-03 7.874899953011179621e-01 9.562728398829762125e-03 1.937418068437308245e-16 1.967849825721744114e-17
6.500000000000000569e-03 7.334363290536901614e-01 1.683598500549783605e-02 4.493379836422496750e-16 7.173703630138975136e-17
7.000000000000001013e-03 6.688972122590376435e-01 2.784783830709063740e-02 9.042707444610625193e-16 2.188788679226019334e-16
7.499999999999999722e-03 5.941210078230751979e-01 4.267105197650639115e-02 1.608440869341629510e-15 5.714960335957923282e-16
8.000000000000000167e-03 5.119238482579347993e-01 5.989618142155796188e-02 2.530944492472206895e-15 1.301526302849063402e-15
8.500000000000000611e-03 4.282065105725646470e-01 7.542394020228193607e-02 3.558029014588364623e-15 2.623284072755009106e-15
9.000000000000001055e-03 3.500075113693236761e-01 8.425681012982437490e-02 4.448889352646709311e-15 4.748299874771545378e-15
9.500000000000001499e-03 2.828220029521396062e-01 8.370117375009138161e-02 4.936475581461711242e-15 7.762351927710802224e-15
1.000000000000000021e-02 2.282919663362464047e-01 7.536063617155445982e-02 4.763584116886504884e-15 1.156373338551288979e-14
1.050000000000000065e-02 1.854600150183790819e-01 6.207794190171963405e-02 3.994689089649593113e-15 1.565653272002620825e-14
1.100000000000000110e-02 1.522496615824225907e-01 4.798627009055089765e-02 2.784375338847451879e-15 1.940070265547794419e-14
1.150000000000000154e-02 1.264463998447876714e-01 3.494853136442634123e-02 1.500558709304055379e-15 2.201953115195288322e-14
1.200000000000000198e-02 1.062003465461519303e-01 2.387779984741929262e-02 5.692426212225238542e-16 2.295726435274711920e-14
1.250000000000000069e-02 9.009051059094516645e-02 3.539807577550148614e-03 9.321932972507195253e-17 2.207577646686994882e-14
1.300000000000000114e-02 7.706543201211336902e-02 1.000527895784355213e-02 6.155741186049259501e-18 1.972143286077324239e-14
1.350000000000000158e-02 6.635685878699894291e-02 1.083130566382860434e-02 1.633696109717197519e-16 1.645228796948523841e-14
1.400000000000000203e-02 5.740399454636681276e-02 1.138281540063675046e-02 3.235115524380894779e-16 1.289407717379091879e-14
1.450000000000000247e-02 4.979557523205271202e-02 1.184022278002224392e-02 4.982676687479598425e-16 9.546822056587708408e-15
1.499999999999999944e-02 4.322733799257765658e-02 1.236912284724737444e-02 4.904023770919842849e-16 6.717706488654293911e-15
1.550000000000000162e-02 3.747111857078851832e-02 1.289832606965235495e-02 3.438098634811545118e-16 4.532005637474085577e-15
1.600000000000000033e-02 3.235146566568644633e-02 1.348311108810345237e-02 1.274268381101127937e-14 2.966710091154268007e-15
1.650000000000000078e-02 2.772590263173025163e-02 1.413045863004760289e-02 5.182921688438604364e-15 1.922379012240241979e-15
1.700000000000000122e-02 2.347394386478400541e-02 1.486841786338058760e-02 1.311895727895714973e-15 1.270223704145516008e-15
1.750000000000000167e-02 1.947995151094474020e-02 1.578736044117692860e-02 2.741679042019474746e-17 8.932050991759729257e-16
1.800000000000000211e-02 1.563243747653947358e-02 1.699776291888412116e-02 4.972637774369785221e-16 7.029965334484430465e-16
1.850000000000000255e-02 1.184290289752971265e-02 1.844243042657229756e-02 2.243247997643563496e-15 6.459813543201792451e-16
1.900000000000000300e-02 8.117518358261350056e-03 1.996997189173532750e-02 5.106853519149044601e-15 7.024038296205521217e-16
1.950000000000000344e-02 4.699358102415301768e-03 2.120941920383728752e-02 9.159511821134036539e-15 8.826169701961596178e-16
2.000000000000000042e-02 2.077485676251887830e-03 2.156090276274293116e-02 1.464700249050341110e-14 1.225018094423510393e-15
