# time 1 2 D-1 D
0.000000000000000000e+00 9.999999643039269026e-01 1.806299703410842534e-08 9.029677405276482011e-34 4.231779662960235029e-37
2.500000000000000052e-04 9.975486236840216403e-01 1.244523826837148645e-03 4.806368914457604980e-18 4.042665236686519747e-20
5.000000000000000104e-04 9.888552469917394339e-01 6.172553321809898068e-03 1.670685036238054322e-15 4.337765864315908682e-17
7.500000000000001240e-04 9.713100086986969917e-01 1.723156007240209120e-02 5.723203715806494819e-14 2.661438081154669969e-15
1.000000000000000021e-03 9.413982468549682014e-01 3.772106471084679669e-02 7.764144647100593550e-13 5.131273796748006472e-14
1.250000000000000026e-03 8.948699109865503321e-01 7.213468673809789178e-02 6.260011768827666233e-12 5.323355904250402049e-13
1.500000000000000248e-03 8.277141777850055560e-01 1.248485667590997911e-01 3.678809450513661549e-11 3.789177449106583504e-12
1.750000000000000253e-03 7.384264127280462109e-01 1.989948208845881972e-01 1.743578788893536358e-10 2.112788221203015404e-11
2.000000000000000042e-03 6.309404886826132097e-01 2.931761227748458931e-01 6.987646294460354085e-10 1.000651000832671398e-10
2.250000000000000264e-03 5.154635521951675958e-01 3.803442664964479247e-01 2.479690480418656181e-09 4.241583149430438088e-10
2.500000000000000052e-03 4.048182277403042928e-01 3.378323809680332523e-01 7.938901056302856409e-09 1.662776996835344077e-09
2.750000000000000274e-03 3.087982375958260306e-01 2.456096644106726401e-01 2.311714702201117189e-08 6.127639882274128812e-09
3.000000000000000496e-03 2.314561790321959800e-01 1.940999755598939447e-01 6.236524093214142814e-08 2.124171747707221126e-08
3.250000000000000284e-03 1.721961642039165630e-01 1.621106081669577703e-01 1.575499594340436255e-07 6.841380291357649363e-08
3.500000000000000507e-03 1.281423590906911880e-01 1.380793053121642522e-01 3.820885257393557352e-07 2.011605246518815897e-07
3.749999999999999861e-03 9.590982587111192281e-02 1.182696502457507848e-01 9.325906519947152003e-07 5.334764385777144072e-07
4.000000000000000083e-03 7.246668223089887395e-02 1.017019478461869131e-01 2.406833696257542300e-06 1.274277290976341436e-06
4.250000000000000305e-03 5.540143277511534042e-02 8.688689700943927341e-02 6.738479895901364567e-06 2.760779677739461214e-06
4.500000000000000527e-03 4.291065136785842532e-02 7.429986859023243739e-02 1.637641921763440244e-05 5.482539900936128874e-06
4.750000000000000749e-03 3.369000446234297896e-02 6.317726011227157989e-02 2.868988156704476580e-05 1.008861823706213944e-05
5.000000000000000104e-03 2.681231485842089021e-02 5.340553999281610204e-02 4.369590666018914030e-05 1.737518865817967034e-05
5.250000000000000326e-03 2.162326242369873308e-02 4.445160119513569263e-02 6.256908321749774275e-05 2.825698019896390507e-05
5.500000000000000548e-03 1.766140549819465722e-02 3.621615853700015791e-02 8.662410201757514937e-05 4.372905229950056023e-05
5.750000000000000770e-03 1.460014102477078662e-02 2.885349392636846894e-02 1.151037641423827916e-04 6.482523157214363941e-05
6.000000000000000992e-03 1.220680444374851181e-02 2.221004800779426483e-02 1.491021603711896318e-04 9.257789672333320682e-05
6.250000000000000347e-03 1.031427515330848518e-02 1.703555295566912611e-02 1.893391895729967431e-04 1.279820886110101942e-04
6.500000000000000569e-03 8.801384034558559777e-03 1.311361016560525124e-02 2.374984195584913785e-04 1.719656017649709944e-04
6.750000000000000791e-03 7.579400738296430094e-03 1.024091146496963756e-02 2.915555161925294583e-04 2.253657654163325236e-04
7.000000000000001013e-03 6.582684007648314378e-03 8.194066066617591501e-03 3.575867526690516113e-04 2.889129451343215560e-04
7.250000000000001235e-03 5.762175891014428494e-03 6.776759356086050658e-03 4.271067431854819185e-04 3.632203248049680052e-04
7.499999999999999722e-03 5.080842129575321303e-03 5.665657087996183415e-03 5.112455670095305974e-04 4.487792272181567320e-04
7.750000000000000812e-03 4.510450271085583718e-03 4.862712889768450696e-03 6.042468653705472623e-04 5.459590723208041256e-04
8.000000000000000167e-03 4.029273126585798150e-03 4.216809253716004117e-03 7.118483150727227459e-04 6.550110255744089581e-04
8.250000000000000389e-03 3.620436964406871516e-03 3.732922375810777092e-03 8.230698733815189653e-04 7.760744233716343780e-04
8.500000000000000611e-03 3.270722577152731635e-03 3.297891946110661880e-03 9.499050116751430774e-04 9.091851495966217283e-04
8.750000000000000833e-03 2.969687155220357335e-03 2.967210916146544985e-03 1.088417532101517088e-03 1.054285252393340026e-03
9.000000000000001055e-03 2.709015379745027038e-03 2.701096361791770206e-03 1.237768898976371193e-03 1.211233214773166627e-03
9.250000000000001277e-03 2.482035718527669278e-03 2.479638789218564354e-03 1.403360220052174596e-03 1.379814414269876473e-03
9.500000000000001499e-03 2.283356812883769685e-03 2.280197289950062524e-03 1.573452773715458162e-03 1.559751417790060423e-03
9.750000000000001721e-03 2.108591901343679752e-03 2.101943362587569124e-03 1.755147140032653529e-03 1.750713854218546471e-03
1.000000000000000021e-02 1.954148396709642736e-03 1.949116852417626371e-03 1.959966210586049518e-03 1.952327693556938238e-03
