# time 1 2 D-1 D
0.000000000000000000e+00 9.999999663037130171e-01 5.932001239311563561e-09 6.834397624077705964e-35 3.204764942326187712e-35
5.000000000000000104e-04 9.994027671102428956e-01 3.056854983613291853e-06 1.694178376229208038e-29 8.368586771809979791e-26
1.000000000000000021e-03 9.974495291343603576e-01 6.280096632881351207e-05 2.409578957369267335e-26 4.454305752217831308e-22
1.500000000000000248e-03 9.937581311880724355e-01 4.137255286114085930e-04 2.441004134643368584e-24 7.201272384462362306e-20
2.000000000000000042e-03 9.875962266336362205e-01 1.702474505242303985e-03 2.192480982144399258e-22 2.676495903324972419e-18
2.500000000000000052e-03 9.775867185523088310e-01 5.343935081005757835e-03 1.279454417032039954e-20 4.270513032721322661e-17
3.000000000000000496e-03 9.614585791318390751e-01 1.380697077194214910e-02 3.681619033601581091e-19 3.836216892801332157e-16
3.500000000000000507e-03 9.363897132223345521e-01 3.014071819877055594e-02 5.724060627172311462e-18 2.236458084518521515e-15
4.000000000000000083e-03 9.006672900987868768e-01 5.574444986813322650e-02 6.054889151428723260e-17 9.250909139300358114e-15
4.500000000000000527e-03 8.560533101733615036e-01 8.636718677905030894e-02 4.462363557369639107e-16 2.912177741880664764e-14
5.000000000000000104e-03 8.080743872772004899e-01 1.094194587813023534e-01 2.238192416068608483e-15 7.465866588243928522e-14
5.500000000000000548e-03 7.630881328830373400e-01 1.107157086505084348e-01 9.139835876265657688e-15 1.672573528829467508e-13
6.000000000000000992e-03 7.252202064394436265e-01 9.314357528003407161e-02 3.095837884819516334e-14 3.512594693708751903e-13
6.500000000000000569e-03 6.957223218627985872e-01 7.602734238242446485e-02 8.681007532519475987e-14 7.318345165334027454e-13
7.000000000000001013e-03 6.739692533736058033e-01 6.634974671998855600e-02 2.067418559086282024e-13 1.560052208000460450e-12
7.499999999999999722e-03 6.585802900890385114e-01 6.619429099415975737e-02 4.104529071932167197e-13 3.410129416455099672e-12
8.000000000000000167e-03 6.480922577554298902e-01 2.240371234940526785e-02 6.119232038913975928e-13 7.471604687000662881e-12
8.500000000000000611e-03 6.412416157273540529e-01 1.960050408326796667e-02 3.902144915928196209e-13 1.579386130308138739e-11
9.000000000000001055e-03 6.370326266765400369e-01 1.872095958220678161e-02 1.785725354787755057e-13 2.937772075316517166e-11
9.500000000000001499e-03 6.347165000826345826e-01 1.785590481566054835e-02 5.666419853066786981e-12 4.238335962043448308e-11
1.000000000000000021e-02 6.337436612416209591e-01 1.713516858624346620e-02 1.671227347614504518e-11 5.289912462231568332e-11
1.050000000000000065e-02 6.337155436676922271e-01 1.663495966789799510e-02 2.777718258349190368e-11 6.399307696661658271e-11
1.100000000000000110e-02 6.343448301563284764e-01 1.613981596193478710e-02 3.625375592451939521e-11 7.665338345614362697e-11
1.150000000000000154e-02 6.354246357317266947e-01 1.584063001962825873e-02 4.258483404855316450e-11 8.972806086695109578e-11
1.200000000000000198e-02 6.368060272772944064e-01 1.543962240570699064e-02 4.557605547302751451e-11 1.042419322629436148e-10
1.250000000000000069e-02 6.383817302156927775e-01 1.493898848158360139e-02 4.743623382027211300e-11 1.180697226869156674e-10
1.300000000000000114e-02 6.400745058006123145e-01 1.462857665474953488e-02 4.698254841872637372e-11 1.325813106772181339e-10
1.350000000000000158e-02 6.418288037497710263e-01 1.431629555662842883e-02 4.470582907318796739e-11 1.475131128196185303e-10
1.400000000000000203e-02 6.436049182260216162e-01 1.407741605918862854e-02 4.193751275510960437e-11 1.617782286038811324e-10
1.450000000000000247e-02 6.453745564300208404e-01 1.375256208808872845e-02 3.792380443870118516e-11 1.763710497320493479e-10
1.499999999999999944e-02 6.471177672235980394e-01 1.350018708829279698e-02 3.265240006979527148e-11 1.914947642551102942e-10
1.550000000000000162e-02 6.488208613217566478e-01 1.335926281828763579e-02 2.740343849331615260e-11 2.060651998147981258e-10
1.600000000000000033e-02 6.504745753673973896e-01 1.315413106155205111e-02 2.185928809470545153e-11 2.205683040961836026e-10
1.650000000000000078e-02 6.520729979787704966e-01 1.291758903972453978e-02 1.687490446970339177e-11 2.341671717998150798e-10
1.700000000000000122e-02 6.536126803833725019e-01 1.278160181926463537e-02 1.164323163806565219e-11 2.476689387136503097e-10
1.750000000000000167e-02 6.550918505190761465e-01 1.253465632042495038e-02 7.195540275999004777e-12 2.601799579844177930e-10
1.800000000000000211e-02 6.565101440988466708e-01 1.242241408655165268e-02 3.616487904672068037e-12 2.710142377347881696e-10
1.850000000000000255e-02 6.578680369212692725e-01 1.229831032849790749e-02 1.299207669834504810e-12 2.797874110995955013e-10
1.900000000000000300e-02 6.591666648377655369e-01 1.213090954568813579e-02 1.835264701697348903e-13 2.861149768572581771e-10
1.950000000000000344e-02 6.604076950053534567e-01 1.204364946208037225e-02 3.045355442642938764e-13 2.897074508229190704e-10
2.000000000000000042e-02 6.615934173021278397e-01 1.194608314224713391e-02 1.505017845405651625e-12 2.905610578723366725e-10
