# lambda 1 2 D-1 D
0.000000000000000000e+00 -1.499999993791428565e+01 -1.300000002370119390e+01 1.300000000516735810e+01 1.499999993739259807e+01
2.500000000000000139e-02 -1.463399329598838783e+01 -1.275569695575321383e+01 1.275578833642689425e+01 1.463412325797304625e+01
5.000000000000000278e-02 -1.428662818579275395e+01 -1.252827115651680856e+01 1.252905004115616450e+01 1.428771669043114656e+01
7.500000000000001110e-02 -1.395892218933744289e+01 -1.231845123031199307e+01 1.232124015881081291e+01 1.396275506173305558e+01
1.000000000000000056e-01 -1.365195143707800263e+01 -1.212700805153432704e+01 1.213398554672986229e+01 1.366139114826450118e+01
1.250000000000000000e-01 -1.336687011679829240e+01 -1.195473113724754555e+01 1.196903096875862005e+01 1.338593176178807553e+01
1.500000000000000222e-01 -1.310493556013778438e+01 -1.180243791627190042e+01 1.182819254286871136e+01 1.313879136065123099e+01
1.750000000000000167e-01 -1.286753868242036880e+01 -1.167097936087680132e+01 1.171327827783557574e+01 1.292241770437642678e+01
2.000000000000000111e-01 -1.265623877146602894e+01 -1.156124167943740488e+01 1.162597579407178472e+01 1.273918656525960458e+01
2.250000000000000056e-01 -1.247280071072778718e+01 -1.147414104271809343e+01 1.156771274298837149e+01 1.259126839685340293e+01
2.500000000000000000e-01 -1.231923130739103378e+01 -1.141060757549915117e+01 1.153950365325752792e+01 1.248047938657092537e+01
2.750000000000000222e-01 -1.219780816155088665e+01 -1.137156233007470085e+01 1.154180655328041460e+01 1.240813998431560172e+01
3.000000000000000444e-01 -1.211108567521788260e+01 -1.135792427896103973e+01 1.157442387031266406e+01 1.237496927996424390e+01
3.250000000000000111e-01 -1.206184127055742117e+01 -1.137079308689771473e+01 1.163649026631415317e+01 1.238103611693819595e+01
3.500000000000000333e-01 -1.205288803845328083e+01 -1.141222980390976893e+01 1.172658227818300425e+01 1.242576787526392401e+01
3.750000000000000000e-01 -1.208666177264307073e+01 -1.148727364296397191e+01 1.184294948040258255e+01 1.250799914930889933e+01
4.000000000000000222e-01 -1.216459258863130799e+01 -1.160503988492788707e+01 1.198381681976690416e+01 1.262604265703319584e+01
4.250000000000000444e-01 -1.228653822842593790e+01 -1.177140366960943929e+01 1.214768288712865463e+01 1.277778345073660837e+01
4.500000000000000111e-01 -1.245069641947583605e+01 -1.198322452759786927e+01 1.233359032205286354e+01 1.296081017840512217e+01
4.750000000000000333e-01 -1.265408285237912089e+01 -1.223433394275127206e+01 1.254157979493752784e+01 1.317258248410210264e+01
5.000000000000000000e-01 -1.289321479591939301e+01 -1.251932262114329752e+01 1.277448488610686361e+01 1.341060500786828946e+01
5.250000000000000222e-01 -1.316462543888739667e+01 -1.283381874700340042e+01 1.304352898878245348e+01 1.367256807636727878e+01
5.500000000000000444e-01 -1.346512069317814486e+01 -1.317423849030299543e+01 1.335613800699588261e+01 1.395643195802237280e+01
5.750000000000000666e-01 -1.379185459970936378e+01 -1.353758922360205830e+01 1.369718705012151716e+01 1.426045629823967431e+01
6.000000000000000888e-01 -1.414232030008247776e+01 -1.392133125468766863e+01 1.405706034122281167e+01 1.458319075065329073e+01
6.250000000000000000e-01 -1.451431334132983508e+01 -1.432327913086119153e+01 1.443233305393118471e+01 1.492344448938288082e+01
6.500000000000000222e-01 -1.490589204751267260e+01 -1.474152952791418514e+01 1.482130781083349191e+01 1.528024754923954731e+01
6.750000000000000444e-01 -1.531534286420526314e+01 -1.517440747493633424e+01 1.522287810439564026e+01 1.565281143248994056e+01
7.000000000000000666e-01 -1.574115148297926225e+01 -1.562042577029553669e+01 1.563622496186127009e+01 1.604049244148083275e+01
7.250000000000000888e-01 -1.618197704172940732e+01 -1.607825568114246195e+01 1.606071278720984807e+01 1.644275863344697441e+01
7.500000000000000000e-01 -1.663662463975546402e+01 -1.654670995388828558e+01 1.649584400962577391e+01 1.685916359494963856e+01
7.750000000000000222e-01 -1.710401004799303237e+01 -1.702474151852988271e+01 1.694123993381652227e+01 1.728931856027456959e+01
8.000000000000000444e-01 -1.758311446000434231e+01 -1.751145811141480735e+01 1.739662532271019657e+01 1.773287721097426939e+01
8.250000000000000666e-01 -1.807293950899919110e+01 -1.800614124223339729e+01 1.786181723630537022e+01 1.818951849481251060e+01
8.500000000000000888e-01 -1.857248734365601450e+01 -1.850824376114003655e+01 1.833670695218658864e+01 1.865893420121265223e+01
8.750000000000000000e-01 -1.908078210440645250e+01 -1.901734899978398374e+01 1.882123260761222383e+01 1.914081614353462868e+01
9.000000000000000222e-01 -1.959691655240975905e+01 -1.953310722810440581e+01 1.931534043992008520e+01 1.963483923226146999e+01
9.250000000000000444e-01 -2.012008998924472181e+01 -2.005518290367139755e+01 1.981893766103255317e+01 2.014063903762246710e+01
9.500000000000000666e-01 -2.064962055286967058e+01 -2.058322932593276988e+01 2.033184521945429424e+01 2.065778636617288555e+01
9.750000000000000888e-01 -2.118493690226691584e+01 -2.111688543954123176e+01 2.085376265919714101e+01 2.118576684307773306e+01
1.000000000000000000e+00 -2.172556135155354795e+01 -2.165578252520186808e+01 2.138425644301943507e+01 2.172397494861862910e+01
