# time 1 2 D-1 D
0.000000000000000000e+00 9.999999578533889100e-01 2.245389725876427796e-08 1.268505341331101007e-35 5.134706261185603284e-36
2.500000000000000486e-03 9.999934544388237034e-01 5.630071692524670748e-06 1.169950214941797988e-27 1.866248350015660783e-28
5.000000000000000971e-03 9.998679159133390115e-01 1.182829142344974364e-04 2.905837629719578742e-25 3.058825169793142556e-25
7.500000000000001457e-03 9.991456909794301788e-01 7.802447412459914862e-04 8.301034014493386030e-23 6.435171856580600356e-26
1.000000000000000194e-02 9.965645835013324794e-01 3.125327961031849813e-03 8.853177361581923772e-22 1.174600331684951242e-23
1.250000000000000069e-02 9.895139727100764615e-01 9.209609663390553105e-03 5.311144353745453949e-21 1.570390226265947257e-22
1.500000000000000291e-02 9.737451063445962118e-01 2.142880294150458290e-02 3.147348905013012374e-20 8.912455411867927729e-22
1.750000000000000167e-02 9.443942041753964345e-01 4.007644663290600706e-02 2.079156563078760293e-19 2.450748666819565797e-21
2.000000000000000389e-02 8.990640723137383050e-01 6.246158399672124828e-02 1.459658808044999907e-18 2.145383349465199953e-21
2.250000000000000264e-02 8.409659579692464471e-01 8.243892816878424512e-02 9.771599641044346185e-18 1.755284182319296611e-21
2.500000000000000139e-02 7.780949457353899534e-01 9.390352613442629059e-02 5.517389445171603878e-17 4.364464294273266716e-20
2.750000000000000361e-02 7.186559043560325488e-01 9.156481734389425309e-02 2.487605956020837529e-16 1.013843026602790709e-19
3.000000000000000583e-02 6.675549926400036194e-01 7.803404465931589040e-02 8.828029409602347549e-16 4.069345543184474753e-19
3.250000000000000111e-02 6.261671185926170891e-01 6.385278862178614401e-02 2.468737503457340703e-15 1.110165541715170091e-17
3.500000000000000333e-02 5.937519476325214818e-01 5.407099293062061357e-02 5.490265623660831275e-15 9.260213435875121686e-17
3.750000000000000555e-02 5.687741015117785404e-01 4.838807442041226370e-02 9.837830061888652861e-15 4.007726370042695723e-16
4.000000000000000777e-02 5.496367133436912411e-01 4.495761973978737447e-02 1.447032956199186222e-14 1.052045186437928840e-15
4.250000000000000999e-02 5.349645678955844419e-01 4.313965303486907293e-02 1.797573760478452356e-14 1.700307092028444336e-15
4.500000000000000527e-02 5.236759950905625072e-01 4.201419662850035958e-02 1.964836671416297600e-14 1.563996575240956773e-15
4.750000000000000749e-02 5.148996341947983391e-01 4.145598778489171382e-02 1.986024367717816918e-14 5.966809852904125205e-16
5.000000000000000278e-02 5.081693999325068711e-01 4.104063499459579406e-02 1.957179002903002931e-14 8.893199299726835570e-16
5.250000000000000500e-02 5.028499893670549392e-01 4.092141353232861545e-02 1.990359884444344644e-14 6.683464239779374503e-15
5.500000000000000722e-02 4.986782476260379071e-01 4.087687937299687435e-02 2.237057795949570046e-14 2.288178728893854457e-14
5.750000000000000944e-02 4.954155423155852112e-01 4.085544818179318027e-02 2.912154367046186979e-14 5.295015893657933260e-14
6.000000000000001166e-02 4.928223002898818317e-01 4.088716080241894257e-02 4.408044935525305903e-14 9.740025022476435635e-14
6.250000000000000000e-02 4.907812751886183600e-01 4.089695330852646804e-02 7.510369269902332485e-14 1.530861799366360800e-13
6.500000000000000222e-02 4.891706655064383402e-01 4.095379891677949913e-02 1.365064738930375367e-13 2.142380913445680826e-13
6.750000000000000444e-02 4.879238071866587312e-01 4.099128223049128966e-02 2.497398744272363772e-13 2.736301539312354380e-13
7.000000000000000666e-02 4.869801881458719062e-01 4.100765805359585930e-02 4.077598685357815231e-13 3.243031401139122787e-13
7.250000000000000888e-02 4.862406528473664502e-01 4.105396917401871876e-02 5.229866878899759581e-13 3.608337787747772790e-13
7.500000000000001110e-02 4.856932949429866864e-01 4.111601977118189977e-02 6.418505711843408052e-13 3.796899856489392375e-13
7.750000000000001332e-02 4.853587271431303307e-01 4.112461106726459509e-02 8.995029667616188122e-13 3.800111907172561788e-13
8.000000000000001554e-02 4.850745146600853319e-01 4.122190786123496042e-02 1.281869971593887994e-12 3.628319060165740838e-13
8.250000000000001776e-02 4.849319847110195036e-01 4.129998757104380580e-02 1.794546491882895088e-12 3.310609097131991597e-13
8.500000000000001998e-02 4.848747796030523083e-01 4.138577641383411193e-02 2.422289331013141586e-12 2.889970814149814476e-13
8.750000000000000833e-02 4.848639906896032858e-01 4.152528780104747935e-02 3.204519008624687907e-12 2.417567520183218697e-13
9.000000000000001055e-02 4.849796891705651647e-01 4.160601986223288334e-02 4.148736698175490857e-12 1.946646555284427004e-13
9.250000000000001277e-02 4.850828475716776333e-01 4.175871937753437846e-02 5.232860358167450687e-12 1.534259453381223441e-13
9.500000000000001499e-02 4.853121437303761221e-01 4.183931390783381110e-02 6.464602918677385829e-12 1.235673413504995490e-13
9.750000000000001721e-02 4.854680343305954882e-01 4.203552445900670537e-02 7.747002946257866508e-12 1.103685704598498728e-13
1.000000000000000056e-01 4.857829311430637009e-01 4.210137351599207295e-02 9.091681307239260794e-12 1.185116038685229444e-13
