# time 1 2 D-1 D
0.000000000000000000e+00 9.999999692312744326e-01 8.478504546276485595e-09 6.665939181700295854e-35 3.334642374412665203e-34
2.500000000000000486e-03 9.997740313115365263e-01 6.818278964662460259e-09 7.006230301558351265e-21 5.198833546091524408e-27
5.000000000000000971e-03 9.990490841799980481e-01 1.037822874838849267e-07 2.348831143549902210e-18 4.003663951101030233e-23
7.500000000000001457e-03 9.977482721754314943e-01 5.546363747030631519e-07 8.039285479562078462e-17 7.895996710847132624e-21
1.000000000000000194e-02 9.957861134860757080e-01 1.869754598500934147e-06 1.097821066896910280e-15 3.690814418995210689e-19
1.250000000000000069e-02 9.930677421394062954e-01 4.923710566276160240e-06 8.880829702596871371e-15 7.913928188281831970e-18
1.500000000000000291e-02 9.894874572701725102e-01 1.097290584148604182e-05 5.331703950611405066e-14 1.038717018584270568e-16
1.750000000000000167e-02 9.849265202822399257e-01 2.191494172439823103e-05 2.626100650291976338e-13 9.706974062658389953e-16
2.000000000000000389e-02 9.792501973727921749e-01 4.057118954131162309e-05 1.126126863634872792e-12 7.047935970657019996e-15
2.250000000000000264e-02 9.723042278467328714e-01 6.996695946102030473e-05 4.416365168982911857e-12 4.192607355480793629e-14
2.500000000000000139e-02 9.639111011540351104e-01 1.149504550939024116e-04 1.656770917266366776e-11 2.111980273832277259e-13
2.750000000000000361e-02 9.538667936348642629e-01 1.801409845089888115e-04 6.094077830737278862e-11 9.199700415261368298e-13
3.000000000000000583e-02 9.419389204656360981e-01 2.701014330010729526e-04 2.309826540680574293e-10 3.514413909160390354e-12
3.250000000000000111e-02 9.278675144817506437e-01 3.896863722049733673e-04 8.805488214939307244e-10 1.190139508955952478e-11
3.500000000000000333e-02 9.113700063638873194e-01 5.419607774191159211e-04 2.728789802289571397e-09 3.606829704080927580e-11
3.750000000000000555e-02 8.921505475195790069e-01 7.254602042540432951e-04 5.991833117488279532e-09 9.870751546517761358e-11
4.000000000000000777e-02 8.699178557208436802e-01 9.350323405440246491e-04 1.154120925471092290e-08 2.460334200160859867e-10
4.250000000000000999e-02 8.443691567014420807e-01 1.197020065909966315e-03 2.097931949108452135e-08 5.629731528235015516e-10
4.500000000000000527e-02 8.153828489950867286e-01 1.400300786423664843e-03 3.646144865466770373e-08 1.190955289363285683e-09
4.750000000000000749e-02 7.827019340913041745e-01 1.638711798733186523e-03 5.943943279415974031e-08 2.343711596258377600e-09
5.000000000000000278e-02 7.461684126350178747e-01 2.009141079070027747e-03 9.117171211255592667e-08 4.313756031514989664e-09
5.250000000000000500e-02 7.059360587057532666e-01 2.412837097893283898e-03 1.341127333515531521e-07 7.460964601434595951e-09
5.500000000000000722e-02 6.622903487423789093e-01 2.774061113240183698e-03 1.856652088525482984e-07 1.217630901361847351e-08
5.750000000000000944e-02 6.152081194266113551e-01 3.511434561590151895e-03 2.414171803350507528e-07 1.881872999416445379e-08
6.000000000000001166e-02 5.650681382619872073e-01 4.866271023751886880e-03 3.050354250592789237e-07 2.763039222887360869e-08
6.250000000000000000e-02 5.129756096412921851e-01 6.596600653679791926e-03 3.545824569602192648e-07 3.864296208847120015e-08
6.500000000000000222e-02 4.588343850989718975e-01 9.868752679636097133e-03 4.081188584265552218e-07 5.159254877015137215e-08
6.750000000000000444e-02 4.053725366284819942e-01 1.311831943336821786e-02 4.356429695515771867e-07 6.586167725479259672e-08
7.000000000000000666e-02 3.531229112862938058e-01 1.689985620290954463e-02 4.575456647772854073e-07 8.046273376363684425e-08
7.250000000000000888e-02 3.041543912245155412e-01 1.999286507419445469e-02 4.796563889491977419e-07 9.407025769554655789e-08
7.500000000000001110e-02 2.601607295435150458e-01 2.122204118748597518e-02 4.759532036429138844e-07 1.051026341111443751e-07
7.750000000000001332e-02 2.235065410606587866e-01 1.841704423961472437e-02 4.468134665244085153e-07 1.118519040930915915e-07
8.000000000000001554e-02 1.897434371958236499e-01 1.597857465346142272e-02 4.176721884979626260e-07 1.126684773828711179e-07
8.250000000000001776e-02 1.603288895409092363e-01 1.227761006741585025e-02 3.710694932653825301e-07 1.062281343455952523e-07
8.500000000000001998e-02 1.340279709563471644e-01 8.370860783015278417e-03 3.110030878457432803e-07 9.193602308843129936e-08
8.750000000000000833e-02 1.093895414435321345e-01 5.615120691454808695e-03 2.345440983984868061e-07 7.052670336260079041e-08
9.000000000000001055e-02 8.675326904795621630e-02 3.705203428660784181e-03 1.533132213650670962e-07 4.482380710799807017e-08
9.250000000000001277e-02 6.671264375067130492e-02 2.196030451454028965e-03 7.287206107790211174e-08 2.010129035622911491e-08
9.500000000000001499e-02 4.930939588646583022e-02 1.232442043495557893e-03 1.815436658318989600e-08 4.046985380328146268e-09
9.750000000000001721e-02 3.485628012424480532e-02 6.157380488619717662e-04 4.161913600276277563e-09 4.174811095037056655e-10
1.000000000000000056e-01 2.336189762197176875e-02 2.845403002356071648e-04 5.390575241003702303e-08 1.400449176715129225e-09
