# time 1 2 D-1 D
0.000000000000000000e+00 9.999999692312744326e-01 8.478504546276485595e-09 6.665939181700295854e-35 3.334642374412665203e-34
2.500000000000000052e-04 9.997740290038994448e-01 6.803762909007448222e-09 7.005815000216630710e-21 5.234378218986111828e-27
5.000000000000000104e-04 9.990490540075891435e-01 1.036698481913354708e-07 2.349038596751947355e-18 4.008200931326898065e-23
7.500000000000001240e-04 9.977481242185278765e-01 5.543135282398540862e-07 8.041353480179062518e-17 7.901876537228680382e-21
1.000000000000000021e-03 9.957856336050613377e-01 1.868819878380202500e-06 1.098330009683745110e-15 3.693432642222302648e-19
1.250000000000000026e-03 9.930665460151355539e-01 4.921526714580218776e-06 8.887184482083366824e-15 7.920506726283989014e-18
1.500000000000000248e-03 9.894849343893444837e-01 1.096731453313665278e-05 5.337136124584639818e-14 1.039834746816409265e-16
1.750000000000000253e-03 9.849217824720694070e-01 2.190228403319014060e-05 2.629689843997354051e-13 9.720396255026808870e-16
2.000000000000000042e-03 9.792420290761087998e-01 4.054353228451750967e-05 1.128072773187113978e-12 7.060229363646316326e-15
2.250000000000000264e-03 9.722910422103497874e-01 6.990621533823424135e-05 4.425706699457590292e-12 4.201591287229502305e-14
2.500000000000000052e-03 9.638909051698483221e-01 1.148277915789037469e-04 1.660923743356344520e-11 2.117403750691896181e-13
2.750000000000000274e-03 9.538371685151650903e-01 1.798945851155938302e-04 6.111874098068050685e-11 9.227395187775018257e-13
3.000000000000000496e-03 9.418970200888637789e-01 2.696471705327665937e-04 2.317515535872826341e-10 3.526577563345126868e-12
3.250000000000000284e-03 9.278100888987281802e-01 3.888882874939089901e-04 8.838600650682777275e-10 1.194796929885031632e-11
3.500000000000000507e-03 9.112934533468004528e-01 5.406057565418775305e-04 2.740248806551729488e-09 3.622564770507700713e-11
3.749999999999999861e-03 8.920510334585181056e-01 7.232480514412885234e-04 6.019676008047576080e-09 9.918185254203348669e-11
4.000000000000000083e-03 8.697914534898072425e-01 9.315138095701258050e-04 1.160011749626367220e-08 2.473225849516185337e-10
4.250000000000000305e-03 8.442117940314198821e-01 1.191862284863162268e-03 2.109616878443459498e-08 5.661617228518992881e-10
4.500000000000000527e-03 8.151923824961494480e-01 1.391597295631054852e-03 3.668168811138230832e-08 1.198190744052392732e-09
4.750000000000000749e-03 7.824733838590260948e-01 1.627730393228117795e-03 5.982733268127084635e-08 2.358881800152423518e-09
5.000000000000000104e-03 7.459033001610765323e-01 1.991491450249916525e-03 9.181123215279859794e-08 4.343327906213692135e-09
5.250000000000000326e-03 7.056297561209589064e-01 2.391545148527567544e-03 1.351239176151549808e-07 7.514858014427999424e-09
5.500000000000000548e-03 6.619434008092504040e-01 2.748453252963962805e-03 1.871527018024550945e-07 1.226859032593481772e-08
5.750000000000000770e-03 6.148290980405389794e-01 3.474590540773174994e-03 2.434864129940239476e-07 1.896784517589085007e-08
6.000000000000000992e-03 5.646541814541976567e-01 4.824631250071276418e-03 3.078312064753976700e-07 2.785864393857619536e-08
6.250000000000000347e-03 5.125515015822832421e-01 6.530838137461763941e-03 3.580464758296403214e-07 3.897498058793578289e-08
6.500000000000000569e-03 4.584185775008465802e-01 9.767470067943120199e-03 4.123623812115941532e-07 5.205263435331588390e-08
6.750000000000000791e-03 4.049379821428661930e-01 1.301673502425106099e-02 4.405186145564917838e-07 6.646996919198546267e-08
7.000000000000001013e-03 3.527138441383059764e-01 1.676244946371301808e-02 4.629794716004005317e-07 8.123038436650147836e-08
7.250000000000001235e-03 3.037844784162821998e-01 1.981471197373980628e-02 4.856874232427767678e-07 9.499399173673061346e-08
7.499999999999999722e-03 2.597926864010324799e-01 2.104885937640825488e-02 4.822664132949412675e-07 1.061592326119100468e-07
7.750000000000000812e-03 2.231452784754660856e-01 1.825190501605105861e-02 4.530542567390423648e-07 1.129933962022915636e-07
8.000000000000000167e-03 1.893855559755692197e-01 1.583240654997807376e-02 4.237835026724292266e-07 1.138192260328999451e-07
8.250000000000000389e-03 1.600017147255162475e-01 1.213019284408491105e-02 3.766607938809923548e-07 1.072857782381252482e-07
8.500000000000000611e-03 1.336961520212396615e-01 8.264163673294603815e-03 3.157603017504971811e-07 9.277963993961975137e-08
8.750000000000000833e-03 1.090877720238208892e-01 5.520331148785498528e-03 2.380194801278195245e-07 7.103756639982153875e-08
9.000000000000001055e-03 8.646570344956533427e-02 3.642830036212242953e-03 1.551146674055161030e-07 4.492489740779446732e-08
9.250000000000001277e-03 6.646800383050019412e-02 2.140167115968800212e-03 7.284306099364239117e-08 1.982104103153838417e-08
9.500000000000001499e-03 4.909519523863990070e-02 1.195984530126748902e-03 1.655681911426821792e-08 3.578214457663128130e-09
9.750000000000001721e-03 3.467611855437757740e-02 5.928827670955681434e-04 1.546406898451945631e-09 1.721323128011810540e-10
1.000000000000000021e-02 2.321235697540656451e-02 2.738206827529069765e-04 5.191588719339314657e-08 1.253489190306057748e-09
