# time 1 2 D-1 D
0.000000000000000000e+00 9.999999407386814809e-01 1.931977596067834667e-08 1.187616636315142482e-35 5.169420078733324631e-36
2.500000000000000052e-04 9.972964628668018472e-01 1.062643432028122638e-04 1.040708700889644029e-25 1.295919228861210509e-27
5.000000000000000104e-04 9.888021795823460636e-01 4.963357724728386083e-04 6.529107548069955899e-22 1.290479479504676452e-23
7.500000000000001240e-04 9.739679801842414664e-01 1.307052599128393985e-03 1.285382176573906967e-19 3.697378456666162799e-21
1.000000000000000021e-03 9.522725577591951707e-01 2.713599927588702596e-03 6.103485724343764631e-18 2.414406042076014607e-19
1.250000000000000026e-03 9.232407384144012408e-01 4.909616398018981816e-03 1.325793127838046691e-16 6.920777032774734551e-18
1.500000000000000248e-03 8.864782594741889010e-01 8.160282626422364974e-03 1.752777027861376785e-15 1.168426457432285149e-16
1.750000000000000253e-03 8.417321322925670479e-01 1.271486582491680034e-02 1.639361919023793631e-14 1.359732879033628611e-15
2.000000000000000042e-03 7.889869548330920024e-01 1.879059644584056554e-02 1.187972886043684450e-13 1.198118120472979872e-14
2.250000000000000264e-03 7.286056621928881372e-01 2.650751064663491377e-02 7.039157774961469252e-13 8.493867634659902716e-14
2.500000000000000052e-03 6.615107885308320057e-01 3.570984603815788305e-02 3.534404408352461567e-12 5.052187209740169552e-13
2.750000000000000274e-03 5.893686433349463183e-01 4.583073330360896286e-02 1.532866275092167530e-11 2.600007686784735776e-12
3.000000000000000496e-03 5.146654493608584513e-01 5.575584834577324012e-02 5.822065031409104525e-11 1.185597272172064324e-11
3.250000000000000284e-03 4.405609308104520006e-01 6.394626755480131708e-02 1.955242071839706479e-10 4.883713918418392459e-11
3.500000000000000507e-03 3.703519647726880581e-01 6.889105317558365249e-02 5.854012118004638391e-10 1.846621109214334250e-10
3.749999999999999861e-03 3.067935457136569122e-01 6.946601946912210612e-02 1.572593854803997024e-09 6.491058815045806278e-10
4.000000000000000083e-03 2.515380357807583955e-01 6.558075025875398367e-02 3.793468266195516443e-09 2.141900846668365142e-09
4.250000000000000305e-03 2.050146867646498172e-01 5.836013317466020450e-02 8.133966304118237219e-09 6.683736978267299507e-09
4.500000000000000527e-03 1.667036485669256274e-01 4.920918182496053506e-02 1.528552039604928085e-08 1.949893122229933613e-08
4.750000000000000749e-03 1.355625523165600865e-01 3.971846524903604320e-02 2.443253401223909487e-08 5.271699272093811595e-08
5.000000000000000104e-03 1.103903963728617016e-01 3.108546524107210288e-02 3.251626464440194994e-08 1.297030689895338150e-07
5.250000000000000326e-03 9.005143786501773606e-02 2.366541542793669864e-02 3.584066878324790193e-08 2.882332381816859473e-07
5.500000000000000548e-03 7.357616401088271085e-02 1.772065435636611952e-02 3.230643818237053349e-08 5.836771982748983983e-07
5.750000000000000770e-03 6.019523618046387914e-02 1.306562995597101290e-02 2.270011966445133238e-08 1.093541354056168315e-06
6.000000000000000992e-03 4.943253694985180746e-02 9.330885191412514879e-03 1.005829715900590681e-08 1.922199773665228248e-06
6.250000000000000347e-03 4.103312666423429567e-02 6.055669538787819550e-03 6.936234875950094530e-10 3.202723489613838667e-06
6.500000000000000569e-03 1.527316894134360392e-02 2.237308846642896074e-02 1.451384529108428616e-07 5.096413171490668030e-06
6.750000000000000791e-03 5.715911543909669643e-03 2.426895887424679668e-02 4.601326387022471360e-07 7.791230764340193252e-06
7.000000000000001013e-03 3.968101661708338217e-03 1.979272945332233649e-02 1.089746051098127704e-06 1.150045854901615771e-05
7.250000000000001235e-03 2.988159797069564211e-03 1.571787226018539832e-02 2.296987133712358950e-06 1.646214136176940313e-05
7.499999999999999722e-03 2.296338196020660406e-03 1.233084123947273021e-02 4.436755716626686117e-06 2.293911089728702847e-05
7.750000000000000812e-03 1.770528703005248578e-03 9.573323186157467815e-03 7.942432316629829440e-06 3.121897811594870733e-05
8.000000000000000167e-03 1.383707865846675903e-03 7.338479697962731196e-03 1.350934516065735337e-05 4.161348330761232466e-05
8.250000000000000389e-03 1.089682707494449548e-03 5.560044106741417885e-03 2.193904314711528315e-05 5.445683061625354766e-05
8.500000000000000611e-03 8.640188249296606397e-04 4.156659356256591983e-03 3.434965226205902020e-05 7.010289881571690979e-05
8.750000000000000833e-03 6.894815998233852234e-04 3.065577351551361691e-03 5.144653758865561354e-05 8.892141228524702362e-05
9.000000000000001055e-03 5.535971246057690273e-04 2.211210075223147067e-03 7.476422734347299044e-05 1.112932616449811596e-04
9.250000000000001277e-03 4.471804122526855320e-04 1.587579696818192327e-03 1.055955580156408099e-04 1.376052172480322076e-04
9.500000000000001499e-03 3.633832701600202774e-04 1.093491807078138299e-03 1.438614542751733970e-04 1.682442521603520172e-04
9.750000000000001721e-03 2.970507455782195891e-04 4.898146887838589246e-04 1.902161007374562418e-04 2.035917609066039021e-04
1.000000000000000021e-02 2.442729645191736988e-04 3.394518400591485453e-04 2.439484081215367449e-04 2.440177718114014025e-04
