# time 1 2 D-1 D
0.000000000000000000e+00 9.999999469274565289e-01 1.588387339329751547e-08 1.968998955375410571e-35 9.092775967565456718e-37
5.000000000000000104e-04 9.993212952338467181e-01 2.975513528751678299e-07 2.004725259268272675e-34 1.578881767696263571e-36
1.000000000000000021e-03 9.971712118206369491e-01 5.343783998740023207e-06 3.786023347029635560e-30 2.350787811496728876e-35
1.500000000000000248e-03 9.934136130777535545e-01 2.808956674209798585e-05 1.359091988716322642e-27 2.447231348824877714e-32
2.000000000000000042e-03 9.879698951806449303e-01 8.813095794573212250e-05 8.885520669894823320e-26 6.862548404648095339e-30
2.500000000000000052e-03 9.808214438127534907e-01 2.093048508791487696e-04 2.319664562856008550e-24 5.849819300402158270e-28
3.000000000000000496e-03 9.720011197574015549e-01 4.061516758699497366e-04 3.341161936753573236e-23 2.321417076863370957e-26
3.500000000000000507e-03 9.615804337078626141e-01 6.833851554550155090e-04 3.181763408657976991e-22 5.392473487054624886e-25
4.000000000000000083e-03 9.496582973024151331e-01 1.021580670367759581e-03 2.213027697939605111e-21 8.292675569190004995e-24
4.500000000000000527e-03 9.363523179706398913e-01 3.666392521746103875e-04 1.150082264436225010e-20 9.109113196139487550e-23
5.000000000000000104e-03 9.217908964267844674e-01 1.798552602867026240e-04 5.053249973997431408e-20 7.487741829886567041e-22
5.500000000000000548e-03 9.061040171435553736e-01 5.278659044305083255e-04 1.822743374430682009e-19 4.746044067618296497e-21
6.000000000000000992e-03 8.894119543102124714e-01 1.039503225405273871e-03 5.657682472404354216e-19 2.372057662398413968e-20
6.500000000000000569e-03 8.718133831219002650e-01 1.869631841693018305e-03 1.483769197862688967e-18 9.492319969722504216e-20
7.000000000000001013e-03 8.533764754740896796e-01 3.084160759165462118e-03 1.049649721160193597e-18 3.069942597471791622e-19
7.499999999999999722e-03 8.341368159493104395e-01 4.390767537989108404e-03 1.171477028036170158e-19 8.045950763073058338e-19
8.000000000000000167e-03 8.141039235639608851e-01 3.965205591745450675e-03 4.501562285499937631e-19 1.700471288685601376e-18
8.500000000000000611e-03 7.932734111949448774e-01 4.743669971231727692e-03 3.371785350050981626e-18 2.870364935230203960e-18
9.000000000000001055e-03 7.716367037822892128e-01 6.542237958780710433e-03 9.301978538912755839e-18 3.850784114989242447e-18
9.500000000000001499e-03 7.491819305283614616e-01 7.689963476447093764e-03 1.613535030981728219e-17 4.210965329087888487e-18
1.000000000000000021e-02 7.258852896002682131e-01 8.972749063331205213e-03 1.985309356331557595e-17 4.154507953415842689e-18
1.050000000000000065e-02 7.016984239022984182e-01 1.037414226379766713e-02 1.774565859967654944e-17 4.489972580557234891e-18
1.100000000000000110e-02 6.765412687307721384e-01 1.229209855510997838e-02 1.152025867071874560e-17 6.110253398771887334e-18
1.150000000000000154e-02 6.503170287239294911e-01 1.453466747954011186e-02 6.402189891945486288e-18 9.910213869790920151e-18
1.200000000000000198e-02 6.228834648728771572e-01 1.727963985562738433e-02 7.008430833314944020e-18 1.652766379249173599e-17
1.250000000000000069e-02 5.941881099851462622e-01 2.062093487977973913e-02 1.414117655041543160e-17 2.572231413595827570e-17
1.300000000000000114e-02 5.641542183136145638e-01 2.450032306466183585e-02 2.412495784770425120e-17 3.581509498112014028e-17
1.350000000000000158e-02 5.329325796937210979e-01 2.860334903538705800e-02 3.243386466792606662e-17 4.392642275205394265e-17
1.400000000000000203e-02 5.012394531428884248e-01 3.245695748155950910e-02 3.485569129597891209e-17 4.752192581135301049e-17
1.450000000000000247e-02 4.683779992478217524e-01 3.670807640576716213e-02 3.156623191152998037e-17 4.536753097836582266e-17
1.499999999999999944e-02 4.359300710213236396e-01 4.015669253675213657e-02 2.102614655584021462e-17 3.691905258947992735e-17
1.550000000000000162e-02 4.038985466246031719e-01 4.273415882304870683e-02 1.039363031287570487e-17 2.556073160170843655e-17
1.600000000000000033e-02 3.731144331511084822e-01 4.406470734942096595e-02 2.349391414262922823e-18 1.442203814336022764e-17
1.650000000000000078e-02 3.443698518866439851e-01 4.364369604057162511e-02 7.075306671301192100e-18 5.761665638176534711e-18
1.700000000000000122e-02 3.169703225081988429e-01 4.252558599505058129e-02 3.247235609043449318e-17 1.384097236731292947e-18
1.750000000000000167e-02 2.922150655720033297e-01 3.967633086093411837e-02 9.065214396542086632e-17 5.562655214565989055e-20
1.800000000000000211e-02 2.694123880119508874e-01 3.624578147254025468e-02 1.922343648468149936e-16 1.424317587397955185e-19
1.850000000000000255e-02 2.486319972543693524e-01 3.230302153559229394e-02 3.482123948617435029e-16 1.022347752169298286e-19
1.900000000000000300e-02 2.299996278291566165e-01 2.790526785599876242e-02 5.991643655153202905e-16 6.533726914535312443e-19
1.950000000000000344e-02 2.131140726381595407e-01 2.357331939106964772e-02 9.294733082763143591e-16 4.698836085722697452e-18
2.000000000000000042e-02 1.979870444970499854e-01 1.936306455194978376e-02 1.382489680008616892e-15 1.892444894567890861e-17
