# time 1 2 D-1 D
0.000000000000000000e+00 9.999999579624647694e-01 1.036580095907108781e-08 3.944610066474197579e-35 1.506102136991056204e-36
2.500000000000000486e-03 9.969270186628562680e-01 7.632400732810760966e-06 2.707154846646197518e-25 2.631900123868913454e-26
5.000000000000000971e-03 9.873660116050408941e-01 3.168818114127415258e-05 1.618110652817443681e-21 1.512892204059400299e-22
7.500000000000001457e-03 9.708854714185937151e-01 7.696458649597991868e-05 3.024738627482399180e-19 2.771804288675310075e-20
1.000000000000000194e-02 9.472203282431672644e-01 1.435802686059783385e-04 1.376274955059998176e-17 1.245385307598017835e-18
1.250000000000000069e-02 9.163307876969588595e-01 2.414019065595003762e-04 2.926508931143408320e-16 2.603150664775616476e-17
1.500000000000000291e-02 8.784501684879597594e-01 3.839413146010552786e-04 3.770127188133584387e-15 3.365755539617980106e-16
1.750000000000000167e-02 8.341045601181030777e-01 5.911016668158614431e-04 3.486035876409319191e-14 3.128740656523459534e-15
2.000000000000000389e-02 7.840878902303244358e-01 9.208665033730586242e-04 2.456772759053637322e-13 2.280308539006878510e-14
2.250000000000000264e-02 7.293793356691413710e-01 1.468783635354284573e-03 1.418194660145742703e-12 1.372257018888814474e-13
2.500000000000000139e-02 6.709930575319722479e-01 2.445066890577830311e-03 6.939246709625814006e-12 7.033989071490268694e-13
2.750000000000000361e-02 6.097407229044407018e-01 4.277399114790548899e-03 2.949318489983304497e-11 3.129164634301762120e-12
3.000000000000000583e-02 5.458446260407937567e-01 7.902369871789348410e-03 1.107779004996111385e-10 1.221246487852046719e-11
3.250000000000000111e-02 4.782487639919967837e-01 1.536159340321942290e-02 3.748225092221869926e-10 4.191383219264148144e-11
3.500000000000000333e-02 4.034911758013137173e-01 3.090979047116265352e-02 1.159247279074679769e-09 1.275828736845217722e-10
3.750000000000000555e-02 3.161694839473584429e-01 6.044090386361602313e-02 3.328564673222660771e-09 3.352989204502431106e-10
4.000000000000000777e-02 2.178123903766514546e-01 1.026951642372548185e-01 8.961557711825808213e-09 7.592909691205341800e-10
4.250000000000000999e-02 1.338881154711403787e-01 1.323389193266497621e-01 2.287921072926389505e-08 1.375545141577619474e-09
4.500000000000000527e-02 7.988934775870845661e-02 1.343353754138221223e-01 5.522813190772199304e-08 1.831165343927944810e-09
4.750000000000000749e-02 4.978057809693529207e-02 1.157408369222422406e-01 1.252840398307834486e-07 1.564520932184333670e-09
5.000000000000000278e-02 3.272703121708384066e-02 9.039664247143418263e-02 2.659187194023791372e-07 4.479636635970894924e-10
5.250000000000000500e-02 2.257759799998719508e-02 6.637055434832576928e-02 5.276317733095521013e-07 2.618232935215431549e-10
5.500000000000000722e-02 1.618306357735774248e-02 4.709474426835090488e-02 9.830337972025791969e-07 4.803695731557215966e-09
5.750000000000000944e-02 1.195848487078371089e-02 8.847220102791595534e-06 1.727634669331308958e-06 2.227063640722866646e-08
6.000000000000001166e-02 9.057001925131253142e-03 6.104245931301197928e-06 2.884520856564213231e-06 6.281633060163848032e-08
6.250000000000000000e-02 6.999927017054707878e-03 5.777948384750192042e-06 4.604598626044037055e-06 1.403946397816156348e-07
6.500000000000000222e-02 5.502661699858994379e-03 5.365823148640562789e-06 7.045834944918288822e-06 2.957486259350049683e-07
6.750000000000000444e-02 4.388562743360455154e-03 4.781838061532560534e-06 1.041260558954068728e-05 5.602750002957940755e-07
7.000000000000000666e-02 3.543891043407714457e-03 4.700584892514659951e-06 1.491665378435798821e-05 1.000467855506867440e-06
7.250000000000000888e-02 2.893150491170160682e-03 4.626313013238538616e-06 2.076099408680405861e-05 1.744172164064460897e-06
7.500000000000001110e-02 2.384696042868580598e-03 4.745657642673428061e-06 2.820617524755015545e-05 2.932706329052776802e-06
7.750000000000001332e-02 1.982421685581758301e-03 5.283740476206065107e-06 3.723911158990695903e-05 5.083588910714970900e-06
8.000000000000001554e-02 1.660957707787627568e-03 5.764998512974294958e-06 4.841745361887147690e-05 8.296666463917327906e-06
8.250000000000001776e-02 1.401286766013280652e-03 6.608279626348959262e-06 6.203047263403327035e-05 1.316830065327909939e-05
8.500000000000001998e-02 1.189671097621661407e-03 7.773531757274520083e-06 7.699395936316184191e-05 2.199529434499384573e-05
8.750000000000000833e-02 1.014902455780246696e-03 1.014187668836508007e-05 9.397077745285637557e-05 3.575746093774619317e-05
9.000000000000001055e-02 8.691001492132070403e-04 1.374904335674710692e-05 5.649173174432068652e-05 1.134383612013691690e-04
9.250000000000001277e-02 7.423085823010639296e-04 2.252157949385705812e-05 8.603012351858678529e-05 1.348379753911999751e-04
9.500000000000001499e-02 6.248348273721904007e-04 4.146945936590062964e-05 1.218884216451242069e-04 1.642132038598860522e-04
9.750000000000001721e-02 4.836573605347542536e-04 9.994378032224772381e-05 1.730756974410765632e-04 1.937286087663694532e-04
1.000000000000000056e-01 2.599712799982584741e-04 2.538481714792474001e-04 2.264739456841406001e-04 2.366481489337164896e-04
