# time 1 2 D-1 D
0.000000000000000000e+00 9.999999598373259246e-01 7.829591815959116714e-09 4.132097742010505048e-34 1.790160346867261646e-34
2.500000000000000052e-04 9.997710816315389382e-01 9.143402608977115742e-08 1.146031186168770401e-19 6.250918849896820071e-26
5.000000000000000104e-04 9.990334363172150844e-01 1.737336192381339390e-06 4.452379845570289203e-17 3.849757816318926241e-22
7.500000000000001240e-04 9.976991857578109135e-01 1.061087056668484358e-05 1.733361083879256861e-15 6.910629313809009687e-20
1.000000000000000021e-03 9.956645693785961537e-01 3.931057213383123896e-05 2.691660667949049917e-14 2.939762206663889084e-18
1.250000000000000026e-03 9.928078620748914673e-01 1.086703786857902735e-04 2.414874077009350064e-13 5.612885655428065680e-17
1.500000000000000248e-03 9.889844973520730553e-01 2.520428118466266107e-04 1.256404787128610561e-12 6.376588605957837474e-16
1.750000000000000253e-03 9.840178913579012976e-01 5.347512118057011011e-04 2.935591958017437919e-12 4.995112280759086545e-15
2.000000000000000042e-03 9.776849323150198501e-01 1.001257637386211707e-03 6.667165597655794417e-12 2.939698548647934975e-14
2.250000000000000264e-03 9.696960405808225936e-01 1.778110634816722473e-03 1.511684996237392496e-11 1.371490670104297497e-13
2.500000000000000052e-03 9.596714973371144319e-01 3.004385145975194214e-03 3.272730922594501485e-11 5.257267464992535729e-13
2.750000000000000274e-03 9.471192771998493409e-01 4.860726233840872122e-03 6.887516183511753058e-11 1.698380602290961547e-12
3.000000000000000496e-03 9.314256316104645439e-01 7.531714059530382477e-03 1.347201165108621356e-10 4.713709975882859502e-12
3.250000000000000284e-03 9.118778848976591966e-01 1.149110967073708675e-02 2.473525055468299963e-10 1.141330769458491609e-11
3.500000000000000507e-03 8.877451590804746884e-01 1.653830209787820332e-02 4.304764930875898522e-10 2.441819548020261154e-11
3.749999999999999861e-03 8.584364088281155603e-01 2.292894657011960644e-02 7.103326632082258237e-10 4.665688553448944968e-11
4.000000000000000083e-03 8.237230641753476856e-01 3.044699040529285847e-02 1.110543471605577755e-09 8.033261952978641073e-11
4.250000000000000305e-03 7.839563784198583241e-01 3.888938764629635420e-02 1.648110319891103727e-09 1.255414970027076902e-10
4.500000000000000527e-03 7.401643001897568741e-01 4.780542641462259823e-02 2.329981539767741009e-09 1.790694685246605113e-10
4.750000000000000749e-03 6.939382419058752749e-01 5.621854454330322409e-02 3.159876570875445230e-09 2.340279484156234095e-10
5.000000000000000104e-03 6.471286602466782556e-01 6.334851934207932911e-02 4.129501528930238592e-09 2.807957215080695906e-10
5.250000000000000326e-03 6.014796518199926334e-01 6.866195599803166794e-02 5.207653755505323582e-09 3.092565977790954600e-10
5.500000000000000548e-03 5.583516047602141708e-01 7.186724261722193807e-02 6.366972673111310927e-09 3.117436402464988744e-10
5.750000000000000770e-03 5.186056574464682489e-01 7.256036279769036146e-02 7.557865930458655462e-09 2.856740781285841883e-10
6.000000000000000992e-03 4.826319700625091302e-01 7.033328013476902729e-02 8.749557155589619272e-09 2.348171335490579749e-10
6.250000000000000347e-03 4.504578194973166139e-01 6.159084370360071170e-02 9.890733359584393753e-09 1.686738542842941823e-10
6.500000000000000569e-03 4.218745350906941693e-01 3.049605391318583464e-02 1.093150420809240951e-08 1.001492631420951720e-10
6.750000000000000791e-03 3.965468366251405641e-01 7.642103669037287293e-03 1.166923008269841637e-08 4.258043997712371135e-11
7.000000000000001013e-03 3.740917570075807941e-01 2.439609886397421743e-03 7.113059384523844743e-10 7.224908736010209586e-12
7.250000000000001235e-03 3.541283546303089502e-01 8.865072020368549395e-04 1.038885523571538115e-12 1.940503115841538903e-12
7.499999999999999722e-03 3.363049748018430707e-01 2.739817593425643229e-04 3.280132377166127770e-11 3.108372324662202037e-11
7.750000000000000812e-03 3.203113498124979808e-01 3.398026858062912832e-05 1.068005263031567852e-10 9.618734643099474112e-11
8.000000000000000167e-03 3.058814724388651540e-01 9.474873610537283479e-06 1.842479921201963622e-10 1.968648587235647950e-10
8.250000000000000389e-03 2.927914025981930846e-01 1.195373941877419545e-04 2.524634626653499327e-10 3.315674032571682863e-10
8.500000000000000611e-03 2.808546693317645615e-01 3.301837552484788887e-04 3.010804439916522808e-10 4.980227601754679556e-10
8.750000000000000833e-03 2.699168538576481868e-01 6.205881704233864914e-04 3.355678296441847556e-10 6.934676280019149083e-10
9.000000000000001055e-03 2.598502439241295314e-01 9.530496072580073091e-04 3.568412206012838287e-10 9.144467484620554288e-10
9.250000000000001277e-03 2.505490034918343434e-01 1.341901431376089741e-03 3.562914237229210805e-10 1.157676279081540059e-09
9.500000000000001499e-03 2.419249949835033664e-01 1.744358007225807082e-03 3.427587595103012408e-10 1.419644493129919932e-09
9.750000000000001721e-03 2.339043313183590822e-01 2.150935428676187949e-03 3.197629287807095797e-10 1.695081335007420797e-09
1.000000000000000021e-02 2.264245330190386152e-01 2.572540794281005447e-03 2.897997992428428221e-10 1.979966428543168428e-09
