# lambda 1 2 D-1 D
0.000000000000000000e+00 -8.999999966817817665e+00 -7.000000031194060668e+00 7.000000014497462786e+00 8.999999967750301977e+00
2.500000000000000139e-02 -8.779334229539831114e+00 -6.870855346914638062e+00 6.870802725665527078e+00 8.779312364943226754e+00
5.000000000000000278e-02 -8.567833293149893947e+00 -6.748945416644458462e+00 6.748508310324808690e+00 8.567649706306662338e+00
7.500000000000001110e-02 -8.366293032521282313e+00 -6.634813963050318009e+00 6.633270496108368164e+00 8.365643783962338986e+00
1.000000000000000056e-01 -8.175577452741650930e+00 -6.529124378633868631e+00 6.525302864322430452e+00 8.173968648342215815e+00
1.250000000000000000e-01 -7.996613262989406223e+00 -6.432601982951622333e+00 6.424834314059816975e+00 7.993339342044555096e+00
1.500000000000000222e-01 -7.830375104733983349e+00 -6.346021014086963064e+00 6.332121448387546536e+00 7.824507617923009306e+00
1.750000000000000167e-01 -7.677857709714878354e+00 -6.270174469662039840e+00 6.247466945161797014e+00 7.668253773601390932e+00
2.000000000000000111e-01 -7.540032399752579551e+00 -6.205826865250536173e+00 6.171704247233378737e+00 7.525373842633474197e+00
2.250000000000000056e-01 -7.417788840849635079e+00 -6.153649697105793237e+00 6.112255454881227124e+00 7.396661751059744105e+00
2.500000000000000000e-01 -7.311868838270864757e+00 -6.114146205144239232e+00 6.065932548562614102e+00 7.282886708435665213e+00
2.750000000000000222e-01 -7.222805323309543724e+00 -6.087579981317691846e+00 6.032512112781155622e+00 7.184767056159413912e+00
3.000000000000000444e-01 -7.150882684953616675e+00 -6.073926127632610417e+00 6.012508698087525971e+00 7.102942908257297461e+00
3.250000000000000111e-01 -7.096130693840914105e+00 -6.072861035184891065e+00 6.006354489748209957e+00 7.037950865684527102e+00
3.500000000000000333e-01 -7.058353738001658328e+00 -6.083796532314812211e+00 6.014359630044040728e+00 6.990204400344815383e+00
3.750000000000000000e-01 -7.037185089601091903e+00 -6.105951862187811940e+00 6.036691721487452256e+00 6.959982800342752185e+00
4.000000000000000222e-01 -7.032148889895614374e+00 -6.138451776065771526e+00 6.073365313696021062e+00 6.947429833463063531e+00
4.250000000000000444e-01 -7.042713342383612130e+00 -6.180443025365875087e+00 6.124240191681828094e+00 6.952561051432461170e+00
4.500000000000000111e-01 -7.068325295034130207e+00 -6.231242157913774449e+00 6.189027381243795034e+00 6.975276797313890498e+00
4.750000000000000333e-01 -7.108424857838794964e+00 -6.290584372747316522e+00 6.267300806529910062e+00 7.015377219748726745e+00
5.000000000000000000e-01 -7.162445557748958080e+00 -6.359242261032148846e+00 6.358513625878192244e+00 7.072576088735951672e+00
5.250000000000000222e-01 -7.229809031819868892e+00 -6.440762691916130933e+00 6.462019198002909803e+00 7.146511483774849793e+00
5.500000000000000444e-01 -7.309922989346084421e+00 -6.542303083605577996e+00 6.577097886293616469e+00 7.236752790933500989e+00
5.750000000000000666e-01 -7.402187876758693719e+00 -6.665147388764427916e+00 6.702990419179652548e+00 7.342804426440341814e+00
6.000000000000000888e-01 -7.506013150422667479e+00 -6.804089659398876222e+00 6.838937147751801504e+00 7.464107627171211234e+00
6.250000000000000000e-01 -7.620840430939004762e+00 -6.955681004359272279e+00 6.984219637238254563e+00 7.600041335955381783e+00
6.500000000000000222e-01 -7.746169360643996527e+00 -7.118069107454022770e+00 7.138199486834077234e+00 7.749925395733967548e+00
6.750000000000000444e-01 -7.881582522888523457e+00 -7.289942397235170901e+00 7.300348115106867652e+00 7.913027249857242040e+00
7.000000000000000666e-01 -8.026767064964870357e+00 -7.470175635850432982e+00 7.470262623669320590e+00 8.088573788238059947e+00
7.250000000000000888e-01 -8.181531299981685379e+00 -7.657718457451094807e+00 7.647665306320750034e+00 8.275768042464484608e+00
7.500000000000000000e-01 -8.345813625956113313e+00 -7.851556304340407522e+00 7.832386750380360141e+00 8.473808326876190122e+00
7.750000000000000222e-01 -8.519678482394249741e+00 -8.050701686261545476e+00 8.024334563525075126e+00 8.681907027918496667e+00
8.000000000000000444e-01 -8.703291052718469700e+00 -8.254213989031228493e+00 8.223451570446020042e+00 8.899306414292979639e+00
8.250000000000000666e-01 -8.896862645077359133e+00 -8.461255767138457173e+00 8.429670127537537638e+00 9.125290016850257757e+00
8.500000000000000888e-01 -9.100567436755902406e+00 -8.671187789816158897e+00 8.642871757070924588e+00 9.359189374059987188e+00
8.750000000000000000e-01 -9.314450571296752912e+00 -8.883691704227125285e+00 8.862862263003535190e+00 9.600386809301411972e+00
9.000000000000000222e-01 -9.538362122062947535e+00 -9.098898666210653019e+00 9.089368052613751914e+00 9.848315279606266515e+00
9.250000000000000444e-01 -9.771950082896459833e+00 -9.317536164953651223e+00 9.322051736629163088e+00 1.010245633120550224e+01
9.500000000000000666e-01 -1.001470894819478197e+01 -9.541179195946236646e+00 9.560538103507505880e+00 1.036233699746724746e+01
9.750000000000000888e-01 -1.026605448892141048e+01 -9.772705701269456924e+00 9.804440210206289308e+00 1.062752622762111265e+01
1.000000000000000000e+00 -1.052538891052052961e+01 -1.001612598192293646e+01 1.005337867769439697e+01 1.089763121815447633e+01
