# time 1 2 D-1 D
0.000000000000000000e+00 9.999999675529291920e-01 9.320238723385555690e-09 2.207725327638108392e-36 2.439536487040110677e-35
2.500000000000000052e-04 9.999991901738819466e-01 1.228884267897093425e-08 3.200141906359534141e-27 7.776239585890889937e-29
5.000000000000000104e-04 9.999866414098218526e-01 4.206114060644062914e-07 2.074549779559595133e-25 2.583863346631910480e-26
7.500000000000001240e-04 9.999278376371460997e-01 3.246661212136965319e-06 1.621823418260923145e-23 2.417272928558122105e-24
1.000000000000000021e-03 9.997490243841226087e-01 1.486205687298272573e-05 8.669371491624345704e-23 4.250078820684658814e-24
1.250000000000000026e-03 9.993059137413130566e-01 5.267663496204935848e-05 2.844286134985672391e-22 9.439689568238992418e-24
1.500000000000000248e-03 9.983316364306247248e-01 1.531920067232548125e-04 8.301988002165736692e-22 2.340311493987237437e-23
1.750000000000000253e-03 9.963631131063596102e-01 4.026436836085472656e-04 1.962461762450435083e-21 5.992893243262380822e-23
2.000000000000000042e-03 9.926528630407174258e-01 9.633795273907242926e-04 2.887975981937573329e-21 9.889387648866181135e-23
2.250000000000000264e-03 9.860821285394331115e-01 2.162404027631912532e-03 2.083808180399047255e-21 1.309590881139848681e-23
2.500000000000000052e-03 9.750869316227954720e-01 4.639289312518217467e-03 1.695008817890030336e-19 1.966721647403758195e-21
2.750000000000000274e-03 9.575769739491515331e-01 9.500187893612207016e-03 9.665522706690103775e-19 5.546144540851186569e-20
3.000000000000000496e-03 9.307940023206650038e-01 1.879711347850421613e-02 5.348724787728241675e-18 6.615084826920119418e-19
3.250000000000000284e-03 8.910633081506701414e-01 3.570849359850003513e-02 2.771144510841924315e-17 5.180799045701279804e-18
3.500000000000000507e-03 8.345447370501104523e-01 6.405308464678910463e-02 1.273552573375184216e-16 3.017765649250201240e-17
3.749999999999999861e-03 7.590265238871821696e-01 1.064797337243406500e-01 5.270898776328421788e-16 1.376520493839272471e-16
4.000000000000000083e-03 6.683015261407615482e-01 1.598624308276730688e-01 1.911168562164792998e-15 5.051773029447139744e-16
4.250000000000000305e-03 5.718885459624259981e-01 2.158078616278532591e-01 6.317530640923696769e-15 1.517950810195397490e-15
4.500000000000000527e-03 4.845713713655815380e-01 2.607770812773876901e-01 1.809699333255172525e-14 3.745762107052780124e-15
4.750000000000000749e-03 4.102134014666062867e-01 2.921369110474389408e-01 4.718373402803333712e-14 7.584550469931816058e-15
5.000000000000000104e-03 3.511161773321305746e-01 3.090724327831171347e-01 1.107971385777198255e-13 1.253204554407640461e-14
5.250000000000000326e-03 3.043765563779308181e-01 3.152647977772854992e-01 2.308373619537228311e-13 1.665695184126175923e-14
5.500000000000000548e-03 2.674165848797699363e-01 3.148394067235833482e-01 4.312530751306522923e-13 1.733360885216892796e-14
5.750000000000000770e-03 2.380010451592376453e-01 3.106535157945670700e-01 7.232912497434913682e-13 1.316905715756415211e-14
6.000000000000000992e-03 2.144440994018197155e-01 3.052400809004324755e-01 1.090932848371040557e-12 5.804279770815274889e-15
6.250000000000000347e-03 1.954944406436412152e-01 3.016323890841979827e-01 1.497350720275417467e-12 2.734870602241052952e-16
6.500000000000000569e-03 1.802079404964045117e-01 3.047151380283195654e-01 8.613822242587060271e-14 3.860880675288053754e-15
6.750000000000000791e-03 1.678567873100853536e-01 3.172724952757278727e-01 3.191549085835867598e-14 2.405729531207873360e-14
7.000000000000001013e-03 1.578710402403891988e-01 3.436640054517435816e-01 3.632198968616052502e-13 6.660463422776262181e-14
7.250000000000001235e-03 1.498004236015497426e-01 3.302906962838789706e-01 9.979657483848620073e-13 1.340467519874296451e-13
7.499999999999999722e-03 1.432877066889605422e-01 2.481565943741091962e-01 1.824388986905465031e-12 2.261885513827099063e-13
7.750000000000000812e-03 1.380488886826285455e-01 2.034419200403233263e-01 2.709464986693484463e-12 3.376140250956128330e-13
8.000000000000000167e-03 1.338577936660821088e-01 2.156109628422648791e-03 3.518898501127354908e-12 4.642388117124016459e-13
8.250000000000000389e-03 1.305338394432137283e-01 2.249642748140325346e-03 4.155808204427390939e-12 5.957694673842960221e-13
8.500000000000000611e-03 1.279322725060860755e-01 2.203399335841215931e-03 4.552422013345520812e-12 7.326156381371210927e-13
8.750000000000000833e-03 1.259363392052118003e-01 2.079502073470362606e-03 4.678326363266991752e-12 8.804528232925303511e-13
9.000000000000001055e-03 1.244510627750396864e-01 1.969216327285022630e-03 4.553888304269139245e-12 1.028180053262945390e-12
9.250000000000001277e-03 1.233983691977389996e-01 1.846988887176333411e-03 4.171874623964188845e-12 1.215579595233422336e-12
9.500000000000001499e-03 1.227133268149605272e-01 1.768219564434843393e-03 3.513557161497493249e-12 1.505626821305795938e-12
9.750000000000001721e-03 1.223413363598922915e-01 1.672083205876320755e-03 2.329923949165548932e-12 2.194513596223430339e-12
1.000000000000000021e-02 1.222372167821979966e-01 1.610910834841360224e-03 4.745946627230226816e-13 3.475159639834866418e-12
