# time 1 2 D-1 D
0.000000000000000000e+00 9.999999244386338360e-01 1.671450617371915594e-09 7.516878853494328363e-37 1.620173302656300369e-36
2.500000000000000486e-03 9.999994624230884588e-01 2.643314960115089334e-08 8.212762325631507604e-37 7.236551718936873088e-36
5.000000000000000971e-03 9.999902499081992913e-01 8.002000555992334251e-07 5.129244682611628307e-31 1.465482995131183011e-32
7.500000000000001457e-03 9.999439621012304880e-01 5.867641780304675941e-06 3.577530121171768734e-30 1.408630324787074949e-32
1.000000000000000194e-02 9.997992314147386983e-01 2.766504703731416503e-05 3.305578246129045395e-29 5.069429185303856407e-30
1.250000000000000069e-02 9.994445488910791431e-01 1.017656455076692477e-04 1.136792081052888357e-28 6.038380767592459509e-29
1.500000000000000291e-02 9.986972127705707747e-01 3.155758616321716037e-04 9.981092758704636772e-29 2.588256408008289968e-28
1.750000000000000167e-02 9.972800198844017361e-01 7.062286091326665498e-04 6.965725626342068427e-28 1.010127004334862911e-27
2.000000000000000389e-02 9.947946690018372173e-01 1.460261410962321489e-03 8.973299619205886214e-27 3.553302166891830860e-27
2.250000000000000264e-02 9.906820338520634373e-01 2.949863065891339311e-03 6.566027721696650370e-26 1.192296673019149026e-26
2.500000000000000139e-02 9.841505956138737465e-01 5.856362548030484214e-03 3.479606114849430803e-25 3.910709060402062250e-26
2.750000000000000361e-02 9.740650402449865242e-01 1.113946427027899186e-02 1.615563065692317076e-24 1.364724070921343219e-25
3.000000000000000583e-02 9.588523286201617868e-01 2.047087830022572760e-02 7.597904806170382694e-24 5.877726870134198888e-25
3.250000000000000111e-02 9.366036814031787339e-01 3.573817994753093752e-02 3.695610972480588399e-23 3.345156150421931605e-24
3.500000000000000333e-02 9.056321829295462811e-01 5.859294111675270034e-02 1.830309961595991831e-22 2.157411005119300316e-23
3.750000000000000555e-02 8.655081655828509302e-01 8.951603651665733519e-02 8.423786183827610789e-22 1.297419823902834921e-22
4.000000000000000777e-02 8.179330589676392371e-01 1.272687045435216269e-01 3.431869339849103375e-21 6.502919923462881875e-22
4.250000000000000999e-02 7.664729171179821554e-01 2.083686824245802732e-02 1.220653613363465463e-20 2.627909352293834465e-21
4.500000000000000527e-02 7.151199805702603829e-01 2.114605351528263399e-02 3.636197111094704540e-20 8.583272278660892443e-21
4.750000000000000749e-02 6.668619315867659880e-01 2.399603131527596953e-02 9.504945173438769218e-20 2.303398594483733155e-20
5.000000000000000278e-02 6.231904371389451747e-01 2.713796919033076641e-02 2.048852452336927488e-19 5.180251310728841007e-20
5.250000000000000500e-02 5.844092035496147863e-01 3.027070333461303470e-02 3.781822809912826767e-19 9.951788176765018176e-20
5.500000000000000722e-02 5.501728999655723928e-01 3.253588686905956040e-02 5.846182924711704696e-19 1.661180166485296361e-19
5.750000000000000944e-02 5.199076848990080713e-01 3.197438690359682284e-02 8.059390643198444070e-19 2.442197565709927051e-19
6.000000000000001166e-02 4.930421517214447769e-01 2.652784516606275511e-02 1.027714993413800615e-18 3.186961870581177822e-19
6.250000000000000000e-02 4.690969234605019134e-01 1.736407112541953415e-02 1.013062067509524591e-18 3.701974311897011890e-19
6.500000000000000222e-02 4.476941914342960072e-01 9.615836394456917652e-03 1.036609899580957354e-18 3.811884640831805322e-19
6.750000000000000444e-02 4.285332567094602974e-01 4.894410327970243058e-03 8.249329701846827757e-19 3.400298492703642027e-19
7.000000000000000666e-02 4.113579122612498473e-01 2.088503718573737206e-03 4.966000650611215621e-19 2.496150428071824103e-19
7.250000000000000888e-02 3.959274956399047030e-01 6.363741087190278017e-04 1.709650972032457784e-19 1.291619481575326171e-19
7.500000000000001110e-02 3.819955485243898829e-01 2.897853305687583047e-05 2.470521869343863594e-20 2.834409416799521935e-20
7.750000000000001332e-02 3.692822592843205132e-01 2.032931315272633441e-04 2.725476709085006587e-19 3.113582084703941855e-20
8.000000000000001554e-02 3.575380065421268072e-01 1.163682633259573770e-03 1.384710692009325878e-18 3.275737190162441835e-19
8.250000000000001776e-02 3.463225875708191293e-01 3.077347007276869020e-03 3.788114183639567989e-18 1.202012102955758181e-18
8.500000000000001998e-02 3.353278929193607705e-01 6.160651407238626129e-03 8.468888930178009521e-18 3.243182342651145174e-18
8.750000000000000833e-02 3.242953373986009469e-01 1.053316159380851894e-02 1.643601847323048170e-17 7.932862765373464288e-18
9.000000000000001055e-02 3.126371172673766408e-01 1.667232116788617755e-02 2.828966398908237193e-17 1.710773241252264164e-17
9.250000000000001277e-02 3.006720294629577350e-01 2.416034459927437691e-02 4.247932807059131397e-17 3.532424810074438162e-17
9.500000000000001499e-02 2.873368486843436154e-01 3.396652508375069823e-02 5.518634033859840540e-17 7.047058552253021737e-17
9.750000000000001721e-02 2.740168190618334498e-01 4.460881554695432516e-02 5.758174329672315912e-17 1.317233514010271114e-16
1.000000000000000056e-01 2.602020692812935798e-01 5.649911964896670025e-02 4.403327568278120734e-17 2.245872163000303724e-16
