# time 1 2 D-1 D
0.000000000000000000e+00 9.999999522796639839e-01 1.766846046279864648e-08 4.368801093087212854e-36 3.799269676673520930e-36
5.000000000000000104e-04 9.999928376297487764e-01 5.275806685615631127e-06 2.522726657848017518e-30 3.034253890513867781e-32
1.000000000000000021e-03 9.998442881699657336e-01 1.201437583717772465e-04 7.045463173455893687e-27 2.554123085926969802e-28
1.500000000000000248e-03 9.989297623978674601e-01 8.653856157776854434e-04 1.874066108147844829e-25 4.359474977569048036e-27
2.000000000000000042e-03 9.953856063311349311e-01 3.878690040632125878e-03 6.021617659283447846e-25 2.422977650370941043e-26
2.500000000000000052e-03 9.847113542070322634e-01 1.329064884634258148e-02 1.699121582045946236e-24 1.292016184092147068e-26
3.000000000000000496e-03 9.581070186716544868e-01 3.740225386292966164e-02 3.855766663608876733e-24 7.416643111080763012e-26
3.500000000000000507e-03 9.035355874738119075e-01 8.725435452400721881e-02 4.554360810808842216e-24 1.940937618915288624e-24
4.000000000000000083e-03 8.149903296072120717e-01 1.661414835871944107e-01 8.504397510669720096e-25 1.324957176060286280e-23
4.500000000000000527e-03 7.044181843743035909e-01 2.554177147689055682e-01 3.211376365444649531e-23 6.096092535504811634e-23
5.000000000000000104e-03 5.953292864699243347e-01 3.135684608669813689e-01 4.070393492165182817e-22 1.830189574854015518e-22
5.500000000000000548e-03 5.040481431122870726e-01 2.565038932171042063e-01 2.144160368690769256e-21 1.663542977680740136e-22
6.000000000000000992e-03 4.343433305449592163e-01 1.816365299252610810e-01 8.168305115932134472e-21 1.109338736353650276e-21
6.500000000000000569e-03 3.832531502993635208e-01 1.448898087576502014e-01 5.039176834201018853e-20 5.519906627108734098e-20
7.000000000000001013e-03 3.462980168069133002e-01 1.244846562088179898e-01 4.836165396587506733e-19 6.297382799216779814e-19
7.499999999999999722e-03 3.195641579126377030e-01 1.106366503828484782e-01 3.615449704565050046e-18 3.786434799855087572e-18
8.000000000000000167e-03 3.001152682584119491e-01 9.997868008600259426e-02 1.541289236483061334e-17 1.532541291300315128e-17
8.500000000000000611e-03 2.858637457554699113e-01 9.119130212076574649e-02 3.707970973902658221e-17 4.690282112542235146e-17
9.000000000000001055e-03 2.753495220607283800e-01 8.405617497082916445e-02 4.910644295525270477e-17 1.179263144260131925e-16
9.500000000000001499e-03 2.675509713590179528e-01 7.992051370062275284e-02 3.137214321384580801e-18 2.526312711865898250e-16
1.000000000000000021e-02 2.617481928398951996e-01 6.437509539523644797e-02 3.281720527695288641e-16 4.810578060367683057e-16
1.050000000000000065e-02 2.574286563469866396e-01 2.268224896935795015e-02 7.212491685971791903e-16 8.224432190256145119e-16
1.100000000000000110e-02 2.542234624640404839e-01 1.513874394956146903e-02 1.417888111553679298e-15 1.294535204203060769e-15
1.150000000000000154e-02 2.518640620084002246e-01 1.289650622042544555e-02 2.432107353654348915e-15 1.890669089048146804e-15
1.200000000000000198e-02 2.501527910174980995e-01 1.127206987131424039e-02 3.784765757983607767e-15 2.591600494317738319e-15
1.250000000000000069e-02 2.489428999126739595e-01 1.048908782226102079e-02 5.239667307344472417e-15 3.362343732364687716e-15
1.300000000000000114e-02 2.481244287409637983e-01 9.731881823262412620e-03 6.715645532293229885e-15 4.151291111483507612e-15
1.350000000000000158e-02 2.476141465468127412e-01 9.091801047782191447e-03 7.702853856258223105e-15 4.894269648009940411e-15
1.400000000000000203e-02 2.473486501900049872e-01 8.732378180572096180e-03 8.236845829136555141e-15 5.579427678597465706e-15
1.450000000000000247e-02 2.472791378925293937e-01 8.345200761044120619e-03 7.888730052337289046e-15 6.095465387460070293e-15
1.499999999999999944e-02 2.473675468723713911e-01 8.138054602250224118e-03 6.723108505069613796e-15 6.475999396869744339e-15
1.550000000000000162e-02 2.475841303897612922e-01 7.812168116714772806e-03 5.026016534255965527e-15 6.673053746114710897e-15
1.600000000000000033e-02 2.479052138186417231e-01 7.625024307302394680e-03 2.931504774116910385e-15 6.691523506062179590e-15
1.650000000000000078e-02 2.483116518758209657e-01 7.454291591002751120e-03 1.137019615526444111e-15 6.531198263124773127e-15
1.700000000000000122e-02 2.487879394166602753e-01 7.235212411753537062e-03 1.481239584840065365e-16 6.211047692109399311e-15
1.750000000000000167e-02 2.493211841256679495e-01 7.079948290678646922e-03 6.614316561060053527e-16 5.751680132474875558e-15
1.800000000000000211e-02 2.499006108812968363e-01 6.996736586374512241e-03 3.449591527849002549e-15 5.179059673020779788e-15
1.850000000000000255e-02 2.505171110643727439e-01 6.881244246730940269e-03 9.040334751210435912e-15 4.536697240618598929e-15
1.900000000000000300e-02 2.511628826738879772e-01 6.772808987612969657e-03 1.770404942769656197e-14 3.865153916522747857e-15
1.950000000000000344e-02 2.518315726485250150e-01 6.649834810566279328e-03 3.040521641129531722e-14 3.168155613745099589e-15
2.000000000000000042e-02 2.525219087290865860e-01 6.579727089698295291e-03 4.696282356624126466e-14 2.486930978852379142e-15
