# time 1 2 D-1 D
0.000000000000000000e+00 9.999999487256245878e-01 6.195282288801406348e-11 9.662930905743835280e-35 5.411131104621158168e-36
1.250000000000000243e-03 9.991237882948162952e-01 3.453350161150978320e-06 8.345728199806952858e-29 1.591447920296303343e-24
2.500000000000000486e-03 9.962632924583775251e-01 7.029464846843707108e-05 3.343473840648717108e-25 8.558772890141641431e-21
3.750000000000000729e-03 9.908745992867614705e-01 4.815780609443618917e-04 7.364255659050444327e-23 1.416297266952197457e-18
5.000000000000000971e-03 9.818870728584989660e-01 2.087551944610058566e-03 3.050533266096807959e-21 5.487770429507865083e-17
6.250000000000000347e-03 9.671526491258360947e-01 6.947614141023619391e-03 5.721789633002071474e-20 9.347072108614172412e-16
7.500000000000001457e-03 9.428338438003531774e-01 1.905258628098656024e-02 7.573328488006285076e-19 9.229920671742901971e-15
8.750000000000000833e-03 9.038773170273589619e-01 4.349985459372760627e-02 8.711897546820530517e-18 6.122322256560390738e-14
1.000000000000000194e-02 8.475126485611425009e-01 7.888162906692089416e-02 7.700692902803155227e-17 2.989548731906749291e-13
1.125000000000000132e-02 7.782056734742817117e-01 1.023097184098017004e-01 5.211210625017822157e-16 1.148069359796883224e-12
1.250000000000000069e-02 7.067599090649039351e-01 1.069941623232913419e-01 2.709543330667392929e-15 3.658235396117562506e-12
1.375000000000000180e-02 6.430707379885447494e-01 1.112439782286536033e-01 1.070042502179903863e-14 1.011592623862058976e-11
1.500000000000000291e-02 5.916620768088028948e-01 1.170688976448191199e-01 3.011907463165977567e-14 2.517273914804800395e-11
1.625000000000000056e-02 5.526255470755704335e-01 1.236383021495872647e-01 4.111591669960852221e-14 5.786531769131465965e-11
1.750000000000000167e-02 5.240365192965276142e-01 1.294498694701726738e-01 1.001114899715035502e-16 1.245558989757629604e-10
1.875000000000000278e-02 5.035459812708396043e-01 1.339664642129674288e-01 1.167989032165464170e-12 2.500191859178951009e-10
2.000000000000000389e-02 4.890614265843023500e-01 1.358050610168683447e-01 2.331752311476239347e-11 4.464713783279032009e-10
2.125000000000000500e-02 4.789302983275955938e-01 1.248342217630891010e-01 1.528779277108238996e-10 6.476247797937794032e-10
2.250000000000000264e-02 4.719206388823773968e-01 6.558054555513612160e-02 4.400039776352793060e-10 7.890934684386769084e-10
2.375000000000000375e-02 4.671401044421739646e-01 2.703737535333857259e-02 7.944659873744962393e-10 9.171475184160024774e-10
2.500000000000000139e-02 4.639509835704336282e-01 1.543058413060269599e-02 1.145553125312507804e-09 1.057828374268944966e-09
2.625000000000000250e-02 4.618998264983534274e-01 1.058300411407623633e-02 1.485281792840989011e-09 1.189146959607924740e-09
2.750000000000000361e-02 4.606640139384179378e-01 8.148406753414515202e-03 1.813161527474202515e-09 1.293201072887743406e-09
2.875000000000000472e-02 4.600131779636831841e-01 6.750186740643307134e-03 2.115445296256685873e-09 1.371561659835293988e-09
3.000000000000000583e-02 4.597819418272537373e-01 5.713966696779165626e-03 2.384833993361270458e-09 1.423524829382224369e-09
3.125000000000000000e-02 4.598508656548059848e-01 4.988304876993860174e-03 2.627962336340783932e-09 1.438337577690639728e-09
3.250000000000000111e-02 4.601332354034762262e-01 4.453230912104001564e-03 2.851127557066426027e-09 1.409864250930759176e-09
3.375000000000000222e-02 4.605657083609145941e-01 3.983273658403323030e-03 3.023908328002788085e-09 1.356070140590908935e-09
3.500000000000000333e-02 4.611016421294574230e-01 3.671620858121369541e-03 3.198413409590333024e-09 1.269129131427820849e-09
3.625000000000000444e-02 4.617068056663451991e-01 3.377550402657964260e-03 3.322549911418829074e-09 1.157324217920268871e-09
3.750000000000000555e-02 4.623558272234534194e-01 3.172814671400233082e-03 3.439892167810638360e-09 1.018114843164636443e-09
3.875000000000000666e-02 4.630299444561197797e-01 2.972283172525993101e-03 3.495692062813420376e-09 8.662894123317535651e-10
4.000000000000000777e-02 4.637153534325008097e-01 2.810651977582249907e-03 3.571325810053500863e-09 6.972859283410404194e-10
4.125000000000000888e-02 4.644017831379919081e-01 2.640486899148782388e-03 3.621731652424812728e-09 5.300945689098340265e-10
4.250000000000000999e-02 4.650818191591961082e-01 2.545557537387983012e-03 3.683440499872206390e-09 3.713725662723662006e-10
4.375000000000000416e-02 4.657500192239578118e-01 2.428492375389258284e-03 3.698355884085260880e-09 2.321928705823379857e-10
4.500000000000000527e-02 4.664025005348695352e-01 2.321724111224479116e-03 3.695046674971577815e-09 1.221303893098746085e-10
4.625000000000000638e-02 4.670366229335499719e-01 2.259690623254810571e-03 3.759045513218392070e-09 4.887749786359992047e-11
4.750000000000000749e-02 4.676505171374908398e-01 2.174957461700556625e-03 3.768370060320925133e-09 1.690314390825091016e-11
4.875000000000000860e-02 4.682430984740574287e-01 2.129417588546950960e-03 3.700153008479378841e-09 2.702161421998604595e-11
5.000000000000000278e-02 4.688197848194315398e-01 2.067503073702136457e-03 3.669847442174935214e-09 7.654672975883189543e-11
