# time 1 2 D-1 D
0.000000000000000000e+00 9.999999698238586365e-01 2.072825922787289287e-10 7.807897964390570353e-34 1.275646469512346190e-34
5.000000000000000104e-04 9.999992505637970153e-01 1.566908496052528103e-07 1.907495743391160456e-20 2.473870047443352735e-23
1.000000000000000021e-03 9.999877885716685899e-01 3.116554784463986683e-06 1.711076329541620577e-18 7.360725152488390445e-22
1.500000000000000248e-03 9.999322929102903990e-01 2.162977159103138930e-05 5.286975423163786964e-18 1.265362381392417545e-21
2.000000000000000042e-03 9.997561433406755294e-01 9.542124632728024895e-05 1.971419677791461724e-17 5.048400571922228781e-20
2.500000000000000052e-03 9.992958178630090282e-01 3.271840053287636382e-04 5.568142105293246575e-17 5.694854272821384512e-19
3.000000000000000496e-03 9.982121333501412508e-01 9.634927858678605161e-04 1.385072283707575973e-16 3.493874366787602393e-18
3.500000000000000507e-03 9.958224586219054375e-01 2.529630365846577585e-03 4.220550195512080166e-16 1.931725300554324034e-17
4.000000000000000083e-03 9.908090231517566737e-01 6.118408351134354758e-03 1.581247003262175076e-15 9.934527180521693582e-17
4.500000000000000527e-03 9.807789162135935879e-01 1.376512041774853763e-02 6.639726225296251394e-15 4.662091784590129632e-16
5.000000000000000104e-03 9.617971201578551232e-01 2.887691622314119202e-02 2.947799433456377254e-14 1.948887259333375164e-15
5.500000000000000548e-03 9.284577506966797955e-01 5.615689528891657650e-02 1.374610441194532470e-13 7.206210199322306130e-15
6.000000000000000992e-03 8.756970412835075601e-01 9.959132917204158164e-02 7.416525344459795325e-13 2.223116586565531726e-14
6.500000000000000569e-03 8.028834646982544454e-01 1.583850532031311764e-01 5.489306595071160934e-12 5.483311633326370427e-14
7.000000000000001013e-03 7.168916889777027235e-01 2.240252673117439086e-01 7.012573229876454399e-11 1.042195242931639178e-13
7.499999999999999722e-03 6.291481716207079078e-01 2.813649915773688837e-01 7.305322112758920569e-10 1.422388289998655128e-13
8.000000000000000167e-03 5.490206844721681190e-01 2.984837797417305705e-01 2.141816426001049894e-09 1.106652176348598767e-13
8.500000000000000611e-03 4.806609314535547073e-01 1.774303375521244786e-01 4.428152141095620445e-09 9.179086482215924945e-15
9.000000000000001055e-03 4.242089206007825797e-01 8.747441403210484689e-02 7.990448826830632056e-09 2.127412602602378270e-13
9.500000000000001499e-03 3.780238243857518832e-01 6.341279080608137886e-02 1.311891400801609210e-08 2.243606934419399885e-12
1.000000000000000021e-02 3.401095497190237404e-01 5.654768040357997794e-02 1.994642661437317873e-08 1.015411674933145722e-11
1.050000000000000065e-02 3.087045410138436474e-01 5.564177355976686334e-02 2.845623350151352561e-08 3.395714872810956522e-11
1.100000000000000110e-02 2.824282115176720565e-01 5.686275060157836014e-02 3.842854464231455323e-08 9.320311864246098625e-11
1.150000000000000154e-02 2.602588930253986743e-01 5.940773772612530090e-02 4.951800950034970069e-08 2.141019877428219994e-10
1.200000000000000198e-02 2.414133778915023842e-01 6.246646989235894731e-02 6.124935531749318631e-08 4.576541249621298500e-10
1.250000000000000069e-02 2.253517710520529793e-01 6.570812844157924992e-02 7.309852743880274792e-08 9.044734798292702040e-10
1.300000000000000114e-02 2.116419544970065958e-01 6.888820608558331171e-02 8.458050300039685334e-08 1.630384326717673053e-09
1.350000000000000158e-02 1.999457851076040515e-01 7.184890570497128037e-02 9.522580484148379509e-08 2.735760509061523134e-09
1.400000000000000203e-02 1.899986900584925420e-01 7.448238847972338261e-02 1.047403461372894241e-07 4.241030376435763756e-09
1.450000000000000247e-02 1.815666776991463616e-01 7.673474064439639308e-02 1.129190272393625894e-07 6.166585471636531125e-09
1.499999999999999944e-02 1.744615107927407760e-01 7.857051902363169915e-02 1.198239220678167497e-07 8.351897096797068555e-09
1.550000000000000162e-02 1.685190562398310166e-01 7.995318495764754119e-02 1.256932778880122539e-07 1.053386261713318964e-08
1.600000000000000033e-02 1.635963865425624497e-01 8.089939377448086832e-02 1.305787934740963159e-07 1.269195091946303835e-08
1.650000000000000078e-02 1.595671269565010486e-01 8.142773388727536643e-02 1.349443241443973904e-07 1.443722203005381105e-08
1.700000000000000122e-02 1.563177965652562396e-01 8.161329791323017335e-02 1.391020488472792345e-07 1.555233360299574017e-08
1.750000000000000167e-02 1.537450812792956478e-01 8.154956461054110872e-02 1.430808741938078902e-07 1.612086774587817151e-08
1.800000000000000211e-02 1.517541854489756759e-01 8.133504136729717560e-02 1.468872362812228458e-07 1.624643179946939410e-08
1.850000000000000255e-02 1.502582615287356427e-01 8.140276818653131852e-02 1.509349192797910151e-07 1.564722088155263854e-08
1.900000000000000300e-02 1.491785973996430648e-01 8.204066045001739971e-02 1.548957622319585396e-07 1.472802182649466278e-08
1.950000000000000344e-02 1.484451470286408392e-01 8.279610301599059363e-02 1.587620898296742852e-07 1.358907422772216640e-08
2.000000000000000042e-02 1.479971387472095168e-01 7.174068000607970730e-02 1.627685310492450787e-07 1.207870773111420647e-08
