# time 1 2 D-1 D
0.000000000000000000e+00 9.999999449951656461e-01 3.391240287174626040e-08 3.837145316813816635e-35 1.394140891850040884e-35
1.250000000000000243e-03 9.990655634641414373e-01 1.033379360248294090e-07 2.171385073336140488e-28 1.141039018053827920e-30
2.500000000000000486e-03 9.961002127981444243e-01 2.099299501863548979e-06 4.560634601982495700e-24 6.771849068819493902e-27
3.750000000000000729e-03 9.909070087632239066e-01 1.430608255756689402e-05 1.727583971574399408e-21 2.434096313423880393e-24
5.000000000000000971e-03 9.833816213440992327e-01 6.197710035990238830e-05 1.239837118721527864e-19 3.175031036638025362e-22
6.250000000000000347e-03 9.735353943408147082e-01 2.062657113873266686e-04 3.489343771682537059e-18 1.820706109774097313e-20
7.500000000000001457e-03 9.614773043644029293e-01 5.794491545973374288e-04 5.335427462041393856e-17 5.145220955679852170e-19
8.750000000000000833e-03 9.473359768500763112e-01 1.453915489824255010e-03 5.211597515302033122e-16 8.135241645434564636e-18
1.000000000000000194e-02 9.311314813630036102e-01 3.277985375845493803e-03 3.582285538762679650e-15 7.962821260101508162e-17
1.125000000000000132e-02 9.126464484422029955e-01 6.612726213292629412e-03 1.841725106192336422e-14 5.178532653535973629e-16
1.250000000000000069e-02 8.913651376082879496e-01 1.187458147428628423e-02 7.418517981313241426e-14 2.340881438268788758e-15
1.375000000000000180e-02 8.665253683336601176e-01 1.926331708018568997e-02 2.423418098266422702e-13 7.520030636832215366e-15
1.500000000000000291e-02 8.372765694225837718e-01 2.887274483926216898e-02 6.624849991052344086e-13 1.710107305451411953e-14
1.625000000000000056e-02 8.028916839195741062e-01 4.041055767556311212e-02 1.554761278943777501e-12 2.632030351771428884e-14
1.750000000000000167e-02 7.629635727492177777e-01 5.426279992179581374e-02 3.176706780719200929e-12 2.379420791357595079e-14
1.875000000000000278e-02 7.175303892920731341e-01 6.946414842410884860e-02 5.654430276902356604e-12 6.907715470511156018e-15
2.000000000000000389e-02 6.671070377449104249e-01 8.657343275558124218e-02 8.422347794719897634e-12 4.484369850619131134e-15
2.125000000000000500e-02 6.126352275977942075e-01 1.032431852246746412e-01 9.511257150428156416e-12 7.532485296801457270e-14
2.250000000000000264e-02 5.553844867679447184e-01 1.203093640825735749e-01 8.266167615132679955e-12 2.824845220882875002e-13
2.375000000000000375e-02 4.968342553835579101e-01 1.366932786719072812e-01 6.940909813841615514e-12 6.769391362942721236e-13
2.500000000000000139e-02 4.385525915289856802e-01 1.509949365611175931e-01 6.167534405374131643e-12 1.302416415328412199e-12
2.625000000000000250e-02 3.820737929861362514e-01 1.624664279296072211e-01 5.797555119969716180e-12 2.204762298794962337e-12
2.750000000000000361e-02 3.287748904161762464e-01 1.713213859956030649e-01 5.588897371952785616e-12 3.446960507164938271e-12
2.875000000000000472e-02 2.797605327420753518e-01 1.754006340739219794e-01 5.388639774993574224e-12 5.103361806168519285e-12
3.000000000000000583e-02 2.357777705712345295e-01 1.771257000504560253e-01 5.075554351487352534e-12 7.230549342377442758e-12
3.125000000000000000e-02 1.971832549522784805e-01 1.750920988976253645e-01 4.602148846295723938e-12 9.837505246006765638e-12
3.250000000000000111e-02 1.639711421809671166e-01 1.719213454699342059e-01 3.916413911180045225e-12 1.296525637464686411e-11
3.375000000000000222e-02 1.358492625128148446e-01 1.644802830321809572e-01 3.083354292741345774e-12 1.654742805946439416e-11
3.500000000000000333e-02 1.123375486719681571e-01 1.554886295839585653e-01 2.181235736038033055e-12 2.051822294181461554e-11
3.625000000000000444e-02 9.286283090697715348e-02 1.386605923702081133e-01 1.340320240731675730e-12 2.477781867220205105e-11
3.750000000000000555e-02 7.683366839869615328e-02 9.893975513534747357e-02 6.342126180006563337e-13 2.928499407686837758e-11
3.875000000000000666e-02 6.369007271787910374e-02 9.961560308164769950e-02 1.601539616526013692e-13 3.398614879977226386e-11
4.000000000000000777e-02 5.293071745495772640e-02 9.258447602187497294e-02 2.422079270752290337e-15 3.884800138053265655e-11
4.125000000000000888e-02 4.412351667052526183e-02 8.837138732456115142e-02 2.202382579021598934e-13 4.386584826480283522e-11
4.250000000000000999e-02 3.690564391066065292e-02 8.158502905266903915e-02 8.758832088736876892e-13 4.904041564568760240e-11
4.375000000000000416e-02 3.097779279771265687e-02 7.700970132527415468e-02 2.007624715148752053e-12 5.437399274041385699e-11
4.500000000000000527e-02 2.609594961600203433e-02 7.157536053806189125e-02 3.676130178123018896e-12 5.984161086883672614e-11
4.625000000000000638e-02 2.206266531948833723e-02 6.751505171987910725e-02 5.850880216222399117e-12 6.547659993665676235e-11
4.750000000000000749e-02 1.871885445186210681e-02 6.303479430739797329e-02 8.535933182050345689e-12 7.127294006242307570e-11
4.875000000000000860e-02 1.593658808002377733e-02 5.898593320671926404e-02 1.156153125216540882e-11 7.722299359281315956e-11
5.000000000000000278e-02 1.361303088198522956e-02 5.521881173011203292e-02 1.485564346893532247e-11 8.332735762433242033e-11
