# time 1 2 D-1 D
0.000000000000000000e+00 9.999999501075607089e-01 4.412868532224306193e-09 2.509315966880206468e-36 1.324818867575181552e-36
2.500000000000000052e-04 9.960831082716163909e-01 6.269294856735654286e-06 4.200101576254569143e-33 1.777225575520741314e-34
5.000000000000000104e-04 9.832778854912426203e-01 3.796877950426301044e-05 9.075713343998568181e-29 9.597193729544336342e-30
7.500000000000001240e-04 9.599576646461156493e-01 6.919767872067428965e-05 4.128339182955021380e-26 6.152580439314861071e-27
1.000000000000000021e-03 9.245657950017667215e-01 1.171373592287407617e-04 4.523627182270870256e-24 5.215187147354509841e-25
1.250000000000000026e-03 8.758648532857781221e-01 1.309447005893164308e-04 2.010140803511802128e-22 1.223103072155169028e-23
1.500000000000000248e-03 8.133186441717712434e-01 1.362357194885295856e-04 5.081125874942510257e-21 8.027822729584403061e-23
1.750000000000000253e-03 7.375744186595863949e-01 1.432974778742421241e-04 8.355158868441336419e-20 3.864810650016694425e-24
2.000000000000000042e-03 6.509023266479835312e-01 1.327441651096120058e-04 9.935874308650110295e-19 2.107033338961061595e-20
2.250000000000000264e-03 5.573325848850028130e-01 1.022329429531207033e-04 9.070051252711634154e-18 7.586170057423489992e-19
2.500000000000000052e-03 4.622359292687983068e-01 7.007704416123059421e-05 6.682722250189331587e-17 1.278069493242384780e-17
2.750000000000000274e-03 3.713302352043683641e-01 4.403758267249008291e-05 4.113275652725409063e-16 1.433962220299219160e-16
3.000000000000000496e-03 2.894630225239236965e-01 2.299940722386489351e-05 2.175317828740980373e-15 1.219005374809051984e-15
3.250000000000000284e-03 2.197042040768843463e-01 9.236983317331117223e-06 1.024914872640811823e-14 8.394985494439626728e-15
3.500000000000000507e-03 1.630933597653164979e-01 1.772084248167361615e-06 4.332135182258173175e-14 4.881899601346504609e-14
3.749999999999999861e-03 1.189946604434607841e-01 2.128619039587306090e-07 1.710510419251581430e-13 2.466859919603696947e-13
4.000000000000000083e-03 8.574776431275626942e-02 4.189891758980883579e-09 6.187709420469250235e-13 1.106297256187983136e-12
4.250000000000000305e-03 6.129781266115515853e-02 8.062464945136128178e-09 2.161055878932230157e-12 4.474781305930907596e-12
4.500000000000000527e-03 4.363614924264157952e-02 2.296812760016945414e-07 7.180388742488703596e-12 1.652074318121512973e-11
4.750000000000000749e-03 3.103032197291274996e-02 9.874125430806990909e-07 2.382003679727442385e-11 5.613933165751924605e-11
5.000000000000000104e-03 2.209758122332333014e-02 2.277781177576594637e-06 7.838510827564500824e-11 1.749980947256706507e-10
5.250000000000000326e-03 1.578902169548520792e-02 4.179880581153034463e-06 2.634966692961149729e-10 4.967362142823102619e-10
5.500000000000000548e-03 1.133593946611883251e-02 5.610095986118560393e-06 9.265771146436245256e-10 1.227856821574174581e-09
5.750000000000000770e-03 8.186187353212307644e-03 7.379578993692889007e-06 3.214139569440565525e-09 2.495593664882600067e-09
6.000000000000000992e-03 5.950742732915885284e-03 8.946907523348926881e-06 1.010051014129444264e-08 3.903912025480727841e-09
6.250000000000000347e-03 4.356385192542867879e-03 9.912411814516130243e-06 2.637709077358969903e-08 5.129507900875238725e-09
6.500000000000000569e-03 3.212687872068352088e-03 1.080687612028360062e-05 5.872961834773198697e-08 6.236151022999750858e-09
6.750000000000000791e-03 2.386691738184395367e-03 1.169783503318246230e-05 1.159337959069957680e-07 7.607221143433856918e-09
7.000000000000001013e-03 1.786655294160989678e-03 1.173570329024736581e-05 2.127223063231548638e-07 8.696112318310031612e-09
7.250000000000001235e-03 1.346918095341423892e-03 1.196744414984996276e-05 3.683761715577551559e-07 9.780977325226968272e-09
7.499999999999999722e-03 1.022279016459010439e-03 1.203306923667832753e-05 6.125377979519674720e-07 1.070439151863381179e-08
7.750000000000000812e-03 7.805619031937101803e-04 1.207538828003512167e-05 9.887929035541070876e-07 9.654837745583523719e-09
8.000000000000000167e-03 5.994583425727801262e-04 1.185114639315429125e-05 1.563425530410087192e-06 7.826552019496477303e-09
8.250000000000000389e-03 4.620607995460904996e-04 1.167242151844164612e-05 2.421973028315372654e-06 4.593759806615457190e-09
8.500000000000000611e-03 3.574309723868843353e-04 1.091613367920021854e-05 3.686973300568614640e-06 5.224924527125324139e-10
8.750000000000000833e-03 2.765684326261207853e-04 9.834902770313866521e-06 5.503207965930885906e-06 2.728642523363376606e-09
9.000000000000001055e-03 2.134585468403897850e-04 8.388132401370451029e-06 8.044100081055270980e-06 3.531321603851227465e-08
9.250000000000001277e-03 1.634915370873264197e-04 5.864618991922359270e-06 1.152917900699263363e-05 1.942766847443341514e-07
9.500000000000001499e-03 1.229782226127167945e-04 3.057149499957664779e-06 1.616972447315591897e-05 8.518349164300797784e-07
9.750000000000001721e-03 8.954707532510226354e-05 7.966510126713114046e-07 2.257556592552654052e-05 3.955785371116106907e-06
1.000000000000000021e-02 2.023677194110319965e-05 4.082587898396996325e-05 3.855777085177499342e-05 2.245181058117072973e-05
