# time 1 2 D-1 D
0.000000000000000000e+00 9.999999701208108771e-01 1.246345317503345510e-08 4.133332011078866846e-35 2.256126307533215986e-34
2.500000000000000052e-04 9.997150534409992018e-01 5.495342724842126179e-09 4.159704238346847665e-19 4.631554507452389175e-25
5.000000000000000104e-04 9.987975780180110563e-01 5.404942997870343561e-08 1.269838934487548103e-16 2.212270010148367477e-21
7.500000000000001240e-04 9.971418143020828184e-01 3.371063519648498078e-07 3.800302435584672346e-15 3.853277896761153948e-19
1.000000000000000021e-03 9.946286645407089733e-01 1.345358000105771091e-06 4.385340234764847366e-14 1.642652837146621534e-17
1.250000000000000026e-03 9.911288117190344416e-01 4.302546741619633328e-06 2.952336873614412932e-13 3.173846872614420884e-16
1.500000000000000248e-03 9.865054998161314481e-01 1.167631711309847864e-05 1.406586097596081811e-12 3.661598972389362225e-15
1.750000000000000253e-03 9.806159057573595739e-01 2.913551382226052820e-05 5.188363046538706813e-12 2.916208074187105798e-14
2.000000000000000042e-03 9.733100170305908350e-01 6.765553508365689602e-05 1.604604847436905486e-11 1.744034566022401973e-13
2.250000000000000264e-03 9.644258941487872105e-01 1.463401193619913584e-04 4.288053954370083335e-11 8.251692527391913097e-13
2.500000000000000052e-03 9.537802034298455967e-01 3.028363853520030864e-04 1.037578450748211640e-10 3.197090790307527852e-12
2.750000000000000274e-03 9.411529991641414128e-01 5.968224730481826558e-04 2.333850252185540154e-10 1.039742373994376989e-11
3.000000000000000496e-03 9.262661972621614170e-01 1.136136694266755244e-03 2.549237587212570282e-10 2.894737847348193669e-11
3.250000000000000284e-03 9.087564990850133251e-01 2.086462526441504838e-03 2.390791389104387936e-10 7.019758300164061699e-11
3.500000000000000507e-03 8.881467607598435565e-01 3.676948901849210090e-03 3.838734416704306142e-10 1.506698392927358575e-10
3.749999999999999861e-03 8.638262511299403812e-01 6.256494886081738829e-03 6.718364426431603052e-10 2.905290621147940756e-10
4.000000000000000083e-03 8.350608489894514319e-01 1.026634163984421581e-02 1.103574935849767924e-09 5.101149810215965577e-10
4.250000000000000305e-03 8.010667545094417585e-01 1.618531205028508196e-02 1.761677307142753215e-09 8.252479613525262559e-10
4.500000000000000527e-03 7.611844956950610808e-01 2.437233338368869143e-02 2.432899293081519599e-09 1.242438302767418123e-09
4.750000000000000749e-03 7.151590470969622082e-01 3.492244969504714608e-02 3.220479433013618087e-09 1.755105425558943250e-09
5.000000000000000104e-03 6.634463925083718960e-01 4.735156569129472803e-02 3.588592635355760212e-09 2.341605778400199155e-09
5.250000000000000326e-03 6.073565809720796738e-01 6.061012941019506411e-02 3.876810122049538586e-09 2.965462667124931863e-09
5.500000000000000548e-03 5.488924376638401048e-01 7.312118948619279746e-02 3.318628683664444916e-09 3.577798205163081923e-09
5.750000000000000770e-03 4.901961177606908304e-01 8.381954064551494499e-02 1.554942316480792141e-09 4.121708274973024498e-09
6.000000000000000992e-03 4.330527527342492577e-01 9.180036990656291473e-02 1.944222382863090255e-11 4.538180283234188249e-09
6.250000000000000347e-03 3.785553613770453740e-01 9.798342429517571672e-02 2.875730105670359894e-09 4.773111536866419093e-09
6.500000000000000569e-03 3.271743735833151367e-01 1.030656963175366064e-01 1.713577188826757175e-08 4.784965857112022176e-09
6.750000000000000791e-03 2.788774784494574832e-01 1.083038623310301068e-01 3.518377793938801104e-08 4.552514261064812213e-09
7.000000000000001013e-03 2.336918062696549114e-01 1.132431801991154452e-01 4.477885311127863873e-08 4.081845760868332905e-09
7.250000000000001235e-03 1.911885741136002126e-01 1.182381884276239997e-01 4.681946352963052051e-08 3.411347611970793497e-09
7.499999999999999722e-03 1.524482767193278687e-01 1.211786393349239821e-01 4.451123466526163139e-08 2.612633254055156695e-09
7.750000000000000812e-03 1.176952481475178058e-01 1.213746720240896776e-01 3.844310915007774149e-08 1.784704705648349562e-09
8.000000000000000167e-03 8.695397869130126745e-02 1.182840364472000361e-01 2.989417199222800761e-08 1.038596525077916112e-09
8.250000000000000389e-03 6.196415477263497035e-02 1.101475309882655185e-01 2.064041111659562393e-08 4.715682369812092901e-10
8.500000000000000611e-03 4.214164618207137669e-02 9.765045135971119061e-02 1.167528706861197903e-08 1.350846060900211323e-10
8.750000000000000833e-03 2.751917850765413232e-02 8.203887227916886737e-02 4.353435360308557210e-09 9.578382435453553165e-12
9.000000000000001055e-03 1.692429168065262904e-02 6.583353382874730653e-02 3.536477098664038665e-10 7.043805636546889175e-12
9.250000000000001277e-03 1.000983123244234517e-02 5.090052999816216395e-02 1.072277400235729043e-09 1.898219432064191937e-11
9.500000000000001499e-03 5.530952514571130935e-03 3.836320174932308230e-02 7.445062567234307979e-09 1.507765323179641916e-12
9.750000000000001721e-03 2.779272573511271192e-03 2.904737344425235498e-02 1.947979312344430194e-08 5.058513398646488770e-11
1.000000000000000021e-02 1.251497167203886656e-03 2.207110537648957968e-02 3.664829615787011989e-08 4.079637805598274539e-10
