# time 1 2 D-1 D
0.000000000000000000e+00 9.999999674835031716e-01 1.200551119748339212e-08 3.996680792795776458e-35 4.618517304380768153e-35
2.500000000000000052e-04 9.999948979243725722e-01 3.921518528728478761e-06 6.216596390833376984e-22 1.602861831727994296e-22
5.000000000000000104e-04 9.999005777415331808e-01 7.900851150288368198e-05 3.123789229674902423e-20 7.344116142429024501e-22
7.500000000000001240e-04 9.993832014792587426e-01 5.097653955028013219e-04 1.406448221423683020e-19 8.937387919334479831e-21
1.000000000000000021e-03 9.975986401874993303e-01 2.049235302658784699e-03 1.217257441032457642e-18 3.585849608697599485e-21
1.250000000000000026e-03 9.927759554510587892e-01 6.347725949290269898e-03 4.881196778995917938e-18 9.669312964009953142e-20
1.500000000000000248e-03 9.817022669453315808e-01 1.644778698870705269e-02 2.081546486455402321e-17 1.039164937663957980e-18
1.750000000000000253e-03 9.595406844052409845e-01 3.704649739134310144e-02 9.478528202415497954e-17 7.089392081789700562e-18
2.000000000000000042e-03 9.210726551368907389e-01 7.318325379103915451e-02 4.318410440383643979e-16 3.917902404786727691e-17
2.250000000000000264e-03 8.642417450922552646e-01 1.267749662260598265e-01 1.921596728074650561e-15 1.926711087341107691e-16
2.500000000000000052e-03 7.936827301149060876e-01 1.925630209131537762e-01 8.127199406924715804e-15 8.061431596857091805e-16
2.750000000000000274e-03 7.192515445079247227e-01 2.566313637886827315e-01 3.344850654202140824e-14 3.070586597311015637e-15
3.000000000000000496e-03 6.501934682170440460e-01 2.414652827489763287e-01 1.377699038069661351e-13 1.082905885504383335e-14
3.250000000000000284e-03 5.913912231399280905e-01 9.620209822047902370e-02 5.709565850465517804e-13 3.717209770477568061e-14
3.500000000000000507e-03 5.437779401977895777e-01 5.751059236483708342e-02 2.464667838744434467e-12 1.256051152719162991e-13
3.749999999999999861e-03 5.062416422965390073e-01 4.526376270913545774e-02 1.139562039174161384e-11 4.144736558797487175e-13
4.000000000000000083e-03 4.770407353446208254e-01 3.868799870394793589e-02 5.333185771716182110e-11 1.304958206065311632e-12
4.250000000000000305e-03 4.544715962904263828e-01 3.387388275406495036e-02 1.601992782357115359e-10 3.840988176684798009e-12
4.500000000000000527e-03 4.370900703658555098e-01 2.986917605693600528e-02 3.129335938313253805e-10 1.044475459118318497e-11
4.750000000000000749e-03 4.237405578997147648e-01 2.620562002894158068e-02 5.411404174682533286e-10 2.613640695134054792e-11
5.000000000000000104e-03 4.135202726031269038e-01 2.297577482006387534e-02 8.692282487156251511e-10 6.028557807231422229e-11
5.250000000000000326e-03 4.057303017134183953e-01 2.014711677369944096e-02 1.315548299866406761e-09 1.286978655234285509e-10
5.500000000000000548e-03 3.998306768535814792e-01 1.774170076130533735e-02 1.882068066005899869e-09 2.558228687822830871e-10
5.750000000000000770e-03 3.954039027839041376e-01 1.565755849400008587e-02 2.561686143475445088e-09 4.762785219735511539e-10
6.000000000000000992e-03 3.921264579396748773e-01 1.390282732131087849e-02 3.336463816236532457e-09 8.354060883227258383e-10
6.250000000000000347e-03 3.897470361554142837e-01 1.238241026184140094e-02 4.153081928998283460e-09 1.387487234068521343e-09
6.500000000000000569e-03 3.880699419832437935e-01 1.109049262480720117e-02 4.989823680611295464e-09 2.192134840657172673e-09
6.750000000000000791e-03 3.869424418167822233e-01 1.002196041367869883e-02 5.786533817216365941e-09 3.306899238957624372e-09
7.000000000000001013e-03 3.862450927531583256e-01 9.077603724820837092e-03 6.593331649978559197e-09 4.774402500543562244e-09
7.250000000000001235e-03 3.858842519120559977e-01 8.291125056202441890e-03 7.383547201154677694e-09 6.623344219601703625e-09
7.499999999999999722e-03 3.857864159390902992e-01 7.608781264409634169e-03 8.303915310079009394e-09 8.808486084421429225e-09
7.750000000000000812e-03 3.858937970547210439e-01 7.004783962653386362e-03 9.370959659813337809e-09 1.134055951956861901e-08
8.000000000000000167e-03 3.861609022993626739e-01 6.483590904859886685e-03 1.083303836200734875e-08 1.405802081302172129e-08
8.250000000000000389e-03 3.865518873443192227e-01 6.039581029865815145e-03 1.265034469894718749e-08 1.700651428406934550e-08
8.500000000000000611e-03 3.870384969357027471e-01 5.652882239742832056e-03 1.445455620226761163e-08 2.039655255289981340e-08
8.750000000000000833e-03 3.875984494305447781e-01 5.306156295683512637e-03 1.538853963937842458e-08 2.463317367897753931e-08
9.000000000000001055e-03 3.882141624843759575e-01 4.994384503662656002e-03 1.440236791864929182e-08 3.014275653457929698e-08
9.250000000000001277e-03 3.888717421661876950e-01 4.729380153999753096e-03 9.933768017033887471e-09 3.727485991056585054e-08
9.500000000000001499e-03 3.895601780985991081e-01 4.501899272158916242e-03 2.077854934768979598e-09 4.625667005848076528e-08
9.750000000000001721e-03 3.902707044337293540e-01 4.291101887924272593e-03 8.169047639206768394e-09 5.721587802994276864e-08
1.000000000000000021e-02 3.909965415486603146e-01 4.098331778784505830e-03 1.254864167343420326e-07 7.021756214264034817e-08
