# time 1 2 D-1 D
0.000000000000000000e+00 9.999999652643264403e-01 1.234856949906513405e-08 1.083734618948626639e-34 6.678277280609120069e-37
2.500000000000000052e-04 9.999987142909041449e-01 9.151665277452357433e-07 4.228981849894429540e-27 4.862119479980009181e-29
5.000000000000000104e-04 9.999725763730952233e-01 2.157194681763483762e-05 3.851527695489681214e-24 2.123113999864792157e-25
7.500000000000001240e-04 9.998177205406290069e-01 1.512268961689429740e-04 4.192620844991540940e-23 1.006433488029292825e-24
1.000000000000000021e-03 9.992485115439174725e-01 6.469099546494607019e-04 1.456605338601661062e-22 8.718282143278691861e-25
1.250000000000000026e-03 9.976449983404060973e-01 2.068434371539605143e-03 4.344190380440349901e-22 6.970770818489582989e-25
1.500000000000000248e-03 9.939191146797409226e-01 5.310775141571691220e-03 9.186054726116707191e-22 2.072095015753852193e-26
1.750000000000000253e-03 9.865937868722876036e-01 1.079579025158062047e-02 1.153026536277493478e-21 1.688378401964670390e-23
2.000000000000000042e-03 9.743030736750629694e-01 1.393629272867632878e-02 5.303596601046952328e-22 5.045726948924831611e-22
2.250000000000000264e-03 9.565610772754760127e-01 1.112787168691574055e-02 2.814408837954314790e-25 8.406075374040959775e-21
2.500000000000000052e-03 9.341458218559711701e-01 1.053032448541099328e-02 4.873062166288436587e-21 9.188735492965290774e-20
2.750000000000000274e-03 9.086574546065869784e-01 1.197045307316988924e-02 3.813000305938373331e-19 6.973572629254130502e-19
3.000000000000000496e-03 8.816791179498238984e-01 1.499560033709317758e-02 6.150699635949271816e-18 3.774399081157601850e-18
3.250000000000000284e-03 8.542444501701604853e-01 1.947205903004830055e-02 4.477515942982916707e-17 1.494688837643808676e-17
3.500000000000000507e-03 8.267932605719390260e-01 2.552925970604823930e-02 1.719375777383851686e-16 4.483640658839895533e-17
3.749999999999999861e-03 7.993821378877724593e-01 3.327200702067720922e-02 4.234548456212810861e-16 1.065113491994776428e-16
4.000000000000000083e-03 7.719167372721638110e-01 4.259032265733772582e-02 7.702770145448009396e-16 2.105265940932947515e-16
4.250000000000000305e-03 7.443118525303965560e-01 5.334655258508597120e-02 1.199374246703633898e-15 3.629507726039932355e-16
4.500000000000000527e-03 7.165726686010788216e-01 6.494536600825279171e-02 1.582055355978591777e-15 5.672155424184513944e-16
4.750000000000000749e-03 6.888159440721441928e-01 7.612143747207616995e-02 1.876317496791201519e-15 8.210277213678191053e-16
5.000000000000000104e-03 6.612516868935814918e-01 8.472313360010140515e-02 1.918741375403638277e-15 1.111054308487017038e-15
5.250000000000000326e-03 6.341436316624600167e-01 8.648005058375303478e-02 1.213213910671485436e-15 1.397221077935186020e-15
5.500000000000000548e-03 6.077636686021199441e-01 7.766344428948299128e-02 1.848071194873882395e-16 1.602989784884858731e-15
5.750000000000000770e-03 5.823520853316390689e-01 6.372346430623204716e-02 7.338098209188372954e-16 1.629564795995276933e-15
6.000000000000000992e-03 5.580904881469671563e-01 5.260299516405678166e-02 6.342354693361278087e-15 1.398722464858052297e-15
6.250000000000000347e-03 5.350891283867248438e-01 4.573488599042698638e-02 1.736502126913514780e-14 9.246431281929054443e-16
6.500000000000000569e-03 5.133859040429147313e-01 4.240077336235675842e-02 3.167482829231252910e-14 3.562519596940247304e-16
6.750000000000000791e-03 4.929577741977195227e-01 4.137775615125630774e-02 4.500580147514923818e-14 8.050695263740286273e-18
7.000000000000001013e-03 4.737214272722793940e-01 4.191699634742225566e-02 5.428247721657313988e-14 3.119169991043743599e-16
7.250000000000001235e-03 4.556932261350541968e-01 4.323640106180536707e-02 5.798721180051843099e-14 1.770090461782044132e-15
7.499999999999999722e-03 4.383006988320253261e-01 4.586870648861014060e-02 5.687604241551684264e-14 4.951256783542419045e-15
7.750000000000000812e-03 4.220832355782538348e-01 4.890571716779622963e-02 5.094061598846410020e-14 9.967205456260981270e-15
8.000000000000000167e-03 4.059295780473076154e-01 5.300195641072803082e-02 4.110332751661837746e-14 1.756623085438157616e-14
8.250000000000000389e-03 3.908624690523839762e-01 5.712713548538397162e-02 2.952339290400976240e-14 2.699998807121979580e-14
8.500000000000000611e-03 3.748089990039316644e-01 6.311299984290807963e-02 1.747725452788721487e-14 3.844534275487665326e-14
8.750000000000000833e-03 3.593903579026614947e-01 6.919001298623680962e-02 7.554625655700195549e-15 5.059563589319454769e-14
9.000000000000001055e-03 3.436084365949220176e-01 7.623204539081880615e-02 2.455287213472885012e-15 6.190391814690636821e-14
9.250000000000001277e-03 3.242841907441865734e-01 8.731782700327118951e-02 2.617927585648657015e-15 7.304481973035438039e-14
9.500000000000001499e-03 2.989121178029168768e-01 1.048749382291044724e-01 8.599412817975566106e-15 8.428092650722629610e-14
9.750000000000001721e-03 2.467668902133663689e-01 1.495700559980601141e-01 2.092504764767303301e-14 9.674280237525908804e-14
1.000000000000000021e-02 4.300415069762376918e-02 3.462048914828330104e-01 3.483031339129285185e-14 1.159080849692392392e-13
