# time 1 2 D-1 D
0.000000000000000000e+00 9.999999597498834270e-01 1.099687333265718500e-08 7.280206152514462451e-35 4.587231820698995618e-36
5.000000000000000104e-04 9.999970108348013031e-01 8.500939104963620017e-07 6.188777211314610085e-33 1.439429566780354250e-36
1.000000000000000021e-03 9.999452933665078369e-01 1.707795056813915147e-05 4.032311060526756952e-29 5.945288438943100866e-31
1.500000000000000248e-03 9.996913304811985146e-01 1.037085212845750121e-04 9.167822555424848597e-28 1.025895503640704806e-29
2.000000000000000042e-03 9.989135473382829700e-01 3.755108332830991123e-04 1.417111337878996519e-26 1.554836652746539654e-27
2.500000000000000052e-03 9.970541212558797772e-01 8.875749662718820845e-04 1.434139631215184902e-25 1.403993119022855102e-26
3.000000000000000496e-03 9.932780629766673197e-01 1.300028188427079226e-03 6.581252555263907678e-25 7.291432634219762808e-26
3.500000000000000507e-03 9.865202517880573563e-01 9.756293421158955016e-04 2.396141864976801480e-24 3.207405611000360245e-25
4.000000000000000083e-03 9.756667626836507123e-01 2.861832163402419117e-04 8.111726132957825382e-24 1.319796348761245840e-24
4.500000000000000527e-03 9.598393178833747319e-01 2.750792978584483472e-07 2.547800905248143388e-23 5.183350980028427958e-24
5.000000000000000104e-03 9.386483407954755442e-01 2.109662134437420772e-04 8.033880204782557285e-23 2.046789225421597003e-23
5.500000000000000548e-03 9.122538454742717962e-01 8.889110653015062143e-04 2.646983196205325087e-22 8.334672029524605891e-23
6.000000000000000992e-03 8.811846132141218924e-01 2.131848676739229748e-03 9.480751686390339691e-22 3.665620637530016006e-22
6.500000000000000569e-03 8.460233345414347461e-01 4.070601565854999222e-03 3.571183422446661941e-21 1.701604096991203857e-21
7.000000000000001013e-03 8.071145922389280081e-01 6.988297366233668477e-03 1.326613851611900132e-20 7.973091382794457333e-21
7.499999999999999722e-03 7.643732812669169485e-01 1.139607494401549681e-02 4.344517979549604414e-20 3.469767708331705014e-20
8.000000000000000167e-03 7.171600654412630949e-01 1.813948920096256079e-02 1.394473667904043056e-19 1.347054003960052384e-19
8.500000000000000611e-03 6.641403617333996312e-01 2.865693823497523010e-02 4.127347744189052566e-19 5.104057786980086969e-19
9.000000000000001055e-03 6.030782768482652045e-01 4.530668227969359557e-02 1.100389919226030329e-18 1.549053683133965237e-18
9.500000000000001499e-03 5.319408168731308839e-01 7.023725923606741195e-02 5.178051554399169711e-19 4.287504635433195423e-18
1.000000000000000021e-02 4.478263840721458111e-01 1.064632167971064358e-01 1.205422493161875327e-18 1.010074827530178182e-17
1.050000000000000065e-02 3.576593033194913063e-01 1.471580439875755930e-01 2.731043168004547605e-18 2.127260112891910334e-17
1.100000000000000110e-02 2.725895353942370258e-01 1.810742852127735225e-01 5.112901824145586794e-18 3.882831877230241183e-17
1.150000000000000154e-02 2.029185313100610455e-01 1.977724141421321469e-01 1.039836747355602791e-17 6.752201165337032327e-17
1.200000000000000198e-02 1.524298139811168795e-01 1.938169858212281382e-01 2.080079592579384213e-17 1.115973135370790900e-16
1.250000000000000069e-02 1.167431075520255490e-01 1.746008380856695907e-01 2.974089640765097004e-17 1.595860907138618378e-16
1.300000000000000114e-02 9.150023402468046574e-02 1.469297995794612288e-01 4.840521404982121116e-17 2.287228300165446618e-16
1.350000000000000158e-02 7.320697820349419960e-02 1.178620082179671347e-01 6.409524438062713179e-17 3.011736569174270134e-16
1.400000000000000203e-02 5.950066066759419903e-02 9.120236884537137600e-02 7.363456158925199150e-17 3.696479081321368575e-16
1.450000000000000247e-02 4.888378706851132655e-02 9.315669837589649060e-03 9.147153756594446212e-17 4.645499282119129853e-16
1.499999999999999944e-02 4.040580109266383307e-02 9.770332468034905599e-03 7.444050183618643226e-17 5.279857018317678698e-16
1.550000000000000162e-02 3.345340945378921793e-02 9.714863465203673124e-03 3.073894331400766528e-17 5.962201693571611157e-16
1.600000000000000033e-02 2.762178641422301240e-02 9.562645746266047048e-03 1.111471706181344808e-17 6.639616058991704339e-16
1.650000000000000078e-02 2.263594141028804282e-02 9.446001303610446556e-03 4.387017101894663413e-16 6.931245811934584669e-16
1.700000000000000122e-02 1.830395611646716894e-02 9.351317905250670914e-03 9.554122853727725336e-16 7.131839565131173191e-16
1.750000000000000167e-02 1.445891308013916819e-02 9.309607311742107080e-03 1.226042535981005567e-15 7.226368997482227263e-16
1.800000000000000211e-02 1.103590960375375532e-02 9.316261615471353730e-03 1.405792447426343924e-15 6.669256955325592657e-16
1.850000000000000255e-02 7.899273258815630444e-03 9.448919192735607056e-03 1.583713652106058626e-15 5.960920094708480022e-16
1.900000000000000300e-02 4.885316340695014525e-03 9.833538254600643694e-03 1.734523784092543856e-15 4.873763073241443834e-16
1.950000000000000344e-02 2.077166278592309893e-03 1.035976394848527743e-02 1.955898631629836270e-15 3.205075042555463048e-16
2.000000000000000042e-02 3.087416916989730187e-04 1.016790289123137292e-02 2.146325942885402582e-15 1.862055501350871890e-16
