# time 1 2 D-1 D
0.000000000000000000e+00 9.999999299720615520e-01 4.295653694472460196e-08 2.240843503440084641e-36 3.272798973767430883e-36
2.500000000000000052e-04 9.992507282672986602e-01 1.538322929429806127e-06 1.087404226283442917e-29 4.401558240594917331e-35
5.000000000000000104e-04 9.968314296551522569e-01 3.176803317631484959e-05 2.475438722632801163e-25 2.740184233134342224e-29
7.500000000000001240e-04 9.924081249959155748e-01 2.171449326477945582e-04 9.735604809371283924e-23 5.454879164261149211e-26
1.000000000000000021e-03 9.854516016175578486e-01 9.385147660088384927e-04 7.068547009944992359e-21 1.220046752184222114e-23
1.250000000000000026e-03 9.750301889940172773e-01 3.132182043665159444e-03 1.929431017858176308e-19 7.808841466843288900e-22
1.500000000000000248e-03 9.595305642803624302e-01 8.717819136480481346e-03 2.720189598833844151e-18 2.117792791923804781e-20
1.750000000000000253e-03 9.366576786053875114e-01 2.067713352463638674e-02 2.294800276121204588e-17 2.926849534478981345e-19
2.000000000000000042e-03 9.045381802541809790e-01 4.024933111084288972e-02 1.264504818943936777e-16 2.244999562236117473e-18
2.250000000000000264e-03 8.640528228369089847e-01 5.568458780912143719e-02 4.795984545167642462e-16 9.877398925477644591e-18
2.500000000000000052e-03 8.198913061019759141e-01 5.502479034093545746e-02 1.323055847160667345e-15 2.432520134744241972e-17
2.750000000000000274e-03 7.780893324758415552e-01 5.275918745846704810e-02 2.823115885391393300e-15 2.833046986934413410e-17
3.000000000000000496e-03 7.427522978600377135e-01 5.290032872040130452e-02 4.959615278836598960e-15 4.123096254185088084e-18
3.250000000000000284e-03 7.151842581138213584e-01 5.358940345297801000e-02 7.660809027698219163e-15 4.955490347941125297e-17
3.500000000000000507e-03 6.948358396381520974e-01 5.430533669453790208e-02 1.107119144373131729e-14 4.752755682080821533e-16
3.749999999999999861e-03 6.804143232131875108e-01 5.488114537740872850e-02 1.624497629000559522e-14 1.506972407732995069e-15
4.000000000000000083e-03 6.705440433162219716e-01 5.498081352478385864e-02 2.540430014629066068e-14 2.996934562858767959e-15
4.250000000000000305e-03 6.640408855247215136e-01 5.500778732175796298e-02 1.664915817088953107e-14 4.701757768374574696e-15
4.500000000000000527e-03 6.599775446165215831e-01 5.474540791786559890e-02 1.087565911166955534e-14 6.458907767816182429e-15
4.750000000000000749e-03 6.576607714241119451e-01 5.424665700539693658e-02 9.379626865503823667e-15 8.150519110013992737e-15
5.000000000000000104e-03 6.565853017401628300e-01 5.376386753730635903e-02 8.207536861586096969e-15 9.701880898601383953e-15
5.250000000000000326e-03 6.563863221980975604e-01 5.304373228338646329e-02 7.024887636648929207e-15 1.106363795113210575e-14
5.500000000000000548e-03 6.568018219831851523e-01 5.190753315862244033e-02 5.832401560372775813e-15 1.219090646797108502e-14
5.750000000000000770e-03 6.576433191463953998e-01 5.099610035402638020e-02 4.694406976758958900e-15 1.309535712379719812e-14
6.000000000000000992e-03 6.587749956246815586e-01 5.024280192005307899e-02 3.685962196754354121e-15 1.375899609110925405e-14
6.250000000000000347e-03 6.600986920602278651e-01 4.941158658679984522e-02 2.827168693911455555e-15 1.426013610573796728e-14
6.500000000000000569e-03 6.615434348915495422e-01 4.759103054607639882e-02 2.118802052490641014e-15 1.453112174354024901e-14
6.750000000000000791e-03 6.630578242845857062e-01 4.648609427635110730e-02 1.550855360487884800e-15 1.472114160207891564e-14
7.000000000000001013e-03 6.646047749659087511e-01 4.310485509809777044e-02 1.131599542596326988e-15 1.465674613096831540e-14
7.250000000000001235e-03 6.661574729806730710e-01 4.125598295817931721e-02 8.315733874438904959e-16 1.478841076789004309e-14
7.499999999999999722e-03 6.676968859648853005e-01 3.083305621130179655e-02 5.903650946160531757e-16 1.466809653025989110e-14
7.750000000000000812e-03 6.692093997171600916e-01 2.811611572064253231e-02 4.454193339429985376e-16 1.447915428148876929e-14
8.000000000000000167e-03 6.706857072621770222e-01 3.083465760815081239e-02 3.259479048198131585e-16 1.444598856034329071e-14
8.250000000000000389e-03 6.721195416322858218e-01 3.029477277593623646e-02 2.404057592458619611e-16 1.424705205147691946e-14
8.500000000000000611e-03 6.735068585960807264e-01 3.034733771372077546e-02 2.028910057046163004e-16 1.400811612071722448e-14
8.750000000000000833e-03 6.748453270807515114e-01 2.982914995847593675e-02 1.768394028249595296e-16 1.391697923901195184e-14
9.000000000000001055e-03 6.761338418063714828e-01 2.851048090433629806e-02 1.580936443515989646e-16 1.358860917650354905e-14
9.250000000000001277e-03 6.773721849616075597e-01 2.840434473377664859e-02 1.751286722317389403e-16 1.340693486826066053e-14
9.500000000000001499e-03 6.785608346609052210e-01 2.856661541978479726e-02 1.762213268611356115e-16 1.323923729683247008e-14
9.750000000000001721e-03 6.797007131373732358e-01 2.834028500140239187e-02 2.046044084861308901e-16 1.292955637275537840e-14
1.000000000000000021e-02 6.808067601671340396e-01 2.800271715968625716e-02 2.421968475976660552e-16 1.275953859068875141e-14
