# time 1 2 D-1 D
0.000000000000000000e+00 9.999999299720615520e-01 4.295653694472460196e-08 2.240843503440084641e-36 3.272798973767430883e-36
1.250000000000000243e-03 9.992507287741317912e-01 1.538499644228865495e-06 1.088323102596244907e-29 4.966289144781464538e-35
2.500000000000000486e-03 9.968314499877392043e-01 3.176879296009047128e-05 2.475303654300766609e-25 2.740333516716068423e-29
3.750000000000000729e-03 9.924082394876856394e-01 2.171466219403418219e-04 9.734478997704454274e-23 5.454289972345598902e-26
5.000000000000000971e-03 9.854519745008556431e-01 9.385161440076036097e-04 7.067088331755952968e-21 1.219765153878077107e-23
6.250000000000000347e-03 9.750310944021722825e-01 3.132184993443803880e-03 1.928823268941887129e-19 7.806237163369217026e-22
7.500000000000001457e-03 9.595323797671828636e-01 8.717824930084844964e-03 2.718983543953091227e-18 2.116861081663514118e-20
8.750000000000000833e-03 9.366608316805358214e-01 2.067715908099290040e-02 2.293410621531113666e-17 2.924980154711728118e-19
1.000000000000000194e-02 9.045429511067906159e-01 4.024945608247999101e-02 1.263512967978831867e-16 2.243235175443592068e-18
1.125000000000000132e-02 8.640591901744456571e-01 5.568485430108980477e-02 4.791124274406954743e-16 9.868176041172125681e-18
1.250000000000000069e-02 8.198988777753388746e-01 5.502511202234966481e-02 1.321360845615963780e-15 2.429825263613915489e-17
1.375000000000000180e-02 7.780973903001421332e-01 5.275943891542355518e-02 2.818489842383461381e-15 2.829478094589036947e-17
1.500000000000000291e-02 7.427599649373005652e-01 5.290061582520370204e-02 4.949353219029725602e-15 4.120638694167709426e-18
1.625000000000000056e-02 7.151905155985630591e-01 5.358959092131609231e-02 7.641156607041872106e-15 4.939391343854989163e-17
1.750000000000000167e-02 6.948397730772886138e-01 5.430526863820031580e-02 1.103811900500488913e-14 4.736049242668731483e-16
1.875000000000000278e-02 6.804150123492865854e-01 5.488129333942483312e-02 1.619027952944811622e-14 1.500791445662444578e-15
2.000000000000000389e-02 6.705406719712567742e-01 5.498078905274676742e-02 2.530781586633250229e-14 2.982678970641378203e-15
2.125000000000000500e-02 6.640327399930814334e-01 5.500708166490796830e-02 1.657579413817089064e-14 4.676147725045905870e-15
2.250000000000000264e-02 6.599640036596274850e-01 5.474430386117962871e-02 1.082454623194417160e-14 6.419364087764422134e-15
2.375000000000000375e-02 6.576412774455685506e-01 5.424561460208079250e-02 9.331978043639351598e-15 8.094329533803475512e-15
2.500000000000000139e-02 6.565593781586716027e-01 5.376156266124618166e-02 8.162410537114089583e-15 9.627789821793918049e-15
2.625000000000000250e-02 6.563535335426103901e-01 5.304054294777756084e-02 6.982823400506934951e-15 1.097068168912216180e-14
2.750000000000000361e-02 6.567617975766072425e-01 5.190466354661494447e-02 5.795225982316647065e-15 1.207605167221101931e-14
2.875000000000000472e-02 6.575957081238655855e-01 5.099249107313415935e-02 4.661392428159939494e-15 1.296183312474571667e-14
3.000000000000000583e-02 6.587194700892775590e-01 5.023876961213199349e-02 3.658575754897407413e-15 1.360180233687141456e-14
3.125000000000000000e-02 6.600349254553324885e-01 4.940461772027522624e-02 2.804494039448736114e-15 1.408200593540970060e-14
3.250000000000000111e-02 6.614711138847443328e-01 4.758546733607968426e-02 2.101779504337390462e-15 1.433372175290175642e-14
3.375000000000000222e-02 6.629766203498592692e-01 4.647894969043700475e-02 1.536457401580172996e-15 1.450235648788941989e-14
3.500000000000000333e-02 6.645143566057161166e-01 4.309322950408638747e-02 1.119504202265995832e-15 1.442682774115416799e-14
3.625000000000000444e-02 6.660574907568985736e-01 4.123857525043452682e-02 8.223634630548420472e-16 1.452349926010575979e-14
3.750000000000000555e-02 6.675869758321619774e-01 3.082802853887622180e-02 5.802858228327588564e-16 1.436622899860860410e-14
3.875000000000000666e-02 6.690891506621355900e-01 2.811353355802810941e-02 4.375606402444696586e-16 1.415642070121643344e-14
4.000000000000000777e-02 6.705547098811656115e-01 3.082610574993198752e-02 3.162904974542414992e-16 1.411013454360565320e-14
4.125000000000000888e-02 6.719773593188453908e-01 3.028318340588871324e-02 2.354365835600350558e-16 1.386149034437988856e-14
4.250000000000000999e-02 6.733530275228595263e-01 3.033276305523870467e-02 2.000316358806252434e-16 1.363316808319432674e-14
4.375000000000000416e-02 6.746793509570715441e-01 2.981331267371463770e-02 1.747186330097242556e-16 1.348561654346641402e-14
4.500000000000000527e-02 6.759551960634206935e-01 2.849298577272688093e-02 1.636550098767336718e-16 1.316835324120561030e-14
4.625000000000000638e-02 6.771803117325283505e-01 2.838525186411771511e-02 1.840706048130050000e-16 1.294914736962358543e-14
4.750000000000000749e-02 6.783551430574867869e-01 2.854597438626523681e-02 1.910313648155329096e-16 1.277767002891314690e-14
4.875000000000000860e-02 6.794805823971300507e-01 2.831871339377071278e-02 2.279783976393595280e-16 1.243653417858518684e-14
5.000000000000000278e-02 6.805879126046899819e-01 2.797904178435482378e-02 2.768054368406001806e-16 1.227919960533754776e-14
