# time 1 2 D-1 D
0.000000000000000000e+00 9.999999777077485108e-01 2.469957462309384744e-09 1.116513921769779232e-34 5.012307911906235003e-35
5.000000000000000104e-04 9.999984745339418613e-01 1.207888849316983663e-06 4.756202292616730003e-21 1.469452023864006373e-22
1.000000000000000021e-03 9.999648213606873171e-01 2.962220587645866119e-05 8.945115900188910891e-20 1.002170449236798731e-21
1.500000000000000248e-03 9.997552094101574971e-01 2.141562284225946285e-04 6.525755717847847009e-19 7.305733109479570786e-23
2.000000000000000042e-03 9.989427716219176911e-01 9.530698928963001566e-04 3.972287867328696309e-18 1.570935177253261841e-20
2.500000000000000052e-03 9.965136927986123494e-01 3.216513073749049673e-03 3.036321963189043519e-17 4.689905863742189906e-19
3.000000000000000496e-03 9.904983866301275697e-01 8.893396697889735178e-03 2.520979684421505473e-16 8.417115315642125440e-18
3.500000000000000507e-03 9.779549658370444432e-01 2.069109243072671939e-02 1.861643404421290646e-15 1.034605276891020508e-16
4.000000000000000083e-03 9.560744536133137794e-01 4.028575150184987574e-02 1.148830160406091537e-14 9.880167144725068852e-16
4.500000000000000527e-03 9.243975917468765235e-01 6.420964295697861868e-02 5.693487587375630111e-14 7.044368999412016118e-15
5.000000000000000104e-03 8.860315402985077249e-01 8.171498039677423109e-02 2.255035597284388502e-13 3.678209713041315642e-14
5.500000000000000548e-03 8.460328155215701695e-01 8.825895194487480555e-02 7.238593678505248384e-13 1.433568972612407466e-13
6.000000000000000992e-03 8.087029478349883060e-01 9.137724699870559963e-02 1.911472134356219459e-12 4.234165580448152293e-13
6.500000000000000569e-03 7.763495966744452526e-01 9.460011409551517814e-02 4.235894897906965710e-12 9.685301266609608837e-13
7.000000000000001013e-03 7.495803350972662926e-01 9.879472344825351859e-02 8.069953047416722726e-12 1.749278062256670653e-12
7.499999999999999722e-03 7.280378285949972161e-01 1.062779867032970782e-01 1.353257600262442415e-11 2.562243539383673440e-12
8.000000000000000167e-03 7.109712941586002755e-01 8.248848504027456174e-02 2.029786522843778998e-11 3.234866259145897920e-12
8.500000000000000611e-03 6.975566445285927841e-01 2.800186563481657162e-02 2.699786460388106889e-11 4.224861892422841937e-12
9.000000000000001055e-03 6.870416934986475210e-01 2.096728031203331719e-02 3.064937464101410896e-11 7.003289137568503365e-12
9.500000000000001499e-03 6.787957102526541719e-01 1.802392873248576805e-02 2.783496640585214777e-11 1.345843138390204790e-11
1.000000000000000021e-02 6.723130629643658818e-01 1.640412240136792169e-02 1.780135988861940269e-11 2.498780982801964608e-11
1.050000000000000065e-02 6.671982682317668667e-01 1.543588894462223811e-02 5.158924570436579673e-12 4.199664315044157194e-11
1.100000000000000110e-02 6.631461236265839831e-01 1.480858918567890675e-02 2.312803137224099515e-13 6.303275796117072372e-11
1.150000000000000154e-02 6.599226447811747942e-01 1.422487261008001033e-02 1.449289387477141933e-11 8.552118245330407755e-11
1.200000000000000198e-02 6.573488479104678817e-01 1.388993340100487354e-02 5.448175004031385982e-11 1.065049975208135057e-10
1.250000000000000069e-02 6.552876740035296077e-01 1.353131717119343373e-02 1.177336077474985480e-10 1.227119988823958347e-10
1.300000000000000114e-02 6.536340427244200502e-01 1.332402943567984922e-02 1.897494822403160422e-10 1.330073573882463008e-10
1.350000000000000158e-02 6.523071839698058039e-01 1.309194133487855301e-02 2.499886123532269377e-10 1.358836262580580297e-10
1.400000000000000203e-02 6.512448191612653092e-01 1.293343841693916224e-02 2.773264677366843358e-10 1.313415116299269187e-10
1.450000000000000247e-02 6.503987772149832924e-01 1.280648496309119179e-02 2.587781415530699050e-10 1.201066231185334905e-10
1.499999999999999944e-02 6.497316762426137426e-01 1.268767322403934784e-02 1.978404396377290717e-10 1.040600401246299823e-10
1.550000000000000162e-02 6.492143895381500274e-01 1.259426386272997044e-02 1.217921166071346791e-10 8.501714287347276631e-11
1.600000000000000033e-02 6.488241017149258827e-01 1.250817318541758670e-02 8.392613533532754281e-11 6.517669214529604990e-11
1.650000000000000078e-02 6.485428030954144552e-01 1.243530508268857887e-02 1.628598732419227395e-10 4.711775504349133837e-11
1.700000000000000122e-02 6.483560748920141892e-01 1.237349093344409894e-02 4.593404603514625486e-10 3.305019747247601672e-11
1.750000000000000167e-02 6.482521437831186839e-01 1.232838379682908714e-02 1.089280553641761035e-09 2.587147714258857956e-11
1.800000000000000211e-02 6.482211357806226815e-01 1.229531050974255225e-02 2.178383607593253314e-09 2.733498076797162522e-11
1.850000000000000255e-02 6.482544854694297642e-01 1.225158439604433387e-02 3.853724082768565428e-09 3.987338929603646918e-11
1.900000000000000300e-02 6.483444859406634064e-01 1.222876930833890173e-02 6.238728679782293028e-09 6.538244301214578329e-11
1.950000000000000344e-02 6.484840643765737989e-01 1.220998214873960687e-02 9.445880491851538716e-09 1.087346573973927937e-10
2.000000000000000042e-02 6.486666281794973843e-01 1.219045137142627834e-02 1.358341442930272895e-08 1.693548110655100489e-10
