# time 1 2 D-1 D
0.000000000000000000e+00 9.999999641281843710e-01 1.794941207360002431e-09 1.298921257658627696e-35 6.169453530596156936e-35
2.500000000000000052e-04 9.999957265959014130e-01 3.202879853945187066e-06 2.767330024888130227e-29 1.112368288511539436e-28
5.000000000000000104e-04 9.998991267234051961e-01 8.279819049065972045e-05 1.528918901846108984e-26 3.337860597608639783e-28
7.500000000000001240e-04 9.992598252344093712e-01 6.431662651066109545e-04 3.887525926530507194e-25 2.135022212591425981e-24
1.000000000000000021e-03 9.966870866832904241e-01 2.992899585393786650e-03 2.275868530485185008e-24 2.314715385669243200e-23
1.250000000000000026e-03 9.891553210018222408e-01 1.001413356192566544e-02 9.508358496630592183e-24 1.352633486052030200e-22
1.500000000000000248e-03 9.724809352773235993e-01 2.542765829027561139e-02 4.318049500675517014e-23 4.818262461999476669e-22
1.750000000000000253e-03 9.444855494125571349e-01 4.857342872287959828e-02 2.681245609981203986e-22 4.882356841689441974e-22
2.000000000000000042e-03 9.081232195901085547e-01 5.494170102240877179e-02 2.275407770320716367e-21 2.874605398914743813e-21
2.250000000000000264e-03 8.694830918085866278e-01 3.087221115119987910e-02 2.105343745802909813e-20 1.584398631957900439e-19
2.500000000000000052e-03 8.333402203366970795e-01 2.579138408711996455e-02 1.707907493496839734e-19 1.954154830642771775e-18
2.750000000000000274e-03 8.017042744157546474e-01 2.697691012868561750e-02 1.116376599612205946e-18 1.267367533736381147e-17
3.000000000000000496e-03 7.748102232581393078e-01 3.034411621283522598e-02 5.811011848221358054e-18 5.152626412200331909e-17
3.250000000000000284e-03 7.522069389540160245e-01 3.471196459117303207e-02 2.250266265185374621e-17 1.421682383738283960e-16
3.500000000000000507e-03 7.332899882578700623e-01 3.946806406407014217e-02 5.493910997278366284e-17 2.876577974934444440e-16
3.749999999999999861e-03 7.174825815737928547e-01 4.425441572294991355e-02 6.857290110526611765e-17 4.642209830729470115e-16
4.000000000000000083e-03 7.042797575738729554e-01 4.900443846404931025e-02 2.335898469189009717e-17 6.131802556503740954e-16
4.250000000000000305e-03 6.932508270099443370e-01 5.328546417179531869e-02 2.404788276843967458e-17 6.327814092967290653e-16
4.500000000000000527e-03 6.840314593425548262e-01 5.703675133771784339e-02 4.817333134706132109e-16 4.458586981335663874e-16
4.750000000000000749e-03 6.763144563253881136e-01 6.028637565137900250e-02 2.061863749805638139e-15 1.391524163601912830e-16
5.000000000000000104e-03 6.698419056547617600e-01 6.290709316071457780e-02 5.195724085643430454e-15 6.241978204568023487e-18
5.250000000000000326e-03 6.643980857617771685e-01 6.484100545989061881e-02 9.212193965783507289e-15 3.532832683198600790e-16
5.500000000000000548e-03 6.598037132910522518e-01 6.614343495625076008e-02 1.164664722819713782e-14 1.145031485952661876e-15
5.750000000000000770e-03 6.559108710386578611e-01 6.682781533174231292e-02 9.858875233620435162e-15 1.818916107190510039e-15
6.000000000000000992e-03 6.525983590621988739e-01 6.689638516421973768e-02 1.080058524258848684e-14 1.613642534710504677e-15
6.250000000000000347e-03 6.497677003832522669e-01 6.638932555968092564e-02 7.755633370000061876e-15 5.832312518747860061e-16
6.500000000000000569e-03 6.473395526049415816e-01 6.550021126011255912e-02 2.953944103849198750e-15 1.048715943404211648e-15
6.750000000000000791e-03 6.452504992099573622e-01 6.413186973959329740e-02 1.108574711398828594e-15 9.033315604095233960e-15
7.000000000000001013e-03 6.434502254420713108e-01 6.238035236538102407e-02 7.505238928149679266e-15 3.511019702099458380e-14
7.250000000000001235e-03 6.418989983843401692e-01 6.027286185485943720e-02 2.692808101963130865e-14 9.426128725072115836e-14
7.499999999999999722e-03 6.405654588673704852e-01 5.800869413163218385e-02 6.264783149888638629e-14 2.047602803408867426e-13
7.750000000000000812e-03 6.394246825441181059e-01 5.548802725546930076e-02 1.152394982071811005e-13 3.863760937226478900e-13
8.000000000000000167e-03 6.384564936026925208e-01 5.284181723992945057e-02 1.811393688773075469e-13 6.580416592244808356e-13
8.250000000000000389e-03 6.376440765046658132e-01 5.009922880568325881e-02 2.491014401644468400e-13 1.035777139898493610e-12
8.500000000000000611e-03 6.369728692980067830e-01 4.736701277539809296e-02 3.212786804004077267e-13 1.532238006136289123e-12
8.750000000000000833e-03 6.364297135214870282e-01 4.462555120444257339e-02 3.928575008757630594e-13 2.154910049282347493e-12
9.000000000000001055e-03 6.360023013866621389e-01 4.193517343200472980e-02 4.519398319713312759e-13 2.906049145756185042e-12
9.250000000000001277e-03 6.356788626364847650e-01 3.933802658717300976e-02 4.932613781202528480e-13 3.787480043663977415e-12
9.500000000000001499e-03 6.354480458459210723e-01 3.682152634935297736e-02 5.319310142651124647e-13 4.789334149837666333e-12
9.750000000000001721e-03 6.352989394936534584e-01 3.450895717927596890e-02 5.435270627002523564e-13 5.915431749897841749e-12
1.000000000000000021e-02 6.352238141592777554e-01 3.223947130808080264e-02 5.472958476455233108e-13 7.151123360524581473e-12
