# time 1 2 D-1 D
0.000000000000000000e+00 9.999999423493314277e-01 1.768646082986618485e-08 5.426215084865106219e-36 1.413991134344591186e-36
5.000000000000000104e-04 9.990553593969749846e-01 2.655014503883271748e-06 5.506263984699042367e-30 9.358484828289557108e-35
1.000000000000000021e-03 9.960048152437328550e-01 5.683835313597938887e-05 1.247962483645326126e-25 4.022392059790361167e-29
1.500000000000000248e-03 9.904103712969958284e-01 3.948437336788735417e-04 4.767415955853053152e-23 7.969197140479318236e-26
2.000000000000000042e-03 9.815171757761724791e-01 1.718514600545618205e-03 3.214247422718568065e-21 1.718063226996008049e-23
2.500000000000000052e-03 9.679302913260177110e-01 5.668718889210275398e-03 7.927046167830210074e-20 1.021503748672691206e-21
3.000000000000000496e-03 9.474479943001891113e-01 1.503248687135925847e-02 9.653495000042415557e-19 2.476586474140527236e-20
3.500000000000000507e-03 9.180194837600696989e-01 3.222437358035370319e-02 6.833405980829100293e-18 2.976575043087442619e-19
4.000000000000000083e-03 8.803414079034441730e-01 5.500617337142546526e-02 3.122988556620211686e-17 2.033749166932309238e-18
4.500000000000000527e-03 8.393821158400193161e-01 7.611809762969110049e-02 1.014048400448763960e-16 8.996493732866501408e-18
5.000000000000000104e-03 8.016950722872058233e-01 9.126171385978455730e-02 2.547432889326080598e-16 3.016505420632456751e-17
5.500000000000000548e-03 7.714979703978063208e-01 1.431623613611392523e-02 5.307088601938160322e-16 9.126111448705244013e-17
6.000000000000000992e-03 7.496787154212317672e-01 8.373571289768034012e-03 9.391732742562319978e-16 2.811326398958495175e-16
6.500000000000000569e-03 7.350819479748227359e-01 7.482463393120845734e-03 1.352220743631082744e-15 8.610482809087329278e-16
7.000000000000001013e-03 7.259302102336506746e-01 7.478225126813200369e-03 1.543683113306750990e-15 2.200600321355976801e-15
7.499999999999999722e-03 7.205887322647956950e-01 7.679223352956051317e-03 1.529005459965334098e-15 4.393345650309893240e-15
8.000000000000000167e-03 7.178040536753959033e-01 7.957411984932712817e-03 1.474501373980243794e-15 7.310864820807583491e-15
8.500000000000000611e-03 7.166972455685591825e-01 8.273418832590778704e-03 1.618113230157372020e-15 1.087649434447317755e-14
9.000000000000001055e-03 7.166767878471380637e-01 8.603403183423015410e-03 3.064425253338600998e-15 1.504371401651212263e-14
9.500000000000001499e-03 7.173528330913803153e-01 8.928765065507913296e-03 4.068363662887785480e-14 1.981312830234520899e-14
1.000000000000000021e-02 7.185057650945538832e-01 9.159376838277392269e-03 3.979915619311376053e-14 2.512910827428221519e-14
1.050000000000000065e-02 7.198695873521369082e-01 9.458717703215617847e-03 3.922306143937306397e-14 3.094962584921580238e-14
1.100000000000000110e-02 7.214379421672534320e-01 9.655214380074821079e-03 3.883684052858427956e-14 3.732676938386935151e-14
1.150000000000000154e-02 7.231394239232741272e-01 9.775927798831312091e-03 3.822984700394359211e-14 4.407302080143794263e-14
1.200000000000000198e-02 7.248777241898289869e-01 9.873961004888747936e-03 3.755956370209968840e-14 5.118377301245635834e-14
1.250000000000000069e-02 7.266485541281654248e-01 9.935664409170694156e-03 3.698455505052862763e-14 5.870714026679947969e-14
1.300000000000000114e-02 7.283173234606756807e-01 1.003611760312310766e-02 3.478119563957604448e-14 6.631502858533748078e-14
1.350000000000000158e-02 7.301157899647137128e-01 9.962645112627057861e-03 3.277337097924344859e-14 7.390058848209897658e-14
1.400000000000000203e-02 7.317773039141886038e-01 9.966126554471229845e-03 3.126878361777850792e-14 8.161329199900856530e-14
1.450000000000000247e-02 7.333716555695607431e-01 9.972425075861369309e-03 2.827680492268761576e-14 8.942633823571237717e-14
1.499999999999999944e-02 7.349736624430863730e-01 9.904585382401277782e-03 2.549247434548356451e-14 9.615960513221227274e-14
1.550000000000000162e-02 7.365205293218916038e-01 9.821959252375939489e-03 2.214176753046617550e-14 1.033492769419852950e-13
1.600000000000000033e-02 7.379733509105905753e-01 9.778280910850218471e-03 1.885664036092908587e-14 1.088591455013848062e-13
1.650000000000000078e-02 7.393849819463448325e-01 9.708032862776872635e-03 1.553902320995867318e-14 1.143717013274234833e-13
1.700000000000000122e-02 7.407529176666711734e-01 9.617030071350200424e-03 1.228040085977017599e-14 1.182472545323039802e-13
1.750000000000000167e-02 7.419962861179500990e-01 9.600159911297215243e-03 9.369643723425046161e-15 1.215929111681074475e-13
1.800000000000000211e-02 7.433036205788687845e-01 9.456754690773727656e-03 6.827576895645622864e-15 1.234185586022644917e-13
1.850000000000000255e-02 7.444460816805714698e-01 9.426804450582406888e-03 4.741694133002763526e-15 1.244996702115466413e-13
1.900000000000000300e-02 7.456139321617923921e-01 9.321839645394701390e-03 2.967029399595899813e-15 1.243778350123975496e-13
1.950000000000000344e-02 7.466221277443776394e-01 9.326328832641192154e-03 1.711143053856276797e-15 1.233362301698839775e-13
2.000000000000000042e-02 7.476529176219238737e-01 9.268669433018846687e-03 8.325264169563999884e-16 1.216523243923472563e-13
