# time 1 2 D-1 D
0.000000000000000000e+00 9.999999423493314277e-01 1.768646082986618485e-08 5.426215084865106219e-36 1.413991134344591186e-36
2.500000000000000486e-03 9.990390460726495947e-01 1.706205948173670898e-05 5.512153025578715811e-30 7.539694234571077425e-38
5.000000000000000971e-03 9.956854984830560973e-01 3.430650037451629078e-04 1.272620928934501596e-25 3.814969958535271019e-30
7.500000000000001457e-03 9.884307684721188592e-01 2.192517699150884920e-03 5.118832045025277865e-23 7.123102857964457013e-27
1.000000000000000194e-02 9.739518444158549171e-01 8.660733118997203037e-03 3.854461025739285125e-21 1.558856307567307807e-24
1.250000000000000069e-02 9.461698605726480693e-01 2.570048214205285578e-02 1.158329579804139415e-19 1.049284292404317114e-22
1.500000000000000291e-02 8.965924938468743388e-01 6.106523631127351581e-02 1.928473616835101424e-18 3.405000951458477750e-21
1.750000000000000167e-02 8.185196691750563636e-01 1.172739306439700008e-01 2.135183980861610709e-17 6.820725733300036392e-20
2.000000000000000389e-02 7.147423494548019729e-01 1.793908587342513683e-01 1.747004348344472389e-16 9.867833495162966665e-19
2.250000000000000264e-02 5.999411059888525299e-01 2.225024687726929462e-01 1.136092318756126160e-15 1.152843092958986680e-17
2.500000000000000139e-02 4.917699775679980623e-01 2.391634561790217661e-01 6.131052120883699849e-15 1.184112676536604446e-16
2.750000000000000361e-02 4.009249159852212863e-01 3.172893741431379727e-02 2.819375044039996606e-14 1.131895585486438375e-15
3.000000000000000583e-02 3.297155751134744350e-01 1.583550821515004176e-02 1.109732940353358879e-13 1.021723193521797984e-14
3.250000000000000111e-02 2.757521442977027837e-01 1.249262743179980172e-02 3.662887557460259605e-13 8.071990404511711398e-14
3.500000000000000333e-02 2.353029212922559399e-01 1.135385678871661183e-02 1.034486832012852331e-12 4.578612816397642960e-13
3.750000000000000555e-02 2.049101506661579475e-01 1.086167773329901713e-02 2.806639173112079172e-12 1.785144564976805959e-12
4.000000000000000777e-02 1.818530602817099162e-01 1.070778098981727336e-02 8.026818584242780361e-12 5.273018598400547010e-12
4.250000000000000999e-02 1.641303827960343686e-01 1.078271448858570195e-02 2.451216888518404445e-11 1.299207170068682059e-11
4.500000000000000527e-02 1.503083464072625108e-01 1.101963817886495930e-02 8.211147964080497712e-11 2.819513161822587886e-11
4.750000000000000749e-02 1.393675017390572646e-01 1.136908173612384380e-02 2.343971265444819655e-10 5.557447657224115731e-11
5.000000000000000278e-02 1.305984869865044473e-01 1.172037559131093587e-02 3.124619192578434177e-10 1.014534760673639082e-10
5.250000000000000500e-02 1.234332285336306317e-01 1.218915752473922337e-02 4.248270628146217282e-10 1.739038901026300289e-10
5.500000000000000722e-02 1.175430322612204814e-01 1.261973809196672604e-02 5.658973800852670103e-10 2.827822607955453654e-10
5.750000000000000944e-02 1.126512809442468538e-01 1.303455099393729423e-02 7.293165302056308659e-10 4.396624524184892872e-10
6.000000000000001166e-02 1.085331589278323711e-01 1.344543135411241375e-02 9.231509085870409754e-10 6.576333919350088602e-10
6.250000000000000000e-02 1.050448467655769602e-01 1.384993480183697653e-02 1.151422066089763863e-09 9.509095524956304176e-10
6.500000000000000222e-02 1.020218668656090594e-01 1.423595186705700968e-02 1.338134771149461099e-09 1.334217877607064960e-09
6.750000000000000444e-02 9.948214498335652967e-02 1.453075018161656060e-02 1.556606288738280609e-09 1.821906933140191164e-09
7.000000000000000666e-02 9.724107599233024202e-02 1.483444928386593205e-02 1.790445884119736237e-09 2.426791623416274367e-09
7.250000000000000888e-02 9.527371052577905675e-02 1.511346502190030576e-02 1.976908857867248214e-09 3.158769777958235036e-09
7.500000000000001110e-02 9.357368133960855539e-02 1.532811640865300480e-02 2.125599304130993710e-09 4.023322400749204012e-09
7.750000000000001332e-02 9.207039585043476360e-02 1.550955720135413322e-02 2.209523636735372603e-09 5.020119102025190794e-09
8.000000000000001554e-02 9.072193585487745016e-02 1.568954765668986728e-02 2.258763678363837595e-09 6.141988306904649537e-09
8.250000000000001776e-02 8.952106891411781842e-02 1.583318549147699067e-02 2.222731079932568328e-09 7.374481424853642379e-09
8.500000000000001998e-02 8.844434516441912475e-02 1.594666193145760635e-02 2.133088903809904342e-09 8.696313521216654566e-09
8.750000000000000833e-02 8.744216025273100767e-02 1.608185748407225599e-02 1.970291087521560837e-09 1.008072475966343015e-08
9.000000000000001055e-02 8.657670902804419366e-02 1.614331551049382613e-02 1.810265529031713684e-09 1.149757502389004147e-08
9.250000000000001277e-02 8.573687877014472825e-02 1.624463870381137945e-02 1.594698813756134266e-09 1.291589247426131253e-08
9.500000000000001499e-02 8.499130998729709230e-02 1.630748299777546456e-02 1.360133194578964036e-09 1.430645028892310411e-08
9.750000000000001721e-02 8.425161061404239093e-02 1.640915759025439805e-02 1.110700400920642947e-09 1.564384760304589281e-08
1.000000000000000056e-01 8.358889861609379579e-02 1.647848621301243807e-02 9.000322890638578933e-10 1.690773619708782484e-08
