# time 1 2 D-1 D
0.000000000000000000e+00 9.999999710877254255e-01 1.501193714182279158e-08 2.904881639752036462e-34 4.844212219738647889e-35
1.250000000000000243e-03 9.999986586540782207e-01 2.079681736535946752e-07 5.218707278481111753e-21 4.704843659655392514e-23
2.500000000000000486e-03 9.999777930575890483e-01 3.908823617133628099e-06 2.127479095445458391e-20 8.278278471060276290e-23
3.750000000000000729e-03 9.998855612710922935e-01 2.470338260039702305e-05 3.346519581014493802e-20 2.381586797196702677e-20
5.000000000000000971e-03 9.996305586283664724e-01 9.621977144444464238e-05 6.748066225935852057e-19 1.254838696040904186e-19
6.250000000000000347e-03 9.990707324865027994e-01 2.859505888050287528e-04 3.037554285159558580e-18 5.387184726155032326e-19
7.500000000000001457e-03 9.979928700707109135e-01 7.068962458426296088e-04 9.732207410275663131e-18 2.568749613340152697e-18
8.750000000000000833e-03 9.960816627256927625e-01 1.545529202742263212e-03 2.574000278485889594e-17 1.520746076608857055e-17
1.000000000000000194e-02 9.928812267190004759e-01 3.015963283545193378e-03 9.532257984151612363e-17 1.242994995852946730e-16
1.125000000000000132e-02 9.877580560975937063e-01 5.399595549582686740e-03 4.843127254893132394e-16 1.084419694766517913e-15
1.250000000000000069e-02 9.798821932573609228e-01 8.888591099823275887e-03 2.521142330712027190e-15 8.342749684114895092e-15
1.375000000000000180e-02 9.682500782080185608e-01 1.362807656979514448e-02 1.184566307671074301e-14 5.376061471510606399e-14
1.500000000000000291e-02 9.517700682367843390e-01 1.960326766859561698e-02 4.553768932326964577e-14 2.848148543450088063e-13
1.625000000000000056e-02 9.294099333051639711e-01 2.710291342761996305e-02 1.379264350085719174e-13 1.243803560590428967e-12
1.750000000000000167e-02 9.003640711428522181e-01 3.638713905882277888e-02 3.340387398430674275e-13 4.553662123100442550e-12
1.875000000000000278e-02 8.641631227143397043e-01 4.814561216247775777e-02 6.569329904945970954e-13 1.422895424265121223e-11
2.000000000000000389e-02 8.206680310566235592e-01 6.326007139780588651e-02 1.064678977972641226e-12 3.860448159252524381e-11
2.125000000000000500e-02 7.700153939013324456e-01 8.274677331487710619e-02 1.470152747371302735e-12 9.250653020618709706e-11
2.250000000000000264e-02 7.124314279177069720e-01 1.078050772698073562e-01 1.768596723151568273e-12 1.988077529303583700e-10
2.375000000000000375e-02 6.487383809348225006e-01 1.382287583661503949e-01 1.921657302170191307e-12 3.883062281150287133e-10
2.500000000000000139e-02 5.804506478151419957e-01 1.735482767733660114e-01 1.931057663327294023e-12 6.974732942493093654e-10
2.625000000000000250e-02 5.101887745053296230e-01 2.114893563442093727e-01 1.885647491016969523e-12 1.164070681555769592e-09
2.750000000000000361e-02 4.414473276834028903e-01 2.485662150644074864e-01 1.817395242465953148e-12 1.821316118300774315e-09
2.875000000000000472e-02 3.775621251145827584e-01 2.817879477683902789e-01 1.875573350934501814e-12 2.692302532369077739e-09
3.000000000000000583e-02 3.210073722213784841e-01 3.082442410440610070e-01 1.846445496879124593e-12 3.785743066915407539e-09
3.125000000000000000e-02 2.727432484350160169e-01 3.264449504254502421e-01 1.896607366103419302e-12 5.093747707719905228e-09
3.250000000000000111e-02 2.325629712263619919e-01 3.261990544584261187e-01 1.812452169818090965e-12 6.592340953734463934e-09
3.375000000000000222e-02 1.995730326775226049e-01 7.598668230114401234e-02 1.582295350219999725e-12 8.244079861474340800e-09
3.500000000000000333e-02 1.726315229219646252e-01 1.409048662632884572e-02 1.087166818878716334e-12 1.000204882336039759e-08
3.625000000000000444e-02 1.506152814554837238e-01 6.638922764422551526e-03 5.255509453148477588e-13 1.181458303146320559e-08
3.750000000000000555e-02 1.325379797812805682e-01 3.865044039495608812e-03 6.770222246187421856e-14 1.363001200269335878e-08
3.875000000000000666e-02 1.175798422367308332e-01 2.333091723881891306e-03 4.378258505563904282e-13 1.539976412190765833e-08
4.000000000000000777e-02 1.050729519601213136e-01 1.404715558001367508e-03 2.941403795511646648e-12 1.708193860149238336e-08
4.125000000000000888e-02 9.450277169615213524e-02 7.326635760076567619e-04 8.513504242108784252e-12 1.864223261752219716e-08
4.250000000000000999e-02 8.543954343264067997e-02 2.869293735349124231e-04 2.014740604461309594e-11 2.005564765414867348e-08
4.375000000000000416e-02 7.754842264619220271e-02 5.217011061144654656e-05 3.856281033947168631e-11 2.130599220048159100e-08
4.500000000000000527e-02 7.057741777987196208e-02 6.033230557371219696e-06 7.030089261622214639e-11 2.238421490487197914e-08
4.625000000000000638e-02 6.434276784815105843e-02 1.248021865379439206e-04 1.114360738867754536e-10 2.328780598676503163e-08
4.750000000000000749e-02 5.871165616823360162e-02 3.814745791694897927e-04 1.646358714249424174e-10 2.401997044356045256e-08
4.875000000000000860e-02 5.360712538526408305e-02 7.251889767735620815e-04 2.366986700194865549e-10 2.458770072937788898e-08
5.000000000000000278e-02 4.895090314647013857e-02 1.134473813621951054e-03 3.220394169895581628e-10 2.500113533888172573e-08
