# time 1 2 D-1 D
0.000000000000000000e+00 9.999999804270959247e-01 5.240465325424991293e-09 3.558926696549557659e-34 5.808117587412920439e-35
2.500000000000000052e-04 9.993912667403319627e-01 1.033483148520250890e-07 1.538066912869256005e-17 4.093439197292821795e-23
5.000000000000000104e-04 9.974377525734352545e-01 2.397471693623668282e-06 4.621428793523555365e-15 3.127544915028084970e-19
7.500000000000001240e-04 9.939284122426996770e-01 1.638401088702412897e-05 1.371201386099373193e-13 5.978474806750219923e-17
1.000000000000000021e-03 9.886169268025973844e-01 7.032395722272707830e-05 1.587352650778274580e-12 2.660212876767857174e-15
1.250000000000000026e-03 9.811986885866991193e-01 2.362210251345889364e-04 1.081073171318954359e-11 5.321881045418367391e-14
1.500000000000000248e-03 9.712614656592919449e-01 6.822443361133355508e-04 5.268194865122731442e-11 6.375342445617219042e-13
1.750000000000000253e-03 9.581885738601541025e-01 1.774734246393162200e-03 1.989946147694380973e-10 5.308385102498207185e-12
2.000000000000000042e-03 9.409881666958198609e-01 4.261124810460378311e-03 6.252655233244851539e-10 3.344196290112761708e-11
2.250000000000000264e-03 9.180412416589668334e-01 9.536069972340710868e-03 1.717008899496513679e-09 1.675169069629347977e-10
2.500000000000000052e-03 8.868629261347613646e-01 1.990920341689109488e-02 4.120103326680801324e-09 6.864351926595334623e-10
2.750000000000000274e-03 8.442438076078883080e-01 3.849028889526082131e-02 9.146578030545212711e-09 2.338855633701980346e-09
3.000000000000000496e-03 7.874721767673167339e-01 6.798935074801722156e-02 1.928890717077409934e-08 6.709184519790257251e-09
3.250000000000000284e-03 7.168642192689999026e-01 1.081532819119987859e-01 4.653527528131424428e-08 1.644647792394119663e-08
3.500000000000000507e-03 6.376184792798128553e-01 1.537318039519082191e-01 2.040816551631459636e-07 3.512184484563163547e-08
3.749999999999999861e-03 5.579896789401597168e-01 1.938191878840309357e-01 9.236861989512032366e-07 6.674876901258699579e-08
4.000000000000000083e-03 4.849772022347743627e-01 8.032284448403802235e-02 1.576121512240427695e-06 1.151982934366207361e-07
4.250000000000000305e-03 4.219357937556564853e-01 1.009344257218421602e-02 2.316785708662309703e-06 1.836949212719047323e-07
4.500000000000000527e-03 3.691698653870579827e-01 5.360534845079002568e-03 3.106656874503905713e-06 2.744694730646622200e-07
4.750000000000000749e-03 3.254860864510288887e-01 3.936543280736329829e-03 3.908028468774519340e-06 3.885757404793992685e-07
5.000000000000000104e-03 2.892973838723437718e-01 3.376009514832776798e-03 4.713697031168034607e-06 5.258464281292334843e-07
5.250000000000000326e-03 2.591241656743168420e-01 2.965280245669371824e-03 5.526724054678409196e-06 6.852157805362629999e-07
5.500000000000000548e-03 2.337511107201622196e-01 2.663936748681571161e-03 6.352833224042501366e-06 8.622925012356736767e-07
5.750000000000000770e-03 2.122088282703827600e-01 2.406747716799811226e-03 7.192288147316900475e-06 1.057022574271988359e-06
6.000000000000000992e-03 1.937681452292661921e-01 2.147949520009639207e-03 8.051824977398726367e-06 1.261672428815120201e-06
6.250000000000000347e-03 1.778483786888099827e-01 1.898972582113634061e-03 8.931056058732264618e-06 1.474802704508713283e-06
6.500000000000000569e-03 1.640206136892463917e-01 1.641935138465781992e-03 9.843411742825019503e-06 1.683091455653683756e-06
6.750000000000000791e-03 1.519143370227192535e-01 1.399872465995716546e-03 1.079378418419177769e-05 1.878282380846755874e-06
7.000000000000001013e-03 1.412705747265905476e-01 1.158014809127795109e-03 1.178402423390839570e-05 2.057240968482804050e-06
7.250000000000001235e-03 1.318819006342480116e-01 9.192728906122822228e-04 1.281861887285891283e-05 2.213721966490862301e-06
7.499999999999999722e-03 1.235678678317784218e-01 6.733713735336588390e-04 1.392889661130448997e-05 2.314650611987179350e-06
7.750000000000000812e-03 1.161402818545284182e-01 4.774712395548160707e-04 1.511889149133681497e-05 2.354281614652976919e-06
8.000000000000000167e-03 1.095279329366999899e-01 2.721321371549828626e-04 1.640715981214982882e-05 2.312387637194048498e-06
8.250000000000000389e-03 1.035666996831043352e-01 1.283311053546502443e-04 1.780694038423621175e-05 2.174100626421563229e-06
8.500000000000000611e-03 9.816406803706462236e-02 2.717662489259158566e-05 1.933271780190183437e-05 1.923353186120461099e-06
8.750000000000000833e-03 9.316137699134972860e-02 1.984794965570019595e-06 2.100323761351144939e-05 1.539864813110043359e-06
9.000000000000001055e-03 8.832848334795083411e-02 9.680603678268878698e-05 2.278668620219332893e-05 1.053963956985886952e-06
9.250000000000001277e-03 8.317628010912966885e-02 4.885735802413298775e-04 2.460697541454720955e-05 5.403051379442137127e-07
9.500000000000001499e-03 7.650979477453671851e-02 1.965570904189437983e-03 2.632980211805889182e-05 1.318093575982656545e-07
9.750000000000001721e-03 6.559207567947224204e-02 7.038994437779008163e-03 2.777542368925867277e-05 6.893825890479426085e-09
1.000000000000000021e-02 4.810987739480376835e-02 1.769206388386275475e-02 2.881358887376170403e-05 2.931768609378592053e-07
