# time 1 2 D-1 D
0.000000000000000000e+00 9.999999698826633754e-01 1.448427012823527347e-08 1.030673446800981687e-34 1.803862202894034362e-34
5.000000000000000104e-04 9.995564444986928532e-01 3.732469221243127014e-09 4.342670048726954370e-18 2.069056315655853162e-23
1.000000000000000021e-03 9.981318859630659013e-01 1.020686261592510670e-07 1.360462546217354528e-15 1.179744360921543610e-19
1.500000000000000248e-03 9.955689782413117417e-01 7.901707718967298841e-07 4.268721544976084922e-14 2.153115498147444624e-17
2.000000000000000042e-03 9.916837784899205088e-01 3.713349242561727890e-06 5.268907549633489530e-13 9.602962263727242089e-16
2.500000000000000052e-03 9.862564977814183287e-01 1.344165813223276523e-05 3.938115889699937563e-12 1.965032646626983946e-14
3.000000000000000496e-03 9.790166013733003769e-01 4.199391097685813287e-05 2.165044553444632701e-11 2.429770861254070460e-13
3.500000000000000507e-03 9.696183165522325176e-01 1.205216987177317378e-04 9.723891721745634166e-11 2.082512025062800837e-12
4.000000000000000083e-03 9.575980426567217707e-01 3.242205019998043109e-04 3.823657706744745617e-10 1.326996761694070466e-11
4.500000000000000527e-03 9.422947069304727918e-01 8.386671869632105099e-04 1.392562813411957386e-09 6.518577288042355193e-11
5.000000000000000104e-03 9.226912869836476627e-01 2.103762953348454774e-03 4.981541808157097578e-09 2.527514680827069206e-10
5.500000000000000548e-03 8.970915796276374143e-01 5.150781604828107846e-03 1.782220868465889766e-08 7.921206853025944571e-10
6.000000000000000992e-03 8.624872128018800099e-01 1.226923361161690734e-02 4.855084333325090084e-08 2.061675025111511313e-09
6.500000000000000569e-03 8.136193169926932978e-01 2.806986081285970172e-02 9.121148551347327287e-08 4.582961621317611284e-09
7.000000000000001013e-03 7.427349993213724355e-01 5.987356324446962280e-02 1.485528036150147612e-07 8.929167292580468311e-09
7.499999999999999722e-03 6.445363040904517060e-01 1.130018287451280273e-01 2.233287207426712794e-07 1.559276987073625956e-08
8.000000000000000167e-03 5.267874246581303321e-01 1.803282205175878450e-01 3.145009804379743452e-07 2.486606729267889148e-08
8.500000000000000611e-03 4.137756969980531663e-01 2.385901682531257895e-01 4.195685155423453534e-07 3.677713735005929460e-08
9.000000000000001055e-03 3.225533329009757644e-01 2.727803988231042309e-01 5.349321372531614812e-07 5.109356255373286706e-08
9.500000000000001499e-03 2.547065648031893725e-01 2.826960929422070445e-01 6.563768379451222406e-07 6.737898665695269185e-08
1.000000000000000021e-02 2.053962771872837045e-01 2.747191524674285623e-01 7.796867586662566953e-07 8.507545195582570743e-08
1.050000000000000065e-02 1.691842387039923790e-01 2.552690645729897567e-01 9.040948080523130347e-07 1.035864823976874613e-07
1.100000000000000110e-02 1.420478308837053449e-01 2.301246424955167291e-01 1.027184037513560837e-06 1.223447137247810187e-07
1.150000000000000154e-02 1.212696931774301101e-01 2.020332191347836148e-01 1.143973266119213940e-06 1.408576908726989887e-07
1.200000000000000198e-02 1.050381609084942297e-01 1.764484692083517769e-01 1.259748794526917128e-06 1.587322707072518330e-07
1.250000000000000069e-02 9.212867124553895948e-02 1.664013778482800188e-01 1.368406968383244896e-06 1.756813775629257232e-07
1.300000000000000114e-02 8.169579175335053844e-02 9.172151774938623603e-02 1.472577351977526626e-06 1.915179701983650099e-07
1.350000000000000158e-02 7.314303834798532855e-02 5.162336660880822298e-02 1.568411489811286835e-06 2.061434301142521381e-07
1.400000000000000203e-02 6.604102558500866971e-02 3.922418331709373596e-02 1.661930555966846295e-06 2.195282306547136328e-07
1.450000000000000247e-02 6.007501078587087345e-02 3.216193478657133897e-02 1.747098018230238568e-06 2.316983099722341549e-07
1.499999999999999944e-02 5.501050780070724372e-02 2.770502889726777704e-02 1.828243943250655870e-06 2.427161398401357853e-07
1.550000000000000162e-02 5.067023742977500717e-02 2.466901091834882223e-02 1.906562357301673769e-06 2.526698779249241673e-07
1.600000000000000033e-02 4.691836544373175627e-02 2.217766633438169113e-02 1.976913454730473982e-06 2.616564242326802948e-07
1.650000000000000078e-02 4.364952878594872271e-02 2.045171866647567741e-02 2.048249285712160408e-06 2.697825979400297749e-07
1.700000000000000122e-02 4.078106232164734751e-02 1.903853027858434799e-02 2.108295283039201255e-06 2.771519712535756908e-07
1.750000000000000167e-02 3.824741840385545433e-02 1.788058006478978820e-02 2.168573141875806399e-06 2.838621439152118934e-07
1.800000000000000211e-02 3.599610591834257606e-02 1.686231326604123448e-02 2.223340034048588900e-06 2.900045203143943450e-07
1.850000000000000255e-02 3.398469303982443179e-02 1.618693781258777331e-02 2.275829135206784674e-06 2.956603655766690723e-07
1.900000000000000300e-02 3.217858231490697968e-02 1.549973534745760495e-02 2.323482159492466273e-06 3.009023711422349099e-07
1.950000000000000344e-02 3.054933039556241223e-02 1.493965492486493823e-02 2.374559056095965676e-06 3.057965534518112800e-07
2.000000000000000042e-02 2.907337315440459286e-02 1.446856102157402860e-02 2.417056375431924068e-06 3.103892744324128894e-07
