# time 1 2 D-1 D
0.000000000000000000e+00 9.999999623415886107e-01 8.649966452388267057e-09 1.383101346856888547e-34 3.900088217936801836e-35
2.500000000000000052e-04 9.965411690611621909e-01 7.167062020257376970e-05 4.284409330092968305e-23 6.639598575152093806e-25
5.000000000000000104e-04 9.862168567672274788e-01 3.299621888671475578e-04 3.202538912032464479e-19 6.458646382379678918e-21
7.500000000000001240e-04 9.691077397711398422e-01 8.722901844011204161e-04 7.778668361119353482e-17 2.083574693552563186e-18
1.000000000000000021e-03 9.453020149154017782e-01 1.883280005833395379e-03 4.614420931221649304e-15 1.699346396484522826e-16
1.250000000000000026e-03 9.148475076685205210e-01 3.669669486760502534e-03 1.261693136507669772e-13 6.551271289108059646e-15
1.500000000000000248e-03 8.776429754303114450e-01 6.794599479091072494e-03 2.075237299795533723e-12 1.549743888574555165e-13
1.750000000000000253e-03 8.332246133746169514e-01 1.226781651918269940e-02 2.352286483153743634e-11 2.517387650629002089e-12
2.000000000000000042e-03 7.803852451149065894e-01 2.189224130722896428e-02 2.008066196679248951e-10 2.913853046777130226e-11
2.250000000000000264e-03 7.165938014091803865e-01 3.887347060458513220e-02 1.390221092966710439e-09 2.419948991540028064e-10
2.500000000000000052e-03 6.375494684001811185e-01 6.817943185376053317e-02 8.521196631346777405e-09 1.462090887088526798e-09
2.750000000000000274e-03 5.384470664226892467e-01 1.152220199981825177e-01 5.131285127610858030e-08 6.649766555526309319e-09
3.000000000000000496e-03 4.211193605309394017e-01 1.787972381732319260e-01 1.899867706028238247e-07 2.381564562581776524e-08
3.250000000000000284e-03 3.022820859375098812e-01 2.420770570261138177e-01 4.227823984815437310e-07 7.016886743484171953e-08
3.500000000000000507e-03 2.041230454519504800e-01 2.799501832207307861e-01 8.791956442651535650e-07 1.765031275600676739e-07
3.749999999999999861e-03 1.348047804389578830e-01 2.592274677137071381e-01 1.661019608833780946e-06 3.904815463087708622e-07
4.000000000000000083e-03 8.937938683041582455e-02 1.335035090481024866e-01 2.898299728723123169e-06 7.777966419309850110e-07
4.250000000000000305e-03 6.015181055104733970e-02 5.736704676106661738e-02 4.695943561433483670e-06 1.420865511585430592e-06
4.500000000000000527e-03 4.121850680452249921e-02 3.181358968787191543e-02 7.154374005902373099e-06 2.415391989545684294e-06
4.750000000000000749e-03 2.876691433771694228e-02 1.975666570155129587e-02 1.039819451492374960e-05 3.865521425412098246e-06
5.000000000000000104e-03 2.043624788734628439e-02 1.284185181496793476e-02 1.446081019050541568e-05 5.878434032983030981e-06
5.250000000000000326e-03 1.476532166478167207e-02 8.549171674188695697e-03 1.938434441590768212e-05 8.559111202571677475e-06
5.500000000000000548e-03 1.083903551901606137e-02 5.868743376106880065e-03 2.520666700333564977e-05 1.200580204030973548e-05
5.750000000000000770e-03 8.075841822891165200e-03 4.212323541473337978e-03 3.194835347434979260e-05 1.630649213765498879e-05
6.000000000000000992e-03 6.100568208582634461e-03 3.073191232380764228e-03 3.953563988514477602e-05 2.153640297710774287e-05
6.250000000000000347e-03 4.667517427375223252e-03 2.357403114729741001e-03 4.800685798588998407e-05 2.775663325885439840e-05
6.500000000000000569e-03 3.613352711117398270e-03 1.846271434352001655e-03 5.730565898883653646e-05 3.501382788387247074e-05
6.750000000000000791e-03 2.827855151567747281e-03 1.485074580222738635e-03 6.733193565869308498e-05 4.333968053233102171e-05
7.000000000000001013e-03 2.235543290519579306e-03 1.228823655011836635e-03 7.810011089093657098e-05 5.275264315278358618e-05
7.250000000000001235e-03 1.783973866319718115e-03 1.007558526295294432e-03 8.956658871767635014e-05 6.325823104294239698e-05
7.499999999999999722e-03 1.436199420738800553e-03 8.698859688836763429e-04 1.015988368217416333e-04 7.485094496649850014e-05
7.750000000000000812e-03 1.165841973666667617e-03 7.277949968975537965e-04 1.141635989835865917e-04 8.751504908950681063e-05
8.000000000000000167e-03 9.538324524780520406e-04 6.407045920282334814e-04 1.272614621780471494e-04 1.012265563696832036e-04
8.250000000000000389e-03 7.862235948275998927e-04 5.637463530112070235e-04 1.407147189449410509e-04 1.159552242527276447e-04
8.500000000000000611e-03 6.527032231977549035e-04 4.648128440916048207e-04 1.547605643469689119e-04 1.316638493912713917e-04
8.750000000000000833e-03 5.455702560379068009e-04 4.341123868595128557e-04 1.689140520965362212e-04 1.483119004625439491e-04
9.000000000000001055e-03 4.590203718579735919e-04 3.947165210686574398e-04 1.835730518811142854e-04 1.658537301502126021e-04
9.250000000000001277e-03 3.886415514315617165e-04 3.270989778108733450e-04 1.982944448905984915e-04 1.842436168011977408e-04
9.500000000000001499e-03 3.310536607848257179e-04 3.090063348394153251e-04 2.134088994721575910e-04 2.034336765452598799e-04
9.750000000000001721e-03 2.836481530968664616e-04 2.607100346873498782e-04 2.285149903364959976e-04 2.233740820553428599e-04
1.000000000000000021e-02 2.443981614002530261e-04 2.563024030388175167e-04 2.440699320594932225e-04 2.440170213940526451e-04
