# time 1 2 D-1 D
0.000000000000000000e+00 9.999999698826633754e-01 1.448427012823527347e-08 1.030673446800981687e-34 1.803862202894034362e-34
2.500000000000000486e-03 9.995564484432533092e-01 3.726633508409736696e-09 4.342323887625161900e-18 2.072654730577985452e-23
5.000000000000000971e-03 9.981319424802020945e-01 1.020059758501980139e-07 1.360034534228577561e-15 1.178308984835130029e-19
7.500000000000001457e-03 9.955692680249710325e-01 7.898808583993413775e-07 4.267217169177115823e-14 2.151948668071351169e-17
1.000000000000000194e-02 9.916847093501224286e-01 3.712469718316256777e-06 5.266333879059153438e-13 9.598516414934845882e-16
1.250000000000000069e-02 9.862588062184026727e-01 1.343943581749100238e-05 3.935274839264215110e-12 1.963588965020887984e-14
1.500000000000000291e-02 9.790214542887034632e-01 4.198907472780142821e-05 2.162885512508529129e-11 2.427266778161592821e-13
1.750000000000000167e-02 9.696274135159689278e-01 1.205111812182853173e-04 9.711141585087855895e-11 2.079650039676243479e-12
2.000000000000000389e-02 9.576137132126663065e-01 3.241975620463704633e-04 3.817310254025868397e-10 1.324661297370012761e-11
2.250000000000000264e-02 9.423199812583591406e-01 8.386195297108843972e-04 1.389716004853549247e-09 6.504292689999432165e-11
2.500000000000000139e-02 9.227299123224186328e-01 2.103698649409091372e-03 4.969297877408568728e-09 2.520768444846268558e-10
2.750000000000000361e-02 8.971479413384564339e-01 5.150815685677448408e-03 1.777050012997794050e-08 7.895898655057469929e-10
3.000000000000000583e-02 8.625661336515170197e-01 1.226957582821949951e-02 4.838663579659743041e-08 2.053901884435268629e-09
3.250000000000000111e-02 8.137247869560869651e-01 2.807215937297546579e-02 9.085421371254032056e-08 4.562802813615947988e-09
3.500000000000000333e-02 7.428692250712405354e-01 5.988059355767516578e-02 1.478838284791893162e-07 8.883774562563242743e-09
3.750000000000000555e-02 6.446945921175032401e-01 1.130237937184477570e-01 2.221808989053332953e-07 1.550186454461512480e-08
4.000000000000000777e-02 5.269612645455675759e-01 1.803779266442951390e-01 3.126702887102309248e-07 2.470081634186128805e-08
4.250000000000000999e-02 4.139574465422212191e-01 2.386769036830367063e-01 4.168039801525418043e-07 3.650001831511943899e-08
4.500000000000000527e-02 3.227400865427589305e-01 2.729052570157856628e-01 5.309785706140707839e-07 5.065922112797397764e-08
4.750000000000000749e-02 2.548959826025949393e-01 2.828644039560458401e-01 6.509303142082544257e-07 6.673583425868035768e-08
5.000000000000000278e-02 2.055893250176881459e-01 2.749273856171228769e-01 7.724563449137809921e-07 8.416764018113269593e-08
5.250000000000000500e-02 1.693819415956834551e-01 2.555047158222112924e-01 8.947700346191026565e-07 1.023558988363774125e-07
5.500000000000000722e-02 1.422511204140762542e-01 2.303875068818700134e-01 1.015485998404952355e-06 1.207328690040275369e-07
5.750000000000000944e-02 1.214793653109478150e-01 2.023120756493551331e-01 1.129576293327891358e-06 1.388073373886361449e-07
6.000000000000001166e-02 1.052549104516916356e-01 1.767408568440959338e-01 1.242317373263112967e-06 1.561885232825269793e-07
6.250000000000000000e-02 9.235312676559573331e-02 1.667386524074026544e-01 1.347668240853410912e-06 1.725923882527889818e-07
6.500000000000000222e-02 8.192853940031867566e-02 9.185350760283202132e-02 1.448183179044405099e-06 1.878352728836149452e-07
6.750000000000000444e-02 7.338463665721245421e-02 5.171974707985010217e-02 1.540010933366469473e-06 2.018218307699729711e-07
7.000000000000000666e-02 6.629201444286846046e-02 3.931322242372319031e-02 1.629147603894280432e-06 2.145255814197633105e-07
7.250000000000000888e-02 6.033591729594463965e-02 3.225168740992901545e-02 1.709830419157509419e-06 2.259751454913996595e-07
7.500000000000001110e-02 5.528184945030357317e-02 2.779596030699899717e-02 1.786071089688718239e-06 2.362348968615870816e-07
7.750000000000001332e-02 5.095252485331257936e-02 2.476509106389223822e-02 1.859078196432092062e-06 2.453944842272660492e-07
8.000000000000001554e-02 4.721210400487537567e-02 2.227778319145777911e-02 1.924128508653141599e-06 2.535520077660259109e-07
8.250000000000001776e-02 4.395522072650531742e-02 2.055642858690009608e-02 1.989435286491024422e-06 2.608146617403147742e-07
8.500000000000001998e-02 4.109920798524028390e-02 1.914975030093646335e-02 2.043674436963587255e-06 2.672861042809856659e-07
8.750000000000000833e-02 3.857851887593664181e-02 1.799981121131087602e-02 2.097512890878643153e-06 2.730639070450242176e-07
9.000000000000001055e-02 3.634065910214491490e-02 1.698812871389366805e-02 2.145894660250201856e-06 2.782383776491844977e-07
9.250000000000001277e-02 3.434319931421559585e-02 1.632141230171534410e-02 2.191395521831387455e-06 2.828903668195300173e-07
9.500000000000001499e-02 3.255154392518744277e-02 1.564395976149433876e-02 2.231676435890635578e-06 2.870919537426960135e-07
9.750000000000001721e-02 3.093725225987956073e-02 1.509343013959139716e-02 2.275143207231212641e-06 2.909072329696478684e-07
1.000000000000000056e-01 2.947677614851791292e-02 1.463137515703407006e-02 2.309797232006650917e-06 2.943822270655718362e-07
