# time 1 2 D-1 D
0.000000000000000000e+00 9.999999698826633754e-01 1.448427012823527347e-08 1.030673446800981687e-34 1.803862202894034362e-34
2.500000000000000052e-04 9.982093454089934204e-01 9.849647246916373784e-06 8.308884157278365533e-18 2.181579686964529118e-20
5.000000000000000104e-04 9.929248244104118548e-01 4.469671067160668694e-05 4.625509903329488933e-15 3.712827489309753421e-17
7.500000000000001240e-04 9.842362554442218858e-01 1.272428489937022574e-04 2.440820894609915846e-13 3.681076932396923107e-15
1.000000000000000021e-03 9.721686892756076226e-01 2.880448923601179774e-04 4.835943730165200714e-12 1.159736214990586600e-13
1.250000000000000026e-03 9.566667652934485178e-01 5.684854387331266272e-04 5.549484709860420734e-11 1.965548515229030188e-12
1.500000000000000248e-03 9.375765187999116623e-01 1.048356395558809953e-03 4.481067498086899931e-10 2.245233508194576009e-11
1.750000000000000253e-03 9.146198447306073120e-01 1.895131346347208061e-03 2.819392438224912833e-09 1.924355344497868804e-10
2.000000000000000042e-03 8.873532497246598982e-01 3.324589406416766750e-03 1.481838645782335745e-08 1.299739601732200759e-09
2.250000000000000264e-03 8.550950408293656047e-01 5.814357103957344501e-03 6.887489686784762348e-08 7.055643031592484292e-09
2.500000000000000052e-03 8.167904291861882715e-01 1.013815837102851822e-02 3.008277009495303884e-07 3.110476839136779316e-08
2.750000000000000274e-03 7.707633244798253180e-01 1.781401253601993390e-02 1.258240444505055086e-06 1.129003525481243423e-07
3.000000000000000496e-03 7.143021215634415277e-01 3.139758345046029381e-02 3.905680313390475189e-06 3.443283432793562154e-07
3.250000000000000284e-03 6.433096219428602325e-01 5.527630783114533680e-02 8.365401101588378793e-06 9.035921854278508918e-07
3.500000000000000507e-03 5.531724903948146421e-01 9.444999585410185361e-02 1.558526332508375413e-05 2.088127858254497835e-06
3.749999999999999861e-03 4.443782803921558222e-01 1.493656616262825920e-01 2.681935484836049207e-05 4.337041831583816567e-06
4.000000000000000083e-03 3.297857693729080997e-01 2.084728771608564124e-01 4.311790085676246503e-05 8.235990354062412729e-06
4.250000000000000305e-03 2.317212011906150948e-01 2.510610093959816380e-01 6.549127877231592778e-05 1.450208473641212910e-05
4.500000000000000527e-03 1.602937531117431535e-01 2.684812449389099576e-01 9.453950455545390608e-05 2.395124875938165596e-05
4.750000000000000749e-03 1.120190292841092145e-01 2.656188292523529171e-01 1.308125899248073888e-04 3.745386739117660023e-05
5.000000000000000104e-03 8.000377319120567654e-02 2.502792346753490715e-01 1.742403645132323817e-04 5.588589854139970321e-05
5.250000000000000326e-03 5.849547948745662668e-02 2.286337700562353636e-01 2.251229776811516036e-04 8.008210736861606977e-05
5.500000000000000548e-03 4.372137048086815331e-02 2.048968557655209133e-01 2.832900884917304973e-04 1.107963861834737639e-04
5.750000000000000770e-03 3.333331747257040067e-02 1.811539770117713000e-01 3.475989088002419988e-04 1.486720133858369019e-04
6.000000000000000992e-03 2.586865102323590224e-02 1.600551153866671128e-01 4.185857094734839407e-04 1.942228159175904065e-04
6.250000000000000347e-03 2.039850797342494804e-02 1.467388896589842395e-01 4.951263231373851520e-04 2.478245371046260245e-04
6.500000000000000569e-03 1.631883722990660687e-02 4.851149697290858820e-02 5.766634735887798914e-04 3.097145722393105120e-04
6.750000000000000791e-03 1.322756364420391018e-02 2.242508292719371660e-02 6.623480818654591765e-04 3.799998995557428883e-04
7.000000000000001013e-03 1.085127240340817874e-02 1.527827925079366586e-02 7.524285298574055368e-04 4.586663543642486001e-04
7.250000000000001235e-03 9.000422513846126349e-03 1.125451332808316031e-02 8.449020530700810131e-04 5.455960127580344009e-04
7.499999999999999722e-03 7.541317023077791053e-03 8.717362760392586771e-03 9.402919201201183352e-04 6.405801849878168088e-04
7.750000000000000812e-03 6.378155247501396917e-03 7.004017521595106051e-03 1.038581867618903597e-03 7.433384996545836215e-04
8.000000000000000167e-03 5.441299059568133548e-03 5.662968803392898209e-03 1.137284752066625897e-03 8.535270607695300080e-04
8.250000000000000389e-03 4.679456309534400088e-03 4.744217828499648452e-03 1.239232356738329465e-03 9.707638023107228792e-04
8.500000000000000611e-03 4.054384493073953481e-03 4.024507995345471927e-03 1.339600111576075021e-03 1.094632820842232623e-03
8.750000000000000833e-03 3.537246182468385854e-03 3.459495929006479314e-03 1.442814844335221910e-03 1.224696348382568181e-03
9.000000000000001055e-03 3.106065318440756270e-03 2.991956569555097138e-03 1.544271437624857414e-03 1.360507177449858792e-03
9.250000000000001277e-03 2.743928498767133142e-03 2.671969322091843815e-03 1.646750324137406362e-03 1.501613636384128070e-03
9.500000000000001499e-03 2.437697567369174166e-03 2.375946144355623249e-03 1.749093797474791240e-03 1.647567804477893978e-03
9.750000000000001721e-03 2.177077664260036217e-03 2.140337533140984454e-03 1.851187882697042210e-03 1.797935279619600115e-03
1.000000000000000021e-02 1.953935583004017852e-03 1.947596868634848301e-03 1.951967934186144872e-03 1.952269614178941612e-03
