# time 1 2 D-1 D
0.000000000000000000e+00 9.999999447174664491e-01 2.289350890722236243e-08 1.591629180281325446e-35 7.534643282282387282e-37
5.000000000000000104e-04 9.991694591865281083e-01 1.017501117843408415e-06 1.774025379899444079e-30 1.037880007773239519e-35
1.000000000000000021e-03 9.963538019001909607e-01 2.026735411200904430e-05 4.106359669317765591e-26 1.281530210832732483e-30
1.500000000000000248e-03 9.908238133189375407e-01 1.311118779275566336e-04 1.643907273012936444e-23 3.795787691558646686e-27
2.000000000000000042e-03 9.815398948534380663e-01 5.241169197636214201e-04 1.232252306909808091e-21 1.273875219516646398e-24
2.500000000000000052e-03 9.671480089176009987e-01 1.618157356780885927e-03 3.579076386774250969e-20 1.202089508530802255e-22
3.000000000000000496e-03 9.459202927540246719e-01 4.239039235499568632e-03 5.632341524447127083e-19 4.826650882299086779e-21
3.500000000000000507e-03 9.156019821253887914e-01 9.886718571745254508e-03 5.697053722167302605e-18 1.005158784715926928e-19
4.000000000000000083e-03 8.731475498273533198e-01 2.111997117221372025e-02 4.324430282291960435e-17 1.212478422956091321e-18
4.500000000000000527e-03 8.144565268580157280e-01 4.196246450338455419e-02 2.829575080435696081e-16 9.172514912113770673e-18
5.000000000000000104e-03 7.346582127438918697e-01 7.757922567359913646e-02 1.285657613395180330e-15 4.671185009140239647e-17
5.500000000000000548e-03 6.303924568604873935e-01 1.319800655165389858e-01 4.935032924015354380e-15 1.708958042478933246e-16
6.000000000000000992e-03 5.053757021413105566e-01 2.017041972513292369e-01 8.397636777356936039e-15 4.760222186759559250e-16
6.500000000000000569e-03 3.748973705528569900e-01 2.693690492224955491e-01 1.479396497106451433e-14 1.060287517159340054e-15
7.000000000000001013e-03 2.592585206183126711e-01 3.067900413175650987e-01 2.475730131485982962e-14 1.965705610068748979e-15
7.499999999999999722e-03 1.704464256803530087e-01 2.958291071200572775e-01 3.698430863599259084e-14 3.136788117996003177e-15
8.000000000000000167e-03 1.086374052962619796e-01 2.463437836169939665e-01 5.028793420218012035e-14 4.427335769505578909e-15
8.500000000000000611e-03 6.803588569629476224e-02 1.552261974059774008e-01 6.262512526521393288e-14 5.648297237470897345e-15
9.000000000000001055e-03 4.218776842208685207e-02 6.503254701012560479e-02 7.292812588112924609e-14 6.616653439519747118e-15
9.500000000000001499e-03 2.600425296596114988e-02 2.118892797885404272e-02 8.073296897706632633e-14 7.253556621481629965e-15
1.000000000000000021e-02 1.596354226607895124e-02 1.113407280732974479e-02 8.579785099783207125e-14 7.540418438455961613e-15
1.050000000000000065e-02 9.767172611451210157e-03 6.847250416792065308e-03 8.835534472778318612e-14 7.499642768497280733e-15
1.100000000000000110e-02 5.956881720403633257e-03 4.494539015555444605e-03 8.902727247597091414e-14 7.212071181481029008e-15
1.150000000000000154e-02 3.620525439926278871e-03 3.023453341829668468e-03 8.822612902585762621e-14 6.745843586389943850e-15
1.200000000000000198e-02 2.191816540595508973e-03 2.053060580707110217e-03 8.644670800312510054e-14 6.199085172745832725e-15
1.250000000000000069e-02 1.320690994736232202e-03 1.394851934233263787e-03 8.411322945570381616e-14 5.614010809416608704e-15
1.300000000000000114e-02 7.913401753159188690e-04 9.663032124319140270e-04 8.150079774156649294e-14 5.056384298082044404e-15
1.350000000000000158e-02 4.709918974488372812e-04 6.652423125088706944e-04 7.879572437600287886e-14 4.528015597328279346e-15
1.400000000000000203e-02 2.781019573754363598e-04 4.599183865632018825e-04 7.621317632404859224e-14 4.020590191793759343e-15
1.450000000000000247e-02 1.626762754356820737e-04 3.170792192304044510e-04 7.363428535565081034e-14 3.568817068958810114e-15
1.499999999999999944e-02 9.412916561993443982e-05 2.197171794507905417e-04 7.134011721709311994e-14 3.179149821405863366e-15
1.550000000000000162e-02 5.377944841982186508e-05 1.510878079958636558e-04 6.927360877844359773e-14 2.809446442663467536e-15
1.600000000000000033e-02 3.028851998628071695e-05 1.033849667483164079e-04 6.740142197105180071e-14 2.500098821823916182e-15
1.650000000000000078e-02 1.678133482774314179e-05 7.087641700208728341e-05 6.581550606941238101e-14 2.246452546699775537e-15
1.700000000000000122e-02 9.125729832017798218e-06 4.812824469160726488e-05 6.449994206981883559e-14 2.002731368425636227e-15
1.750000000000000167e-02 4.859796705984909423e-06 3.255738975447106814e-05 6.333418256366438940e-14 1.807685785654481965e-15
1.800000000000000211e-02 2.525398987561279844e-06 2.192704211887629368e-05 6.245748869460725277e-14 1.647151086852843318e-15
1.850000000000000255e-02 1.275934534159656023e-06 1.470379388067378122e-05 6.183592089842158776e-14 1.497712540852651325e-15
1.900000000000000300e-02 6.242765138774148867e-07 9.766516687503221930e-06 6.129784244613567659e-14 1.371881412486939087e-15
1.950000000000000344e-02 2.920161568273353243e-07 6.467930394685615018e-06 6.102332424172076062e-14 1.276705108442374505e-15
2.000000000000000042e-02 1.299734846757117497e-07 4.239448591699849318e-06 6.097574224369578718e-14 1.184059961689346776e-15
