# time 1 2 D-1 D
0.000000000000000000e+00 9.999999476364935802e-01 7.823659600953603718e-09 2.514389591057010323e-35 3.798327600531535591e-36
5.000000000000000104e-04 9.999959357245509217e-01 3.950964177698374848e-08 2.254223444670983910e-29 6.359313565241049801e-32
1.000000000000000021e-03 9.999399082036869446e-01 9.078809519695790894e-07 3.389118128634436079e-25 4.924026872323332547e-27
1.500000000000000248e-03 9.997127572907367199e-01 6.398309969953999085e-06 1.057579631599375206e-22 2.063763591812743549e-24
2.000000000000000042e-03 9.991291240787284478e-01 2.885370490196284297e-05 1.054402414791374115e-21 6.397832336161388154e-23
2.500000000000000052e-03 9.979167372842617789e-01 1.022404215502676581e-04 1.244684962411298008e-20 8.045307646179291519e-22
3.000000000000000496e-03 9.956503802487789434e-01 3.041406259670526588e-04 7.281382887331385610e-20 5.777483585162290709e-21
3.500000000000000507e-03 9.916166034187972045e-01 8.260229846130666843e-04 2.917440941545849685e-19 3.134805606138205148e-20
4.000000000000000083e-03 9.845656953812844669e-01 2.119171548761140250e-03 9.308570976811116114e-19 1.431727485919442654e-19
4.500000000000000527e-03 9.722657703848783806e-01 5.146797218275815655e-03 2.799216478176958211e-18 5.699472011336411517e-19
5.000000000000000104e-03 9.506820784081378983e-01 1.219254603788989463e-02 8.796244415960335190e-18 2.037052247975990855e-18
5.500000000000000548e-03 9.124318993677049683e-01 2.834654357924215259e-02 2.994841514239454607e-17 6.678752961165316791e-18
6.000000000000000992e-03 8.443465292827693203e-01 6.444235875054978024e-02 1.067096204299293850e-16 2.024888177847228676e-17
6.500000000000000569e-03 7.275168819221731198e-01 1.373762357965844227e-01 3.696627858005161447e-16 5.472786480376509972e-17
7.000000000000001013e-03 5.579229376492941261e-01 2.516408096891467605e-01 1.181166011214267708e-15 1.255961440420212091e-16
7.499999999999999722e-03 3.797569450832666837e-01 3.649316205862322970e-01 3.394870598229293005e-15 2.366384638335832800e-16
8.000000000000000167e-03 2.476657744734150346e-01 4.273565637067259226e-01 8.848389120172247342e-15 3.523391914418945269e-16
8.500000000000000611e-03 1.656578645350155754e-01 4.393949589563382330e-01 2.094004543162261428e-14 3.858980374402781783e-16
9.000000000000001055e-03 1.164403746507055581e-01 4.177925010128969441e-01 4.627973112930220099e-14 2.555247867806869798e-16
9.500000000000001499e-03 8.605121846899436988e-02 3.514183185958800748e-01 9.856116687484674710e-14 3.380432896663777595e-17
1.000000000000000021e-02 6.644005758174023613e-02 2.072108597043663125e-01 2.217157444344626543e-13 1.548987910499742184e-16
1.050000000000000065e-02 5.321700100562257174e-02 1.144215691161134807e-01 6.149908905453457957e-13 1.564671533653761890e-15
1.100000000000000110e-02 4.394363033281716013e-02 7.322857032275510714e-02 9.113421493297707102e-13 5.864210875250571933e-15
1.150000000000000154e-02 3.721341175266821427e-02 5.264605954559538337e-02 1.181268546644652559e-12 1.507190050715347681e-14
1.200000000000000198e-02 3.218159423354042398e-02 3.955287569021422034e-02 1.551748816285271226e-12 3.166526245103860646e-14
1.250000000000000069e-02 2.832119482840081762e-02 3.043676912880171476e-02 1.992601986338792858e-12 5.744317681395940659e-14
1.300000000000000114e-02 2.529197822161204090e-02 2.510325706759173117e-02 2.465546563450408073e-12 9.496742412978642035e-14
1.350000000000000158e-02 2.286745551481266306e-02 2.075808266103910255e-02 2.936247587763340254e-12 1.452694279341464449e-13
1.400000000000000203e-02 2.089269119003202974e-02 1.812351031012388730e-02 3.458164160091036252e-12 2.082007604848002889e-13
1.450000000000000247e-02 1.925909284122959142e-02 1.621898560166546918e-02 3.915192539823822014e-12 2.838785329539973210e-13
1.499999999999999944e-02 1.788888080910890771e-02 1.482607682001439199e-02 4.374540917971173489e-12 3.724156663430081344e-13
1.550000000000000162e-02 1.672525236980085955e-02 1.355393892776608766e-02 4.794838589348331632e-12 4.692605961231823903e-13
1.600000000000000033e-02 1.572599077398399367e-02 1.272329080602627345e-02 5.172730315228061543e-12 5.758409426093552327e-13
1.650000000000000078e-02 1.485921796948816778e-02 1.213863967283112383e-02 5.488357415499271247e-12 6.895723989132479818e-13
1.700000000000000122e-02 1.410051288094555690e-02 1.181886665250948300e-02 5.703218059392710266e-12 8.070546871109762704e-13
1.750000000000000167e-02 1.343091832573349229e-02 1.139194010720091625e-02 5.946292253458929025e-12 9.269500376432494914e-13
1.800000000000000211e-02 1.283553876176077822e-02 1.116099212527678179e-02 6.089205150802866923e-12 1.050369982353450542e-12
1.850000000000000255e-02 1.230253939178541957e-02 1.089328407677032061e-02 6.217289010959079540e-12 1.171486419669882237e-12
1.900000000000000300e-02 1.182241905612312939e-02 1.074277051247198370e-02 6.274071012187865659e-12 1.291511807665807920e-12
1.950000000000000344e-02 1.138747672584550404e-02 1.054058022087667017e-02 6.263352882214990409e-12 1.409846052400807149e-12
2.000000000000000042e-02 1.099142606464128397e-02 1.044483047881323255e-02 6.267004820698128693e-12 1.524325281076170025e-12
