# time 1 2 D-1 D
0.000000000000000000e+00 9.999999594823705262e-01 1.057124863219153083e-08 6.565311584728878959e-35 5.718894811120626883e-36
2.500000000000000486e-03 9.985403822280567443e-01 6.088945653928170828e-06 3.430556790699797703e-29 1.231724547833041704e-33
5.000000000000000971e-03 9.936465799891474049e-01 1.345381435429815020e-04 7.873387366749333291e-25 4.665183842372170289e-28
7.500000000000001457e-03 9.838199472160419345e-01 9.344843895710538756e-04 3.047281471341620106e-22 9.322200122460890959e-25
1.000000000000000194e-02 9.657241458803088596e-01 3.933916988469869300e-03 2.471422075458507917e-20 2.149785564584490121e-22
1.250000000000000069e-02 9.328766723855335119e-01 1.232214743933989463e-02 7.768961902236656464e-19 1.499823807134646519e-20
1.500000000000000291e-02 8.758383245781309334e-01 3.029824984945899899e-02 1.362237653292304434e-17 4.866960639043255948e-19
1.750000000000000167e-02 7.880165317158709382e-01 6.061927369175613978e-02 1.887646811039192354e-16 9.255481899348308903e-18
2.000000000000000389e-02 6.762741749554804782e-01 9.862618149336233042e-02 2.139477653062176041e-15 1.181502543015349966e-16
2.250000000000000264e-02 5.612757972263676676e-01 1.351109556618849128e-01 1.305355188667343167e-14 1.099458127541611095e-15
2.500000000000000139e-02 4.619687467612553222e-01 1.602709085859131966e-01 5.143896531084623139e-14 7.823414106565622168e-15
2.750000000000000361e-02 3.852166588871808184e-01 1.671313652231115610e-01 1.614491333718780498e-13 4.386387053390307320e-14
3.000000000000000583e-02 3.290182830112841628e-01 9.391998506352960963e-02 4.082547756217451093e-13 1.985067493817250742e-13
3.250000000000000111e-02 2.886063414311300090e-01 3.492589415191180158e-02 8.300620794819987687e-13 7.395978088639705505e-13
3.500000000000000333e-02 2.595346043699586214e-01 2.349210416413903199e-02 1.356902407988040742e-12 2.289436408985437144e-12
3.750000000000000555e-02 2.384434052469077969e-01 1.883385365763455208e-02 1.781118758515367269e-12 5.996298035802017401e-12
4.000000000000000777e-02 2.229693552537734547e-01 1.658004943535174719e-02 1.936761129724702342e-12 1.353044584263934907e-11
4.250000000000000999e-02 2.114841855469636878e-01 1.491939614947316618e-02 1.834306655727119641e-12 2.702184448382249198e-11
4.500000000000000527e-02 2.028654444928384704e-01 1.411625478403740440e-02 1.662212168266093366e-12 4.891641801550799924e-11
4.750000000000000749e-02 1.963322308905515179e-01 1.331935491292841542e-02 1.536518077446701600e-12 8.196522634633952669e-11
5.000000000000000278e-02 1.913343002016821837e-01 1.276447008672536125e-02 1.469746564331366878e-12 1.290307183103286525e-10
5.250000000000000500e-02 1.874786877926316597e-01 1.241418521093758977e-02 1.802874758364986413e-12 1.924746521543993157e-10
5.500000000000000722e-02 1.844813052871073222e-01 1.202572970062969551e-02 1.954474926087105830e-12 2.752326839975601411e-10
5.750000000000000944e-02 1.821342663908366299e-01 1.164360442214920459e-02 3.801522874541632268e-12 3.772482021520103078e-10
6.000000000000001166e-02 1.802837989618546743e-01 1.142430109305564781e-02 5.050246741385734076e-10 1.961946022842239457e-12
6.250000000000000000e-02 1.788151375212227723e-01 1.114974971020633518e-02 6.523124928409823389e-10 2.951394257000185609e-12
6.500000000000000222e-02 1.776419054903904671e-01 1.093413640452391665e-02 8.213634576983842677e-10 3.823690852749166192e-12
6.750000000000000444e-02 1.766985043354797058e-01 1.068261579255861543e-02 1.010343822505133345e-09 4.679695571139009901e-12
7.000000000000000666e-02 1.759348189080663649e-01 1.052016401263044035e-02 1.216310054068167234e-09 5.675776680097897125e-12
7.250000000000000888e-02 1.753123720629122251e-01 1.035672577531051436e-02 1.436233792095404044e-09 6.086772478792627691e-12
7.500000000000001110e-02 1.748013707454622312e-01 1.020502116098206263e-02 1.663817661754314699e-09 7.591975980185676673e-12
7.750000000000001332e-02 1.743786855903301791e-01 1.002633891000624146e-02 1.895724997861357289e-09 8.307635491354999868e-12
8.000000000000001554e-02 1.740262915096737750e-01 9.928324206203551286e-03 2.124510880013193871e-09 1.015754142420752903e-11
8.250000000000001776e-02 1.737300254107054243e-01 9.772102454695345136e-03 2.346518533805722905e-09 1.129343938931705654e-11
8.500000000000001998e-02 1.734787827497689949e-01 9.683240709146547984e-03 2.555816273014545282e-09 1.258779217198596838e-11
8.750000000000000833e-02 1.732638480382471258e-01 9.582483132868264281e-03 2.748501621779396141e-09 1.356350051727391660e-11
9.000000000000001055e-02 1.730782243584165214e-01 9.492738737894069329e-03 2.920491760610773306e-09 1.468445061724760923e-11
9.250000000000001277e-02 1.729164212063949158e-01 9.395843266393416951e-03 3.070779976574745929e-09 1.534278921487217088e-11
9.500000000000001499e-02 1.727741149055629366e-01 9.301754797526956553e-03 3.195867355868759210e-09 1.714031657693140317e-11
9.750000000000001721e-02 1.726487710302897494e-01 9.237541101275861116e-03 3.298375607274335682e-09 1.771839404115967513e-11
1.000000000000000056e-01 1.725471421010174866e-01 9.170018464732879182e-03 3.375162794495743148e-09 1.926092671962532705e-11
