# time 1 2 D-1 D
0.000000000000000000e+00 9.999999788564571945e-01 7.479074188666357538e-09 1.957697679218208173e-34 5.604757064720666838e-35
2.500000000000000052e-04 9.994053966649278919e-01 5.164190191643033248e-07 1.555970164051377543e-17 2.387940541764882247e-22
5.000000000000000104e-04 9.975143521452602968e-01 1.030450075999210521e-05 4.657299772144922473e-15 1.228036573402198013e-18
7.500000000000001240e-04 9.941910038299289765e-01 6.591800431562996746e-05 1.333881102463994285e-13 1.961798033392126651e-16
1.000000000000000021e-03 9.893611211675864547e-01 2.661834144922607410e-04 1.406765329447816998e-12 7.198858776982954743e-15
1.250000000000000026e-03 9.830459519885160757e-01 8.248430246940455452e-04 8.165580700428073266e-12 1.117544159750745233e-13
1.500000000000000248e-03 9.753850700689424835e-01 2.111914125537902448e-03 3.071718906464433706e-11 9.447491521863875002e-13
1.750000000000000253e-03 9.666672661019886093e-01 4.529455376241951596e-03 8.107060250630668968e-11 4.906465393609462661e-12
2.000000000000000042e-03 9.574158455187016248e-01 8.165619328003243318e-03 1.575103265385772466e-10 1.678406843057202865e-11
2.250000000000000264e-03 9.484451233497703804e-01 1.243999624928709621e-02 2.349995949456996463e-10 4.002268974634594059e-11
2.500000000000000052e-03 9.406432453053416021e-01 1.629166807271251530e-02 2.840531147388430402e-10 7.082613860975605547e-11
2.750000000000000274e-03 9.345569844261812920e-01 1.796170649174573183e-02 2.942343214010966039e-10 9.994819050653066882e-11
3.000000000000000496e-03 9.302167131620507901e-01 1.239316964192262518e-02 2.763078215346809167e-10 1.211572605119493382e-10
3.250000000000000284e-03 9.273127288845224303e-01 7.136029451129281831e-03 2.459912751494149664e-10 1.348626529950730667e-10
3.500000000000000507e-03 9.254508701263115533e-01 5.180705714287191753e-03 2.138463181052300377e-10 1.449511225631933283e-10
3.749999999999999861e-03 9.242972263925480769e-01 4.317509900231405670e-03 1.836302110378234692e-10 1.547666493650564113e-10
4.000000000000000083e-03 9.236133915682036566e-01 3.798175159907179500e-03 1.572278655538298721e-10 1.656226082352651836e-10
4.250000000000000305e-03 9.232417586848166158e-01 3.386051824785843520e-03 1.356905590369503308e-10 1.767023687827359572e-10
4.500000000000000527e-03 9.230808052286291199e-01 3.030130741367532271e-03 1.184276156094255471e-10 1.867015348102584415e-10
4.750000000000000749e-03 9.230646203602712596e-01 2.703892495294990192e-03 1.053928452884170239e-10 1.943313569711655347e-10
5.000000000000000104e-03 9.231494086274006916e-01 2.395644151023887999e-03 9.593291360483298395e-11 1.988897985096940859e-10
5.250000000000000326e-03 9.233050683629898669e-01 2.114263362450073333e-03 9.080330476217912516e-11 2.001224055755971852e-10
5.500000000000000548e-03 9.235102385495164157e-01 1.874744819134056394e-03 8.838163635684222370e-11 1.980322118343569506e-10
5.750000000000000770e-03 9.237493507031449003e-01 1.651463476555975821e-03 9.377855271744564588e-11 1.927607710936679948e-10
6.000000000000000992e-03 9.240108447747592546e-01 1.468402882323841972e-03 1.121039610037118161e-10 1.845261121247301893e-10
6.250000000000000347e-03 9.242860645747932313e-01 1.309581310036342719e-03 1.257904341251097407e-10 1.736018441223581637e-10
6.500000000000000569e-03 9.245684520750840907e-01 1.170014559354557717e-03 1.021471533615990663e-10 1.603336820373063333e-10
6.750000000000000791e-03 9.248531003660034333e-01 1.049453155699995753e-03 7.729386190741424791e-11 1.450918978802772226e-10
7.000000000000001013e-03 9.251363194899518971e-01 9.424112090528595368e-04 5.698921643952745416e-11 1.283633835069195741e-10
7.250000000000001235e-03 9.254154083569493539e-01 8.628438078679361413e-04 4.042824110531211394e-11 1.106611872132534199e-10
7.499999999999999722e-03 9.256883844853278642e-01 7.885654113238521178e-04 2.816929886845940342e-11 9.260416334277560790e-11
7.750000000000000812e-03 9.259538770975597188e-01 7.232706119422395354e-04 1.799283685934785673e-11 7.479891864549917836e-11
8.000000000000000167e-03 9.262109336084449751e-01 6.668723413403403188e-04 1.122989333310690176e-11 5.792300037783531310e-11
8.250000000000000389e-03 9.264589689874317413e-01 6.240693468017949547e-04 6.599454373736657125e-12 4.255253582462515507e-11
8.500000000000000611e-03 9.266976466598901840e-01 5.834491806015633169e-04 3.194150359133692656e-12 2.921561465039144102e-11
8.750000000000000833e-03 9.269268436550130996e-01 5.496498055373277413e-04 1.750638564870682549e-12 1.827868960012207064e-11
9.000000000000001055e-03 9.271465727622180131e-01 5.184978718973654293e-04 6.217226229918223664e-13 9.960429240923871568e-12
9.250000000000001277e-03 9.273569691374410340e-01 4.916147159771317755e-04 2.498122842964243837e-13 4.282283415744128607e-12
9.500000000000001499e-03 9.275582406406389646e-01 4.708904158732614051e-04 2.245483618168336778e-14 1.117774680367076248e-12
9.750000000000001721e-03 9.277506560025287063e-01 4.509521581434954929e-04 1.266573567178462640e-14 2.000949287140022007e-13
1.000000000000000021e-02 9.279345182392976232e-01 4.296624461888493029e-04 1.736266328559285757e-15 1.178281505942457404e-12
