# time 1 2 D-1 D
0.000000000000000000e+00 9.999999700844197648e-01 1.855819040688388073e-08 4.192106728619982825e-35 1.175494350822287775e-35
2.500000000000000052e-04 9.987680913308470965e-01 4.710159762381312325e-09 8.533602862329042246e-17 4.999351802738631769e-20
5.000000000000000104e-04 9.950628814977345860e-01 3.730326581147715278e-08 3.349202520803626420e-14 8.318096745707341998e-17
7.500000000000001240e-04 9.888271069218212972e-01 1.338893883556545695e-07 1.331718667745678279e-12 8.000916325504830476e-15
1.000000000000000021e-03 9.799449141184167766e-01 3.455573310787673787e-07 2.079794334360753414e-11 2.434303633621001259e-13
1.250000000000000026e-03 9.682353504246161702e-01 7.019639812880287980e-07 1.947602047809817703e-10 3.987239540800885659e-12
1.500000000000000248e-03 9.534433680945282319e-01 1.219173579545865820e-06 1.315304795358424138e-09 4.438978046943156691e-11
1.750000000000000253e-03 9.352255670533738963e-01 1.855969646627593500e-06 7.021290800629074686e-09 3.773108180463627569e-10
2.000000000000000042e-03 9.131262015936678633e-01 2.447332064141779876e-06 3.115443756624395971e-08 2.588505556970810271e-09
2.250000000000000264e-03 8.865364769168530001e-01 2.769395801233938242e-06 1.183593854225456695e-07 1.458591707687748195e-08
2.500000000000000052e-03 8.546270448527883978e-01 2.624106417720289167e-06 3.933814974326196129e-07 6.726278496141112360e-08
2.750000000000000274e-03 8.162430344814747274e-01 1.767740917447045689e-06 1.164318534650789510e-06 2.525795225789625993e-07
3.000000000000000496e-03 7.697651011921935460e-01 3.950490937769570372e-07 3.102579770487197938e-06 7.789673535765096025e-07
3.250000000000000284e-03 7.130062938391331651e-01 6.702771491755485032e-07 7.392556382059099734e-06 2.018327669968003344e-06
3.500000000000000507e-03 6.434240140721811940e-01 1.232812131779332503e-05 1.548374340356555425e-05 4.519909065479178267e-06
3.749999999999999861e-03 5.593379029352929521e-01 6.199316210269545770e-05 2.828472439442740666e-05 8.986786245083997773e-06
4.000000000000000083e-03 4.627975185331992258e-01 2.366945383411530625e-04 4.568628783452332204e-05 1.622579118486706351e-05
4.250000000000000305e-03 3.620293900392682618e-01 1.039626177546612486e-03 6.785261730926465951e-05 2.708610302418792328e-05
4.500000000000000527e-03 2.677924865483966022e-01 4.407123281182381835e-03 9.485797379591824087e-05 4.239953965461762891e-05
4.750000000000000749e-03 1.835803293171946460e-01 1.566161109761008904e-02 1.272720621001370686e-04 6.293105665983571577e-05
5.000000000000000104e-03 1.123880679373486097e-01 3.302528854308152406e-02 1.656326527460136831e-04 8.934312228398406063e-05
5.250000000000000326e-03 6.586691581127813999e-02 4.140439163421795465e-02 2.098791309418249836e-04 1.221742043120956024e-04
5.500000000000000548e-03 4.426915240061815582e-02 3.621655462809657972e-02 2.605314583810938137e-04 1.618296312860314232e-04
5.750000000000000770e-03 3.090585095224444509e-02 3.061441497975639012e-02 3.163872348927873005e-04 2.085821712062878243e-04
6.000000000000000992e-03 2.409406674906395054e-02 2.378492460301615333e-02 3.787959748452527199e-04 2.625795463771474453e-04
6.250000000000000347e-03 1.868729498184472024e-02 1.920135378818476832e-02 4.465541643559814552e-04 3.238563902274461384e-04
6.500000000000000569e-03 1.473397038672931599e-02 1.570592760837964674e-02 5.190738238058176116e-04 3.923486189114205858e-04
6.750000000000000791e-03 1.212270623657701364e-02 1.266935222571026476e-02 5.979527549841844470e-04 4.679086893267207108e-04
7.000000000000001013e-03 9.908340316770300818e-03 1.053491756596681636e-02 6.808082145065797938e-04 5.503206682034990187e-04
7.250000000000001235e-03 8.445763177572951363e-03 8.601703924775870938e-03 7.678707278517727004e-04 6.393144111482241751e-04
7.499999999999999722e-03 7.006406965330684057e-03 7.355440539498286738e-03 8.591620916278769554e-04 7.345784397012642764e-04
7.750000000000000812e-03 5.965931328600490406e-03 6.247136677881899407e-03 9.548372974669738431e-04 8.357713154869547212e-04
8.000000000000000167e-03 5.209544298428821565e-03 5.265899742579654985e-03 1.055652987447169627e-03 9.425314602224272578e-04
8.250000000000000389e-03 4.512014405271963513e-03 4.544493469797625425e-03 1.158647432752341186e-03 1.054485464690156768e-03
8.500000000000000611e-03 3.872037165512406780e-03 4.015280712045232216e-03 1.264224356399188580e-03 1.171254989490359052e-03
8.750000000000000833e-03 3.458627916449182743e-03 3.457212528188020537e-03 1.371910442789874051e-03 1.292462392886131262e-03
9.000000000000001055e-03 3.020919168216884380e-03 3.081439284685002188e-03 1.483758820910766399e-03 1.417735233073584133e-03
9.250000000000001277e-03 2.677013317964662201e-03 2.739225317388239034e-03 1.598627522511741591e-03 1.546709794638287524e-03
9.500000000000001499e-03 2.406305529348112728e-03 2.427319091047144047e-03 1.713353144858470196e-03 1.679033780817036593e-03
9.750000000000001721e-03 2.165277409634828835e-03 2.170492403486047519e-03 1.833799366414433840e-03 1.814368302756160650e-03
1.000000000000000021e-02 1.955792792048133277e-03 1.952026047243187812e-03 1.951654347915488018e-03 1.952389177853925935e-03
