# time 1 2 D-1 D
0.000000000000000000e+00 9.999999632919603920e-01 1.838143490331797259e-08 2.359035786995418996e-36 5.218974512460176287e-35
2.500000000000000052e-04 9.999914369352000953e-01 7.566815798828679484e-06 6.547866903577168538e-28 3.004772137463743527e-27
5.000000000000000104e-04 9.998112888871323323e-01 1.726158538153574318e-04 1.081762980491955578e-24 1.516646855102937286e-26
7.500000000000001240e-04 9.986939906504415099e-01 1.221568109766160053e-03 3.050400290561300034e-23 4.209280679273218992e-23
1.000000000000000021e-03 9.944115676764579970e-01 5.324673212393320199e-03 1.807284402947614978e-22 4.963353827396073273e-22
1.250000000000000026e-03 9.820439497560021769e-01 1.734588875862828200e-02 7.602509973153762269e-22 2.849621964644141796e-21
1.500000000000000248e-03 9.537459936392505000e-01 4.476818723427303942e-02 3.301350631661971193e-21 1.116069993172113974e-20
1.750000000000000253e-03 9.027781266361354362e-01 9.029790437527378255e-02 1.784414116694850259e-20 3.058768984271175595e-20
2.000000000000000042e-03 8.313763831952886152e-01 1.249898472265085769e-01 1.151684347721595282e-19 5.424924535840525554e-20
2.250000000000000264e-03 7.518866427551024190e-01 1.092919879072081907e-01 8.020601338173220027e-19 5.083538214653824655e-20
2.500000000000000052e-03 6.774018322132244752e-01 9.143207557476150382e-02 5.105271308621593425e-18 8.131056096788920704e-21
2.750000000000000274e-03 6.147363436368850076e-01 8.397486360279289574e-02 2.923186664162589721e-17 4.646836238308595417e-20
3.000000000000000496e-03 5.650505044416187506e-01 8.144294866049324455e-02 1.433251619151212559e-16 7.529850749076794750e-19
3.250000000000000284e-03 5.268304836477381015e-01 8.044384367642661016e-02 5.983514006053622883e-16 1.067682370246056138e-17
3.500000000000000507e-03 4.978585831571830100e-01 8.008209964735048259e-02 2.127219653070921066e-15 1.685736649922642097e-16
3.749999999999999861e-03 4.760434164058077178e-01 7.988089605519613223e-02 7.018400323674015296e-15 1.766514029766627382e-15
4.000000000000000083e-03 4.596628476863927060e-01 7.920023181783111821e-02 2.966361730441596003e-14 7.198290083010863216e-15
4.250000000000000305e-03 4.473773032744717271e-01 7.802850159790028495e-02 1.358381322498442776e-13 1.251287364125114944e-14
4.500000000000000527e-03 4.381716857274127741e-01 7.670494634465754857e-02 4.681738547388414074e-13 3.923417025376918908e-14
4.750000000000000749e-03 4.312859466706095435e-01 7.508153609758896896e-02 1.302253730200904523e-12 1.424180476974215184e-13
5.000000000000000104e-03 4.261535824442522213e-01 7.285633847112681083e-02 3.089834501499065481e-12 3.996240902473673180e-13
5.250000000000000326e-03 4.223524112312195822e-01 7.050916310531071818e-02 6.432028610538212753e-12 9.031964967566582685e-13
5.500000000000000548e-03 4.195669596045883964e-01 6.749604956988415616e-02 1.193446018689235115e-11 1.796943429957126978e-12
5.750000000000000770e-03 4.175607175081737510e-01 6.421033884419063975e-02 2.024154698871839766e-11 3.080732052773326075e-12
6.000000000000000992e-03 4.161555866506969070e-01 6.051433338906992560e-02 3.166348724705694837e-11 4.831148660930956824e-12
6.250000000000000347e-03 4.152167800697972311e-01 5.653431417048326857e-02 4.639043205474821366e-11 6.879187835520788487e-12
6.500000000000000569e-03 4.146418247329848317e-01 5.235976074742602904e-02 6.435588287075123875e-11 8.923849832848326898e-12
6.750000000000000791e-03 4.143524691958741513e-01 4.798996848884858751e-02 8.475477846175712071e-11 1.105043481134334316e-11
7.000000000000001013e-03 4.142886805218538582e-01 4.378391590661673272e-02 1.067631180251739027e-10 1.312090546535992475e-11
7.250000000000001235e-03 4.144042337434601375e-01 3.976532725546957914e-02 1.299368018981299366e-10 1.448878620965921776e-11
7.499999999999999722e-03 4.146633214596052164e-01 3.597366451240099211e-02 1.528732097682559837e-10 1.544513846804434293e-11
7.750000000000000812e-03 4.150380382623581887e-01 3.250505798167471760e-02 1.744579279418265884e-10 1.608067546953852457e-11
8.000000000000000167e-03 4.155063831605923519e-01 2.918833957404912485e-02 1.945130309616997094e-10 1.576426961153818889e-11
8.250000000000000389e-03 4.160508701086889083e-01 2.620239268534883814e-02 2.118464891684367523e-10 1.502670791364109838e-11
8.500000000000000611e-03 4.166573657068657344e-01 2.351680905724183937e-02 2.263372336336943457e-10 1.352356694249384784e-11
8.750000000000000833e-03 4.173141509653380821e-01 2.120618379836228251e-02 2.371739279232333088e-10 1.186697684742507055e-11
9.000000000000001055e-03 4.180114781282667225e-01 1.892026469560330326e-02 2.442022640750386285e-10 1.014510068093203049e-11
9.250000000000001277e-03 4.187410267704853584e-01 1.706387650323856059e-02 2.477363767398455304e-10 8.130459690096724611e-12
9.500000000000001499e-03 4.194955737994748302e-01 1.527446513984089677e-02 2.474078346718022359e-10 6.403577839837407663e-12
9.750000000000001721e-03 4.202688214521685395e-01 1.370646177948187626e-02 2.439249817428237731e-10 4.633373035516396872e-12
1.000000000000000021e-02 4.210557478516537833e-01 1.223901535352005937e-02 2.374078387737620802e-10 3.082092750998548584e-12
