# time 1 2 D-1 D
0.000000000000000000e+00 9.999999632919603920e-01 1.838143490331797259e-08 2.359035786995418996e-36 5.218974512460176287e-35
2.500000000000000052e-04 9.999946510778561226e-01 4.466696985804271670e-06 1.872512300865006127e-28 1.797698508522420165e-27
5.000000000000000104e-04 9.998788932000859386e-01 1.066000407600852510e-04 8.234169777103735226e-25 1.731141841243416196e-26
7.500000000000001240e-04 9.991359484188792051e-01 7.867510938023697647e-04 1.906000468084266105e-23 2.925243294580157983e-23
1.000000000000000021e-03 9.961766462309860071e-01 3.576508852890862046e-03 1.195421961950155992e-22 3.625659802110527563e-22
1.250000000000000026e-03 9.872905067054423833e-01 1.212906213349964485e-02 5.355873409129178360e-22 2.225970922906498136e-21
1.500000000000000248e-03 9.662273277428916618e-01 3.245392462701292280e-02 2.275969549999657037e-21 8.485009224420377618e-21
1.750000000000000253e-03 9.272049517293486920e-01 6.749335041688575565e-02 1.048987082563155758e-20 1.592813773803669841e-20
2.000000000000000042e-03 8.714762604083745590e-01 9.598201964063537983e-02 5.020647622544222136e-20 4.361011845853996124e-22
2.250000000000000264e-03 8.087896748006735415e-01 8.635109123061425473e-02 2.441389780642839507e-19 3.236111640242133876e-19
2.500000000000000052e-03 7.498769212668484618e-01 7.444870070452680455e-02 1.081432347301148301e-18 5.229467610093158553e-18
2.750000000000000274e-03 7.004390618161500104e-01 7.036711774634508976e-02 4.562566990936824652e-18 3.694692220564491099e-17
3.000000000000000496e-03 6.614961312553198081e-01 7.000947228027704083e-02 1.672776780382817927e-17 1.792036534659731859e-16
3.250000000000000284e-03 6.318245543378613327e-01 7.069457620500760320e-02 5.300000938686861857e-17 7.386462966719831536e-16
3.500000000000000507e-03 6.096010014998582971e-01 7.171436637331092545e-02 1.625745008187443371e-16 2.882851417070292119e-15
3.749999999999999861e-03 5.931012771325058219e-01 7.269385583682791419e-02 7.769529012180535034e-16 1.018197439844564115e-14
4.000000000000000083e-03 5.809076064902730652e-01 7.310181995753291251e-02 8.590299786171338554e-15 2.495849284059817912e-14
4.250000000000000305e-03 5.719219031120070795e-01 7.294576426933707669e-02 4.917325951218200379e-14 3.323194524622316987e-14
4.500000000000000527e-03 5.653176404286650580e-01 7.254726431613052473e-02 1.179570124324270092e-13 4.415421408161595170e-14
4.750000000000000749e-03 5.604809026688898355e-01 7.179302151004701704e-02 2.018412491691504303e-13 5.918302067949254046e-14
5.000000000000000104e-03 5.569583121437450268e-01 7.042042205018841927e-02 2.852918503298058532e-13 6.558179895648202216e-14
5.250000000000000326e-03 5.544153699561780169e-01 6.887203151550677638e-02 3.422161212557074477e-13 5.653421770622132418e-14
5.500000000000000548e-03 5.526046448783300535e-01 6.665275782958099415e-02 3.489281778099754197e-13 3.578292174758599663e-14
5.750000000000000770e-03 5.513427792297764807e-01 6.412347652415098520e-02 3.023793828936324303e-13 1.121979806919270673e-14
6.000000000000000992e-03 5.504934660130245128e-01 6.115457896170770069e-02 2.148454178007471072e-13 2.692003619747664991e-16
6.250000000000000347e-03 5.499550966842057242e-01 5.785804161846675592e-02 1.152667987255876529e-13 1.662753229762780080e-14
6.500000000000000569e-03 5.496518226112515615e-01 5.431850559884596197e-02 3.528652878454916888e-14 6.610950364966313237e-14
6.750000000000000791e-03 5.495270151797296831e-01 5.053141974738620257e-02 1.168756610108525471e-15 1.399386667939781339e-13
7.000000000000001013e-03 5.495384364867853533e-01 4.684204969164134508e-02 2.254518193296381086e-14 2.193098325980657006e-13
7.250000000000001235e-03 5.496546585492954051e-01 4.327763902452376465e-02 9.269807233480641940e-14 2.782846107029052247e-13
7.499999999999999722e-03 5.498523083561568381e-01 3.988077386711636613e-02 1.889897824364060689e-13 2.951219801203135116e-13
7.750000000000000812e-03 5.501140371821617858e-01 3.675231762301191946e-02 2.804534872244794618e-13 2.605371313164572560e-13
8.000000000000000167e-03 5.504269073837662063e-01 3.372235785838380989e-02 3.411806057374393437e-13 1.794439333789277412e-13
8.250000000000000389e-03 5.507811651649457962e-01 3.097678459470374832e-02 3.483884647295416112e-13 8.606432928630330600e-14
8.500000000000000611e-03 5.511693266854716944e-01 2.849055858624604046e-02 2.981700119351197914e-13 3.811436146087982769e-14
8.750000000000000833e-03 5.515854589868784963e-01 2.635118898300905718e-02 2.052068048292342872e-13 1.197595805098985467e-13
9.000000000000001055e-03 5.520246722792311322e-01 2.418601290536728787e-02 1.079823631829645692e-13 4.383882997370690415e-13
9.250000000000001277e-03 5.524827778755609931e-01 2.244188856418564623e-02 6.845155299548459097e-14 1.122890013345370187e-12
9.500000000000001499e-03 5.529560704971656637e-01 2.072437625792596105e-02 1.739457833298260909e-13 2.317677858695356371e-12
9.750000000000001721e-03 5.534412072015276740e-01 1.921079267652929176e-02 5.348558404371525810e-13 4.181222248819836940e-12
1.000000000000000021e-02 5.539355034577353454e-01 1.776656585474013436e-02 1.283422881225730292e-12 6.880951365737707760e-12
