# time 1 2 D-1 D
0.000000000000000000e+00 9.999999361708534762e-01 2.557415280933897861e-08 9.979926949466436382e-36 2.679301748353096107e-35
2.500000000000000052e-04 9.999950514783266797e-01 3.894782961501646674e-06 3.468683651859082671e-31 1.404194263663587275e-32
5.000000000000000104e-04 9.998930624613086016e-01 8.952732851315526241e-05 1.734369027852078132e-27 1.954881259679611840e-28
7.500000000000001240e-04 9.992322103901793984e-01 6.753489843475449748e-04 9.934507603887623252e-26 1.101218495135311665e-28
1.000000000000000021e-03 9.965448385677964094e-01 3.156528759599249410e-03 1.024876360413988700e-24 8.081920828473587844e-28
1.250000000000000026e-03 9.883233499389464383e-01 1.092058047698501143e-02 5.086256558509445947e-24 2.628921130221116336e-26
1.500000000000000248e-03 9.687719417121952725e-01 2.933340561480894670e-02 1.651440734994751115e-23 4.878415620941347799e-26
1.750000000000000253e-03 9.333825758121930827e-01 6.094290571579237537e-02 3.233866007766723968e-23 2.486815109397054851e-25
2.000000000000000042e-03 8.853599050926308500e-01 9.755259505441178647e-02 2.937743247572999559e-23 3.635494709745188024e-24
2.250000000000000264e-03 8.349914583008073432e-01 1.265442933807298387e-01 1.477402267353890154e-24 5.247950369870478096e-24
2.500000000000000052e-03 7.912253139526743695e-01 1.258773308564268556e-01 8.574923937579322946e-23 7.795845495542769642e-22
2.750000000000000274e-03 7.573516161968865124e-01 1.126947757269323031e-01 6.502827104003317758e-22 7.393447293164757536e-21
3.000000000000000496e-03 7.327357089762143172e-01 5.727726468173701541e-02 4.627052775505259789e-22 2.675172502567737930e-20
3.250000000000000284e-03 7.154076683952372839e-01 3.874049523596090339e-02 9.216157580862065448e-21 6.339099849436733469e-20
3.500000000000000507e-03 7.034013572678461390e-01 3.228289296302605527e-02 2.330113695518195142e-19 1.564734047896649460e-19
3.749999999999999861e-03 6.951592593523044927e-01 2.889715444696156280e-02 1.710143938032691885e-18 4.716544619855548064e-19
4.000000000000000083e-03 6.895500642462679686e-01 2.579114351020471083e-02 6.223870517224905959e-18 1.534378478256148658e-18
4.250000000000000305e-03 6.857795840989776570e-01 2.418752883278762339e-02 1.277412520708073523e-17 4.652265517618877997e-18
4.500000000000000527e-03 6.832957466074068842e-01 2.265583327658010626e-02 3.353414400565199527e-17 1.214607174264785637e-17
4.750000000000000749e-03 6.817145086444004187e-01 2.114685333616729557e-02 3.774223289334838472e-17 2.638932341875999046e-17
5.000000000000000104e-03 6.807672412002365725e-01 2.016192926403368238e-02 4.171064324448947514e-17 4.691209102362473390e-17
5.250000000000000326e-03 6.802642868094511686e-01 1.958348134369172072e-02 3.271968020981236182e-17 6.691413643891642820e-17
5.500000000000000548e-03 6.800709249567127301e-01 1.875076081651603707e-02 1.232310729073955227e-17 7.313976461462540845e-17
5.750000000000000770e-03 6.800910199394540889e-01 1.817117717835377635e-02 4.395473383032046084e-18 5.415259270521127228e-17
6.000000000000000992e-03 6.802556071307066521e-01 1.761856375575496236e-02 6.164644214422860095e-17 1.842142825942939320e-17
6.250000000000000347e-03 6.805152427767930945e-01 1.722722087549254794e-02 2.640805277868933259e-16 1.934038475372734628e-17
6.500000000000000569e-03 6.808345363367991343e-01 1.708254858713477778e-02 6.996083817750005780e-16 1.791088903793511478e-16
6.750000000000000791e-03 6.811883983575525159e-01 1.675437514635031225e-02 1.456968996482096753e-15 7.050957959783951181e-16
7.000000000000001013e-03 6.815591892405052921e-01 1.647691199915804483e-02 2.571967508513742190e-15 1.883338691753862805e-15
7.250000000000001235e-03 6.819347417820034174e-01 1.627966753152059604e-02 4.072813119732401262e-15 4.056264444238671282e-15
7.499999999999999722e-03 6.823068778461499617e-01 1.609389922414231414e-02 5.942537264701279893e-15 7.633144308321589595e-15
7.750000000000000812e-03 6.826702891108877846e-01 1.591535730427521070e-02 8.009593354163116637e-15 1.300704096946865708e-14
8.000000000000000167e-03 6.830217975233791039e-01 1.551219385828761163e-02 1.024782598430181377e-14 2.045290751749102249e-14
8.250000000000000389e-03 6.833596740611616038e-01 1.555909257648945172e-02 1.253423203420820510e-14 3.026887756246504533e-14
8.500000000000000611e-03 6.836831990012200988e-01 1.550394762792813887e-02 1.475867605941462750e-14 4.281552618094113795e-14
8.750000000000000833e-03 6.839923115515614827e-01 1.515528910144421648e-02 1.667165280189984737e-14 5.790067364869840625e-14
9.000000000000001055e-03 6.842874227135903320e-01 1.504697650347544546e-02 1.841430361858533456e-14 7.560984626840444050e-14
9.250000000000001277e-03 6.845691924463270794e-01 1.496033129563276859e-02 1.992545318071611984e-14 9.607140166933741640e-14
9.500000000000001499e-03 6.848384083747537376e-01 1.511249721847097646e-02 2.072824929430197569e-14 1.190175618416520681e-13
9.750000000000001721e-03 6.850959142239771982e-01 1.502959932347638396e-02 2.140298262841263522e-14 1.438572179663394829e-13
1.000000000000000021e-02 6.853518536220566393e-01 1.483129606299783167e-02 2.170052013891426177e-14 1.708738540441222736e-13
