# time 1 2 D-1 D
0.000000000000000000e+00 9.999999459387768352e-01 2.579789083310162610e-08 2.720282190569896758e-37 3.477683965695909276e-36
2.500000000000000486e-03 9.986489525200941131e-01 3.711261819062275062e-07 1.314021781754970152e-28 1.572415472569521064e-33
5.000000000000000971e-03 9.942427680883766383e-01 7.870079689148211870e-06 3.014341457126641879e-24 6.955818339135603347e-28
7.500000000000001457e-03 9.861182725675370353e-01 5.658138216803141197e-05 1.311786382251143489e-21 1.764691287834850784e-24
1.000000000000000194e-02 9.734260013736589778e-01 2.543162818146292321e-04 1.061210996335154922e-19 5.373166948574144704e-22
1.250000000000000069e-02 9.550544426831230060e-01 8.856041430334909894e-04 3.458908996336797256e-18 5.007131956865413032e-20
1.500000000000000291e-02 9.294209898622400878e-01 2.607087647509150584e-03 6.397614080366634390e-17 2.135423166597974336e-18
1.750000000000000167e-02 8.940280960020513534e-01 6.920949766650818374e-03 7.925299270521490654e-16 5.023064692723125004e-17
2.000000000000000389e-02 8.446593357296716675e-01 1.686356428456263837e-02 7.079653992857366065e-15 7.100641124109924238e-16
2.250000000000000264e-02 7.743436304156199324e-01 3.739624788587169596e-02 5.095412250291880990e-14 6.345149841252211177e-15
2.500000000000000139e-02 6.737767029549124320e-01 7.437838501646344691e-02 3.123037976707669978e-13 3.784150045281659867e-14
2.750000000000000361e-02 5.387596544259619646e-01 1.245455618195757536e-01 1.554536488944880916e-12 1.606800562599657594e-13
3.000000000000000583e-02 3.860608260031107020e-01 1.632026654972738300e-01 4.793542528806717524e-12 5.182994353392961989e-13
3.250000000000000111e-02 2.506721745963592096e-01 1.676510118536864158e-01 1.044486147614878022e-11 1.343932267920198912e-12
3.500000000000000333e-02 1.538701613202821672e-01 1.460053941904517483e-01 2.000539212103881204e-11 2.932647165972314387e-12
3.750000000000000555e-02 9.297994065642053996e-02 1.180634065804646027e-01 3.431022070250031858e-11 5.582587018121865418e-12
4.000000000000000777e-02 5.663938904698448407e-02 9.108643858394487036e-02 5.363027571685443900e-11 9.534580450116769194e-12
4.250000000000000999e-02 3.514570176854293210e-02 6.831438125503080938e-02 7.820377401326009900e-11 1.493058841331935026e-11
4.500000000000000527e-02 2.228700862501253183e-02 4.897190473083123247e-02 1.070840981293217212e-10 2.180369727332217492e-11
4.750000000000000749e-02 1.444202377817359849e-02 3.145086368404954869e-02 1.401113553331762096e-10 3.009255427317136690e-11
5.000000000000000278e-02 9.550001280109295804e-03 1.655480829040985313e-02 1.761423311929554975e-10 3.966736255384241689e-11
5.250000000000000500e-02 6.432984412213707710e-03 8.492764301053157966e-03 2.150258018586033225e-10 5.036018215516901087e-11
5.500000000000000722e-02 4.406525079880434410e-03 4.894292343037301429e-03 2.553450655481282248e-10 6.199045412550032172e-11
5.750000000000000944e-02 3.064576362888015056e-03 3.166518755485038788e-03 2.977206009441878090e-10 7.438452452003514521e-11
6.000000000000001166e-02 2.160954476913714336e-03 2.206301207468108587e-03 3.407814849104286788e-10 8.738699798165986171e-11
6.250000000000000000e-02 1.543212010231064446e-03 1.616713892969676375e-03 3.848983536683449351e-10 1.008663444531064746e-10
6.500000000000000222e-02 1.115057346703158397e-03 1.229357371188231777e-03 4.287354691775158538e-10 1.147177654724248729e-10
6.750000000000000444e-02 8.145486950941465288e-04 9.597944132508659607e-04 4.738974746831381357e-10 1.288577518695469768e-10
7.000000000000000666e-02 6.011715041420059814e-04 7.590024613630527370e-04 5.192147533790528339e-10 1.432224192262336695e-10
7.250000000000000888e-02 4.480227472101736864e-04 6.139554052017698283e-04 5.633623507059216537e-10 1.577651972719917209e-10
7.500000000000001110e-02 3.369887111297277830e-04 4.996229029305868747e-04 6.096558462159771528e-10 1.724506209803589836e-10
7.750000000000001332e-02 2.557202370238335280e-04 4.119600900371581825e-04 6.551092969024436383e-10 1.872498178408611627e-10
8.000000000000001554e-02 1.957000147681932194e-04 3.411708648618592271e-04 6.998390703969940936e-10 2.021411414858769145e-10
8.250000000000001776e-02 1.509906737865962490e-04 2.866744214922693095e-04 7.463168439450439052e-10 2.171129636714203819e-10
8.500000000000001998e-02 1.174119280854492899e-04 2.411556881336739621e-04 7.925423501273325228e-10 2.321518315405506118e-10
8.750000000000000833e-02 9.199324258936429849e-05 2.051424230882674187e-04 8.375673412779180219e-10 2.472506800554073790e-10
9.000000000000001055e-02 7.260515577496713094e-05 1.750619483375828430e-04 8.839095134249858802e-10 2.623845898832946929e-10
9.250000000000001277e-02 5.770842723509407427e-05 1.498794129900242109e-04 9.299211243962564603e-10 2.775185217035626650e-10
9.500000000000001499e-02 4.618163655672621149e-05 1.296087220743400684e-04 9.753689597765549759e-10 2.926803011671398078e-10
9.750000000000001721e-02 3.720149205870421229e-05 1.125444331240617476e-04 1.022217691030966958e-09 3.078931213080122247e-10
1.000000000000000056e-01 3.015892755709279426e-05 9.813128234570937987e-05 1.067682287228490665e-09 3.230619965871213821e-10
