# time 1 2 D-1 D
0.000000000000000000e+00 9.999999248823659981e-01 2.035436422389265715e-08 3.873580188956724236e-35 1.544113422822698751e-36
5.000000000000000104e-04 9.957890425699993386e-01 2.498636718890221375e-04 1.384649328849986944e-33 7.787721820679028171e-36
1.000000000000000021e-03 9.820400113578756640e-01 1.161561606799820217e-03 4.607282885383122324e-31 2.933131733566906467e-33
1.500000000000000248e-03 9.570512255298134763e-01 2.894809400119272274e-03 3.282832529026315325e-27 1.265938155203357968e-29
2.000000000000000042e-03 9.192364175515848057e-01 5.539595141953409553e-03 1.003864096364523534e-24 7.601649699608699002e-27
2.500000000000000052e-03 8.674184471247612382e-01 8.683347913156235637e-03 6.077884938393250691e-23 6.851269485918960041e-25
3.000000000000000496e-03 8.012543495568030805e-01 1.162795746411987054e-02 1.606869279858958881e-21 2.307026246984687396e-23
3.500000000000000507e-03 7.217427619073847334e-01 1.331191078254872345e-02 2.523958244020536681e-20 4.062126671060570048e-22
4.000000000000000083e-03 6.316493275507645278e-01 1.291483341561263168e-02 2.790178479356261213e-19 4.437091772469946541e-21
4.500000000000000527e-03 5.355650150203152826e-01 1.038900168982541568e-02 2.402107703609956123e-18 3.319217091007756137e-20
5.000000000000000104e-03 4.393286608580484476e-01 6.877024449459813796e-03 1.708008828361412784e-17 1.809638993131493555e-19
5.500000000000000548e-03 3.488421539771291990e-01 3.979084879033470065e-03 1.037531893917484931e-16 7.511324222240597146e-19
6.000000000000000992e-03 2.687520617999756833e-01 2.195351506902084443e-03 5.459159070162840528e-16 2.464933633244493008e-18
6.500000000000000569e-03 2.016316290220084018e-01 1.238439310950522525e-03 2.500791193666818698e-15 6.686028043216073660e-18
7.000000000000001013e-03 1.479544266039632405e-01 7.915147248047738147e-04 9.989212654259880423e-15 1.598750636712570795e-17
7.499999999999999722e-03 1.066506461456012550e-01 6.016844678716383584e-04 3.482787589378093832e-14 3.685687247757614060e-17
8.000000000000000167e-03 7.583147821614906470e-02 5.231092685734421406e-04 1.064289097492870935e-13 8.964976329320441595e-17
8.500000000000000611e-03 5.338049446362983647e-02 5.039165570258538054e-04 2.833266013222680724e-13 2.386178339670826544e-16
9.000000000000001055e-03 3.732263170491885440e-02 4.912787666464428840e-04 6.427036888960722472e-13 6.676903906824156015e-16
9.500000000000001499e-03 2.598550800203108802e-02 4.952175949241944880e-04 1.174469290151268693e-12 1.825561579121295074e-15
1.000000000000000021e-02 1.804907750715157785e-02 4.995724629760120135e-04 1.413719260929944086e-12 4.607932460286920018e-15
1.050000000000000065e-02 1.253290185973393242e-02 4.933343623406822014e-04 2.861262218438584509e-13 1.045574237137127232e-14
1.100000000000000110e-02 8.704648163461170540e-03 4.837561824275902946e-04 4.508986541150834008e-13 2.126894447147936942e-14
1.150000000000000154e-02 6.039131821888007838e-03 4.798779438167986139e-04 1.735049362603197444e-12 3.933127714885317307e-14
1.200000000000000198e-02 4.193245603267927758e-03 4.635595032766179151e-04 3.090231275732990448e-12 6.805737580376389034e-14
1.250000000000000069e-02 2.902268900673198298e-03 4.493906033936021513e-04 6.465664962623271090e-12 1.154488110673916132e-13
1.300000000000000114e-02 2.007197921306249234e-03 4.243027696612517146e-04 1.099722979626789463e-11 2.050877806753413555e-13
1.350000000000000158e-02 1.384756875979727565e-03 3.935743982910638633e-04 1.446497272042347611e-11 4.109176170478395279e-13
1.400000000000000203e-02 9.584306357215577766e-04 3.528185307542151773e-04 3.385443914042584000e-11 9.771911726684350053e-13
1.450000000000000247e-02 6.652001746491148461e-04 3.094659635052360237e-04 5.431591731033768800e-11 2.754133520804125246e-12
1.499999999999999944e-02 4.656209160611271048e-04 2.646134385304165382e-04 1.623880270039199566e-10 8.788879128611555683e-12
1.550000000000000162e-02 3.298023387105526315e-04 2.215539444688631823e-04 1.242319669091619704e-09 3.005266631849853741e-11
1.600000000000000033e-02 2.363183838507707858e-04 1.831472088295762037e-04 4.946658942046935087e-07 1.057260251282358385e-10
1.650000000000000078e-02 1.727730492903412388e-04 1.487368776024119456e-04 1.003276883728972956e-06 3.742992892213757487e-10
1.700000000000000122e-02 1.286082730320471928e-04 1.196363046269952507e-04 1.997263077065147974e-06 1.323053226860155583e-09
1.750000000000000167e-02 9.758554100842774899e-05 9.548631133630797153e-05 3.877562317610031794e-06 4.643887923319322373e-09
1.800000000000000211e-02 7.494603838567607732e-05 7.630176637695401762e-05 7.293937167679067576e-06 1.677965937011898644e-08
1.850000000000000255e-02 5.883529990752192770e-05 6.050136549624831364e-05 1.322347860902128458e-05 5.932407816425430715e-08
1.900000000000000300e-02 4.663790878277829981e-05 4.819506011760647861e-05 2.283124912163541175e-05 2.978606994122892532e-07
1.950000000000000344e-02 3.753216648385046094e-05 3.836565455499380028e-05 3.669507081341840239e-05 1.761011514729796391e-06
2.000000000000000042e-02 3.059718378209712390e-05 3.057617197349014946e-05 3.159942808816796879e-05 2.935156386789255061e-05
