# time 1 2 D-1 D
0.000000000000000000e+00 9.999999248823659981e-01 2.035436422389265715e-08 3.873580188956724236e-35 1.544113422822698751e-36
2.500000000000000486e-03 9.994740821948385756e-01 2.385581393007730475e-07 5.346949687038112941e-33 5.426137598665224919e-36
5.000000000000000971e-03 9.977918897333080128e-01 5.153912080135336059e-06 1.062296431490052350e-28 1.823133996557158588e-33
7.500000000000001457e-03 9.947899191184674805e-01 3.218772186125044366e-05 4.073720088684898065e-26 3.656336177649011288e-30
1.000000000000000194e-02 9.902925717317992982e-01 1.235545377538034041e-04 2.843240824700098223e-24 8.635112757229077477e-28
1.250000000000000069e-02 9.841034051031091190e-01 3.550363509078943020e-04 7.575376619885617862e-23 6.312399460621446466e-26
1.500000000000000291e-02 9.759944073353596927e-01 8.373424266162373796e-04 1.037332857351930227e-21 2.077165156012547276e-24
1.750000000000000167e-02 9.657074007860576570e-01 1.685922541376010499e-03 8.802592208360653473e-21 3.803280203995561653e-23
2.000000000000000389e-02 9.529918375661347030e-01 2.958758555998703375e-03 5.001156628134044062e-20 4.389921497207290376e-22
2.250000000000000264e-02 9.376958861795848810e-01 4.577808419927700302e-03 1.997787955685739859e-19 3.457233424634372532e-21
2.500000000000000139e-02 9.198853417151009459e-01 6.361801338266180952e-03 5.824390408002745803e-19 1.967378332785679193e-20
2.750000000000000361e-02 8.999090109597045473e-01 8.236505137747887617e-03 1.246935555726460240e-18 8.424686220261981513e-20
3.000000000000000583e-02 8.783318700786165723e-01 1.023913829554497050e-02 1.970000118131658548e-18 2.815828803669547327e-19
3.250000000000000111e-02 8.557544936462764262e-01 1.243328097416164686e-02 2.257920249852432430e-18 7.561875665668270612e-19
3.500000000000000333e-02 8.326221979843586585e-01 1.493232827728494666e-02 1.854577461334369017e-18 1.678594574079423185e-18
3.750000000000000555e-02 8.091248379411155600e-01 1.786096417310746240e-02 9.951979450790645921e-19 3.157067426756741711e-18
4.000000000000000777e-02 7.852131162020931088e-01 2.133416372856535709e-02 2.352591929258230084e-19 5.148541011405226173e-18
4.250000000000000999e-02 7.606466226848906942e-01 2.557840958528585784e-02 1.977041890747548361e-19 7.442034274326160736e-18
4.500000000000000527e-02 7.351371596809876952e-01 3.070217839919479885e-02 8.785144969894780186e-19 9.725205970209284046e-18
4.750000000000000749e-02 7.081208073512675893e-01 3.724794332282173326e-02 1.740098213583204837e-18 1.170707471806938759e-17
5.000000000000000278e-02 6.788815686138562899e-01 4.578305098496038283e-02 2.422537455004284741e-18 1.319242460982918763e-17
5.250000000000000500e-02 6.476219003464651625e-01 5.605964633033890671e-02 8.465098776745295116e-18 1.409595858931033482e-17
5.500000000000000722e-02 6.135572050743872685e-01 6.882315736540695061e-02 3.243130764096688877e-17 1.442207113781681662e-17
5.750000000000000944e-02 5.751056957867549668e-01 8.562326104515478875e-02 3.769224595294297356e-17 1.420275394409402291e-17
6.000000000000001166e-02 5.340287854164513792e-01 1.046763385993848827e-01 3.526764703732979051e-17 1.350121556806394772e-17
6.250000000000000000e-02 4.881688201700091767e-01 1.281272235934217130e-01 3.096747608497008824e-17 1.237977120951381712e-17
6.500000000000000222e-02 4.404239975656330519e-01 1.530773415739922205e-01 2.552534684074982434e-17 1.093217326015218749e-17
6.750000000000000444e-02 3.911223063940490463e-01 1.792176061424013422e-01 1.981343307623876011e-17 9.228600122641602955e-18
7.000000000000000666e-02 3.442109261538325859e-01 2.026452154623642754e-01 1.470382999391687891e-17 7.422400509409753617e-18
7.250000000000000888e-02 2.998777351411999192e-01 2.232463620604051291e-01 9.898270082976731775e-18 5.606917017952490471e-18
7.500000000000001110e-02 2.604334629997043793e-01 2.388150741077463557e-01 6.341843067184977025e-18 3.968790017472757804e-18
7.750000000000001332e-02 2.264113901611622126e-01 2.489511202006544910e-01 3.540622978670357258e-18 2.592439695683186538e-18
8.000000000000001554e-02 1.969952007285112605e-01 2.546260289185823256e-01 3.213856784223380511e-18 1.536575460608263047e-18
8.250000000000001776e-02 1.735030920907136565e-01 2.546898850241922641e-01 2.161836318428579379e-18 8.196226203194479752e-19
8.500000000000001998e-02 1.543748212207842474e-01 2.508737207163921346e-01 1.289914350814960504e-18 3.879076042580232507e-19
8.750000000000000833e-02 1.390833820364111850e-01 2.438673091548310967e-01 6.735750148512443685e-19 1.555821024000534222e-19
9.000000000000001055e-02 1.257821795048253699e-01 2.356626544110440313e-01 3.374666820133673672e-19 3.307136749866654344e-20
9.250000000000001277e-02 1.158226047730987335e-01 2.250293768241292680e-01 1.028917119412256541e-19 2.768767892619760640e-20
9.500000000000001499e-02 1.068899111531373680e-01 2.143748283347546024e-01 4.146415072680301165e-21 8.205082769015038911e-20
9.750000000000001721e-02 9.965173080823933049e-02 2.030942469623877589e-01 1.208587017775210961e-19 1.343138397898576242e-19
1.000000000000000056e-01 9.369733621082744490e-02 1.916328838644732191e-01 5.631250221055129009e-19 1.065227283826552116e-20
