# time 1 2 D-1 D
0.000000000000000000e+00 9.999999566506230231e-01 1.321950920053406186e-08 3.010075527181170358e-34 2.714951140017925251e-35
2.500000000000000486e-03 9.999974802139247609e-01 1.092176179836424733e-08 2.182290854191455630e-24 3.350319664611691944e-26
5.000000000000000971e-03 9.999642647998658873e-01 1.258928306984260127e-07 3.194476926182686857e-21 1.133421917357360331e-22
7.500000000000001457e-03 9.998309995314238474e-01 8.112390589365672690e-07 1.016352866564535110e-19 4.327177557188150142e-21
1.000000000000000194e-02 9.994856294364373728e-01 3.599696802378109227e-06 2.311805426886933799e-19 4.301987096598100195e-21
1.250000000000000069e-02 9.987513956516558267e-01 1.243709849175652031e-05 1.051088278599400903e-18 1.945302756321331457e-20
1.500000000000000291e-02 9.973361459864180656e-01 3.621641337023733209e-05 5.969750694306280050e-18 1.348757361148415640e-19
1.750000000000000167e-02 9.947410510909506787e-01 9.406311625068407073e-05 6.037969321241121223e-17 1.543388561319739965e-18
2.000000000000000389e-02 9.901047741440192063e-01 2.187297310195445116e-04 7.277373318349527420e-16 1.871600335279780498e-17
2.250000000000000264e-02 9.819377726380968952e-01 4.646718809553153666e-04 6.610507603718386443e-15 2.064105155449819101e-16
2.500000000000000139e-02 9.676627271011140063e-01 9.002975523342846356e-04 4.409621351941108345e-14 1.703284077569753443e-15
2.750000000000000361e-02 9.428652548924251198e-01 1.561284600573791242e-03 2.359462927451593797e-13 9.859490323786753562e-15
3.000000000000000583e-02 9.002579460462789562e-01 2.372453151787362255e-03 9.994156172087774248e-13 4.090777361245852076e-14
3.250000000000000111e-02 8.296391745270564888e-01 3.042602239257152872e-03 3.479918759530812241e-12 1.239611136591027316e-13
3.500000000000000333e-02 7.246845358212951060e-01 1.917716221431943610e-03 1.024693748436177543e-11 2.814742037801269079e-13
3.750000000000000555e-02 5.927914505410644130e-01 5.118633061202000319e-04 2.606633387735264815e-11 4.816666672488031014e-13
4.000000000000000777e-02 4.182266313622042264e-01 4.300451616028250212e-02 5.890880592245152253e-11 6.037525330730770646e-13
4.250000000000000999e-02 2.241211338892632465e-01 1.297114712597783326e-01 1.210913822342320895e-10 4.929478633143969893e-13
4.500000000000000527e-02 1.439496248667837264e-01 1.314653751902110645e-01 2.296232685332784333e-10 1.538784419865177355e-13
4.750000000000000749e-02 1.068167569247046450e-01 1.132408862721086817e-01 4.035629514774004704e-10 5.133422842577926423e-14
5.000000000000000278e-02 8.811887767125806126e-02 9.265724739438262192e-02 6.709890142669598125e-10 1.408087141266686548e-12
5.250000000000000500e-02 7.489345046731514521e-02 7.744155915182772409e-02 1.061460303379114554e-09 6.370493434151240691e-12
5.500000000000000722e-02 6.543834999963762944e-02 6.581113640825395072e-02 1.591952402326113161e-09 1.796030405834028242e-11
5.750000000000000944e-02 5.839702433129127096e-02 5.685996414899190804e-02 2.293738660707413761e-09 3.983999567172802227e-11
6.000000000000001166e-02 5.248469799582046458e-02 5.039070280008434849e-02 3.196151593684404124e-09 7.589696130347239243e-11
6.250000000000000000e-02 4.825491796315806159e-02 4.485864763410712247e-02 4.285004207766047720e-09 1.298068938312904838e-10
6.500000000000000222e-02 4.460802457612560168e-02 4.068475815599696677e-02 5.534803028528800560e-09 2.046012021155018969e-10
6.750000000000000444e-02 4.166377677050550621e-02 3.727364159619845491e-02 6.989019952829671044e-09 3.024244123363218807e-10
7.000000000000000666e-02 3.924903347387800195e-02 3.445790572928116025e-02 8.615383583498295604e-09 4.243140077956861752e-10
7.250000000000000888e-02 3.728548764708276841e-02 3.206727508497760060e-02 1.043193455354649405e-08 5.702333197570349354e-10
7.500000000000001110e-02 3.582188083412807950e-02 2.986835626284502221e-02 1.225998939892490197e-08 7.391059413607253972e-10
7.750000000000001332e-02 3.428331999280138237e-02 2.829671771572956490e-02 1.425406244277208986e-08 9.290166770252102181e-10
8.000000000000001554e-02 3.317014348622297770e-02 2.674540518230569819e-02 1.635215916418234915e-08 1.137488050022476531e-09
8.250000000000001776e-02 3.204533158054462261e-02 2.556880784036283383e-02 1.863458995250789110e-08 1.361637423793581345e-09
8.500000000000001998e-02 3.119399632101517092e-02 2.441703199160578236e-02 2.079411067705743235e-08 1.598371529560106099e-09
8.750000000000000833e-02 3.036557504695919923e-02 2.348931967891263600e-02 2.313531578875289448e-08 1.844684908725208215e-09
9.000000000000001055e-02 2.974814536323874825e-02 2.255655081149684008e-02 2.549546000227211829e-08 2.097660930421636477e-09
9.250000000000001277e-02 2.908845189946831708e-02 2.183887911385240868e-02 2.801953528439364413e-08 2.354582313650515653e-09
9.500000000000001499e-02 2.854694060613087794e-02 2.114895599559210929e-02 3.053605558167454223e-08 2.613133635658318114e-09
9.750000000000001721e-02 2.799224547914257871e-02 2.059613330250237295e-02 3.281741990154785526e-08 2.871173384320092904e-09
1.000000000000000056e-01 2.762300171252808981e-02 1.996383477582265240e-02 3.533929971190121086e-08 3.127094286951595927e-09
