# time 1 2 D-1 D
0.000000000000000000e+00 9.999999517733183518e-01 1.391149132396147589e-08 1.255326603249318676e-34 2.330520865438363059e-36
2.500000000000000486e-03 9.989807092006511846e-01 3.647150767259004776e-08 1.132976243304406076e-29 9.652941499649251925e-35
5.000000000000000971e-03 9.956280782069920621e-01 5.037925838181020468e-07 2.674288454837849905e-25 5.982969732567646989e-29
7.500000000000001457e-03 9.893770899999929647e-01 2.925367362879739386e-06 1.122014076300683300e-22 1.518571273584230004e-25
1.000000000000000194e-02 9.795324210608346016e-01 1.148805959141565158e-05 9.035397140985074849e-21 4.441994575836530244e-23
1.250000000000000069e-02 9.652831602878565453e-01 3.522042021722071890e-05 2.966013189525437318e-19 3.850950036465104838e-21
1.500000000000000291e-02 9.456824576449985864e-01 9.074924224921269544e-05 5.525792129788153515e-18 1.492027688070224811e-19
1.750000000000000167e-02 9.196055900906427993e-01 2.104813094217710214e-04 6.877267496142333882e-17 3.155978927330013471e-18
2.000000000000000389e-02 8.857247642036637503e-01 4.275745924920011090e-04 6.179285614850803796e-16 4.057747551654220403e-17
2.250000000000000264e-02 8.425726248135717578e-01 7.649243743229186326e-04 4.316851126671878395e-15 3.398547490538146150e-16
2.500000000000000139e-02 7.887982252544155637e-01 1.253567137048643403e-03 2.361429839809229673e-14 1.965463894185080535e-15
2.750000000000000361e-02 7.237020937430975742e-01 1.758476231909983324e-03 9.336201783281748658e-14 8.293296487024907263e-15
3.000000000000000583e-02 6.480323479505455397e-01 1.991780586592237744e-03 2.635844176486060355e-13 2.688936654947645035e-14
3.250000000000000111e-02 5.643003365415246719e-01 1.637784604614102475e-03 5.937607922736555150e-13 7.021000624908700575e-14
3.500000000000000333e-02 4.768697314579181112e-01 4.131807046307651651e-04 1.146658613193645561e-12 1.536364469687826958e-13
3.750000000000000555e-02 3.886553775872602090e-01 8.718846695068730801e-04 1.961092167570986835e-12 2.912145999687888841e-13
4.000000000000000777e-02 2.861535907896063380e-01 2.230018061365203821e-02 3.042891554973393402e-12 4.913644320127124980e-13
4.250000000000000999e-02 1.226687113318531419e-01 1.157738400794164069e-01 4.395954993308539523e-12 7.543432830978363375e-13
4.500000000000000527e-02 3.832560376549125347e-02 1.427854270508144841e-01 5.941058192472930573e-12 1.072412442145776773e-12
4.750000000000000749e-02 1.622251203535078276e-02 1.195926990271963947e-01 7.668448512380020092e-12 1.432238531552083214e-12
5.000000000000000278e-02 8.059963310228998590e-03 9.266937964501012481e-02 9.511631726991638181e-12 1.817613273639064577e-12
5.250000000000000500e-02 4.387836660034175745e-03 6.958462605190662842e-02 1.141632649703736063e-11 2.213115580594960438e-12
5.500000000000000722e-02 2.525315484538872765e-03 5.128680984196567344e-02 1.330881468688499282e-11 2.605572994507025039e-12
5.750000000000000944e-02 1.512151828964182010e-03 3.724850137863635474e-02 1.523289335360625226e-11 2.984629257275294157e-12
6.000000000000001166e-02 9.340006498601459905e-04 2.674748146818055686e-02 1.712984057007827775e-11 3.344487260262713585e-12
6.250000000000000000e-02 5.919360503351605652e-04 1.897345086787392832e-02 1.897845736403868477e-11 3.681360224514833232e-12
6.500000000000000222e-02 3.835415973497347192e-04 1.344786353779346862e-02 2.082233510953579577e-11 3.994365009327832247e-12
6.750000000000000444e-02 2.533980187602646113e-04 8.884991836858863309e-04 2.261585173594554204e-11 4.284793554183814906e-12
7.000000000000000666e-02 1.703497311825591387e-04 6.320514728465586847e-04 2.438006613721720170e-11 4.554226413902730723e-12
7.250000000000000888e-02 1.163292417576787129e-04 4.724048580558823677e-04 2.615354695102516963e-11 4.805324643774050459e-12
7.500000000000001110e-02 8.057976486470706768e-05 3.640695815578766847e-04 2.787470200285286829e-11 5.041506237706539326e-12
7.750000000000001332e-02 5.654862832049962107e-05 2.843316509356283417e-04 2.960747547256868272e-11 5.265305718840164767e-12
8.000000000000001554e-02 4.016200128645896903e-05 2.246658171189418228e-04 3.134956781725793079e-11 5.478334028308362623e-12
8.250000000000001776e-02 2.884023618359099361e-05 1.810418400064610399e-04 3.313098234307816515e-11 5.682231820615723797e-12
8.500000000000001998e-02 2.092228330228091697e-05 1.468885864722053200e-04 3.486692215137561454e-11 5.881635794243814874e-12
8.750000000000000833e-02 1.532218590597698012e-05 1.201686333443103248e-04 3.669473715212712804e-11 6.078092676979734752e-12
9.000000000000001055e-02 1.131982917705408971e-05 9.919242564210628619e-05 3.850475457088100093e-11 6.271942974313703565e-12
9.250000000000001277e-02 8.431373798265064031e-06 8.281663316021093497e-05 4.028658968459327937e-11 6.462637367530936425e-12
9.500000000000001499e-02 6.327773083035243859e-06 6.952684740902322666e-05 4.218831199841634973e-11 6.651193190326348802e-12
9.750000000000001721e-02 4.782679945207046571e-06 5.893553835833428210e-05 4.403599510287455176e-11 6.844190494821306959e-12
1.000000000000000056e-01 3.638722790606434374e-06 5.021040325063723657e-05 4.591788753469296313e-11 7.038427381325989779e-12
