# time 1 2 D-1 D
0.000000000000000000e+00 9.999999819394947975e-01 3.905651120660462853e-09 7.034275744755651532e-34 1.521559887704369378e-34
5.000000000000000104e-04 9.978854493960658267e-01 5.970391200803809591e-06 2.998020691368101377e-16 4.507328504453102127e-19
1.000000000000000021e-03 9.917772873204205863e-01 2.817353381637490226e-05 1.427391415594282487e-13 8.015663952295523951e-16
1.500000000000000248e-03 9.819420442725782516e-01 7.373942650831574589e-05 6.722705277081915694e-12 8.274624308139759841e-14
2.000000000000000042e-03 9.685267804728707741e-01 1.527361339690124474e-04 1.213669112076307579e-10 2.697379290202305313e-12
2.500000000000000052e-03 9.515467289399532902e-01 2.786138465905330119e-04 1.276183926750718090e-09 4.677798029347421658e-11
3.000000000000000496e-03 9.308729690412250735e-01 4.671350284419517346e-04 9.353753678946178662e-09 5.358613873470117836e-10
3.500000000000000507e-03 9.062171810279010531e-01 7.615835975204994718e-04 5.227862166333146195e-08 4.453545533003711111e-09
4.000000000000000083e-03 8.771114544458435969e-01 1.196887002661788102e-03 2.323650275890283479e-07 2.781838908649687998e-08
4.500000000000000527e-03 8.428822361970347288e-01 1.852526943231401360e-03 8.353845939569117470e-07 1.325219384884240133e-07
5.000000000000000104e-03 8.026173875501791954e-01 2.840146263862765828e-03 2.420995531384042384e-06 4.908595076748609022e-07
5.500000000000000548e-03 7.551246694881995625e-01 4.339772562497682534e-03 5.725560936784061592e-06 1.458679199204619591e-06
6.000000000000000992e-03 6.988257066645963134e-01 6.719422418861334574e-03 1.155048347017926707e-05 3.609673370658950656e-06
6.500000000000000569e-03 6.321637952324921095e-01 1.012315223314964874e-02 2.074242306833821777e-05 7.706391533451360264e-06
7.000000000000001013e-03 5.529715341282335217e-01 1.541641117319050847e-02 3.409003969539490733e-05 1.462356847830227075e-05
7.499999999999999722e-03 4.607430895368226365e-01 2.299844201700942253e-02 5.182618781347657122e-05 2.525597546430105757e-05
8.000000000000000167e-03 3.609412484233003315e-01 3.097631822161016346e-02 7.432850063460681982e-05 4.043672399551627948e-05
8.500000000000000611e-03 2.642728673667283923e-01 3.761531836538389850e-02 1.017837869396425978e-04 6.087867441527365647e-05
9.000000000000001055e-03 1.860760089096170911e-01 3.813660215894294075e-02 1.344840282528603464e-04 8.714104083488198257e-05
9.500000000000001499e-03 1.323981524031297985e-01 3.184345165336406602e-02 1.721426332256152192e-04 1.196175380166041718e-04
1.000000000000000021e-02 1.061056941147586474e-01 1.482639511059751121e-02 2.153258897131248863e-04 1.585403728347075075e-04
1.050000000000000065e-02 5.812063870648238179e-02 3.230528268852823209e-02 2.640733449889275390e-04 2.039944459038372496e-04
1.100000000000000110e-02 3.225440265589855915e-02 3.665383248113647519e-02 3.175749978662092510e-04 2.559371187190881891e-04
1.150000000000000154e-02 2.301088780745703596e-02 3.050398923353754219e-02 3.766325403009436966e-04 3.142201241531583319e-04
1.200000000000000198e-02 1.797229427630821913e-02 2.432245714315334206e-02 4.411813155810860739e-04 3.786113217986867077e-04
1.250000000000000069e-02 1.417763189823766264e-02 1.977944023096868398e-02 5.104990198087762344e-04 4.488148995105935225e-04
1.300000000000000114e-02 1.160393534150480112e-02 1.604365011759793097e-02 5.844804399542385823e-04 5.244892862680196506e-04
1.350000000000000158e-02 9.595918798839565833e-03 1.319748624571297907e-02 6.624155077694589321e-04 6.052624943009700213e-04
1.400000000000000203e-02 8.115450339774369845e-03 1.088780450073766060e-02 7.454996065149643901e-04 6.907448250887407914e-04
1.450000000000000247e-02 6.915060135985197712e-03 9.089562904397052723e-03 8.315434264525165464e-04 7.805392034333096017e-04
1.499999999999999944e-02 5.922636820249555997e-03 7.681424928317978976e-03 9.208270093149563970e-04 8.742493448856028353e-04
1.550000000000000162e-02 5.147104201997106977e-03 6.514676965523409982e-03 1.014323961737605053e-03 9.714860506526308819e-04
1.600000000000000033e-02 4.516338740272903690e-03 5.558768688280199717e-03 1.110138683568420281e-03 1.071871922688772240e-03
1.650000000000000078e-02 3.974599886730107411e-03 4.792907668857048636e-03 1.208166706937352074e-03 1.175044787744321901e-03
1.700000000000000122e-02 3.525801986969141679e-03 4.155367921211966173e-03 1.309707225908446262e-03 1.280659990284071506e-03
1.750000000000000167e-02 3.152405531020230009e-03 3.619491612277021906e-03 1.410593436170868870e-03 1.388391831974001081e-03
1.800000000000000211e-02 2.831094625137777626e-03 3.174436619118072445e-03 1.515435387637824273e-03 1.497934399720497181e-03
1.850000000000000255e-02 2.568957257603487337e-03 2.786454148149046257e-03 1.621814296895456855e-03 1.609001845443315494e-03
1.900000000000000300e-02 2.340279524741477064e-03 2.460260711624736706e-03 1.731353746285678149e-03 1.721328270964753724e-03
1.950000000000000344e-02 2.131412800428938038e-03 2.192830608289546117e-03 1.840190125545054615e-03 1.834667330421601433e-03
2.000000000000000042e-02 1.959181619842872285e-03 1.953996644881067328e-03 1.949990748805291831e-03 1.948791669215601402e-03
