# time 1 2 D-1 D
0.000000000000000000e+00 9.999999337654039699e-01 3.132919300834467161e-08 9.162817752541457313e-36 9.390753454005590498e-37
2.500000000000000486e-03 9.985935433833112995e-01 1.666873222487107562e-07 9.681651435504671591e-28 6.649336701527370976e-33
5.000000000000000971e-03 9.939848107142106315e-01 3.278933367541038144e-06 2.156812728584032767e-23 3.656704178197294165e-27
7.500000000000001457e-03 9.854272558506957935e-01 2.293108351478277432e-05 8.378756998346002062e-21 9.711428553894699643e-24
1.000000000000000194e-02 9.719681088894090992e-01 9.942099239768270103e-05 6.193398790282165568e-19 2.949707312745074941e-21
1.250000000000000069e-02 9.524231966725033027e-01 3.393772785300186836e-04 1.846823737199098111e-17 2.635763357977748628e-19
1.500000000000000291e-02 9.253001199913490904e-01 1.020445807657353139e-03 3.095283184045900835e-16 1.033056849101507488e-17
1.750000000000000167e-02 8.886249063319514585e-01 2.820664885829179611e-03 3.386685656361845496e-15 2.132361515582234545e-16
2.000000000000000389e-02 8.394757542572144349e-01 7.518725042273649399e-03 2.562744596995468258e-14 2.533987333750887735e-15
2.250000000000000264e-02 7.726070578586169413e-01 1.965224323000323153e-02 1.362445435324247970e-13 1.851488060968232089e-14
2.500000000000000139e-02 6.768993779406116129e-01 5.055835729032357589e-02 4.988863925972872093e-13 8.955910737999036211e-14
2.750000000000000361e-02 5.321875747490311115e-01 1.220146027722485427e-01 1.147532086557496205e-12 3.103827882886905919e-13
3.000000000000000583e-02 3.418074460149098659e-01 2.335725219337088376e-01 1.934300084344396030e-12 8.287442805112503752e-13
3.250000000000000111e-02 1.810751665121107801e-01 3.125359633846986895e-01 3.192571970904590342e-12 1.809863087059124537e-12
3.500000000000000333e-02 9.213116681722201273e-02 3.145117087358743624e-01 5.067220849230352037e-12 3.387025547444297678e-12
3.750000000000000555e-02 4.894020530318027307e-02 2.430249501864701622e-01 7.526130217997714257e-12 5.627837430900620710e-12
4.000000000000000777e-02 2.753014027687755369e-02 1.221170962232344392e-01 1.100071100930866981e-11 8.527119071828329817e-12
4.250000000000000999e-02 1.633026219449944597e-02 6.094591010296133288e-02 1.497223915431973380e-11 1.202158680895249907e-11
4.500000000000000527e-02 1.014737702071965772e-02 3.723371599924139852e-02 2.013594786337143560e-11 1.601307843629884506e-11
4.750000000000000749e-02 6.565270292142790648e-03 2.554066490335383730e-02 4.140980877406576345e-11 2.039110651234899142e-11
5.000000000000000278e-02 4.399792515242627669e-03 1.975935060007699348e-02 4.636388030128063343e-11 2.504950612208864266e-11
5.250000000000000500e-02 3.040818007558015665e-03 2.971681371526230676e-03 5.271363654664006219e-11 2.989501791740900915e-11
5.500000000000000722e-02 2.159384008799958028e-03 1.918045236008237859e-03 5.823788141168195740e-11 3.485262118089608489e-11
5.750000000000000944e-02 1.570751749346734841e-03 1.398041197117593556e-03 6.365320311833488358e-11 3.986429923166568112e-11
6.000000000000001166e-02 1.167320609054119107e-03 1.086293686537017451e-03 6.997256842095297734e-11 4.488755685542564205e-11
6.250000000000000000e-02 8.843340557759295228e-04 8.608872075695096077e-04 7.575312097300748951e-11 4.989403993923079595e-11
6.500000000000000222e-02 6.816566272700634675e-04 6.978452284759476855e-04 8.200628883975467470e-11 5.486496577372824193e-11
6.750000000000000444e-02 5.337444501982754191e-04 5.784591618331989945e-04 8.898720525832074077e-11 5.978851562492057741e-11
7.000000000000000666e-02 4.239451853682459884e-04 4.833095192992755275e-04 9.610267219056637443e-11 6.465653390210617510e-11
7.250000000000000888e-02 3.411645413661451923e-04 4.085091159010229250e-04 1.037000012857433341e-10 6.946687381722540800e-11
7.500000000000001110e-02 2.778635667590436059e-04 3.499148233804114301e-04 1.118903567529948672e-10 7.423514407755744475e-11
7.750000000000001332e-02 2.288250221343829144e-04 3.017610246323490031e-04 1.197198972278078541e-10 7.894670124691320425e-11
8.000000000000001554e-02 1.903781226615476390e-04 2.624927147688253110e-04 1.300750782599500059e-10 8.357763068978953090e-11
8.250000000000001776e-02 1.599003854036976275e-04 2.298018933858437282e-04 1.386625446126065601e-10 8.817047002197540121e-11
8.500000000000001998e-02 1.354917911863790880e-04 2.036653901909824796e-04 1.491553729164797704e-10 9.273291835842648778e-11
8.750000000000000833e-02 1.157576333908810545e-04 1.805997222448463236e-04 1.590442551192737137e-10 9.724754571697513103e-11
9.000000000000001055e-02 9.966098273713550201e-05 1.613503513990069166e-04 1.714665522593288803e-10 1.016599984626129713e-10
9.250000000000001277e-02 8.642288423046856963e-05 1.454499488011135456e-04 1.807468045607252770e-10 1.059958147558219863e-10
9.500000000000001499e-02 7.545199853146673308e-05 1.311791000404480246e-04 1.925703605690725394e-10 1.104253450565460874e-10
9.750000000000001721e-02 6.629452006407059704e-05 1.191527327749887456e-04 2.071393498042779206e-10 1.147593173922718582e-10
1.000000000000000056e-01 5.859901854722445830e-05 1.088492306485374067e-04 2.201472012264311965e-10 1.189329027338670185e-10
