# time 1 2 D-1 D
0.000000000000000000e+00 9.999999337654039699e-01 3.132919300834467161e-08 9.162817752541457313e-36 9.390753454005590498e-37
2.500000000000000052e-04 9.948170268167614294e-01 2.719931711627281791e-05 2.784208386712956093e-27 8.955798996379704221e-30
5.000000000000000104e-04 9.795769744200707452e-01 1.127676263102415162e-04 1.583618506051116637e-22 1.443006629754625800e-24
7.500000000000001240e-04 9.546489416118489890e-01 3.005717296825290456e-04 1.481744415515729195e-19 2.490245757135215225e-21
1.000000000000000021e-03 9.202671533444571894e-01 6.415396355715723663e-04 2.525839558986063970e-17 6.903353423132659196e-19
1.250000000000000026e-03 8.765377522865344107e-01 1.266567090935002060e-03 1.648109083615911041e-15 7.006913194233973676e-17
1.500000000000000248e-03 8.234547915971714982e-01 2.473982938123318615e-03 5.621656158941883181e-14 3.609588655355540984e-15
1.750000000000000253e-03 7.608661983793799655e-01 4.841061053450560620e-03 1.146763402560583021e-12 1.068637555784948731e-13
2.000000000000000042e-03 6.882195428780679691e-01 9.808274066968769578e-03 1.474105505880517825e-11 1.892792511390559242e-12
2.250000000000000264e-03 6.036597364136433441e-01 2.064338619966088820e-02 1.222314736662157031e-10 2.071320737895156098e-11
2.500000000000000052e-03 5.017996104054865958e-01 4.489510582784967535e-02 6.544881213239738957e-10 1.482118474891579706e-10
2.750000000000000274e-03 3.726828977679476629e-01 9.542252208459552076e-02 2.109547338586269916e-09 7.458022229991255114e-10
3.000000000000000496e-03 2.253787930332799283e-01 1.663135270800224219e-01 4.818737949546183918e-09 2.833470505885457362e-09
3.250000000000000284e-03 1.125241351978376880e-01 2.071141141699365251e-01 1.049102865383605288e-08 8.629134277936787386e-09
3.500000000000000507e-03 5.427928461495157286e-02 1.959023098039380517e-01 2.154872720386224093e-08 2.208123828917968931e-08
3.749999999999999861e-03 2.754203141020643980e-02 1.417004221382807128e-01 4.072607418198811968e-08 4.921953547237543905e-08
4.000000000000000083e-03 1.490484752286653190e-02 6.536638007121119143e-02 7.472719172617952651e-08 9.822150483729838641e-08
4.250000000000000305e-03 8.559777118088703063e-03 2.989842196439828834e-02 1.257954682745031018e-07 1.791886524587714264e-07
4.500000000000000527e-03 5.178967645451208572e-03 1.692159070047690589e-02 2.074855700372868249e-07 3.037006012384533894e-07
4.750000000000000749e-03 3.279280513778940701e-03 1.082237419675885146e-02 7.925170225535946375e-07 4.842437296451184786e-07
5.000000000000000104e-03 2.160623557898796142e-03 7.858161350264796993e-03 1.110763565867331552e-06 7.336076648565490571e-07
5.250000000000000326e-03 1.474088709066274797e-03 1.204268619034068672e-03 1.540468665936058284e-06 1.064322292961665827e-06
5.500000000000000548e-03 1.037067169664844697e-03 7.427602329726466779e-04 2.046320968736789108e-06 1.488180993090875814e-06
5.750000000000000770e-03 7.497047750845425721e-04 5.191763185793975537e-04 2.646834665725057317e-06 2.015871847573907691e-06
6.000000000000000992e-03 5.552115752832388054e-04 3.883710146692708831e-04 3.377847187456061010e-06 2.656720439492403585e-06
6.250000000000000347e-03 4.201292197087745455e-04 2.979222555199428761e-04 4.191943916468198420e-06 3.418535968282618045e-06
6.500000000000000569e-03 3.241085961539770218e-04 2.348077256021357390e-04 5.140262437458231005e-06 4.307545908685599407e-06
6.750000000000000791e-03 2.544128746236330968e-04 1.896761623443946596e-04 6.209185105466510444e-06 5.328401899126316218e-06
7.000000000000001013e-03 2.028596277950724146e-04 1.551187607111436956e-04 7.394588166764498858e-06 6.484239582675951257e-06
7.250000000000001235e-03 1.640664086222256397e-04 1.285562223099961433e-04 8.695581351764598878e-06 7.776776439955080045e-06
7.499999999999999722e-03 1.344153886172841383e-04 1.083258217773497994e-04 1.013947147349113198e-05 9.206434628353895764e-06
7.750000000000000812e-03 1.114263680471343546e-04 9.203994099160508861e-05 1.167040961326669101e-05 1.077247774721124710e-05
8.000000000000000167e-03 9.336798822086573668e-05 7.898978432203658355e-05 1.336846213069627765e-05 1.247315308721035390e-05
8.250000000000000389e-03 7.901134131380097264e-05 6.834406921123759309e-05 1.513552221629404864e-05 1.430583308247954499e-05
8.500000000000000611e-03 6.747065537596400454e-05 5.993805311804537727e-05 1.705017414549916960e-05 1.626715149567371793e-05
8.750000000000000833e-03 5.809835150951354535e-05 5.262080115239571365e-05 1.899991157404081919e-05 1.835313134960074011e-05
9.000000000000001055e-03 5.041471730451725208e-05 4.662226787293938783e-05 2.115765570288766123e-05 2.055930290955606114e-05
9.250000000000001277e-03 4.406002179876304588e-05 4.168895034761430188e-05 2.330052558975037580e-05 2.288081744939983136e-05
9.500000000000001499e-03 3.876141429673849391e-05 3.731057672209679628e-05 2.558390962098956966e-05 2.531253576965827076e-05
9.750000000000001721e-03 3.430973167860109551e-05 3.365093914573079884e-05 2.802958864096311329e-05 2.784911001823491995e-05
1.000000000000000021e-02 3.054306120245388719e-05 3.053778521900254019e-05 3.049475951772614041e-05 3.048504422728915244e-05
