# lambda 1 2 D-1 D
0.000000000000000000e+00 -1.499999994103201928e+01 -1.299999999295723185e+01 1.300000004566163980e+01 1.499999993367981332e+01
2.500000000000000139e-02 -1.463618633192731089e+01 -1.277237023097744206e+01 1.277193664948668150e+01 1.463535235965707137e+01
5.000000000000000278e-02 -1.429814171033151915e+01 -1.256653721484288333e+01 1.256294586065400232e+01 1.429104339917026856e+01
7.500000000000001110e-02 -1.399249357998747989e+01 -1.238576936440296983e+01 1.237306441094614762e+01 1.396678646465451301e+01
1.000000000000000056e-01 -1.372857957461408063e+01 -1.223484569647867204e+01 1.220256757657012869e+01 1.366266275038333333e+01
1.250000000000000000e-01 -1.351926039502954424e+01 -1.212159024984893918e+01 1.205197458692125778e+01 1.337915312387876199e+01
1.500000000000000222e-01 -1.338108130733478696e+01 -1.205698970486120736e+01 1.192207775725317553e+01 1.311719358318763717e+01
1.750000000000000167e-01 -1.333253322014082798e+01 -1.205022725055744814e+01 1.181396357097322536e+01 1.287827756303707361e+01
2.000000000000000111e-01 -1.338961573454774978e+01 -1.210534153617727426e+01 1.172899307760800980e+01 1.266465232098051175e+01
2.250000000000000056e-01 -1.356046341062291916e+01 -1.222379954993786200e+01 1.166863638534051617e+01 1.247971458138837875e+01
2.500000000000000000e-01 -1.384295114290542195e+01 -1.240797576784685852e+01 1.163387824424459360e+01 1.232883639936388498e+01
2.750000000000000222e-01 -1.422695018561901215e+01 -1.269054040911462700e+01 1.162361922600869768e+01 1.222100938108091661e+01
3.000000000000000444e-01 -1.469872952160051405e+01 -1.308315149227891361e+01 1.163192141818940506e+01 1.217105693287039081e+01
3.250000000000000111e-01 -1.524441738918125999e+01 -1.353696557494230213e+01 1.164842731218074157e+01 1.219769732640783921e+01
3.500000000000000333e-01 -1.585166883508743929e+01 -1.404120251721820800e+01 1.166926129497781339e+01 1.231060792796333025e+01
3.750000000000000000e-01 -1.651011637220554817e+01 -1.458744656346149071e+01 1.170417460681308697e+01 1.250257543586111453e+01
4.000000000000000222e-01 -1.721127078052375836e+01 -1.516900066974223193e+01 1.177089057349570567e+01 1.275974193272104174e+01
4.250000000000000444e-01 -1.794824492165521335e+01 -1.578053004836000284e+01 1.192345382870637138e+01 1.306997877568112543e+01
4.500000000000000111e-01 -1.871545790454261038e+01 -1.641775993158115554e+01 1.218254966381821802e+01 1.342403780923311984e+01
4.750000000000000333e-01 -1.950837366059700173e+01 -1.707723499577844350e+01 1.249560616445289440e+01 1.381484889490774748e+01
5.000000000000000000e-01 -2.032328617330156817e+01 -1.775613443777824685e+01 1.285670177098721467e+01 1.423688001864152142e+01
5.250000000000000222e-01 -2.115714859302500628e+01 -1.845213144489490986e+01 1.327378977872150045e+01 1.468571424447868878e+01
5.500000000000000444e-01 -2.200743914441736138e+01 -1.916328656669717390e+01 1.371980847268993386e+01 1.515776823633675008e+01
5.750000000000000666e-01 -2.287205639844073701e+01 -1.988796637115090604e+01 1.418393701300147924e+01 1.565009621165409115e+01
6.000000000000000888e-01 -2.374923745211660631e+01 -2.062478118876055433e+01 1.466360135689490463e+01 1.616024832898327546e+01
6.250000000000000000e-01 -2.463749380144454193e+01 -2.137253703546546291e+01 1.515673795211606034e+01 1.668616593934400072e+01
6.500000000000000222e-01 -2.553556083851247038e+01 -2.213019837379343002e+01 1.566165676796142137e+01 1.722610285633266258e+01
6.750000000000000444e-01 -2.644235784956402568e+01 -2.289685923472387685e+01 1.617695335992876693e+01 1.777856543647912702e+01
7.000000000000000666e-01 -2.735695613359785128e+01 -2.367172057865318990e+01 1.670144747090278869e+01 1.834226645187240123e+01
7.250000000000000888e-01 -2.827855343031856705e+01 -2.445407267380994654e+01 1.723413798285266552e+01 1.891608917614028229e+01
7.500000000000000000e-01 -2.920645327733330276e+01 -2.524328126847976961e+01 1.777416896359357423e+01 1.949905909972439844e+01
7.750000000000000222e-01 -3.014004824134225302e+01 -2.603877658504621095e+01 1.832080340371585336e+01 2.009032139594279087e+01
8.000000000000000444e-01 -3.107880621272873256e+01 -2.684004466702529257e+01 1.887340265009764195e+01 2.068912276463670352e+01
8.250000000000000666e-01 -3.202225913755884790e+01 -2.764662038334645189e+01 1.943141010991938344e+01 2.129479664389483418e+01
8.500000000000000888e-01 -3.296999370079493019e+01 -2.845808171804303299e+01 1.999433816660002350e+01 2.190675104257770300e+01
8.750000000000000000e-01 -3.392164358086542109e+01 -2.927404503888454457e+01 2.056175752130980783e+01 2.252445843587231167e+01
9.000000000000000222e-01 -3.487688297704297469e+01 -3.009416110665031852e+01 2.113328859744126476e+01 2.314744730351394253e+01
9.250000000000000444e-01 -3.583542117359930046e+01 -3.091811165671415296e+01 2.170859432697708513e+01 2.377529499060213425e+01
9.500000000000000666e-01 -3.679699795304193088e+01 -3.174560643036092245e+01 2.228737431928089308e+01 2.440762164433446912e+01
9.750000000000000888e-01 -3.776137970833151059e+01 -3.257638050693330456e+01 2.286935984906950381e+01 2.504408503448791379e+01
1.000000000000000000e+00 -3.872835613338013161e+01 -3.341019196890135845e+01 2.345430973378883266e+01 2.568437610608316390e+01
