# time 1 2 D-1 D
0.000000000000000000e+00 9.999999756986853727e-01 8.646405993165591098e-09 3.329470199269046710e-34 2.355808228482945967e-34
2.500000000000000052e-04 9.999933914137311142e-01 4.612466759344331087e-09 2.263366197716106593e-20 3.246933886046915096e-22
5.000000000000000104e-04 9.999007748138363239e-01 3.428742291018056051e-08 5.712244167363171495e-20 1.411890886310567197e-21
7.500000000000001240e-04 9.995285875177130075e-01 1.545506285977550081e-07 2.836445640372375165e-21 5.767419044652351944e-20
1.000000000000000021e-03 9.986080895709448235e-01 5.296768766163759883e-07 1.800566173127278312e-19 4.953851306173987915e-19
1.250000000000000026e-03 9.968328144434214222e-01 1.580554375240134836e-06 2.114628561688332780e-19 2.072401798837410821e-18
1.500000000000000248e-03 9.938726566569514587e-01 4.354564143829195960e-06 4.435085931748842991e-17 1.049572938882896397e-17
1.750000000000000253e-03 9.893536336736205028e-01 1.117562830069657612e-05 9.499651527290737856e-16 8.768176006666670217e-17
2.000000000000000042e-03 9.827973896188531011e-01 2.654753328301632324e-05 1.215921652760219045e-14 9.355188275440958241e-16
2.250000000000000264e-03 9.735189385981115606e-01 5.722727331525565399e-05 1.018940102068459740e-13 9.429670863614872949e-15
2.500000000000000052e-03 9.604854512076617112e-01 1.099506117995019178e-04 5.606624970207343237e-13 7.413525878027486301e-14
2.750000000000000274e-03 9.421443382305938474e-01 1.881869436752378502e-04 2.267876524630319978e-12 4.489943442139474217e-13
3.000000000000000496e-03 9.163642054567836537e-01 1.997739145542967818e-04 7.587485497283526592e-12 2.112353466811041958e-12
3.250000000000000284e-03 8.802779840166812253e-01 1.428354318963678826e-04 2.251478201424866695e-11 7.979360296845706890e-12
3.500000000000000507e-03 8.309252144355583347e-01 1.940958306367050591e-05 6.125243710866352442e-11 2.490152215188766890e-11
3.749999999999999861e-03 7.645228766478883164e-01 2.025340002510287157e-03 1.554767989472367945e-10 6.605941710629230354e-11
4.000000000000000083e-03 6.694671701354553139e-01 1.959445171044772380e-02 3.679962143414230576e-10 1.526414081939913157e-10
4.250000000000000305e-03 5.073668358460431405e-01 9.719605093910121951e-02 8.088094830216734911e-10 3.137469049899462328e-10
4.500000000000000527e-03 3.257203721464149160e-01 1.955394539736054205e-01 1.627816048085832978e-09 5.840271277754875119e-10
4.750000000000000749e-03 2.178276272120702739e-01 2.280183881064253570e-01 2.757762393068071926e-09 9.993774920100640905e-10
5.000000000000000104e-03 1.635041689854425107e-01 2.180392662943207993e-01 3.412665644719430987e-09 1.592087652526135460e-09
5.250000000000000326e-03 1.319226552607748737e-01 1.966717685464215992e-01 3.604866786139447322e-09 2.386436733962838674e-09
5.500000000000000548e-03 1.117221372591296336e-01 1.739539812802751717e-01 3.819178067275700013e-09 3.394950683377030070e-09
5.750000000000000770e-03 9.681714905212368549e-02 1.541879440764697684e-01 4.298488265760052979e-09 4.617756017706431688e-09
6.000000000000000992e-03 8.612413638798005477e-02 1.367664050219171701e-01 4.808722270399174922e-09 6.043545575431922817e-09
6.250000000000000347e-03 7.781083545525104006e-02 1.221082863639799537e-01 5.388868249885517049e-09 7.651291483931181579e-09
6.500000000000000569e-03 7.130667790136964446e-02 1.096734423498552241e-01 6.029957406276561007e-09 9.412283277922717686e-09
6.750000000000000791e-03 6.608620021656447241e-02 9.911689276475142696e-02 6.788815934105079003e-09 1.129341766897063187e-08
7.000000000000001013e-03 6.170616448163296353e-02 9.020751766878748468e-02 7.517248635253221997e-09 1.325946243155675836e-08
7.250000000000001235e-03 5.818748660383845500e-02 8.244584633826097797e-02 8.301235680972665507e-09 1.527576679876975318e-08
7.499999999999999722e-03 5.527702237292991816e-02 7.565209582718807058e-02 9.227593259673993256e-09 1.730973278937372188e-08
7.750000000000000812e-03 5.277839096384884937e-02 6.971257306070635651e-02 1.009981297993454161e-08 1.933218341604002757e-08
8.000000000000000167e-03 5.072399157091698335e-02 6.435195144815879231e-02 1.103920408233375575e-08 2.131817575054239720e-08
8.250000000000000389e-03 4.894133196716368706e-02 5.954694278447180550e-02 1.197424561655748979e-08 2.324710699776837657e-08
8.500000000000000611e-03 4.740541338867366311e-02 5.516885285044208220e-02 1.280072909843574649e-08 2.510285792012539948e-08
8.750000000000000833e-03 4.606414482745947031e-02 5.115840452153231493e-02 1.391482850816264388e-08 2.687338360069082321e-08
9.000000000000001055e-03 4.491097367219840097e-02 4.742883422762186885e-02 1.494430479703181381e-08 2.855030026439172320e-08
9.250000000000001277e-03 4.388630111875473777e-02 4.397976066629484537e-02 1.584765014211666520e-08 3.012840429104198306e-08
9.500000000000001499e-03 4.297887731681664797e-02 4.076633093859945850e-02 1.696008794714181147e-08 3.160526618307374022e-08
9.750000000000001721e-03 4.216894157279604816e-02 3.777599150779377413e-02 1.809572649286242977e-08 3.298054959012424899e-08
1.000000000000000021e-02 4.144122185116251578e-02 3.502401697097340394e-02 1.910703827551704960e-08 3.425526223588212110e-08
