# time 1 2 D-1 D
0.000000000000000000e+00 9.999999648300846866e-01 1.777563199543378929e-08 2.392590181404145302e-35 2.135358956665611651e-34
2.500000000000000486e-03 9.992912389028020259e-01 1.935602513198953062e-06 6.993985660880049187e-27 1.806078417955191140e-25
5.000000000000000971e-03 9.970118752363669179e-01 4.095707039075731771e-05 1.542503315717836071e-22 9.394914356779805181e-22
7.500000000000001457e-03 9.928703420798928869e-01 2.712242999579943465e-04 5.864078815797458327e-20 1.452428576721479716e-19
1.000000000000000194e-02 9.863889687910222248e-01 1.129834229019723675e-03 3.931972833342791953e-18 5.024862165328015782e-18
1.250000000000000069e-02 9.766825175713603757e-01 3.634810259569284940e-03 9.751304617138658384e-17 7.232549002803569242e-17
1.500000000000000291e-02 9.622001277355026749e-01 9.724071326577082147e-03 1.231328446511869198e-15 5.673569371895596395e-16
1.750000000000000167e-02 9.408272324968648403e-01 2.223616836599504737e-02 9.427328218186690026e-15 2.812285073999276584e-15
2.000000000000000389e-02 9.110904081555812883e-01 4.336387221253015095e-02 4.836166510160468990e-14 9.805271032401107104e-15
2.250000000000000264e-02 8.743287168906922480e-01 7.087093088788748441e-02 1.784849245184871577e-13 2.674094697540821239e-14
2.500000000000000139e-02 8.353349698452038341e-01 9.375996697340928387e-02 5.016606276315689569e-13 6.399258975570363753e-14
2.750000000000000361e-02 7.997363346062019707e-01 9.719277057115778551e-02 1.128407241766835955e-12 1.478844155663293185e-13
3.000000000000000583e-02 7.709584645389154778e-01 9.170502044354292281e-02 2.109517482588806808e-12 3.404848510640106937e-13
3.250000000000000111e-02 7.496698944370945306e-01 7.541190705994769983e-02 3.410818412144803165e-12 7.485266187298631293e-13
3.500000000000000333e-02 7.349079047986633029e-01 3.828340008017438317e-02 4.949345285455167738e-12 1.476378231406352085e-12
3.750000000000000555e-02 7.252108211039779428e-01 3.221828436045968969e-02 6.773500499115713282e-12 2.538747799922649529e-12
4.000000000000000777e-02 7.192094606457998252e-01 3.037430657735084791e-02 9.178114288650317434e-12 3.846569074104698265e-12
4.250000000000000999e-02 7.158163549088851774e-01 2.963550087594300775e-02 1.301914466572168033e-11 5.272372401236056082e-12
4.500000000000000527e-02 7.142296107835591767e-01 2.904497987304419451e-02 1.783682670115959428e-11 6.707807921049533912e-12
4.750000000000000749e-02 7.138783715004239916e-01 2.815667054536032804e-02 1.934844829244625030e-11 8.082634511025269085e-12
5.000000000000000278e-02 7.143622994012212013e-01 2.778165424364304956e-02 1.870976200328454113e-11 9.356895383865528743e-12
5.250000000000000500e-02 7.154021625288770059e-01 2.733997904011009270e-02 1.769907674672183748e-11 1.051500331735661348e-11
5.500000000000000722e-02 7.168033012054626507e-01 2.684503716760831479e-02 1.661600384604831111e-11 1.155482588234503546e-11
5.750000000000000944e-02 7.184298939584946586e-01 2.614241957688337448e-02 1.551976207801813415e-11 1.247593339170385029e-11
6.000000000000001166e-02 7.201870690082765591e-01 2.560692253301273535e-02 1.439454937912140310e-11 1.330930415094842499e-11
6.250000000000000000e-02 7.220085727880700688e-01 2.506203685185492622e-02 1.328506800190775770e-11 1.403688009037387093e-11
6.500000000000000222e-02 7.238484409592227387e-01 2.435814771523339348e-02 1.213036517565901352e-11 1.472642777149789239e-11
6.750000000000000444e-02 7.256747217091590318e-01 2.366427247017974592e-02 1.100899978746067088e-11 1.532997415976377169e-11
7.000000000000000666e-02 7.274657330766830521e-01 2.284140637585117470e-02 9.897931271762187226e-12 1.588405972488350114e-11
7.250000000000000888e-02 7.292069926860030860e-01 2.191677864259088115e-02 8.782223061816100423e-12 1.640016202490661121e-11
7.500000000000001110e-02 7.308890363138946800e-01 2.088555356839603624e-02 7.677168512098127185e-12 1.690693186739646857e-11
7.750000000000001332e-02 7.325063556660926789e-01 1.971196088945987440e-02 6.573111879333632673e-12 1.738233215969798782e-11
8.000000000000001554e-02 7.340557289798560481e-01 1.826129020555272708e-02 5.529598392363079300e-12 1.781441403957727683e-11
8.250000000000001776e-02 7.355361017558510461e-01 1.702986780422540911e-02 4.523828934515786717e-12 1.820495766387061997e-11
8.500000000000001998e-02 7.369475936708332897e-01 1.600513461243237984e-02 3.604796464251662107e-12 1.851255814720147126e-11
8.750000000000000833e-02 7.382912243728535495e-01 1.500817940501168561e-02 2.727212607829430030e-12 1.879163001302416995e-11
9.000000000000001055e-02 7.395686569773372021e-01 1.403801362400094663e-02 2.001884098968306142e-12 1.893471047939639597e-11
9.250000000000001277e-02 7.407819796535690671e-01 1.362122925132853296e-02 1.359528718299491944e-12 1.900510713400067134e-11
9.500000000000001499e-02 7.419334992425140607e-01 1.288129750533783049e-02 8.864227421001362080e-13 1.892390605380776321e-11
9.750000000000001721e-02 7.430256324122144207e-01 1.258355574293598504e-02 5.368134740995137352e-13 1.874033480820988140e-11
1.000000000000000056e-01 7.440657828479864122e-01 1.239378596154818574e-02 3.112734124034371107e-13 1.844020129058279396e-11
