# time 1 2 D-1 D
0.000000000000000000e+00 9.999999648300846866e-01 1.777563199543378929e-08 2.392590181404145302e-35 2.135358956665611651e-34
5.000000000000000104e-04 9.992791528756722608e-01 1.116456342037611618e-05 3.444283928259697398e-28 1.810542803049719236e-25
1.000000000000000021e-03 9.967800023926357555e-01 2.211477467793854159e-04 9.273892895169204351e-24 9.588115288892492532e-22
1.500000000000000248e-03 9.914857062415344258e-01 1.361042388342645609e-03 4.471910733121623190e-21 1.561762568897494165e-19
2.000000000000000042e-03 9.813004589781368914e-01 5.210474060387429961e-03 3.838057927701402446e-19 6.023046060990801801e-18
2.500000000000000052e-03 9.625190347065081253e-01 1.526868201304028283e-02 1.253939414711471136e-17 1.045967510150829361e-16
3.000000000000000496e-03 9.296526965782591079e-01 3.703445016830104325e-02 2.182888439049051196e-16 1.093182254075433261e-15
3.500000000000000507e-03 8.766413179743046680e-01 7.685710341560968162e-02 2.430096778402409912e-15 8.058549739023994479e-15
4.000000000000000083e-03 8.005594905665990302e-01 1.368457624056675370e-01 1.923855814425817918e-14 4.623035296050263236e-14
4.500000000000000527e-03 7.061639110555789633e-01 2.056373098412411782e-01 1.157854210505171272e-13 2.205256543012419305e-13
5.000000000000000104e-03 6.055893546646239356e-01 2.504922126878312283e-01 5.530650708847848026e-13 9.158373174684586598e-13
5.500000000000000548e-03 5.115807273986124892e-01 2.371270884381461996e-01 2.158378616435136821e-12 3.410084073337784472e-12
6.000000000000000992e-03 4.315165771684646434e-01 2.025702459157837088e-01 7.089377476057732152e-12 1.151887008940924940e-11
6.500000000000000569e-03 3.670148694491938701e-01 1.514958071289460861e-01 2.045775571271814083e-11 3.508857399405058350e-11
7.000000000000001013e-03 3.164698460048801509e-01 7.090188039865527592e-02 5.646757220398695960e-11 9.500924162832853693e-11
7.499999999999999722e-03 2.772594406029050274e-01 5.556496198107572365e-02 1.612346241561432933e-10 2.269825413871678190e-10
8.000000000000000167e-03 2.468435115225306176e-01 4.936444426019927917e-02 4.981513070080247813e-10 4.813749485603001979e-10
8.500000000000000611e-03 2.231244436575648415e-01 4.585839829221591279e-02 1.617284855563636981e-09 9.189266007494170548e-10
9.000000000000001055e-03 2.044802601087645777e-01 4.318437105757059330e-02 4.479778423750292560e-09 1.603860053635232865e-09
9.500000000000001499e-03 1.896906132805540324e-01 4.057203916423723911e-02 8.065758581723555248e-09 2.596488708340270618e-09
1.000000000000000021e-02 1.778455624691264447e-01 3.897439247018406189e-02 1.135941766710561129e-08 3.947555052264340378e-09
1.050000000000000065e-02 1.682665331016008070e-01 3.752597334127521361e-02 1.462179991874430732e-08 5.695344905552204821e-09
1.100000000000000110e-02 1.604450503593227439e-01 3.621752905586288207e-02 1.788941489011019268e-08 7.865743051258766143e-09
1.150000000000000154e-02 1.539974200153728101e-01 3.480907792984260646e-02 2.107361471403239307e-08 1.046804320155719600e-08
1.200000000000000198e-02 1.486318495639509796e-01 3.376003443139901500e-02 2.404046395769940743e-08 1.352980871546698337e-08
1.250000000000000069e-02 1.441246697287049960e-01 3.277950936552399830e-02 2.670303941060490240e-08 1.701662281089364604e-08
1.300000000000000114e-02 1.403031368752927777e-01 3.174886087396282253e-02 2.885932027573126370e-08 2.101462437571551507e-08
1.350000000000000158e-02 1.370329076256693035e-01 3.085856640027787035e-02 3.054740901408417617e-08 2.543850381586905077e-08
1.400000000000000203e-02 1.342088179269495807e-01 2.986384105775057377e-02 3.166773980664505538e-08 3.029790501951044826e-08
1.450000000000000247e-02 1.317480421498063436e-01 2.881211814276818037e-02 3.210029335622445101e-08 3.567855955104380179e-08
1.499999999999999944e-02 1.295849760303854625e-01 2.768376449662548686e-02 3.182739513480900055e-08 4.157129937661913942e-08
1.550000000000000162e-02 1.276674449511312481e-01 2.643715869524287249e-02 3.079897912974862594e-08 4.801188980243334831e-08
1.600000000000000033e-02 1.259536942285980066e-01 2.493502704273691320e-02 2.914411736555280171e-08 5.486466291818055175e-08
1.650000000000000078e-02 1.244101657076342876e-01 2.359953566642917708e-02 2.685473473266952913e-08 6.213874161462453514e-08
1.700000000000000122e-02 1.230097738030064003e-01 2.245372966427779116e-02 2.406885198417764735e-08 6.970446350362293249e-08
1.750000000000000167e-02 1.217305770935113857e-01 2.133867782826954010e-02 2.063629477622476286e-08 7.771935113034506822e-08
1.800000000000000211e-02 1.205546698043346160e-01 2.025197514346497099e-02 1.719882908602219362e-08 8.555209656886914208e-08
1.850000000000000255e-02 1.194673831781326301e-01 1.972663824294952975e-02 1.351004740325815369e-08 9.346241931839029269e-08
1.900000000000000300e-02 1.184567070753245049e-01 1.888489652380661438e-02 1.018193791424571924e-08 1.008502674579478026e-07
1.950000000000000344e-02 1.175126851672472633e-01 1.849986997516896159e-02 7.127442225862445632e-09 1.078128663061342815e-07
2.000000000000000042e-02 1.166271152062646060e-01 1.823259070524335321e-02 4.526597200933676393e-09 1.141813619858984612e-07
