# time 1 2 D-1 D
0.000000000000000000e+00 9.999999780520095749e-01 1.254903118867497801e-08 4.364481954908532864e-35 1.753014725381277361e-34
2.500000000000000486e-03 9.970602882091983421e-01 1.703952292721247963e-03 9.383976462241322436e-17 1.463086295342295994e-19
5.000000000000000971e-03 9.865431902191015290e-01 8.159772438755765259e-03 2.392025598539150638e-14 1.420021779888443011e-16
7.500000000000001457e-03 9.651685904791040826e-01 2.202513488937404840e-02 6.129165517411838927e-13 7.750741369743226514e-15
1.000000000000000194e-02 9.285859628195057835e-01 4.647712546078688889e-02 6.194273946121910997e-12 1.300292913532859517e-13
1.250000000000000069e-02 8.716848246227149044e-01 8.494508964440153354e-02 3.786600681488765755e-11 1.140496327588469206e-12
1.500000000000000291e-02 7.900377297136899069e-01 1.388567126999196710e-01 1.700032777164500080e-10 6.610469402704516147e-12
1.750000000000000167e-02 6.831498201821671890e-01 2.035489608014575125e-01 6.221747941859033079e-10 2.856981488551851450e-11
2.000000000000000389e-02 5.584195793160182664e-01 2.644199491555491166e-01 1.979406897363683712e-09 9.822505041733802109e-11
2.250000000000000264e-02 4.312641051527619229e-01 3.008861931476769502e-01 5.728485773351227034e-09 2.763953510270434372e-10
2.500000000000000139e-02 3.181559557474037403e-01 2.984915150125386218e-01 1.555099025655939911e-08 6.327718099751449552e-10
2.750000000000000361e-02 2.283908554647393063e-01 2.657609519030998402e-01 4.036171812248466049e-08 1.112012459800083647e-09
3.000000000000000583e-02 1.625341748022387511e-01 2.205216792911311174e-01 1.018702361719666877e-07 1.244596846704285846e-09
3.250000000000000111e-02 1.162882115799425964e-01 1.748839443687707773e-01 2.503392837550804237e-07 3.696731770738069416e-10
3.500000000000000333e-02 8.437403590889348826e-02 1.332736850347924495e-01 6.011940904643467560e-07 1.012627780687553024e-09
3.750000000000000555e-02 6.235693240411768756e-02 9.509708305621619728e-02 1.414914769623622604e-06 1.834126173755133394e-08
4.000000000000000777e-02 4.702027958778665084e-02 6.344724097318409084e-02 3.297645703850209607e-06 9.354840355809304618e-08
4.250000000000000999e-02 3.617679811744860252e-02 4.157209943447843364e-02 7.693008564697441016e-06 3.078510066151979552e-07
4.500000000000000527e-02 2.837677558814506382e-02 2.835697355660853763e-02 1.802713084651329014e-05 7.993344071918297718e-07
4.750000000000000749e-02 2.266458754693710664e-02 2.062809133698573910e-02 4.130079260447596312e-05 1.783977769732987502e-06
5.000000000000000278e-02 1.840690704669554340e-02 1.572852695566847106e-02 8.296753207364360139e-05 3.578908489406293258e-06
5.250000000000000500e-02 1.517933742873709378e-02 1.255647388809653063e-02 1.391224228225877745e-04 6.626227109911300041e-06
5.500000000000000722e-02 1.269348631633665341e-02 1.029520962141590099e-02 2.036750862739021973e-04 1.151674507500949982e-05
5.750000000000000944e-02 1.075036863431360831e-02 8.681310947360300692e-03 2.740433032848321087e-04 1.901289683087868174e-05
6.000000000000001166e-02 9.210548602214450875e-03 7.439021541214315206e-03 3.514116406271216501e-04 3.006920299346125283e-05
6.250000000000000000e-02 7.974795422519227739e-03 6.474615938134012719e-03 4.379708247346373912e-04 4.584811170406713748e-05
6.500000000000000222e-02 6.971456063739020145e-03 5.719235371475559111e-03 5.330109676540848926e-04 6.772338401593186203e-05
6.750000000000000444e-02 6.148034814172647841e-03 5.104693145329756467e-03 6.351715237523831731e-04 9.726628818254901845e-05
7.000000000000000666e-02 5.465571745158383579e-03 4.598550260277459167e-03 7.444673837814023412e-04 1.362571194273954158e-04
7.250000000000000888e-02 4.894769521259093384e-03 4.177491432835941758e-03 8.581808483596114557e-04 1.865611330614208954e-04
7.500000000000001110e-02 4.413345222350604016e-03 3.821914018553667323e-03 9.737927560117891042e-04 2.500865352915769644e-04
7.750000000000001332e-02 4.004155501473342579e-03 3.519551831931409715e-03 1.090392954655438609e-03 3.287123778665736900e-04
8.000000000000001554e-02 3.653870989457772261e-03 3.258357651448846610e-03 1.203048699861152286e-03 4.238842052446898105e-04
8.250000000000001776e-02 3.352035097647308379e-03 3.030352949986048639e-03 1.313515258090856971e-03 5.379458016859013257e-04
8.500000000000001998e-02 3.090352972584739510e-03 2.833328532572959232e-03 1.418970752868973628e-03 6.696904174708002457e-04
8.750000000000000833e-02 2.862209410215633271e-03 2.659474946341206132e-03 1.517678120452596634e-03 8.221584916438140099e-04
9.000000000000001055e-02 2.662261484953201696e-03 2.505657376025385418e-03 1.606718907088148986e-03 9.946969329355504191e-04
9.250000000000001277e-02 2.486182865139373744e-03 2.369191168327650088e-03 1.687182419143699093e-03 1.186521382290710433e-03
9.500000000000001499e-02 2.330423653243164292e-03 2.247911424389947236e-03 1.759267880622402162e-03 1.397651166122968868e-03
9.750000000000001721e-02 2.192071354991615827e-03 2.140237898776237158e-03 1.823681131477722980e-03 1.626701398324747246e-03
1.000000000000000056e-01 2.068709521184706676e-03 2.039441859769771780e-03 1.882707587306271715e-03 1.867676473055908653e-03
