# time 1 2 D-1 D
0.000000000000000000e+00 9.999999695088153118e-01 1.452577998335579086e-08 3.585257770007976044e-34 4.322292727973550632e-35
1.250000000000000243e-03 9.999995737105499272e-01 1.224449500337281500e-07 9.434091872084763414e-22 1.760995089332697858e-23
2.500000000000000486e-03 9.999918393216217227e-01 3.141107897098786106e-06 2.831130496993403404e-20 1.238991026165641090e-23
3.750000000000000729e-03 9.999502736136844927e-01 2.259998978498430124e-05 1.136812812779125359e-19 1.529118003323046177e-23
5.000000000000000971e-03 9.998070902754934153e-01 1.006136507153288363e-04 6.832744622216081005e-19 1.088550705972395257e-20
6.250000000000000347e-03 9.994108544832293051e-01 3.432180011420362330e-04 1.034436209993095301e-18 7.672562332775780004e-20
7.500000000000001457e-03 9.984517219754016626e-01 9.869019571349922377e-04 9.049205536911034241e-20 5.550970027541069352e-19
8.750000000000000833e-03 9.963498428044598176e-01 2.498012720914727629e-03 2.237929675966270528e-17 2.775202952610710454e-18
1.000000000000000194e-02 9.921330847074968373e-01 5.687963254597794976e-03 4.535721731573469412e-16 1.531875116274521233e-17
1.125000000000000132e-02 9.843973236413424699e-01 1.175029977841587220e-02 4.530351563606613348e-15 7.242369469846988920e-17
1.250000000000000069e-02 9.715114254848099540e-01 2.206251544120636440e-02 3.146299384439629954e-14 3.050730854744280796e-16
1.375000000000000180e-02 9.521697705998751760e-01 3.765125403179668540e-02 1.707258526593494681e-13 9.427101663533508941e-16
1.500000000000000291e-02 9.260944101737568213e-01 5.814581556690229247e-02 7.377654398353579474e-13 1.921864781020163562e-15
1.625000000000000056e-02 8.943665474807893645e-01 7.887325120757954222e-02 2.537136001783504338e-12 1.925095276022009264e-15
1.750000000000000167e-02 8.590499295751109488e-01 8.236089339532297326e-02 6.513095850358872604e-12 5.072396795068663767e-16
1.875000000000000278e-02 8.223872580262094889e-01 6.178327486994275586e-02 3.275154935891627530e-12 9.258130807670774855e-15
2.000000000000000389e-02 7.861537425200865181e-01 4.949961010737568418e-02 5.507537771462130299e-14 6.910328675614510672e-14
2.125000000000000500e-02 7.514446186476214651e-01 4.611363176989345669e-02 4.963831965804621874e-12 2.542792035692862067e-13
2.250000000000000264e-02 7.187861228138883174e-01 4.803576988426994099e-02 2.207861247654801438e-11 6.460495530463354501e-13
2.375000000000000375e-02 6.883509407440212557e-01 5.226333616447122882e-02 5.608134681172244549e-11 1.284444347071894343e-12
2.500000000000000139e-02 6.601422145949136233e-01 5.777470804964439377e-02 1.092474682518218215e-10 2.126389987281371663e-12
2.625000000000000250e-02 6.341011430727147014e-01 6.438128717922517175e-02 1.803260258956793732e-10 3.034543328322837041e-12
2.750000000000000361e-02 6.101635539921516083e-01 7.133288865201883877e-02 2.654220364647055303e-10 3.802565322179729468e-12
2.875000000000000472e-02 5.882644645365499025e-01 7.820158459316821353e-02 3.586434588239910892e-10 4.218816228011268052e-12
3.000000000000000583e-02 5.683385330547776615e-01 8.495574595699248444e-02 4.538305619070638537e-10 4.045418994090356920e-12
3.125000000000000000e-02 5.503058876847719549e-01 9.117501966109342604e-02 5.451182427029234863e-10 3.384758639301673519e-12
3.250000000000000111e-02 5.340850047412566415e-01 9.683110899254764037e-02 6.279672346744716946e-10 2.180596030517858067e-12
3.375000000000000222e-02 5.195629563719874611e-01 1.017559728898687760e-01 6.987156109080240024e-10 9.002976416581604616e-13
3.500000000000000333e-02 5.066261300215935126e-01 1.061628458135402270e-01 7.549092629572134382e-10 2.505426281939902793e-13
3.625000000000000444e-02 4.951509533156832066e-01 1.097100683312392938e-01 7.951640992272989878e-10 1.176464077290878269e-12
3.750000000000000555e-02 4.850116654266352079e-01 1.126116030587159395e-01 8.188450707303434885e-10 4.939210103758841152e-12
3.875000000000000666e-02 4.760838048704010284e-01 1.150647790464242315e-01 8.252374253461210529e-10 1.367691357253956679e-11
4.000000000000000777e-02 4.682473361898518149e-01 1.168444232528516175e-01 8.148069857843203651e-10 2.886864324977792131e-11
4.125000000000000888e-02 4.613885084301781458e-01 1.180395460839924610e-01 7.864348346460248829e-10 5.386465392493639690e-11
4.250000000000000999e-02 4.554009362770944369e-01 1.191740741199071446e-01 7.397970053341606663e-10 9.132305203354824062e-11
4.375000000000000416e-02 4.501861006326370873e-01 1.199335139338101597e-01 6.755479605859842791e-10 1.428548450910337096e-10
4.500000000000000527e-02 4.456534825032978930e-01 1.206565072138226363e-01 5.909749448375850325e-10 2.132760664891957546e-10
4.625000000000000638e-02 4.417204875427501176e-01 1.220577709043979275e-01 4.893446205041458956e-10 3.011836074317384506e-10
4.750000000000000749e-02 4.383122549612847862e-01 1.242853563765616426e-01 3.733377262386897570e-10 4.054848994275993297e-10
4.875000000000000860e-02 4.353613921130984887e-01 1.267820122482485601e-01 2.588126057902547341e-10 5.116273104728883315e-10
5.000000000000000278e-02 4.328076902988583496e-01 1.081239133436698585e-01 1.562573148710172549e-10 6.101503498854328125e-10
