# time 1 2 D-1 D
0.000000000000000000e+00 9.999999388188818283e-01 1.728192108860087726e-08 4.755871064209468778e-35 9.174394764775871407e-37
5.000000000000000104e-04 9.999978736101935439e-01 1.181255352760048227e-06 1.014156705466962744e-34 1.458330459833371083e-35
1.000000000000000021e-03 9.999578879153423472e-01 2.492988299120154025e-05 1.442535546896774752e-30 7.362131189536112237e-33
1.500000000000000248e-03 9.997366961830569387e-01 1.640837647763589212e-04 2.888225357631406932e-28 2.276607747021529789e-30
2.000000000000000042e-03 9.989742897219107132e-01 6.794297280286823188e-04 1.367587059956020877e-27 6.853943290292158349e-30
2.500000000000000052e-03 9.969307513111744790e-01 2.134590630443816955e-03 1.318342866455459762e-26 1.465908765755995114e-28
3.000000000000000496e-03 9.922856595084118547e-01 5.763925504581182864e-03 4.845979697919301066e-26 1.202560347246479922e-27
3.500000000000000507e-03 9.829759924219151346e-01 1.391156523787977217e-02 7.590635215787505277e-26 5.029667373627187169e-27
4.000000000000000083e-03 9.662262591792255551e-01 2.020501033585574494e-02 5.886383115041319567e-27 4.519634743174150373e-27
4.500000000000000527e-03 9.389547290838332616e-01 2.338734099514329021e-02 4.720462590554969972e-24 9.040206364236305916e-26
5.000000000000000104e-03 8.986136019495304383e-01 3.450894390007077511e-02 1.042314860509167007e-22 5.155418675768797835e-24
5.500000000000000548e-03 8.442227927726797532e-01 5.093502671758589478e-02 1.198795725773682984e-21 8.847145418597393590e-23
6.000000000000000992e-03 7.771089754698587981e-01 7.558744907187456286e-02 9.175882617748862629e-21 8.839963564956773862e-22
6.500000000000000569e-03 7.009161705489701522e-01 1.272845313954250324e-01 4.519536671372780054e-20 5.946004123029659771e-21
7.000000000000001013e-03 6.207645967131858455e-01 6.649614500139179596e-02 9.566609019483911735e-20 2.820182543985606289e-20
7.499999999999999722e-03 5.418589387576250305e-01 5.510624066512507385e-02 1.519731469011706940e-20 9.751064007189955011e-20
8.000000000000000167e-03 4.682101350655480387e-01 5.191410400099527589e-02 2.717025539774343479e-18 2.548612495133914900e-19
8.500000000000000611e-03 4.020608797798824741e-01 5.263074162884920359e-02 2.180499025128272294e-17 5.257846483466036147e-19
9.000000000000001055e-03 3.440725014233860235e-01 5.469162001920207378e-02 1.018081259172643756e-16 9.052531349538057580e-19
9.500000000000001499e-03 2.938838315404601609e-01 5.831806386107150214e-02 3.597107434844899255e-16 1.359114287594264151e-18
1.000000000000000021e-02 2.506964868231103538e-01 6.276433514972853955e-02 1.021526532759567471e-15 1.711041023406347578e-18
1.050000000000000065e-02 2.136543240980026404e-01 6.763677140910825947e-02 2.374607587136635861e-15 1.484706362032601645e-18
1.100000000000000110e-02 1.820128698872441608e-01 7.252187340039462082e-02 4.393190027800243118e-15 4.596160223134783741e-19
1.150000000000000154e-02 1.551811773644662940e-01 7.698284990795162264e-02 6.506010258621299254e-15 2.834056256335336136e-19
1.200000000000000198e-02 1.326630044885546145e-01 8.069922451889187387e-02 7.822658216416486844e-15 7.921151323328311407e-18
1.250000000000000069e-02 1.139827567110409251e-01 8.334703690224810890e-02 7.862571605782090103e-15 3.515039391185078158e-17
1.300000000000000114e-02 9.863719136215741423e-02 8.500860503115131861e-02 6.637630018825675366e-15 1.000632885258878634e-16
1.350000000000000158e-02 8.614455223979700094e-02 8.559655532840763914e-02 4.654930578335641525e-15 2.009831068233079384e-16
1.400000000000000203e-02 7.601903194563118527e-02 8.525137148878987603e-02 2.704144896903584969e-15 2.990498097127051243e-16
1.450000000000000247e-02 6.782421813427005897e-02 8.409223163600429429e-02 1.142445133450864876e-15 3.655785273565519407e-16
1.499999999999999944e-02 6.118296753777367064e-02 8.213123230238246475e-02 2.192889224494332827e-16 3.702275553635844129e-16
1.550000000000000162e-02 5.578145383791094369e-02 7.947038420156332661e-02 6.286974223853238802e-18 2.748263310974696919e-16
1.600000000000000033e-02 5.136527684909770325e-02 7.093550181511969199e-02 3.034222444409851561e-16 1.434660231424634757e-16
1.650000000000000078e-02 4.773161088179254941e-02 2.813617300542118658e-05 8.584406587805883595e-16 3.887771298301517663e-17
1.700000000000000122e-02 4.472030326039155151e-02 1.793888541233368066e-04 1.397104715087668382e-15 2.457163797376733352e-20
1.750000000000000167e-02 4.220548982600262622e-02 2.175863214035587425e-04 1.718766573909733434e-15 3.502095546270277165e-17
1.800000000000000211e-02 4.008838626143174100e-02 2.519014634318389239e-04 1.811727500710593295e-15 8.817618684034254867e-17
1.850000000000000255e-02 3.829139382643912543e-02 2.861811647590325244e-04 1.612918394852233810e-15 1.317705744830372763e-16
1.900000000000000300e-02 3.675342138851593610e-02 3.415980736473356034e-04 1.212534800494999496e-15 1.164868635991136559e-16
1.950000000000000344e-02 3.542622241400071592e-02 3.715553360775354598e-04 7.425331178726352008e-16 5.210849448036181938e-17
2.000000000000000042e-02 3.427241582971703865e-02 3.798898258117927086e-04 2.901701765093841783e-16 3.238823066054377344e-18
