# time 1 2 D-1 D
0.000000000000000000e+00 9.999999724148380675e-01 8.988025788715247157e-09 6.014887043722562094e-34 1.819195057332572147e-34
1.250000000000000243e-03 9.998276581598416479e-01 2.165709258324942356e-08 1.107580414198621257e-22 1.169002589277343133e-27
2.500000000000000486e-03 9.992721551502776745e-01 4.297260252618281054e-07 2.992326412536897782e-20 6.496288499782838588e-24
3.750000000000000729e-03 9.982665772914939284e-01 2.767813319499727551e-06 6.743680200656767516e-19 9.157573936873647368e-22
5.000000000000000971e-03 9.967312021805285749e-01 1.077707208177605620e-05 6.203736033324536578e-18 2.818657168752860677e-20
6.250000000000000347e-03 9.945722116526208856e-01 3.220898779865594174e-05 3.834047979233743652e-17 3.741681562711840680e-19
7.500000000000001457e-03 9.916793495662326041e-01 8.383615885727514142e-05 1.880444397886101107e-16 2.694001793353501555e-18
8.750000000000000833e-03 9.879216809773977426e-01 1.940861188075613619e-04 7.618939361104132542e-16 1.156233097218704400e-17
1.000000000000000194e-02 9.831404649184405375e-01 4.110408276417805169e-04 2.110257077128362729e-15 2.882857786822220866e-17
1.125000000000000132e-02 9.771380883622137192e-01 8.244006860473587685e-04 1.196374715047315530e-17 3.063227285456399422e-17
1.250000000000000069e-02 9.696619735439819809e-01 1.561946456554442293e-03 1.936911081103883060e-13 2.100063875141714127e-19
1.375000000000000180e-02 9.603830714194013796e-01 2.840656916693499318e-03 1.051706692481540219e-12 3.730858091636994938e-16
1.500000000000000291e-02 9.488703582809678849e-01 4.973292994180725408e-03 2.899549562427019738e-12 3.533989876736098737e-15
1.625000000000000056e-02 9.345669005820378406e-01 8.405470806162133532e-03 5.769225883865366868e-12 1.648177739092976394e-14
1.750000000000000167e-02 9.167808136310593436e-01 1.372319117455775804e-02 9.351672867406279139e-12 5.293359194781705147e-14
1.875000000000000278e-02 8.947154052552517278e-01 2.161234904290930403e-02 1.343398068980421345e-11 1.316158559805760862e-13
2.000000000000000389e-02 8.675722764163608103e-01 3.285853871248434199e-02 1.789154922230756345e-11 2.688524150690940281e-13
2.125000000000000500e-02 8.347532391619421066e-01 4.781729588330881769e-02 2.221940808988787155e-11 4.679202258669023648e-13
2.250000000000000264e-02 7.961399867540075448e-01 6.643252382929142053e-02 2.582993137028480835e-11 7.117815237994758752e-13
2.375000000000000375e-02 7.523446314194817131e-01 8.824124640362922267e-02 2.829543975226023659e-11 9.643083947175761840e-13
2.500000000000000139e-02 7.047628168396381509e-01 1.110450536040843011e-01 2.945827586506500670e-11 1.180290588279481562e-12
2.625000000000000250e-02 6.553273550127395319e-01 1.313468121520678378e-01 2.912829747345871770e-11 1.320016697047065558e-12
2.750000000000000361e-02 6.060516900056156508e-01 1.365933129406504132e-01 2.741611037426485798e-11 1.360913357171230021e-12
2.875000000000000472e-02 5.585958196269186216e-01 6.852438323175663072e-03 2.503425449966613897e-11 1.302130943206737183e-12
3.000000000000000583e-02 5.140401185155614172e-01 3.971365423590379057e-02 2.191160752196395146e-11 1.162077361427045897e-12
3.125000000000000000e-02 4.728886215251359992e-01 4.983772065930976852e-02 1.841714302894521587e-11 9.705723175879516934e-13
3.250000000000000111e-02 4.352079838424591784e-01 5.750902715690602712e-02 1.503210737799251121e-11 7.598783249234605819e-13
3.375000000000000222e-02 4.007980091609234519e-01 6.434135469060478507e-02 1.186273251970533456e-11 5.578817483175798051e-13
3.500000000000000333e-02 3.693339012465128302e-01 7.071877362454175031e-02 8.989948399275302909e-12 3.829146539934520393e-13
3.625000000000000444e-02 3.404561787514817639e-01 7.735892147682661701e-02 6.576170948018158032e-12 2.459005426267695612e-13
3.750000000000000555e-02 3.138839426290231938e-01 8.401265908594972298e-02 4.615923291649645514e-12 1.449242492555750183e-13
3.875000000000000666e-02 2.891575651532510283e-01 9.088477052994163585e-02 3.079973835329344025e-12 7.854129664113157275e-14
4.000000000000000777e-02 2.662884319539206568e-01 9.763259072776589442e-02 1.934448616417159541e-12 3.816434672577247862e-14
4.125000000000000888e-02 2.450708492242384129e-01 1.043009575474492662e-01 1.131147857085041510e-12 1.616749235702800038e-14
4.250000000000000999e-02 2.255407613506532072e-01 1.105866050812233103e-01 5.805618658735581499e-13 5.922493038159851743e-15
4.375000000000000416e-02 2.071642020848509791e-01 1.168926526298580959e-01 2.513735267139655189e-13 1.792777929369531609e-15
4.500000000000000527e-02 1.902576993681598660e-01 1.227340868125060408e-01 8.665466023121141643e-14 7.534850185580899147e-16
4.625000000000000638e-02 1.745285261543987054e-01 1.282775140216098619e-01 4.196000752721219285e-14 9.365048057195812227e-16
4.750000000000000749e-02 1.603177998783526237e-01 1.330744233978790603e-01 7.974182189031330535e-14 1.684756344596734359e-15
4.875000000000000860e-02 1.472207271483456092e-01 1.374385821348211856e-01 1.716992414007848794e-13 3.007932071809590485e-15
5.000000000000000278e-02 1.351288638665243402e-01 1.414014516921356657e-01 2.964367791401412560e-13 5.151919159733976834e-15
