# time 1 2 D-1 D
0.000000000000000000e+00 9.999999317131136323e-01 2.024222650200171548e-08 8.983366170795043672e-36 7.633113893037795029e-36
2.500000000000000052e-04 9.957557035531886536e-01 1.770643975444820533e-03 1.084662972447971096e-28 5.047539894854127980e-31
5.000000000000000104e-04 9.803051929421929822e-01 9.159154409744513572e-03 2.379908436379726055e-24 3.810819736640114678e-26
7.500000000000001240e-04 9.480988224303517065e-01 2.735423872492702760e-02 9.754790909803575329e-22 3.047797198132388475e-23
1.000000000000000021e-03 8.914862689957098185e-01 6.342412626642639217e-02 8.199859925167023426e-20 3.975969053798951759e-21
1.250000000000000026e-03 8.019791665860003249e-01 1.276203638202201007e-01 2.970278077267431002e-18 2.008910244012713727e-19
1.500000000000000248e-03 6.752959227976741419e-01 2.264621922285664501e-01 6.557073921208318961e-17 5.818460608632836861e-18
1.750000000000000253e-03 5.203303722047459834e-01 3.067849619742853418e-01 1.022718826249617004e-15 1.194957528219734500e-16
2.000000000000000042e-03 3.626006763966134194e-01 2.579666040837240160e-01 1.241284127331850801e-14 1.969380702012954454e-15
2.250000000000000264e-03 2.305535797422623712e-01 1.987284424381561554e-01 1.224440057863918700e-13 2.771226682975132574e-14
2.500000000000000052e-03 1.372983862765589091e-01 1.488202160963471576e-01 1.005180365043350739e-12 3.328009635134072774e-13
2.750000000000000274e-03 7.903216842592004909e-02 9.803829649044984440e-02 7.153605223454993344e-12 3.214624949281497024e-12
3.000000000000000496e-03 4.518447012032809906e-02 5.355378447427527194e-02 5.175414898093046228e-11 2.339611355968687808e-11
3.250000000000000284e-03 2.615209160692522766e-02 2.805351643832444675e-02 4.819221042005842170e-10 1.271018330442670075e-10
3.500000000000000507e-03 1.549941811644827035e-02 1.570674847154098636e-02 2.353388705609115328e-09 5.349287633591359965e-10
3.749999999999999861e-03 9.460693234005950955e-03 9.444280259992974408e-03 6.920559306285125626e-09 1.827309315919255657e-09
4.000000000000000083e-03 5.960124785833866533e-03 5.943086512043437367e-03 1.788503873066843434e-08 5.272150373266972609e-09
4.250000000000000305e-03 3.875285270883799347e-03 3.874104455812401454e-03 4.242610674892668582e-08 1.325385518649657355e-08
4.500000000000000527e-03 2.597427236913873744e-03 2.581038285747190141e-03 9.402186244287453363e-08 2.974131719707992005e-08
4.750000000000000749e-03 1.791390302836680989e-03 1.765866946760638037e-03 1.894923642011520978e-07 6.071240240870926276e-08
5.000000000000000104e-03 1.268677228727373802e-03 1.234381131352558711e-03 3.425036674683480389e-07 1.144605789443430564e-07
5.250000000000000326e-03 9.206850213254824753e-04 8.803601625641433066e-04 5.597997698796989110e-07 2.017365388141978674e-07
5.500000000000000548e-03 6.832520191409063859e-04 6.426516265176702601e-04 8.518519830465028911e-07 3.357094185203839419e-07
5.750000000000000770e-03 5.175146569205373416e-04 4.800708207751225396e-04 1.232881497254431323e-06 5.317593218474857562e-07
6.000000000000000992e-03 3.993565069046597026e-04 3.664667919661933337e-04 1.718345189782927214e-06 8.071319290767803186e-07
6.250000000000000347e-03 3.134626595586848777e-04 2.862442953109888303e-04 2.323371703738909207e-06 1.180493095698599326e-06
6.500000000000000569e-03 2.498926378336945378e-04 2.265756126405833021e-04 3.058337640594740548e-06 1.671434221365419481e-06
6.750000000000000791e-03 2.020603415120987112e-04 1.835220502820212587e-04 3.937576292501803680e-06 2.299955433616503626e-06
7.000000000000001013e-03 1.655172290998217766e-04 1.503972072957333438e-04 4.966774988317364545e-06 3.085973106390395615e-06
7.250000000000001235e-03 1.372039185983272810e-04 1.248346138817168268e-04 6.156675487345023179e-06 4.048869596316458849e-06
7.499999999999999722e-03 1.149806600222337397e-04 1.047786379072170314e-04 7.506409789668613579e-06 5.207113754251038758e-06
7.750000000000000812e-03 9.732718446590640185e-05 8.953646093436240625e-05 9.035888595390232725e-06 6.577893203675739341e-06
8.000000000000000167e-03 8.314737936597378371e-05 7.673485388656109591e-05 1.072581864484354587e-05 8.176899089933506529e-06
8.250000000000000389e-03 7.164003094661286518e-05 6.689705613740160527e-05 1.258526943477812713e-05 1.001824665174361361e-05
8.500000000000000611e-03 6.221192363686941194e-05 5.850447948653975463e-05 1.463781059414914636e-05 1.211411600132228471e-05
8.750000000000000833e-03 5.441853923228539674e-05 5.173140358177372996e-05 1.684180964243110873e-05 1.447496273270764036e-05
9.000000000000001055e-03 4.792301796142027606e-05 4.600430543509409568e-05 1.923933617266005222e-05 1.710915792945098891e-05
9.250000000000001277e-03 4.246738099157776916e-05 4.113818125659516011e-05 2.180974651165274689e-05 2.002375262545623484e-05
9.500000000000001499e-03 3.785210065729532718e-05 3.697933264925909669e-05 2.454184091554898375e-05 2.322327515443500429e-05
9.750000000000001721e-03 3.392140430177162966e-05 3.358205480369825282e-05 2.740811029674527409e-05 2.671134929411943826e-05
1.000000000000000021e-02 3.055264572974207847e-05 3.059360551150773846e-05 3.050037719537366582e-05 3.048997005967129162e-05
