# time 1 2 D-1 D
0.000000000000000000e+00 9.999999824675865900e-01 1.104879746973749986e-08 6.587264630496703584e-34 2.646743080311463408e-34
2.500000000000000486e-03 9.999990041667666807e-01 6.987268843514124598e-07 6.651241049586561202e-21 2.616596897102320706e-22
5.000000000000000971e-03 9.999786411231079697e-01 1.619462749293500760e-05 8.162140051692499838e-20 3.897668138634274258e-21
7.500000000000001457e-03 9.998521136624449746e-01 1.192888843304978279e-04 6.465962283378154979e-19 1.686136465673398621e-21
1.000000000000000194e-02 9.993534066546334582e-01 5.506409963581387077e-04 4.286239351769453235e-18 3.263354376243448101e-20
1.250000000000000069e-02 9.978166870263159849e-01 1.943618726986571024e-03 2.971850271857149422e-17 1.335035071219575550e-18
1.500000000000000291e-02 9.938619266227468607e-01 5.655763843048142864e-03 2.259554184583630675e-16 3.052653998191166654e-17
1.750000000000000167e-02 9.852949064421629988e-01 1.388670788629265199e-02 1.606868127652404928e-15 4.937009921157305042e-16
2.000000000000000389e-02 9.699723898707403036e-01 2.875314628786266452e-02 9.485362434394443870e-15 5.415379126275854927e-15
2.250000000000000264e-02 9.478337943542524124e-01 4.970498706699164743e-02 4.485514461909673311e-14 4.042256409554038186e-14
2.500000000000000139e-02 9.220260196278856624e-01 7.006693375769744436e-02 1.688398929889258604e-13 2.082932461115526795e-13
2.750000000000000361e-02 8.970647943913202527e-01 7.659777038560108831e-02 5.007920473133863375e-13 7.443476250238811002e-13
3.000000000000000583e-02 8.760996800438870524e-01 6.660985357535015305e-02 1.177201279214992113e-12 1.859265910046015309e-12
3.250000000000000111e-02 8.601001821617113574e-01 5.380393728543767656e-02 2.231823899313692836e-12 3.247934528853448411e-12
3.500000000000000333e-02 8.486155123766812025e-01 4.379467988300184828e-02 3.341154772263465285e-12 3.938781280297769346e-12
3.750000000000000555e-02 8.406856961900559533e-01 3.634796992686113726e-02 3.604684134332776638e-12 3.324599023680217210e-12
4.000000000000000777e-02 8.353530549382307546e-01 3.069697874064473281e-02 2.284574704612593472e-12 2.060680962149739306e-12
4.250000000000000999e-02 8.318434284182489868e-01 2.642737906433566264e-02 5.244055106969355090e-13 1.002571773568566427e-12
4.500000000000000527e-02 8.295863999551672530e-01 2.313234743069373170e-02 3.139163250919626915e-13 4.905810945009392797e-13
4.750000000000000749e-02 8.281801730807482054e-01 2.056692795252752087e-02 1.636155744000694426e-12 8.027131776931898458e-13
5.000000000000000278e-02 8.273475079714727176e-01 1.850337831178309328e-02 3.034626206539096389e-12 2.428216870479863607e-12
5.250000000000000500e-02 8.268987658846879141e-01 1.691659843189081969e-02 7.011813949474370792e-12 6.001041803719308444e-12
5.500000000000000722e-02 8.267043218717446962e-01 1.563190922147961182e-02 2.615606298128799723e-11 1.212823060504440491e-11
5.750000000000000944e-02 8.266754062611100240e-01 1.464471373532073156e-02 8.641385729465146547e-11 2.122845907489202109e-11
6.000000000000001166e-02 8.267510987765027686e-01 1.379073398762420410e-02 2.260058317963899846e-10 3.343405133501799051e-11
6.250000000000000000e-02 8.268896276686861224e-01 1.309660074098145145e-02 4.920337394512743538e-10 4.857048666038597138e-11
6.500000000000000222e-02 8.270624717940460169e-01 1.252413880614151181e-02 9.346107115412802592e-10 6.619534815150490608e-11
6.750000000000000444e-02 8.272504637195629007e-01 1.207466416909821344e-02 1.602457789902676147e-09 8.569540261981126086e-11
7.000000000000000666e-02 8.274410429142123879e-01 1.167390694472837491e-02 2.535533837844495511e-09 1.063299751619372531e-10
7.250000000000000888e-02 8.276264455033290890e-01 1.135959108107993318e-02 3.765539779987901303e-09 1.273956695207630010e-10
7.500000000000001110e-02 8.278023581141167320e-01 1.108496523039413477e-02 5.308184687847403668e-09 1.481904535345557037e-10
7.750000000000001332e-02 8.279669035669627863e-01 1.087103919380745694e-02 7.181439506522234978e-09 1.681508072841347725e-10
8.000000000000001554e-02 8.281200443844795034e-01 1.069750967441026462e-02 9.387300366656690060e-09 1.868449501358648024e-10
8.250000000000001776e-02 8.282628311083759520e-01 1.053260307448100098e-02 1.192614529916356527e-08 2.039040948252572234e-10
8.500000000000001998e-02 8.283971025889491635e-01 1.040369444741467281e-02 2.381002513511496536e-11 2.192251981824577246e-10
8.750000000000000833e-02 8.285249796695124402e-01 1.030009874362477172e-02 3.146924315802849861e-11 2.326365371853702658e-10
9.000000000000001055e-02 8.286485610490543774e-01 1.021057772307560306e-02 2.748502616072399261e-11 2.442442852266267952e-10
9.250000000000001277e-02 8.287697211803435327e-01 1.014171454961491046e-02 2.592253827811524149e-11 2.540677572879552703e-10
9.500000000000001499e-02 8.288898427501633082e-01 1.008254005945292617e-02 1.220444566071429728e-11 2.622788024291396647e-10
9.750000000000001721e-02 8.290098665045882997e-01 1.001522725649199759e-02 2.029254793916468768e-11 2.690144257405221201e-10
1.000000000000000056e-01 8.291332505183789392e-01 9.981853999136787794e-03 1.494746935071628868e-11 2.743947633494052380e-10
