# time 1 2 D-1 D
0.000000000000000000e+00 9.999999572859135100e-01 1.410395165576073434e-08 1.260379047864820492e-35 9.918968448398520885e-36
5.000000000000000104e-04 9.999813216905746316e-01 1.683683922866387382e-05 1.106097901745962331e-30 6.331194045717490643e-33
1.000000000000000021e-03 9.996207065146007764e-01 3.515960872088067716e-04 4.751340634047595772e-27 1.640672317360603983e-28
1.500000000000000248e-03 9.975772793819649431e-01 2.281576013236528196e-03 1.579798845354844706e-25 4.925397181649215231e-28
2.000000000000000042e-03 9.904358828816854921e-01 9.010891726596175627e-03 1.306425236116174289e-24 2.502016929121077903e-29
2.500000000000000052e-03 9.715387958515662170e-01 2.567045964656118270e-02 5.723603302321300185e-24 3.437456076949572358e-26
3.000000000000000496e-03 9.313238913213842673e-01 5.491098614474104744e-02 1.634430691124077557e-23 2.693874812144578008e-25
3.500000000000000507e-03 8.621310136010058578e-01 9.021200324617044408e-02 3.619484618859490934e-23 1.200143725163515142e-24
4.000000000000000083e-03 7.665434031525384384e-01 1.221591558102626957e-01 7.020698596358564823e-23 4.329616772833734299e-24
4.500000000000000527e-03 6.592724689074378475e-01 1.475776737496510560e-01 1.503604289859480099e-22 1.993902206416615387e-23
5.000000000000000104e-03 5.575997880091254633e-01 1.649225626848906667e-01 5.870864683826388168e-22 1.283144056140125006e-22
5.500000000000000548e-03 4.718820025311172284e-01 1.738280354582666110e-01 5.665337027477651072e-21 8.510818866457154087e-22
6.000000000000000992e-03 4.045177075927644528e-01 1.803577909989574901e-01 7.502353937934746033e-20 4.134086501969935477e-21
6.500000000000000569e-03 3.534778300959237063e-01 3.885193567819685001e-02 8.598321471171776003e-19 8.740392381995697649e-21
7.000000000000001013e-03 3.154127731113177124e-01 2.981288562022178790e-02 7.317146050663470006e-18 3.825138237688369843e-21
7.499999999999999722e-03 2.871524340939630160e-01 2.672938958836817633e-02 3.996486222275472977e-17 8.623301509133826397e-19
8.000000000000000167e-03 2.661568688758611523e-01 2.413650732715596353e-02 1.526871026521166658e-16 1.467607925660389646e-17
8.500000000000000611e-03 2.505223211155909180e-01 2.214510948378928604e-02 4.223705804358985455e-16 1.181378976642891747e-16
9.000000000000001055e-03 2.388580391849003115e-01 2.069147418800138319e-02 8.950869236710504828e-16 5.822078416115615200e-16
9.500000000000001499e-03 2.301543587520022138e-01 1.952182343495061090e-02 1.514823752231324769e-15 2.017599825250462469e-15
1.000000000000000021e-02 2.236758087011848639e-01 1.841379975500124361e-02 2.182746461032161056e-15 5.471509397904251128e-15
1.050000000000000065e-02 2.188824880928995631e-01 1.759675083099156156e-02 3.362824156841161638e-15 1.250810647776711686e-14
1.100000000000000110e-02 2.153744116119120922e-01 1.677577112950627558e-02 1.906342180938232242e-14 2.551768096971079487e-14
1.150000000000000154e-02 2.128523592632346473e-01 1.608605559733989124e-02 6.300710311724509590e-13 4.765517995946056334e-14
1.200000000000000198e-02 2.110904853413974325e-01 1.551286239502207634e-02 9.059747450326423308e-13 8.276983131607861262e-14
1.250000000000000069e-02 2.099170426653849952e-01 1.494285563623564544e-02 1.221378283747882703e-12 1.360522316504675347e-13
1.300000000000000114e-02 2.092005937939982740e-01 1.449782244098716914e-02 1.562230161000414033e-12 2.119143267025525993e-13
1.350000000000000158e-02 2.088399658436089767e-01 1.404426838133205659e-02 1.906683134082378802e-12 3.159787536472189215e-13
1.400000000000000203e-02 2.087569622951629955e-01 1.366993117290469205e-02 2.232022916877528740e-12 4.533962708604522606e-13
1.450000000000000247e-02 2.088908956923627436e-01 1.335413243114509478e-02 2.511412043487487152e-12 6.290273828079020898e-13
1.499999999999999944e-02 2.091944551648136363e-01 1.303981926327873325e-02 2.729188685556919274e-12 8.435855442355399699e-13
1.550000000000000162e-02 2.096306125676166421e-01 1.277900512980462144e-02 2.864358621320816290e-12 1.098820158362529464e-12
1.600000000000000033e-02 2.101702117028362016e-01 1.258338444777441258e-02 2.907427007779093395e-12 1.395419967777197540e-12
1.650000000000000078e-02 2.107901460875001021e-01 1.237556251818661482e-02 2.860992297802267975e-12 1.722939813873887645e-12
1.700000000000000122e-02 2.114719835583561691e-01 1.219971769975176749e-02 2.717029535154443667e-12 2.084361758083090217e-12
1.750000000000000167e-02 2.122008323128241059e-01 1.202706252975568532e-02 2.512619978177384745e-12 2.442228698933357710e-12
1.800000000000000211e-02 2.129646361136520449e-01 1.189332255630993866e-02 2.242542914781328505e-12 2.806728197448516031e-12
1.850000000000000255e-02 2.137534989672124630e-01 1.178535485086635443e-02 1.935065286637558652e-12 3.154710146493100827e-12
1.900000000000000300e-02 2.145592547859791477e-01 1.165325906511267134e-02 1.616549636446612961e-12 3.459647610569760652e-12
1.950000000000000344e-02 2.153751680867897200e-01 1.157610237904081220e-02 1.294640320439011941e-12 3.722955871028080408e-12
2.000000000000000042e-02 2.161956630981797522e-01 1.147027789406897952e-02 1.013363454720692299e-12 3.910585560955950321e-12
