# time 1 2 D-1 D
0.000000000000000000e+00 9.999999557090011315e-01 1.246973934794448988e-08 3.320771541072962745e-35 2.525935321825548274e-35
2.500000000000000486e-03 9.999982148992598852e-01 8.252010251763792257e-10 1.539138912733361489e-24 1.121097048962166038e-26
5.000000000000000971e-03 9.999726658265483126e-01 2.026994939713781374e-09 3.244233012844663276e-21 7.080564910047519275e-23
7.500000000000001457e-03 9.998683798745031659e-01 8.270016568057968280e-09 1.039285243112414132e-19 2.805464496524039795e-21
1.000000000000000194e-02 9.995991844516135538e-01 3.706228875231849445e-08 2.264212769903806019e-19 2.013277229315112150e-21
1.250000000000000069e-02 9.990381997707350470e-01 1.600395818748415529e-07 1.020186502978618422e-18 9.418508504443115627e-21
1.500000000000000291e-02 9.979912749313123443e-01 6.402397974527931872e-07 5.460929296741612483e-18 7.681179941869672660e-20
1.750000000000000167e-02 9.961465178615563909e-01 2.401687518582613459e-06 4.679251491617511177e-17 1.019441236884859687e-18
2.000000000000000389e-02 9.929863614487006718e-01 8.632294777983077799e-06 4.740353160538698152e-16 1.396212889016855741e-17
2.250000000000000264e-02 9.876349721202567489e-01 3.022947145173537271e-05 4.539210914404184883e-15 1.642826133371362365e-16
2.500000000000000139e-02 9.785853295892104065e-01 1.046137100950878153e-04 3.463843758054503198e-14 1.423323372201476502e-15
2.750000000000000361e-02 9.631848068475247215e-01 3.672604310686804294e-04 1.996766768589653013e-13 8.433531761665399041e-15
3.000000000000000583e-02 9.366354307204546314e-01 1.312800499985893434e-03 8.923889397401847215e-13 3.518205070028308244e-14
3.250000000000000111e-02 8.899808936835926776e-01 4.840334595574536693e-03 3.188569801178035145e-12 1.063117273395232741e-13
3.500000000000000333e-02 8.052630298376000084e-01 1.913246411250496548e-02 9.403875668083018823e-12 2.404487631962979031e-13
3.750000000000000555e-02 6.486080901062543091e-01 7.093073748115856503e-02 2.347073746895795693e-11 4.151380151529053473e-13
4.000000000000000777e-02 4.260488095145015253e-01 1.629906876605851929e-01 5.073218209329950586e-11 5.437437153260906194e-13
4.250000000000000999e-02 2.592971915320023135e-01 2.009923537193095411e-01 9.736950116544547841e-11 5.113504485302723078e-13
4.500000000000000527e-02 1.739554319982236918e-01 1.821727074539649938e-01 1.698432346427291048e-10 2.802221385808976299e-13
4.750000000000000749e-02 1.295724292928150390e-01 1.511292876581913081e-01 2.738400364362982262e-10 2.392287630840726321e-14
5.000000000000000278e-02 1.030470264661835916e-01 1.249465877188417756e-01 4.152437906807455873e-10 2.216382920972035490e-13
5.250000000000000500e-02 8.591997289136948934e-02 1.050592165814119849e-01 5.971301288017531386e-10 1.662244354119078621e-12
5.500000000000000722e-02 7.366557485734172295e-02 9.077800792594560575e-02 8.204494608825550486e-10 5.354788309204687611e-12
5.750000000000000944e-02 6.445836873733708228e-02 8.049604653083682060e-02 1.082332114266322370e-09 1.237820211256664046e-11
6.000000000000001166e-02 5.784062450649575526e-02 7.246943502272722160e-02 1.377027266263204953e-09 2.372251405069410669e-11
6.250000000000000000e-02 5.244050599672563095e-02 6.664576201179193971e-02 1.695269253662732021e-09 4.016855083618829128e-11
6.500000000000000222e-02 4.825810034237081741e-02 6.208295667187280903e-02 2.038531790681004463e-09 6.220711060506676905e-11
6.750000000000000444e-02 4.489771405876721855e-02 5.853244868349095908e-02 2.386713025778291400e-09 9.001884356291009477e-11
7.000000000000000666e-02 4.212289705583920768e-02 5.583297945628274556e-02 2.741880945339654440e-09 1.235036434836244603e-10
7.250000000000000888e-02 3.985513696111035037e-02 5.367869295219013237e-02 3.092672939184983180e-09 1.623412946547643417e-10
7.500000000000001110e-02 3.792161202643602042e-02 5.210039356713770664e-02 3.433358734251787499e-09 2.060454914589818845e-10
7.750000000000001332e-02 3.625883454559793162e-02 5.097140874554417778e-02 3.766824006968004105e-09 2.540439959233594824e-10
8.000000000000001554e-02 3.482886151490572485e-02 5.015505644543256231e-02 4.074257164170154663e-09 3.056991422211385399e-10
8.250000000000001776e-02 3.358463633548417621e-02 4.965793385450780612e-02 4.372051104258257916e-09 3.603783334757786634e-10
8.500000000000001998e-02 3.249335219975263422e-02 4.940543947018131293e-02 4.657863042616214058e-09 4.174983477763191524e-10
8.750000000000000833e-02 3.152877808840119644e-02 4.934161539213960390e-02 4.913355505068705428e-09 4.764967359859780854e-10
9.000000000000001055e-02 3.067012844334165989e-02 4.925675458779470856e-02 5.155714719758285944e-09 5.368690669041696664e-10
9.250000000000001277e-02 2.990067720508204907e-02 4.903051185033537041e-02 5.387664396806320734e-09 5.981855159844449728e-10
9.500000000000001499e-02 2.920691465392335692e-02 4.836151995459126579e-02 5.604174442023183300e-09 6.600496601727258024e-10
9.750000000000001721e-02 2.857781698250821262e-02 4.704479585756072418e-02 5.799518747609001623e-09 7.221069973426848427e-10
1.000000000000000056e-01 2.800449119033587148e-02 4.502924552707112532e-02 5.983328235362081306e-09 7.841595400730974619e-10
