# time 1 2 D-1 D
0.000000000000000000e+00 9.999999500323446533e-01 1.702596141076509872e-09 4.567769009203862210e-35 4.636682365520817746e-35
5.000000000000000104e-04 9.999983357707701304e-01 1.086860192418740837e-06 7.964341053580494630e-28 5.649487545417870891e-28
1.000000000000000021e-03 9.999628490580155793e-01 2.723200595058692278e-05 1.541553803149125157e-24 6.440289589115498996e-27
1.500000000000000248e-03 9.997348078096529589e-01 2.116564539061553999e-04 3.543564740646097226e-23 1.037574589495946439e-23
2.000000000000000042e-03 9.988039065375939884e-01 1.018920926820481021e-03 2.393663326794283350e-22 1.202319143192662695e-22
2.500000000000000052e-03 9.958521528145370949e-01 3.719241275801377696e-03 1.238074136545872221e-21 7.902547731682062639e-22
3.000000000000000496e-03 9.881866221751499646e-01 1.097615628953816508e-02 6.625626976548647862e-21 3.333337085084735078e-21
3.500000000000000507e-03 9.719927814853948078e-01 2.629451372190444447e-02 4.605267338101384908e-20 5.256818423071376689e-21
4.000000000000000083e-03 9.448717544682653235e-01 4.707258482571247127e-02 3.841990507195657211e-19 8.368353917587608573e-21
4.500000000000000527e-03 9.091456940850350943e-01 5.162434958891944786e-02 2.940234312917139349e-18 1.006707567827493422e-18
5.000000000000000104e-03 8.709558878059706633e-01 4.733577971083859776e-02 1.919154357347902011e-17 1.274401393761715872e-17
5.500000000000000548e-03 8.358157802054820840e-01 4.714707192719698459e-02 9.726507402336496823e-17 7.382723680132410219e-17
6.000000000000000992e-03 8.062968270326972275e-01 4.882445282581439339e-02 3.769611905749343495e-16 2.362177691847838710e-16
6.500000000000000569e-03 7.826784656257180783e-01 5.013002814993382933e-02 1.100882467710043291e-15 4.253360110605632907e-16
7.000000000000001013e-03 7.642137550002623403e-01 4.969793497440684604e-02 2.289671569054940792e-15 4.415702849904677426e-16
7.499999999999999722e-03 7.499063914456244317e-01 4.718753454488053278e-02 3.303698180323529955e-15 2.854314394528638971e-16
8.000000000000000167e-03 7.388332683674108115e-01 4.330972881098012206e-02 3.387206514135237568e-15 1.106724097243131474e-16
8.500000000000000611e-03 7.302365901662287717e-01 3.883090565510301934e-02 2.515930376332164570e-15 9.602082702807474356e-18
9.000000000000001055e-03 7.235257218916474331e-01 3.487527798256689904e-02 1.368305524445012844e-15 3.130613942293207221e-17
9.500000000000001499e-03 7.182505851796538998e-01 3.171300617110274500e-02 7.029359891175539340e-16 1.879876045930492018e-16
1.000000000000000021e-02 7.140713629357584580e-01 2.891062295999374115e-02 8.883987217608127125e-16 4.073542463341325355e-16
1.050000000000000065e-02 7.107321325715629801e-01 2.651712736712251439e-02 1.730094618160093003e-15 5.394690764286431100e-16
1.100000000000000110e-02 7.080400223124060366e-01 2.469324819409982746e-02 2.347857198114189712e-15 4.430062009095455975e-16
1.150000000000000154e-02 7.058494006394954168e-01 2.296069061961829305e-02 2.041990521833353548e-15 1.962016642938745151e-16
1.200000000000000198e-02 7.040501225260765716e-01 2.128797863546701141e-02 1.174712716643190971e-15 2.244709561680801007e-16
1.250000000000000069e-02 7.025588574946457499e-01 2.008280332510235799e-02 8.331644107200664246e-16 1.351465886557227204e-15
1.300000000000000114e-02 7.013126818189686640e-01 1.884242459910371800e-02 2.749772549303020136e-15 4.749220128086867416e-15
1.350000000000000158e-02 7.002642973841939344e-01 1.770665759946190437e-02 8.122351657431279993e-15 1.138967017594011977e-14
1.400000000000000203e-02 6.993784309264597931e-01 1.674685725469186523e-02 1.779802883283414099e-14 2.236973103209982757e-14
1.450000000000000247e-02 6.986290744553891319e-01 1.605797174344158335e-02 3.075958236498654040e-14 3.766845961896844920e-14
1.499999999999999944e-02 6.979972752416582216e-01 1.530301423076328021e-02 4.653280496529912404e-14 5.707754537450450935e-14
1.550000000000000162e-02 6.974693838770696930e-01 1.464214589565607932e-02 6.256947086651880819e-14 7.963118854736840380e-14
1.600000000000000033e-02 6.970355474507630156e-01 1.426694945755819371e-02 7.880936971896226351e-14 1.034768129081418468e-13
1.650000000000000078e-02 6.966884836562573513e-01 1.383166545035643090e-02 9.302398479347016885e-14 1.274073249766090045e-13
1.700000000000000122e-02 6.964224488305830185e-01 1.343116752191845197e-02 1.043813598849376198e-13 1.493041959593086429e-13
1.750000000000000167e-02 6.962324346185010393e-01 1.326333567634797525e-02 1.134105935127247967e-13 1.684332938580405249e-13
1.800000000000000211e-02 6.961135942558291934e-01 1.305752674230811587e-02 1.206103652557288961e-13 1.832988044933163756e-13
1.850000000000000255e-02 6.960608784719418685e-01 1.291326324554626682e-02 1.255525316076724902e-13 1.944510957995196963e-13
1.900000000000000300e-02 6.960688804071508695e-01 1.273738450684419252e-02 1.284727695683276138e-13 2.020218686213721777e-13
1.950000000000000344e-02 6.961318114893237929e-01 1.269000986148488032e-02 1.309044154710393444e-13 2.047812120168319398e-13
2.000000000000000042e-02 6.962509937786163228e-01 1.254589497833583436e-02 1.326640158017413277e-13 2.049369210634026073e-13
