# time 1 2 D-1 D
0.000000000000000000e+00 9.999999695366457164e-01 1.351686433390032911e-08 1.191010876253141703e-34 2.192179414848484829e-34
2.500000000000000486e-03 9.999990708110531035e-01 1.018299853600113574e-08 1.359732388274822143e-19 4.053046485422601621e-21
5.000000000000000971e-03 9.999847010111195811e-01 8.191943875231010760e-08 1.030563463525540432e-18 3.307835873507192416e-22
7.500000000000001457e-03 9.999179181059881794e-01 5.458342505194901467e-07 6.258612878074232773e-19 5.280661936718024049e-19
1.000000000000000194e-02 9.997195703348189522e-01 2.801751934122877726e-06 1.640450573422853534e-18 2.466848727883890791e-18
1.250000000000000069e-02 9.992454886502353251e-01 1.205269242205528464e-05 2.925032629900467785e-17 7.698019237383469076e-18
1.500000000000000291e-02 9.982415807880102854e-01 4.615695003616538826e-05 6.429358413996639829e-16 1.623844004526883267e-17
1.750000000000000167e-02 9.962605708831215878e-01 1.631090409750011560e-04 8.762346549063034318e-15 1.701319745038519906e-17
2.000000000000000389e-02 9.924988537069635575e-01 5.430902204395150366e-04 8.684441335671668480e-14 2.575704757612153680e-17
2.250000000000000264e-02 9.854515747007416282e-01 1.726250220029714203e-03 7.485208431656520369e-13 3.542313249679899447e-16
2.500000000000000139e-02 9.721525118106937313e-01 5.262220532608765863e-03 7.878729831381883202e-12 1.186885500929408334e-14
2.750000000000000361e-02 9.467058325013363307e-01 1.513051210297215385e-02 9.239799190946900108e-11 1.902315992957436347e-13
3.000000000000000583e-02 8.972032136528758084e-01 4.097510958929899416e-02 3.327811422885184394e-10 1.641139898655040630e-12
3.250000000000000111e-02 8.079005349748705767e-01 9.644025714368381630e-02 9.682084533071371912e-10 9.182198125753882151e-12
3.500000000000000333e-02 6.795836285138802113e-01 1.797482102717888608e-01 2.404746270047418257e-09 3.747103989931792192e-11
3.750000000000000555e-02 5.479640577861436546e-01 2.561962466192454491e-01 5.212060339999641165e-09 1.200041669844551379e-10
4.000000000000000777e-02 4.437811222671197431e-01 2.982611784431027369e-01 1.001544871336471558e-08 3.180077930461733588e-10
4.250000000000000999e-02 3.696455858563778563e-01 3.078681989048663303e-01 1.741292738719564630e-08 7.252993410815894441e-10
4.500000000000000527e-02 3.174861351988068625e-01 2.972061655478973607e-01 2.784605416788481933e-08 1.465588361749723194e-09
4.750000000000000749e-02 2.794470509099545863e-01 2.775512375698651613e-01 4.160421260717974056e-08 2.683649652756170582e-09
5.000000000000000278e-02 2.506436759277880788e-01 2.546274880455886014e-01 5.868427905067493475e-08 4.532165525466588487e-09
5.250000000000000500e-02 2.281463156204149578e-01 2.320806694278536308e-01 7.892097039852846513e-08 7.156823127007527091e-09
5.500000000000000722e-02 2.101533457115424830e-01 2.104985835282890405e-01 1.020409516426551612e-07 1.068359568257195804e-08
5.750000000000000944e-02 1.955001986602704911e-01 1.909523163591989592e-01 1.275479921157725914e-07 1.520844650921667599e-08
6.000000000000001166e-02 1.833950506442182937e-01 1.720435099109278998e-01 1.550903361631185037e-07 2.079154654048326923e-08
6.250000000000000000e-02 1.732777922681053295e-01 1.557301993520542327e-01 1.840438700856774704e-07 2.745327112280821808e-08
6.500000000000000222e-02 1.647393939823199871e-01 1.515094963949979723e-01 2.141201089215681762e-07 3.517587639211740263e-08
6.750000000000000444e-02 1.574734698948465905e-01 7.347432054502034404e-02 2.448726998643863678e-07 4.391464172770026677e-08
7.000000000000000666e-02 1.512456524632788957e-01 7.270869739955999889e-02 2.760740861081860742e-07 5.356115741579838822e-08
7.250000000000000888e-02 1.458734201751565041e-01 7.131411062526535338e-02 3.073413029142655614e-07 6.402951754580577659e-08
7.500000000000001110e-02 1.412123894160029480e-01 7.130506393558726230e-02 3.386010010386717187e-07 7.518618091022177737e-08
7.750000000000001332e-02 1.371467727569974371e-01 7.128353308348046868e-02 3.695191571562996566e-07 8.689290371534056739e-08
8.000000000000001554e-02 1.335826123597487203e-01 7.144809270953922375e-02 4.000694243500684833e-07 9.900780756915505081e-08
8.250000000000001776e-02 1.304428944235280219e-01 7.173818709940112115e-02 4.303192145410058318e-07 1.113955310267660225e-07
8.500000000000001998e-02 1.276639616702433533e-01 7.203371768163249755e-02 4.599387346584919774e-07 1.239075969569220425e-07
8.750000000000000833e-02 1.251928391646828786e-01 7.259146209397629446e-02 4.888916380225219096e-07 1.364345943175937066e-07
9.000000000000001055e-02 1.229851989321272404e-01 7.312799475361843327e-02 5.173516277461021783e-07 1.488575631411742649e-07
9.250000000000001277e-02 1.210037868847182035e-01 7.357159792383857755e-02 5.446123894823240536e-07 1.610863404001643111e-07
9.500000000000001499e-02 1.192171851330696419e-01 7.423289103007361944e-02 5.720295375259661498e-07 1.729984790965778121e-07
9.750000000000001721e-02 1.175988252608028556e-01 7.487334532865962122e-02 5.979563486139148451e-07 1.845997841057336232e-07
1.000000000000000056e-01 1.161270151898631392e-01 7.556251814546455225e-02 6.231758282255317396e-07 1.958089531274080141e-07
