# time 1 2 D-1 D
0.000000000000000000e+00 9.999999315192603655e-01 3.713020193855611138e-08 1.886417320384964176e-35 5.004612671300045258e-36
5.000000000000000104e-04 9.989486599281534041e-01 3.217224124947365518e-07 2.382587535911286859e-31 6.877560307271961834e-36
1.000000000000000021e-03 9.955803595283819751e-01 5.587903314876831837e-06 5.360952701156371216e-27 1.027599059624874167e-30
1.500000000000000248e-03 9.895530751903485189e-01 3.332583838470879443e-05 2.049291490296422365e-24 2.257995634017606485e-27
2.000000000000000042e-03 9.804948838071756434e-01 1.258639101056755665e-04 1.447247660708551330e-22 5.732856296838741434e-25
2.500000000000000052e-03 9.679913456979194475e-01 3.692981764033003876e-04 4.017761057228666458e-21 4.401335879285418211e-23
3.000000000000000496e-03 9.515609322942097936e-01 9.180541688800983443e-04 5.998374566253289144e-20 1.563044476119455775e-21
3.500000000000000507e-03 9.306249942042061907e-01 2.009475826093475893e-03 5.710917016129498194e-19 3.221191738489551354e-20
4.000000000000000083e-03 9.044912539134705165e-01 3.973176728871657612e-03 3.893286476147062165e-18 4.408438293733189398e-19
4.500000000000000527e-03 8.723834646712234075e-01 7.176702042119431288e-03 1.973883408108754597e-17 4.365245209931213501e-18
5.000000000000000104e-03 8.335555881736976813e-01 1.191769531894462490e-02 7.817047605509021643e-17 3.309271681967694705e-17
5.500000000000000548e-03 7.875131040099402346e-01 1.821447857443885682e-02 2.457342348757348615e-16 1.994815873575417039e-16
6.000000000000000992e-03 7.343125780566467364e-01 2.559768457506467199e-02 6.057136822383160658e-16 9.811440461333431164e-16
6.500000000000000569e-03 6.748279461651937039e-01 3.301008262277112942e-02 1.176340315568241402e-15 4.011468743232018262e-15
7.000000000000001013e-03 6.108150758415759052e-01 3.900152967922271285e-02 1.711568458422151187e-15 1.384016029542204808e-14
7.499999999999999722e-03 5.446638185800727339e-01 4.205122410689067503e-02 1.680207676849602294e-15 4.086002737428917117e-14
8.000000000000000167e-03 4.788908953631851317e-01 4.135537493514770957e-02 7.279179747444145621e-16 1.046510128206649198e-13
8.500000000000000611e-03 4.156474653464912739e-01 3.735565388743811860e-02 2.529034423644196831e-17 2.356476655256191527e-13
9.000000000000001055e-03 3.564018237000811662e-01 3.115760351397391797e-02 3.424913900927688947e-15 4.724143050318928054e-13
9.500000000000001499e-03 3.019899722596728342e-01 2.389847091480409164e-02 1.798849197348658474e-14 8.532436601660936461e-13
1.000000000000000021e-02 2.526915678077861771e-01 1.660799859880770016e-02 5.520779442922308570e-14 1.404408721408398685e-12
1.050000000000000065e-02 2.084320459261079506e-01 1.014112580859266935e-02 1.265595435203059764e-13 2.130514371080041239e-12
1.100000000000000110e-02 1.699178230222415376e-01 3.971678127516677093e-03 2.426689969778229238e-13 3.011447821758218205e-12
1.150000000000000154e-02 1.332751508794662032e-01 2.106494420267835278e-03 4.218473339656151588e-13 4.007365664559447120e-12
1.200000000000000198e-02 2.491699636134412851e-02 7.820750357290405519e-02 6.544558128490208686e-13 5.066856541504008246e-12
1.250000000000000069e-02 9.175063212756016592e-03 6.780799489505957844e-02 9.608844870877855748e-13 6.137422010069940730e-12
1.300000000000000114e-02 5.188970072324581434e-03 5.129322034956763227e-02 1.418277250158927244e-12 7.172717036924618802e-12
1.350000000000000158e-02 3.216624809426753447e-03 3.763104384575495509e-02 3.007453719809721358e-12 8.135797594092375783e-12
1.400000000000000203e-02 2.036739469069182018e-03 2.714830378897384322e-02 2.313120438521322480e-12 9.001337850591194692e-12
1.450000000000000247e-02 1.315224401620912779e-03 1.862962145954063370e-02 2.081566812547611921e-12 9.758083276802544321e-12
1.499999999999999944e-02 8.547530282650249575e-04 7.394374530427228452e-05 2.009253321789189044e-12 1.040041156126687465e-11
1.550000000000000162e-02 5.570186741623177123e-04 5.814622461259175905e-05 1.898490052817154165e-12 1.093325358209789762e-11
1.600000000000000033e-02 3.633696470061689612e-04 4.326887999359115255e-05 1.823339697790875650e-12 1.136657868867661905e-11
1.650000000000000078e-02 2.374519134203732882e-04 3.761918069314227264e-05 1.731642443156009880e-12 1.171190769151862497e-11
1.700000000000000122e-02 1.551115882069034450e-04 2.954298060643088401e-05 1.673014201362936123e-12 1.198239884175093373e-11
1.750000000000000167e-02 1.016096363751585788e-04 2.315413568962398135e-05 1.631170426548740246e-12 1.219433603901169645e-11
1.800000000000000211e-02 6.711768102463288785e-05 1.756063510907185829e-05 1.604571894475657501e-12 1.235894370240692510e-11
1.850000000000000255e-02 4.447504503524031788e-05 1.330577309327240861e-05 1.598307386973573846e-12 1.248937753329674961e-11
1.900000000000000300e-02 2.981062353211760195e-05 9.860849975292002129e-06 1.616723396651355933e-12 1.259725753315162721e-11
1.950000000000000344e-02 2.016016445719107691e-05 7.278785305456750698e-06 1.656387774433458931e-12 1.269168622542897257e-11
2.000000000000000042e-02 1.383569708637942095e-05 5.314961913651155889e-06 1.714932387789723654e-12 1.278012340567744321e-11
