# time 1 2 D-1 D
0.000000000000000000e+00 9.999999379918417253e-01 1.239675640466782838e-08 3.021704943045581424e-35 6.725411849012209894e-36
5.000000000000000104e-04 9.999993058732906670e-01 1.607711218892147311e-07 5.992762816589898418e-33 7.232274911182201819e-35
1.000000000000000021e-03 9.999873331954386435e-01 2.713324287954106422e-06 4.144190819900232665e-29 8.458414895772569886e-31
1.500000000000000248e-03 9.999218414729973414e-01 1.311982520977641286e-05 4.513866841999625891e-27 1.001188239008827285e-28
2.000000000000000042e-03 9.996942715882537467e-01 3.909904750653125368e-05 4.506606832003413401e-27 2.224393624715967990e-27
2.500000000000000052e-03 9.990697880111928386e-01 7.562505399777528104e-05 8.323092965675753373e-26 1.472740798519816927e-26
3.000000000000000496e-03 9.975976326505197056e-01 1.043057675664345367e-04 3.878590209157152864e-25 4.598571331730249548e-26
3.500000000000000507e-03 9.945045489934540850e-01 1.216003587902890926e-04 1.285537850627982761e-24 1.056177760719550281e-25
4.000000000000000083e-03 9.886130476268026879e-01 1.308065005809283196e-04 3.733273832879632037e-24 1.755118818180920602e-25
4.500000000000000527e-03 9.783508845388166897e-01 5.874278096869389005e-05 9.095996086041634143e-24 1.925338741718334436e-25
5.000000000000000104e-03 9.619123167094393301e-01 9.066439167536052864e-06 2.248604580242586690e-23 8.679858584889179799e-26
5.500000000000000548e-03 9.375968154358775841e-01 8.177777235854073040e-06 5.522629898637946190e-23 3.904593230743683262e-27
6.000000000000000992e-03 9.043252520122472271e-01 9.877427734884294786e-05 1.563265180729792171e-22 2.043888704190410995e-25
6.500000000000000569e-03 8.622487486292665926e-01 3.221011935669141095e-04 5.207232150895536044e-22 1.429607983508344577e-25
7.000000000000001013e-03 8.131267395342085536e-01 6.940739848124813675e-04 1.750591327883037913e-21 1.522130353552503029e-24
7.499999999999999722e-03 7.600091420499837103e-01 1.262483147822585560e-03 5.370192702976069585e-21 1.514315331154414172e-23
8.000000000000000167e-03 7.062113642757558152e-01 2.119336298632170518e-03 1.379692649468271649e-20 2.427368324072143501e-23
8.500000000000000611e-03 6.542194949171081797e-01 3.455965062108011521e-03 2.849138780156835432e-20 1.797404366602087704e-23
9.000000000000001055e-03 6.053737809024465344e-01 5.431627916686456413e-03 4.585306530031163933e-20 9.797744351115308431e-22
9.500000000000001499e-03 5.598849217978961734e-01 8.298969868056126770e-03 5.455850370817996234e-20 6.644172474401139560e-21
1.000000000000000021e-02 5.164309858918624263e-01 1.315885605063577685e-02 4.415038284197399537e-20 2.236054561432424903e-20
1.050000000000000065e-02 4.743190606530470754e-01 2.015676081324918600e-02 1.964843927954121379e-20 5.336960314269822715e-20
1.100000000000000110e-02 4.316916973240878530e-01 3.045465762329608791e-02 5.534605069417230135e-22 1.128956519331315429e-19
1.150000000000000154e-02 3.873446304511951599e-01 4.457069338813650361e-02 1.369321393499504066e-19 1.860129173167869464e-19
1.200000000000000198e-02 3.409261145131279869e-01 6.223819579910094824e-02 1.549492699596952146e-18 3.252927876635646570e-19
1.250000000000000069e-02 2.961950663552784802e-01 7.922120992969773623e-02 1.421741393458180126e-18 4.981500177836891134e-19
1.300000000000000114e-02 2.561317909376867874e-01 9.226570904465949963e-02 8.590798264780238368e-18 7.911587045233372645e-19
1.350000000000000158e-02 2.219957587591898374e-01 1.001012214809542528e-01 5.869364382378980259e-18 1.179185477788934045e-18
1.400000000000000203e-02 1.938012945815587029e-01 1.029642216078734268e-01 2.818899903459054969e-18 1.693057693438203831e-18
1.450000000000000247e-02 1.720428492114975672e-01 1.007984080611079719e-01 8.928250698917994117e-19 2.162169041972332133e-18
1.499999999999999944e-02 1.556641104373414075e-01 9.517179589364406500e-02 2.149147270990711713e-20 2.693382500879668045e-18
1.550000000000000162e-02 1.435786054471754336e-01 8.756700208321216428e-02 5.090144896827139362e-19 3.676532466056812821e-18
1.600000000000000033e-02 1.335954078686771296e-01 8.037494629936295376e-02 1.768187559805896684e-18 4.169128846109889102e-18
1.650000000000000078e-02 1.262170172265839885e-01 7.315666178182615720e-02 3.837219235101475228e-18 4.878212344422687332e-18
1.700000000000000122e-02 1.199696632912131966e-01 6.722693968291175437e-02 6.134009632010437369e-18 5.671783529751055205e-18
1.750000000000000167e-02 1.154164610967464699e-01 6.181384572364100050e-02 7.881946870897663349e-18 6.175513770131775585e-18
1.800000000000000211e-02 1.122652351635222423e-01 5.693985963421681340e-02 9.209255152513556825e-18 6.704509595203518125e-18
1.850000000000000255e-02 1.092205014229096910e-01 5.362887839163838627e-02 1.040200644761535080e-17 7.882025615921409810e-18
1.900000000000000300e-02 1.073636697285945962e-01 5.055068853620625635e-02 9.631794861085417932e-18 8.942187054100628101e-18
1.950000000000000344e-02 1.056806655206893042e-01 4.849394773915345624e-02 6.885898379312548793e-18 1.192402755151299183e-17
2.000000000000000042e-02 1.045429513539297695e-01 4.689777567573243794e-02 1.081143272163711813e-18 1.788470154329290536e-17
