# time 1 2 D-1 D
0.000000000000000000e+00 9.999999379918417253e-01 1.239675640466782838e-08 3.021704943045581424e-35 6.725411849012209894e-36
1.250000000000000243e-03 9.999990756892689348e-01 2.406834201144218958e-07 5.400931234528253281e-33 1.934566384034674009e-35
2.500000000000000486e-03 9.999829555003564296e-01 3.965994888506722958e-06 4.063796884050765335e-29 8.055604378924372428e-31
3.750000000000000729e-03 9.998950527614357542e-01 1.880954998213154201e-05 4.432817881051952291e-27 9.834380128948698117e-29
5.000000000000000971e-03 9.995917933925156929e-01 5.492204644784770459e-05 5.109442856317181773e-27 2.359173269686559291e-27
6.250000000000000347e-03 9.987688197066053597e-01 1.038954547229628366e-04 8.969223948029098100e-26 1.525940718365512969e-26
7.500000000000001457e-03 9.968567179202214579e-01 1.398495109923723531e-04 4.076688165205680803e-25 4.725525301255314101e-26
8.750000000000000833e-03 9.929070997590005998e-01 1.588264035976074155e-04 1.327846185989333080e-24 1.071968852324293155e-25
1.000000000000000194e-02 9.855224521872801846e-01 1.662467481333447376e-04 3.787626506007922448e-24 1.766483053588924619e-25
1.125000000000000132e-02 9.729054951453630640e-01 7.214980869178464244e-05 8.972622763974256540e-24 1.989104518418946114e-25
1.250000000000000069e-02 9.530871237152844788e-01 1.048713970540922985e-05 2.166452056334349609e-23 1.180767187943107838e-25
1.375000000000000180e-02 9.243418628538037085e-01 1.022466256605189481e-05 5.251680807970623274e-23 4.112432524609425715e-26
1.500000000000000291e-02 8.857615897403678940e-01 1.157812098781782267e-04 1.518769639808956958e-22 2.279275019186779292e-25
1.625000000000000056e-02 8.378672984244497357e-01 3.651454182591641617e-04 5.407812816944562721e-22 6.323196890115230132e-24
1.750000000000000167e-02 7.829077979830255662e-01 7.645717595816871760e-04 1.989635697751062157e-21 8.403939660971099283e-23
1.875000000000000278e-02 7.244007954746188860e-01 1.354251593409821824e-03 6.827357723395749390e-21 5.622638658375721630e-22
2.000000000000000389e-02 6.659853308842710318e-01 2.217385712560842465e-03 2.021052110266770088e-20 2.302067634222970209e-21
2.125000000000000500e-02 6.102952002142705279e-01 3.530229211390544138e-03 5.036563332527168972e-20 6.058052891999153333e-21
2.250000000000000264e-02 5.586874481517211111e-01 5.429504138798743260e-03 1.061755265503894957e-19 1.042213842792431867e-20
2.375000000000000375e-02 5.113285481080517281e-01 8.136282259273186143e-03 1.838501390992522660e-19 1.176759666391642059e-20
2.500000000000000139e-02 4.668998949169448909e-01 1.265288185507790208e-02 2.624541271906994809e-19 8.289181243287661925e-21
2.625000000000000250e-02 4.246893985624674017e-01 1.905634689872557144e-02 3.097335810867696296e-19 2.573747472993992844e-21
2.750000000000000361e-02 3.829276423753386616e-01 2.835264814466891686e-02 2.999400348696423729e-19 3.204373600379175958e-21
2.875000000000000472e-02 3.404903564546710726e-01 4.092957858367406859e-02 2.349652869781647840e-19 2.143302062441328427e-20
3.000000000000000583e-02 2.970384347962795601e-01 5.647022027742464728e-02 6.395671072507555227e-21 9.046177898487221207e-20
3.125000000000000000e-02 2.558545049308202923e-01 7.117875212539459540e-02 2.935543391901612632e-20 2.167841256451788489e-19
3.250000000000000111e-02 2.194269422450976503e-01 8.224548102132658856e-02 6.610424325271229501e-20 4.789082198541051045e-19
3.375000000000000222e-02 1.886925860885147188e-01 8.865026381857561699e-02 2.369708732613859787e-18 8.702018358518558755e-19
3.500000000000000333e-02 1.635041927861303201e-01 9.068933749945723433e-02 9.427323225668662852e-18 1.452462397263813374e-18
3.625000000000000444e-02 1.441534804501194700e-01 8.838514259437833809e-02 2.061250439343583601e-17 2.049497740299979972e-18
3.750000000000000555e-02 1.296174062258005077e-01 8.314149753407869270e-02 3.646623425926371839e-17 2.693022125077942792e-18
3.875000000000000666e-02 1.188848597220080877e-01 7.625554770295887852e-02 5.644256530013394482e-17 3.914622696143080891e-18
4.000000000000000777e-02 1.100404983279893167e-01 6.976706452720839169e-02 7.563267100457270926e-17 4.738146513665598343e-18
4.125000000000000888e-02 1.034732722022741191e-01 6.330272683713374093e-02 9.517906322288454474e-17 5.764477256230037050e-18
4.250000000000000999e-02 9.791614646044392856e-02 5.796244589519307377e-02 1.137618326019614445e-16 7.079526259476171453e-18
4.375000000000000416e-02 9.382273071799709929e-02 5.309062747628721934e-02 1.276982277280600653e-16 8.402444969151047774e-18
4.500000000000000527e-02 9.093075609301695672e-02 4.870157785970617714e-02 1.370962971265496485e-16 1.009319729950299525e-17
4.625000000000000638e-02 8.815055051200856862e-02 4.564038889756692058e-02 1.449355183388781259e-16 1.360967873529540783e-17
4.750000000000000749e-02 8.637445499019912043e-02 4.279337148306545935e-02 1.429290137370751229e-16 2.018418085240949804e-17
4.875000000000000860e-02 8.475607113548962179e-02 4.080837424940918223e-02 1.240499270514610133e-16 4.044450016010550295e-17
5.000000000000000278e-02 8.359722738256540608e-02 3.921582396060670911e-02 5.898953680750208561e-17 1.055400378007434366e-16
