# lambda 1 2 D-1 D
0.000000000000000000e+00 -1.499999993363663719e+01 -1.300000005851905982e+01 1.300000004366302164e+01 1.499999993452976454e+01
2.500000000000000139e-02 -1.463072531626708717e+01 -1.275406363079485139e+01 1.275406941633463553e+01 1.463059560080726307e+01
5.000000000000000278e-02 -1.427379855833447486e+01 -1.251764376841718196e+01 1.251771189273511986e+01 1.427270729071921274e+01
7.500000000000001110e-02 -1.393073134633530863e+01 -1.229106747769189134e+01 1.229137151756687807e+01 1.392685862186232093e+01
1.000000000000000056e-01 -1.360328001266763742e+01 -1.207464887990208702e+01 1.207553695518737236e+01 1.359363260457987188e+01
1.250000000000000000e-01 -1.329346658248148927e+01 -1.186871673193793342e+01 1.187072460647150862e+01 1.327368909667037755e+01
1.500000000000000222e-01 -1.300357515548152243e+01 -1.167372654077108685e+01 1.167746837887776046e+01 1.296778828402968564e+01
1.750000000000000167e-01 -1.273609931353912650e+01 -1.149051760716573689e+01 1.149629897035798543e+01 1.267682389009493882e+01
2.000000000000000111e-01 -1.249361146699434855e+01 -1.132081019826835799e+01 1.132770485088181189e+01 1.240187209987704620e+01
2.250000000000000056e-01 -1.227853784872241683e+01 -1.116793025595180389e+01 1.117206126933904464e+01 1.214426562143316168e+01
2.500000000000000000e-01 -1.209286657701314205e+01 -1.103712318277418625e+01 1.102950870765944380e+01 1.190570596950733240e+01
2.750000000000000222e-01 -1.193787931383199385e+01 -1.093393867854952894e+01 1.089975985250835855e+01 1.168842558247372132e+01
3.000000000000000444e-01 -1.181402502422719181e+01 -1.086117606487810150e+01 1.078184263052803971e+01 1.149538545878952789e+01
3.250000000000000111e-01 -1.172099563440435510e+01 -1.081819532476610313e+01 1.067388793488672682e+01 1.133039688232486064e+01
3.500000000000000333e-01 -1.165795212570093753e+01 -1.080267511800630942e+01 1.057328696844813365e+01 1.119785111306134695e+01
3.750000000000000000e-01 -1.162378439790084528e+01 -1.081200759902596076e+01 1.047764667506085701e+01 1.110165244387870942e+01
4.000000000000000222e-01 -1.161731089963146779e+01 -1.084379847594735757e+01 1.038630795921924310e+01 1.104363065402517030e+01
4.250000000000000444e-01 -1.163738656847327846e+01 -1.089598184338044007e+01 1.030110528135661596e+01 1.102281836028618045e+01
4.500000000000000111e-01 -1.168293328741841997e+01 -1.096682855233318499e+01 1.022598831500099870e+01 1.103633060011741129e+01
4.750000000000000333e-01 -1.175292253066139736e+01 -1.105493686663329100e+01 1.027824359509674323e+01 1.108075830105983783e+01
5.000000000000000000e-01 -1.184633851222274714e+01 -1.115923355943546014e+01 1.039726659113198792e+01 1.115298624127588667e+01
5.250000000000000222e-01 -1.196214431030993630e+01 -1.127899667777900738e+01 1.053949264826628429e+01 1.125040442512490380e+01
5.500000000000000444e-01 -1.209926649873752957e+01 -1.141391361424957118e+01 1.070268834254798485e+01 1.137085541003881950e+01
5.750000000000000666e-01 -1.225660506841242103e+01 -1.156421688398858727e+01 1.088503288157725812e+01 1.151252933261614864e+01
6.000000000000000888e-01 -1.243306583975308754e+01 -1.173101719282289324e+01 1.108499394295505169e+01 1.167387569376868228e+01
6.250000000000000000e-01 -1.262760561638716794e+01 -1.191703577746402232e+01 1.130126479697007369e+01 1.185354152673822981e+01
6.500000000000000222e-01 -1.283927866911689009e+01 -1.212726925048540139e+01 1.153272839669810068e+01 1.205033032683180139e+01
6.750000000000000444e-01 -1.306727608786528982e+01 -1.236606468070474740e+01 1.177843893964366195e+01 1.226317508437215587e+01
7.000000000000000666e-01 -1.331095409619507386e+01 -1.263205078974987394e+01 1.203761559582052421e+01 1.249112073312120508e+01
7.250000000000000888e-01 -1.356985087322637185e+01 -1.292152079155729183e+01 1.230964429850086717e+01 1.273331333064876958e+01
7.500000000000000000e-01 -1.384369270988210587e+01 -1.322800277549529113e+01 1.259408296554990159e+01 1.298899489621298287e+01
7.750000000000000222e-01 -1.413238973674439869e+01 -1.354791985144959376e+01 1.289066208997901519e+01 1.325750425589941450e+01
8.000000000000000444e-01 -1.443601986307477958e+01 -1.388026926971362585e+01 1.319926636635548078e+01 1.353828586093894870e+01
8.250000000000000666e-01 -1.475479795892264789e+01 -1.422458269735459524e+01 1.351987754896681437e+01 1.383091089745933999e+01
8.500000000000000888e-01 -1.508902680107498995e+01 -1.458055314667479507e+01 1.385246452175324805e+01 1.413511899429997598e+01
8.750000000000000000e-01 -1.543902809955274336e+01 -1.494792905912249736e+01 1.419683916445996275e+01 1.445089592188922012e+01
9.000000000000000222e-01 -1.580505690135911934e+01 -1.532645014278774553e+01 1.455254486444804130e+01 1.477861421314083046e+01
9.250000000000000444e-01 -1.618721030862472432e+01 -1.571580373649801032e+01 1.492324571892885743e+01 1.511927434171349560e+01
9.500000000000000666e-01 -1.658534874152747562e+01 -1.611559577209744631e+01 1.531067695538188289e+01 1.547484831076920386e+01
9.750000000000000888e-01 -1.699904995414340547e+01 -1.652534018791826398e+01 1.570545042655059476e+01 1.584845408115105059e+01
1.000000000000000000e+00 -1.742760904852410420e+01 -1.694446731772706727e+01 1.610581720484336898e+01 1.624334233483219947e+01
