# time 1 2 D-1 D
0.000000000000000000e+00 9.999999388172047254e-01 3.108067100666016368e-08 1.198316619561250299e-35 1.078194642642895819e-36
5.000000000000000104e-04 9.999977008297605829e-01 1.483319256379396458e-06 8.391935934604147052e-36 2.281681098412471409e-35
1.000000000000000021e-03 9.999564487376269017e-01 2.991679816012033936e-05 3.365324586774119979e-34 4.622931147914861071e-35
1.500000000000000248e-03 9.997364728719230209e-01 1.853826966525804528e-04 6.946154295767951215e-32 2.095996483699558899e-33
2.000000000000000042e-03 9.990095892335092431e-01 7.066984055795676135e-04 1.122001046087403718e-31 3.700681959517555121e-33
2.500000000000000052e-03 9.971517235964444392e-01 2.042090086987509521e-03 5.422408013835546271e-30 1.174726843239575310e-31
3.000000000000000496e-03 9.931399205168600641e-01 4.862724275106344515e-03 4.838214565591338872e-29 2.041651405702799354e-30
3.500000000000000507e-03 9.855204647470587886e-01 9.957821633564154645e-03 1.212872104112202322e-28 5.631052718907086306e-30
4.000000000000000083e-03 9.725520240185534515e-01 1.770496850105749559e-02 2.829508387494100159e-28 1.825440705104072221e-29
4.500000000000000527e-03 9.526076358544435241e-01 2.715468083020737555e-02 3.907079965408087927e-28 4.016121393780311132e-29
5.000000000000000104e-03 9.247685810069693479e-01 3.551204714926581296e-02 1.282369376992318799e-28 4.898047705243800124e-29
5.500000000000000548e-03 8.893035661511292655e-01 4.017935704705792588e-02 7.669960219148865126e-28 2.942051210067140454e-30
6.000000000000000992e-03 8.476628942805798372e-01 4.282572154607881126e-02 1.982018847385227352e-26 5.386099033499419081e-28
6.500000000000000569e-03 8.019348568140124422e-01 4.537832967038257087e-02 1.731050830413064372e-25 1.051336071701086764e-26
7.000000000000001013e-03 7.541296962101080581e-01 4.937031380847589634e-02 1.055141138893228575e-24 1.043931761114305115e-25
7.499999999999999722e-03 7.057110502370517180e-01 5.545059339753704436e-02 5.253563470776182770e-24 7.713769128661277730e-25
8.000000000000000167e-03 6.575086858524025191e-01 6.387221775232332366e-02 2.337769658332186402e-23 4.692965733339321346e-24
8.500000000000000611e-03 6.098912367877720175e-01 7.448498852352371247e-02 9.630023740595615622e-23 2.486108900119548921e-23
9.000000000000001055e-03 5.630214792960005488e-01 8.703280091475226743e-02 3.970970583811051473e-22 1.163647965853735689e-22
9.500000000000001499e-03 5.170742717838906488e-01 1.009569407828803389e-01 2.417872841799178874e-21 4.842763791225674254e-22
1.000000000000000021e-02 4.723596382613928224e-01 1.160188235199391960e-01 7.644479754248463975e-21 1.793437717572463382e-21
1.050000000000000065e-02 4.293264289691717250e-01 1.309063968665969413e-01 2.172382446751992562e-20 5.955441476872886246e-21
1.100000000000000110e-02 3.884887198156386501e-01 1.446532638249068969e-01 5.569739154044128397e-20 1.772148299671822869e-20
1.150000000000000154e-02 3.503009906262243289e-01 1.558713800933108629e-01 1.306735320181684005e-19 4.713699753844283909e-20
1.200000000000000198e-02 3.150552495851952073e-01 1.618979741217909385e-01 2.692938415619031356e-19 1.120211946072645651e-19
1.250000000000000069e-02 2.828317745688593843e-01 1.581528520092810586e-01 4.997508619232189192e-19 2.385804927327016885e-19
1.300000000000000114e-02 2.535084499808970548e-01 1.360375797430000977e-01 8.631812622906253355e-19 4.582106295868427205e-19
1.350000000000000158e-02 2.268092586857941295e-01 9.924023859406164161e-02 1.321988605131219362e-18 7.977741169141008233e-19
1.400000000000000203e-02 2.023673810511071869e-01 5.140469350483389127e-02 1.913245416584995551e-18 1.267072237604939105e-18
1.450000000000000247e-02 1.797859597149817079e-01 1.020990724252334760e-02 2.557905156298195162e-18 1.849179522994912265e-18
1.499999999999999944e-02 1.586899195443253197e-01 1.580349417779609075e-03 3.111279095155360622e-18 2.501172645109303526e-18
1.550000000000000162e-02 1.387691070873973975e-01 9.508130794377806861e-04 3.562635208734212219e-18 3.163469507963772726e-18
1.600000000000000033e-02 1.198147502458014463e-01 1.024759317550820144e-03 3.842643479367865546e-18 3.773712364611339093e-18
1.650000000000000078e-02 1.017485184131525083e-01 9.113902771060948928e-04 3.930164283603038083e-18 4.276385244399765985e-18
1.700000000000000122e-02 8.463796233168498218e-02 1.372330787676086629e-03 3.644419254674315059e-18 4.620368373829091907e-18
1.750000000000000167e-02 6.868710747678868911e-02 1.465437142897953009e-03 3.576400728685024287e-18 4.746914689253247406e-18
1.800000000000000211e-02 5.419177043489147722e-02 1.717567890662626906e-03 3.006919189344356347e-18 4.583508582629250928e-18
1.850000000000000255e-02 4.146042435913859653e-02 2.108597582380020759e-03 9.477309041072244733e-18 4.066314597108034343e-18
1.900000000000000300e-02 3.072110912464702873e-02 2.155322866611520272e-03 6.748983863915744735e-18 3.232958499284657902e-18
1.950000000000000344e-02 2.204954801149477256e-02 1.816584171531458736e-03 3.093316128190413852e-18 2.350364924713918948e-18
2.000000000000000042e-02 1.534797862652914624e-02 1.879778670526526798e-03 6.193954354063737178e-19 1.817274803110452516e-18
