# time 1 2 D-1 D
0.000000000000000000e+00 9.999999528349786670e-01 6.459599528244862204e-09 2.659266686922527280e-35 7.785446022289861615e-36
1.250000000000000243e-03 9.999968928229476806e-01 1.491935585250379091e-08 1.023718128636787957e-25 1.014343644954266778e-27
2.500000000000000486e-03 9.999537203600958879e-01 3.479631171530695784e-07 5.114583811364004809e-23 1.119666297671792381e-24
3.750000000000000729e-03 9.997779805440552003e-01 2.299491656081477348e-06 3.525458315360628414e-21 9.874210425120548924e-23
5.000000000000000971e-03 9.993312126022897424e-01 9.980247861148736066e-06 6.603410905215468295e-21 5.476629562723196728e-23
6.250000000000000347e-03 9.984310453869131852e-01 3.395956643789803554e-05 2.415177650979350857e-20 1.226148190658167956e-22
7.500000000000001457e-03 9.968363607143697624e-01 9.641500980916996018e-05 9.692107695707754355e-20 6.100798564613840095e-22
8.750000000000000833e-03 9.942096191900744451e-01 2.506575591726914898e-04 4.378758663492729538e-19 3.620728761223343422e-21
1.000000000000000194e-02 9.900495290641863066e-01 5.954629710100189715e-04 2.743937263679954360e-18 2.675242322037264222e-20
1.125000000000000132e-02 9.835833298008606063e-01 1.341956081056234259e-03 2.218194949501838990e-17 1.667161607597078507e-19
1.250000000000000069e-02 9.735979200397307798e-01 2.911245701553218101e-03 2.247026243289323016e-16 9.084250301919544438e-19
1.375000000000000180e-02 9.581656918644607668e-01 6.154844490421052319e-03 1.642422222100876384e-15 3.934411231119701934e-18
1.500000000000000291e-02 9.341765410086679822e-01 1.277085362985200256e-02 8.199504687430028395e-15 1.131951179777900063e-17
1.625000000000000056e-02 8.965106775649375193e-01 2.617636999019184660e-02 3.270821808322170712e-14 1.733282991226447856e-17
1.750000000000000167e-02 8.373398026097369495e-01 5.213625251777059127e-02 1.073649096808680838e-13 2.876303792200148750e-18
1.875000000000000278e-02 7.452986259425697924e-01 9.982031677833390348e-02 2.971252892202350467e-13 1.009772800920545951e-16
2.000000000000000389e-02 6.189230157772271923e-01 1.683982684836619614e-01 7.136063685965993450e-13 1.541079874253822396e-15
2.125000000000000500e-02 4.758795419903101842e-01 2.379185138245457909e-01 1.521474229837807408e-12 9.572132775522980753e-15
2.250000000000000264e-02 3.521033799819698884e-01 2.726135857673814833e-01 2.925444077525216441e-12 3.968034277854021535e-14
2.375000000000000375e-02 2.605755565779153682e-01 2.635137657499790897e-01 5.160692594491707953e-12 1.271026334836334634e-13
2.500000000000000139e-02 1.973500952515525320e-01 2.264051358245520451e-01 8.498819093755847629e-12 3.363102648249718633e-13
2.625000000000000250e-02 1.537415582274856973e-01 1.852560463361057896e-01 1.314886294106202981e-11 7.685566405194394433e-13
2.750000000000000361e-02 1.230628741326632303e-01 1.501452301462032068e-01 1.926775748768158719e-11 1.560568960933951504e-12
2.875000000000000472e-02 1.009207658922034040e-01 1.242284552473356257e-01 2.703567041590536110e-11 2.872223979527816962e-12
3.000000000000000583e-02 8.453520226524526004e-02 1.050637963398743796e-01 3.627737310082192866e-11 4.861121025600094469e-12
3.125000000000000000e-02 7.212329164300433637e-02 9.165916155994519032e-02 4.702159512001715962e-11 7.661305111451286245e-12
3.250000000000000111e-02 6.251773181747993791e-02 8.096605766844638952e-02 5.885449464239592637e-11 1.135676573203048251e-11
3.375000000000000222e-02 5.493822278251291047e-02 7.314011346934032320e-02 7.129777481256647312e-11 1.596925150362018997e-11
3.500000000000000333e-02 4.885127217487429674e-02 6.662813298448005961e-02 8.372152593171444220e-11 2.145432772023486515e-11
3.625000000000000444e-02 4.388479855656706591e-02 6.120837470669777958e-02 9.562782600114932443e-11 2.770876292818982133e-11
3.750000000000000555e-02 3.977427172014417339e-02 5.663901131847746961e-02 1.059660442884667544e-10 3.457967550773788867e-11
3.875000000000000666e-02 3.632818817473396772e-02 5.249444036737772878e-02 1.154032657752515462e-10 4.187131242177952478e-11
4.000000000000000777e-02 3.340549854915838418e-02 4.849077496014771865e-02 1.224274612484876785e-10 4.938555297407942495e-11
4.125000000000000888e-02 3.090059165642651887e-02 4.424337200994720581e-02 1.277078677134191938e-10 5.691952677166682207e-11
4.250000000000000999e-02 2.873314864236823155e-02 4.044733681841643919e-02 1.323175075219751910e-10 6.428020856436268834e-11
4.375000000000000416e-02 2.684119236626929944e-02 2.155485737850031114e-02 1.380112671743749833e-10 7.129965939132417350e-11
4.500000000000000527e-02 2.517626778590136699e-02 1.983011964478341785e-02 1.411411740801108227e-10 7.783676870803094006e-11
4.625000000000000638e-02 2.370006017504875870e-02 1.947110552213976442e-02 1.446954446359556177e-10 8.377492447574584428e-11
4.750000000000000749e-02 2.238198762765404581e-02 1.970340715450337454e-02 1.482608882359816871e-10 8.903953943796422579e-11
4.875000000000000860e-02 2.119745527312102279e-02 1.964273487189929432e-02 1.498394395914774250e-10 9.357835795343399381e-11
5.000000000000000278e-02 2.012661476194716262e-02 1.968446933266867344e-02 1.558787316524731459e-10 9.737072550881531960e-11
