# time 1 2 D-1 D
0.000000000000000000e+00 9.999999507575839663e-01 4.766690053317847310e-09 4.230416479814140515e-36 4.436400627837259865e-36
1.250000000000000243e-03 9.991391006157386290e-01 2.172949862175710170e-07 4.801380672430580376e-30 2.111997843152942274e-34
2.500000000000000486e-03 9.963560753207340026e-01 5.119443434009532791e-06 1.174823378831934655e-25 5.042186027140907895e-29
3.750000000000000729e-03 9.912941045044404431e-01 3.484993761684971204e-05 5.027097796428562154e-23 1.179808713529789307e-25
5.000000000000000971e-03 9.835046537962234270e-01 1.511396042437787959e-04 4.343986380395221166e-21 3.356329007664449238e-23
6.250000000000000347e-03 9.723916856595246072e-01 5.038566519308615172e-04 1.594166716630941346e-19 2.923872974929671258e-21
7.500000000000001457e-03 9.570931221517516851e-01 1.430375496982697189e-03 3.384854298765327720e-18 1.182031131447688809e-19
8.750000000000000833e-03 9.362712510349485706e-01 3.624396501322048325e-03 4.737468081944852002e-17 2.702790405878846424e-18
1.000000000000000194e-02 9.078119378006411777e-01 8.371827864508640110e-03 4.507913620092759844e-16 3.853936029056964010e-17
1.125000000000000132e-02 8.685769719150897572e-01 1.764315411150256530e-02 2.974974808921412004e-15 3.623587503483624189e-16
1.250000000000000069e-02 8.147310293473705167e-01 3.352330952228479988e-02 1.455996257444302748e-14 2.354088469611860159e-15
1.375000000000000180e-02 7.435616493232901636e-01 5.538319435341044344e-02 5.555521208985876960e-14 1.109300516869909269e-14
1.500000000000000291e-02 6.567853178916329693e-01 7.504880717952934488e-02 1.688030065013582882e-13 3.982378101395204822e-14
1.625000000000000056e-02 5.621725717055290339e-01 7.312910772176220431e-02 4.234277500305571220e-13 1.140289201140760142e-13
1.750000000000000167e-02 4.700705749668713795e-01 5.108313353148537239e-02 8.916152938808580149e-13 2.711111975991697441e-13
1.875000000000000278e-02 3.879741847641592911e-01 3.377667296694752963e-02 1.990812457692637804e-12 5.536586034660402325e-13
2.000000000000000389e-02 3.186302190754259911e-01 2.532533787198249994e-02 1.938931616902402461e-11 9.985086428241657583e-13
2.125000000000000500e-02 2.615043280591627939e-01 2.181862465424284567e-02 3.007948271871365892e-11 1.626515739237697636e-12
2.250000000000000264e-02 2.147562484761490198e-01 2.052664320568594811e-02 4.551799279881976796e-11 2.437031444983485421e-12
2.375000000000000375e-02 1.759411132316753279e-01 2.087771371556300035e-02 6.540653543577783006e-11 3.408268000921229224e-12
2.500000000000000139e-02 1.434281159087521518e-01 2.229187499169957634e-02 8.921731529836943422e-11 4.502213926150693759e-12
2.625000000000000250e-02 1.156166422405589533e-01 2.471395495795126324e-02 1.171225490222991057e-10 5.672276015168906991e-12
2.750000000000000361e-02 9.145964585113304512e-02 2.796803663880336258e-02 1.486638632340669562e-10 6.870487987095631253e-12
2.875000000000000472e-02 7.024862865216831287e-02 3.184831048942855791e-02 1.834674357772904159e-10 8.053079696302361784e-12
3.000000000000000583e-02 5.148735465699715019e-02 3.615819032151777745e-02 2.213025456872554541e-10 9.184379598739325714e-12
3.125000000000000000e-02 3.641442078219024603e-02 3.912546875577417593e-02 2.612666929834126928e-10 1.023856056570462761e-11
3.250000000000000111e-02 2.490315869057520629e-02 4.045859144839737687e-02 3.033314562625726024e-10 1.119873793864747038e-11
3.375000000000000222e-02 1.681585359211772851e-02 3.996322651336364773e-02 3.471570789882385712e-10 1.205740437018087645e-11
3.500000000000000333e-02 1.140695617667642804e-02 3.812141758885563558e-02 3.922729099790922015e-10 1.281377403728756498e-11
3.625000000000000444e-02 7.809344273320100241e-03 3.558654278640571017e-02 4.383812013427612646e-10 1.347075472239554594e-11
3.750000000000000555e-02 5.555144549966337802e-03 3.266639580685095495e-02 4.857057260574061248e-10 1.403528584820512318e-11
3.875000000000000666e-02 4.006445758104886130e-03 2.983335093276416952e-02 5.337430031069953131e-10 1.451750662607032938e-11
4.000000000000000777e-02 2.939019295877239989e-03 2.520563996623843492e-02 5.821672310789502298e-10 1.492677727025260567e-11
4.125000000000000888e-02 2.180333535664637223e-03 5.210155601907990632e-03 6.309268467626289507e-10 1.527311158803483148e-11
4.250000000000000999e-02 1.622289238248060235e-03 2.170953997640763175e-03 6.806359120801499824e-10 1.556682295667313802e-11
4.375000000000000416e-02 1.195699298208762959e-03 1.535646409448007720e-03 7.303031715112859745e-10 1.581755833661502959e-11
4.500000000000000527e-02 8.567924782992654203e-04 1.264557312496459836e-03 7.802844021616400492e-10 1.603160767679798052e-11
4.625000000000000638e-02 5.704759931553526377e-04 1.140729334891857349e-03 8.306103792014192875e-10 1.621723639847912587e-11
4.750000000000000749e-02 3.354487898554463655e-04 1.072513841044886278e-03 8.816955922297020119e-10 1.637957334784449997e-11
4.875000000000000860e-02 1.500743652294736854e-04 1.022647902778539434e-03 9.324197057394155098e-10 1.652458965132195394e-11
5.000000000000000278e-02 3.877704585511810171e-05 9.464424442060838383e-04 9.835706200174847548e-10 1.665200383098830086e-11
