# time 1 2 D-1 D
0.000000000000000000e+00 9.999999834945393351e-01 6.132284030769366277e-09 4.290554380501348736e-36 5.242234606927074226e-34
5.000000000000000104e-04 9.999987093966949958e-01 1.058748325044378160e-06 2.636827102129875811e-22 1.910311662031986586e-24
1.000000000000000021e-03 9.999752628835919532e-01 2.117665258636087055e-05 1.948076281843526779e-21 9.147672972095147913e-23
1.500000000000000248e-03 9.998405808714171394e-01 1.396968528682834007e-04 4.122251328654565765e-21 8.923737359840795710e-22
2.000000000000000042e-03 9.993564160484101899e-01 5.714325950799268227e-04 7.276103560344663688e-21 4.285204997237912958e-21
2.500000000000000052e-03 9.980164334115162461e-01 1.774586624193524864e-03 6.374625319964906700e-21 2.146425849620801494e-20
3.000000000000000496e-03 9.949345327031094977e-01 4.528567573808652338e-03 9.156435543850383923e-21 1.525569147294963556e-19
3.500000000000000507e-03 9.888735862568053259e-01 9.795491722170271420e-03 7.926462979448068299e-19 1.495081472990864599e-18
4.000000000000000083e-03 9.785935945361178279e-01 1.777397840785172739e-02 1.281707880560213688e-17 1.437923444786407552e-17
4.500000000000000527e-03 9.635123903102212894e-01 2.220556465491407144e-02 1.236716000363607229e-16 1.159960104763693264e-16
5.000000000000000104e-03 9.442520899795695533e-01 1.321292527951599058e-02 8.976707723786780339e-16 7.330318475883506111e-16
5.500000000000000548e-03 9.225225673722414754e-01 8.140627028731767939e-03 5.373907009261146107e-15 3.609460936090763410e-15
6.000000000000000992e-03 9.003747074573862363e-01 6.836911349676916966e-03 2.702965231384886548e-14 1.401327835155024726e-14
6.500000000000000569e-03 8.794372879508679519e-01 6.821484982442473782e-03 1.158520920125713713e-13 4.308758998577925583e-14
7.000000000000001013e-03 8.605930039767192286e-01 7.498366754174806172e-03 4.282706779267922371e-13 1.052633340196083213e-13
7.499999999999999722e-03 8.440568467127600449e-01 8.723526959782226461e-03 1.362632544363503740e-12 2.028287284378801104e-13
8.000000000000000167e-03 8.296083897547099628e-01 1.051732048336783895e-02 3.770244819211111643e-12 3.015889283686095044e-13
8.500000000000000611e-03 8.168042261963349704e-01 1.292463248116028189e-02 9.215801910193626040e-12 3.281694217043390926e-13
9.000000000000001055e-03 8.051148370467534621e-01 1.609030822735903199e-02 2.012288115842499755e-11 2.229407541934798478e-13
9.500000000000001499e-03 7.939951828767644049e-01 2.017792668914974649e-02 4.004924918159504352e-11 4.219610326948830901e-14
1.000000000000000021e-02 7.829139335928463339e-01 2.535387467011502791e-02 7.371121289326775366e-11 6.729403332557412512e-14
1.050000000000000065e-02 7.713635279754607055e-01 3.193786441885310134e-02 1.269599886337445941e-10 9.200859608419015806e-13
1.100000000000000110e-02 7.588672468956014772e-01 4.011313777698830019e-02 2.067242515396093237e-10 3.699694107373191828e-12
1.150000000000000154e-02 7.449965678735404051e-01 5.023228591592679426e-02 3.198646514919818486e-10 1.017831968966721362e-11
1.200000000000000198e-02 7.293976464269981141e-01 6.244425924055922034e-02 4.739638524705256241e-10 2.298938780766173618e-11
1.250000000000000069e-02 7.118397509387145439e-01 7.695107868957740127e-02 6.679280221285818621e-10 4.574203012270382093e-11
1.300000000000000114e-02 6.922710725660661257e-01 9.373497822553718273e-02 9.101965634806890599e-10 8.297968557329547568e-11
1.350000000000000158e-02 6.708637319427619428e-01 1.125073046073815780e-01 1.181011057815807471e-09 1.398992617301982703e-10
1.400000000000000203e-02 6.480408964563248997e-01 1.328853081773356815e-01 1.492158153540948624e-09 2.218686308056021614e-10
1.450000000000000247e-02 6.244399470043835443e-01 1.541296974927571783e-01 1.828761701200261738e-09 3.338375310025652524e-10
1.499999999999999944e-02 6.008449752324873661e-01 1.754228131688471415e-01 2.146669535027148573e-09 4.797347512131448661e-10
1.550000000000000162e-02 5.780653454512488798e-01 1.960509245335021744e-01 2.504639440784052795e-09 6.621024509811804193e-10
1.600000000000000033e-02 5.568418345117928103e-01 2.150780731287756653e-01 2.818857003168904317e-09 8.819513089340755033e-10
1.650000000000000078e-02 5.377542284217767810e-01 2.317307662078112174e-01 3.116116745530286533e-09 1.139003355909200585e-09
1.700000000000000122e-02 5.211884152095576095e-01 2.458994697452465128e-01 3.419814976026110866e-09 1.432120911845509982e-09
1.750000000000000167e-02 5.073361412536061543e-01 2.568103164503048874e-01 3.667564258271994526e-09 1.759787237626259947e-09
1.800000000000000211e-02 4.962210569090906853e-01 2.646738610575221085e-01 3.903065803449992233e-09 2.120496650821578155e-09
1.850000000000000255e-02 4.877371243331879991e-01 2.692344230418500239e-01 4.082824267242390734e-09 2.512744135545932654e-09
1.900000000000000300e-02 4.816889259636081833e-01 2.710776066080674562e-01 4.310830813499480413e-09 2.934802878650000550e-09
1.950000000000000344e-02 4.778276693053235546e-01 2.699828445002389610e-01 4.596351537409753384e-09 3.384241334398930181e-09
2.000000000000000042e-02 4.758802741097554190e-01 2.670476136375071197e-01 4.904018906140331930e-09 3.857492497805211959e-09
