# time 1 2 D-1 D
0.000000000000000000e+00 9.999999614536777548e-01 2.728961823625908883e-09 5.751712225672683306e-35 1.910178320086216933e-35
2.500000000000000052e-04 9.994959528699242091e-01 6.214910316801669533e-09 4.991704833770895493e-29 4.510584305789256414e-26
5.000000000000000104e-04 9.977626892776146894e-01 1.171623299295291416e-07 7.897316296435731192e-25 2.309129802846589904e-22
7.500000000000001240e-04 9.942898826685917513e-01 7.230115049398488224e-07 7.309781938320384705e-22 3.532571429419786041e-20
1.000000000000000021e-03 9.883680385632600540e-01 2.787394080693863878e-06 8.451350475299132159e-20 1.218912869168296448e-18
1.250000000000000026e-03 9.791611880644249810e-01 8.383405423098090590e-06 3.026512633995604152e-18 1.774483815227533785e-17
1.500000000000000248e-03 9.657990039944851501e-01 2.137158977529404446e-05 5.150956577979579246e-17 1.433675506002260923e-16
1.750000000000000253e-03 9.474731174457131644e-01 4.813408846817909554e-05 5.000376461607532725e-16 7.414770431820187781e-16
2.000000000000000042e-03 9.235210189790482582e-01 9.901345478596312952e-05 3.034310488901590575e-15 2.670719638597545929e-15
2.250000000000000264e-03 8.934836870556641664e-01 1.892220625685703457e-04 7.804574195962353272e-15 7.085373319734267856e-15
2.500000000000000052e-03 8.571291031364410840e-01 3.403069576783660974e-04 2.838374934011940583e-15 1.444057652643594999e-14
2.750000000000000274e-03 8.144439140267597521e-01 5.818764342979054153e-04 1.363457576194559955e-15 2.347833582052424656e-14
3.000000000000000496e-03 7.656010367039375319e-01 9.471215880182525665e-04 6.952582692544192551e-16 3.153333934837347518e-14
3.250000000000000284e-03 7.109198557260197893e-01 1.483112160471320665e-03 1.723650528729603525e-16 3.617057580609300002e-14
3.500000000000000507e-03 6.508326563048071334e-01 2.236995532321624149e-03 1.693424049969804140e-18 3.654687528084596854e-14
3.749999999999999861e-03 5.858954680034266227e-01 3.268759480568039343e-03 7.962198311743329595e-17 3.339487962676024656e-14
4.000000000000000083e-03 5.169521943465074099e-01 4.523586418718731142e-03 2.676751555184317721e-16 2.825621793664044674e-14
4.250000000000000305e-03 4.451069330443333527e-01 6.002840802281018268e-03 3.823476915353401720e-16 2.255981406864907344e-14
4.500000000000000527e-03 3.717364456912948811e-01 7.950796111632537841e-03 3.834133743550308599e-16 1.726598385217088592e-14
4.750000000000000749e-03 2.999878344471753056e-01 9.519532021225650398e-03 2.931834556833061219e-16 1.283580437259978897e-14
5.000000000000000104e-03 2.328839789607021205e-01 1.059639341724605797e-02 1.875234649787108682e-16 9.360142346579005535e-15
5.250000000000000326e-03 1.747229907119025594e-01 9.888481526273891833e-03 9.543987726778127846e-17 6.732255813846648505e-15
5.500000000000000548e-03 1.277289673012661497e-01 7.424252174210362390e-03 2.558403578946403430e-17 4.815131821798841373e-15
5.750000000000000770e-03 9.345413433257242219e-02 2.492760097805908452e-03 4.779549418066384162e-19 3.446466283297285595e-15
6.000000000000000992e-03 6.208002231914953178e-02 4.323027576225424266e-03 1.174361644554231869e-17 2.477034241366494409e-15
6.250000000000000347e-03 2.781102076803073503e-02 1.721091427769834079e-02 4.488815409750802022e-17 1.794062536283599898e-15
6.500000000000000569e-03 1.517730160579310560e-02 1.483741861822827912e-02 1.015183502134876491e-16 1.318051323099218693e-15
6.750000000000000791e-03 9.225273223334991973e-03 1.049652607830016578e-02 1.573119825180222663e-16 9.825294303625367244e-16
7.000000000000001013e-03 5.960548489623496669e-03 6.828775884748237816e-03 2.194757762258134161e-16 7.426492267712940667e-16
7.250000000000001235e-03 3.845890897554661916e-03 4.345190492665433266e-03 2.709172788767662687e-16 5.695297687071470536e-16
7.499999999999999722e-03 2.498330992559296033e-03 2.684754239005562870e-03 3.168167472931576953e-16 4.411327125182796190e-16
7.750000000000000812e-03 1.643050086016802471e-03 1.598373494570892207e-03 3.511391779704492532e-16 3.477704516038729406e-16
8.000000000000000167e-03 1.072109836363431329e-03 9.320819227013010756e-04 3.753348219713215895e-16 2.771026141747596193e-16
8.250000000000000389e-03 7.055255884366716003e-04 5.235393602070683317e-04 4.009867027075035856e-16 2.238297740094466603e-16
8.500000000000000611e-03 4.635226055728998884e-04 2.819353572802445369e-04 4.217205429814492833e-16 1.865369793402409361e-16
8.750000000000000833e-03 3.064293455425610795e-04 1.442803578677200169e-04 4.391896184914267908e-16 1.554654078703224477e-16
9.000000000000001055e-03 2.028711278685500340e-04 7.040018224575368873e-05 4.274585190296438629e-16 1.196154532057564200e-16
9.250000000000001277e-03 1.342239083028040018e-04 3.204328002373041807e-05 4.312493412935950438e-16 1.036242785568189485e-16
9.500000000000001499e-03 8.878472009705602199e-05 1.351938590220735070e-05 4.567391459311351827e-16 9.914224666886514510e-17
9.750000000000001721e-03 5.883627995150624880e-05 5.123609759971696601e-06 4.485380659482432901e-16 7.424680232436550083e-17
1.000000000000000021e-02 3.891197907683356449e-05 1.715724685457583306e-06 4.453719817320281465e-16 6.015183941143754966e-17
