# time 1 2 D-1 D
0.000000000000000000e+00 9.999999369235287316e-01 3.505633355567801521e-08 2.646495239266206842e-36 1.161833820768786315e-36
2.500000000000000052e-04 9.988358682988109916e-01 4.508283616207769520e-07 4.986980679344246936e-29 3.472126081468428743e-34
5.000000000000000104e-04 9.950626686125195741e-01 1.041053319462550972e-05 1.125393007490965916e-24 1.731656123975643892e-28
7.500000000000001240e-04 9.881674826919599752e-01 7.227038781682003712e-05 4.462957298744080564e-22 4.546383968954408574e-25
1.000000000000000021e-03 9.774784047481188676e-01 3.134386980189859582e-04 3.389572801820175406e-20 1.410513095870503254e-22
1.250000000000000026e-03 9.620438990908418697e-01 1.063914835282786086e-03 1.041106228554272431e-18 1.312745665036869383e-20
1.500000000000000248e-03 9.403722208444079689e-01 3.086997236938377517e-03 1.807986632633281153e-17 5.478604555241085547e-19
1.750000000000000253e-03 9.099425012171457050e-01 8.065080070252597655e-03 2.132416680350020496e-16 1.235423793187506465e-17
2.000000000000000042e-03 8.664019359965222655e-01 1.940912396413280519e-02 1.961507019390543362e-15 1.649537690355977329e-16
2.250000000000000264e-03 8.026752906696572598e-01 4.339118996129409656e-02 1.564404779719165229e-14 1.391328323750771679e-15
2.500000000000000052e-03 7.097876069708797253e-01 8.850889646856213711e-02 7.081394140555776531e-14 7.943464504066246528e-15
2.750000000000000274e-03 5.844002396507194108e-01 1.579095462813553952e-01 2.106633434956628579e-13 3.295348942651174451e-14
3.000000000000000496e-03 4.421669788621655495e-01 2.356521347306129721e-01 5.402302829734232050e-13 1.057283290229557630e-13
3.250000000000000284e-03 3.130100568397768956e-01 2.888711158945373447e-01 1.201323635003647120e-12 2.758311211225734002e-13
3.500000000000000507e-03 2.148689282107191234e-01 2.843555675941866201e-01 2.333430570748569545e-12 6.084563446096755467e-13
3.749999999999999861e-03 1.469369724130194510e-01 2.075933589116711608e-01 4.088407798684546028e-12 1.170100842547703597e-12
4.000000000000000083e-03 1.013064623586946988e-01 1.286250853474920075e-01 6.581133278781372686e-12 2.009709463818498854e-12
4.250000000000000305e-03 7.064214024141418635e-02 9.297861875078468341e-02 9.847439234455793448e-12 3.143329811020705805e-12
4.500000000000000527e-03 4.980581563647152460e-02 1.950533023321451842e-02 1.401216595939446323e-11 4.547898599759980336e-12
4.750000000000000749e-03 3.546149375574500495e-02 1.232462592655179066e-02 1.902924345897277604e-11 6.166137680599521294e-12
5.000000000000000104e-03 2.546635344453706054e-02 8.688667447201795305e-03 2.489064640531083791e-11 7.918628776617415428e-12
5.250000000000000326e-03 1.842794153443431948e-02 6.557912735200705813e-03 3.155709038164519766e-11 9.718141113761901854e-12
5.500000000000000548e-03 1.342557634762137769e-02 5.160935659896989658e-03 3.888979319259881223e-11 1.148278502759796725e-11
5.750000000000000770e-03 9.840404989197028621e-03 4.192288279235658645e-03 4.702599095203043657e-11 1.314592953403526277e-11
6.000000000000000992e-03 7.250643202494181337e-03 3.499947303164468570e-03 5.573649288451204569e-11 1.465973098039534203e-11
6.250000000000000347e-03 5.366048592655745658e-03 2.957142055813426641e-03 6.466686637063070217e-11 1.599570341099236210e-11
6.500000000000000569e-03 3.984831329282851296e-03 2.543315722899939981e-03 7.427638045055538439e-11 1.714334307755812722e-11
6.750000000000000791e-03 2.964911161678491537e-03 2.219740865880197832e-03 8.396438493923025035e-11 1.810672554328649006e-11
7.000000000000001013e-03 2.210320540146256275e-03 1.945982590537469583e-03 9.383917023584327561e-11 1.889996498854841127e-11
7.250000000000001235e-03 1.645195436160528822e-03 1.720556602482955491e-03 1.041024612295381352e-10 1.954280030661947293e-11
7.499999999999999722e-03 1.224171187957179795e-03 1.528074349160039782e-03 1.139658687271925850e-10 2.005939041597530367e-11
7.750000000000000812e-03 9.090909310499554336e-04 1.360419753907829909e-03 1.245641898759144127e-10 2.047371874986789446e-11
8.000000000000000167e-03 6.716406168752794142e-04 1.214756867447151214e-03 1.353155464349284434e-10 2.080887296201343894e-11
8.250000000000000389e-03 4.929093895233655279e-04 1.087076247064056684e-03 1.464737692817133508e-10 2.108613341141424819e-11
8.500000000000000611e-03 3.601892209601052644e-04 9.723771899405275710e-04 1.577618797336679595e-10 2.132400842475296060e-11
8.750000000000000833e-03 2.612701254999806578e-04 8.700425127818366480e-04 1.693687355619156605e-10 2.153787337028486868e-11
9.000000000000001055e-03 1.867052063964328855e-04 7.795669797494892035e-04 1.810289676500951493e-10 2.174079346295383729e-11
9.250000000000001277e-03 1.326994235873889716e-04 6.972961320181748478e-04 1.931810034865928366e-10 2.194504428913076074e-11
9.500000000000001499e-03 9.342301324114128669e-05 6.232928763826006127e-04 2.062407394634845194e-10 2.215783982831947936e-11
9.750000000000001721e-03 6.433784027083922733e-05 5.576238643618606616e-04 2.195874024439310075e-10 2.238396811895110618e-11
1.000000000000000021e-02 4.389202151761272338e-05 4.983431274084252228e-04 2.343040026117957360e-10 2.262998321616802409e-11
