# time 1 2 D-1 D
0.000000000000000000e+00 9.999999764803478852e-01 4.360742723335347426e-09 1.689420481001791820e-34 1.264009075439205757e-34
2.500000000000000486e-03 9.999925192956636844e-01 6.494836133920891412e-06 3.695615223615828845e-22 2.980293796339475348e-23
5.000000000000000971e-03 9.998544308026233729e-01 1.307622080642546606e-04 1.678097759362461541e-20 2.659200549671539817e-21
7.500000000000001457e-03 9.991172981110679752e-01 8.117102579064609368e-04 2.350252617998468062e-19 1.342466073245573097e-20
1.000000000000000194e-02 9.966940693471399992e-01 3.098092238167119480e-03 1.126852044487343985e-18 3.237001353855754036e-20
1.250000000000000069e-02 9.906115227384213462e-01 8.916747458105746954e-03 5.660292067132215463e-18 2.830872533702761816e-20
1.500000000000000291e-02 9.780280784197434851e-01 2.098006894191190713e-02 3.206347246535342087e-17 1.261561261741098630e-20
1.750000000000000167e-02 9.560024494948330398e-01 4.130116607968496723e-02 2.049613208636531680e-16 6.170369181827205744e-19
2.000000000000000389e-02 9.231314071133244203e-01 6.561625563093455293e-02 1.284061676684381818e-15 5.096157211271377258e-18
2.250000000000000264e-02 8.810087320788385634e-01 7.381739762763858681e-02 7.076618478178384959e-15 1.689338770991175049e-17
2.500000000000000139e-02 8.339045910459301769e-01 6.479946030660700684e-02 3.349492123831064662e-14 1.825318867784674156e-17
2.750000000000000361e-02 7.867413228361850308e-01 5.792440369940531075e-02 1.345982834825794255e-13 1.122032450095582198e-17
3.000000000000000583e-02 7.432159971095888551e-01 5.488458154113118326e-02 4.550106707706509561e-13 9.130446614517524493e-16
3.250000000000000111e-02 7.052272378378579010e-01 5.395505854120431072e-02 1.268758185310237946e-12 8.649399578793488293e-15
3.500000000000000333e-02 6.732544599801715268e-01 5.374589085178033826e-02 2.942408514350863604e-12 4.424886896484762845e-14
3.750000000000000555e-02 6.469614938978710539e-01 5.367731251384326441e-02 6.184589620534425669e-12 1.584454433093646051e-13
4.000000000000000777e-02 6.256575698270572250e-01 5.349591375397061421e-02 1.273711270940090764e-11 4.427593845727926691e-13
4.250000000000000999e-02 6.085639321792304379e-01 5.308154482416954645e-02 2.868458839968530679e-11 1.027051211166368610e-12
4.500000000000000527e-02 5.949418754679836052e-01 5.247787318742756085e-02 7.299823261026867256e-11 2.057433373774593697e-12
4.750000000000000749e-02 5.841428600693014950e-01 5.168664462939709381e-02 2.045779354456424788e-10 3.657751350786570620e-12
5.000000000000000278e-02 5.756198590132818316e-01 5.072839226813877223e-02 4.893519892928026014e-10 5.881600574824950961e-12
5.250000000000000500e-02 5.689217594000302025e-01 4.953012934405799650e-02 8.473849805623747446e-10 8.668639563965244086e-12
5.500000000000000722e-02 5.636810108672229980e-01 4.821689336257701380e-02 1.208985287474861078e-09 1.181940631142034059e-11
5.750000000000000944e-02 5.596021741552841267e-01 4.679740386354493131e-02 1.571790766660207328e-09 1.499653157384080837e-11
6.000000000000001166e-02 5.564481564308724204e-01 4.525380958279935639e-02 1.927012711398280813e-09 1.776615640459803353e-11
6.250000000000000000e-02 5.540311696512549844e-01 4.365720767120229856e-02 2.263604934333190767e-09 1.967116627154760051e-11
6.500000000000000222e-02 5.522001807702779930e-01 4.198680289854348630e-02 2.570551948282654949e-09 2.031452801804782599e-11
6.750000000000000444e-02 5.508392576710703370e-01 4.029125658865313070e-02 2.839385078109241368e-09 1.949099850048340951e-11
7.000000000000000666e-02 5.498571976799955241e-01 3.857830679289715042e-02 3.063899975927341152e-09 1.713361304048371344e-11
7.250000000000000888e-02 5.491825855756652386e-01 3.684648911310570152e-02 3.240053088634059808e-09 1.378099285899969059e-11
7.500000000000001110e-02 5.487588559934082344e-01 3.512417689805239635e-02 3.370647317896613076e-09 9.331485550895871854e-12
7.750000000000001332e-02 5.485433247803810364e-01 3.343046625884413953e-02 3.456123245717319171e-09 5.213766646099376095e-12
8.000000000000001554e-02 5.485017525457466236e-01 3.175295102557132432e-02 3.498724161994768395e-09 1.913160098429717520e-12
8.250000000000001776e-02 5.486070329031216275e-01 3.012389907351192136e-02 3.503975728661385542e-09 1.540080840215143030e-13
8.500000000000001998e-02 5.488370715482536744e-01 2.853383519713058661e-02 3.475554585473329405e-09 6.706529464579202877e-13
8.750000000000000833e-02 5.491727378205717436e-01 2.702668933528659667e-02 3.418290410000778126e-09 3.601102483996651701e-12
9.000000000000001055e-02 5.495979120082163938e-01 2.557136146856602010e-02 3.336494335781279017e-09 9.313783547024172058e-12
9.250000000000001277e-02 5.500983386042006540e-01 2.419164974508399360e-02 3.234926405182673870e-09 1.733785573809098032e-11
9.500000000000001499e-02 5.506606697747041812e-01 2.289049672177077832e-02 3.117945423761349312e-09 2.720518752844616257e-11
9.750000000000001721e-02 5.512733555758465576e-01 2.166570671204667842e-02 2.990080345925368879e-09 3.783484304959094880e-11
1.000000000000000056e-01 5.519255713282517073e-01 2.050865546790662727e-02 2.854382903081349024e-09 4.922214518928608195e-11
