# time 1 2 D-1 D
0.000000000000000000e+00 9.999999346101897668e-01 2.220316391052160636e-08 5.279324926225215684e-36 1.923596921004526918e-35
2.500000000000000052e-04 9.999928769155251862e-01 5.516000343697284590e-06 6.971021231175856926e-32 5.154231957036731396e-33
5.000000000000000104e-04 9.998382339374779493e-01 1.349591001654810594e-04 9.415320814843190376e-27 5.074678238083945947e-28
7.500000000000001240e-04 9.988156394396323634e-01 1.043059437807441602e-03 1.375498931351357119e-25 2.333869700154868552e-28
1.000000000000000021e-03 9.945927325910174366e-01 4.959286184566257492e-03 9.734677339399863535e-25 1.647674972063319905e-27
1.250000000000000026e-03 9.815345336794714104e-01 1.742728841222117644e-02 3.627163937142898310e-24 5.501122780775687160e-26
1.500000000000000248e-03 9.504459665441964411e-01 4.727200908597824214e-02 7.827893993362727863e-24 3.329040634774301662e-25
1.750000000000000253e-03 8.950134703013746806e-01 9.712587064446524809e-02 7.041719450806221645e-24 1.941263747904811491e-24
2.000000000000000042e-03 8.219805818519974050e-01 1.439257512418519458e-01 1.757292769348432082e-24 3.759153192172206876e-23
2.250000000000000264e-03 7.476007515000117065e-01 1.586970403641325411e-01 4.938177543609491538e-23 7.871550087072875818e-22
2.500000000000000052e-03 6.838958900995693035e-01 1.323669728522095523e-01 2.810095556308268164e-21 8.416288452314168724e-21
2.750000000000000274e-03 6.343728552806987553e-01 9.242271025657521066e-02 4.457927328842477230e-20 4.096681764839004806e-20
3.000000000000000496e-03 5.976945221186986679e-01 6.903364803888573098e-02 3.028213594836300422e-19 8.016667140768539947e-20
3.250000000000000284e-03 5.711323144004867292e-01 5.574798408586172094e-02 9.900613646708540770e-19 4.367010618006762676e-20
3.500000000000000507e-03 5.520762556692531131e-01 4.785887257528058381e-02 1.552720630912438502e-18 2.871757504507020785e-22
3.749999999999999861e-03 5.384489890102719389e-01 5.222372956797009108e-02 8.596317762781863994e-19 6.147557599669345860e-20
4.000000000000000083e-03 5.287113297212222562e-01 3.385115548847621170e-02 7.257291985988655261e-21 1.136950459017133007e-19
4.250000000000000305e-03 5.217571582234495908e-01 2.831296335512476295e-02 6.413198277139269908e-19 4.537299050287332803e-20
4.500000000000000527e-03 5.168001689592286452e-01 2.580947375617062903e-02 4.275106648271155310e-18 9.426512318005341781e-21
4.750000000000000749e-03 5.132828613930964234e-01 2.366254170693702155e-02 1.520939888952037597e-17 2.353928524325906134e-19
5.000000000000000104e-03 5.108086623104313162e-01 2.226202307099709246e-02 3.418142910889441663e-17 6.461112097962590863e-19
5.250000000000000326e-03 5.090934409319812781e-01 2.116387537877159261e-02 4.517935205321119840e-18 8.780028501030693222e-19
5.500000000000000548e-03 5.079327453819616478e-01 2.029142309925207471e-02 8.668277490210129412e-19 5.820511141742055001e-19
5.750000000000000770e-03 5.071784490557664782e-01 1.957041902347776349e-02 1.791363065224200349e-19 9.723701641061742037e-20
6.000000000000000992e-03 5.067226349418835207e-01 1.881238744015541892e-02 3.208364211444309947e-18 5.157915626134890421e-19
6.250000000000000347e-03 5.064864139340220506e-01 1.829793492292153961e-02 1.065108142890274695e-17 3.646349662761040743e-18
6.500000000000000569e-03 5.064119758620576617e-01 1.794114878052305989e-02 2.246025034643367796e-17 1.109119761093375318e-17
6.750000000000000791e-03 5.064570067732511172e-01 1.751666080558318683e-02 3.570613538531556978e-17 2.505389535700216094e-17
7.000000000000001013e-03 5.065904480365968077e-01 1.714901543673911372e-02 4.575526151382536495e-17 4.294877521298009891e-17
7.250000000000001235e-03 5.067896637896002199e-01 1.682262234848448321e-02 5.286961035843059335e-17 6.346953286516793764e-17
7.499999999999999722e-03 5.070381466962381456e-01 1.657777738958535890e-02 5.974164921052269532e-17 8.959455706821163181e-17
7.750000000000000812e-03 5.073238346433812662e-01 1.643355679932261698e-02 5.143545632457199096e-17 1.136331774637995225e-16
8.000000000000000167e-03 5.076380035758911724e-01 1.623232934914313128e-02 4.009077033814065882e-17 1.264992733508781592e-16
8.250000000000000389e-03 5.079742390670702878e-01 1.598282153928392429e-02 2.971872628274755166e-17 1.321734097275296999e-16
8.500000000000000611e-03 5.083277512844386337e-01 1.584654889186254759e-02 1.827710780421279252e-17 1.383722288017849824e-16
8.750000000000000833e-03 5.086948519437377580e-01 1.571920460917062071e-02 1.002565497421696199e-17 1.231502655998568985e-16
9.000000000000001055e-03 5.090726526695670273e-01 1.558179687269444121e-02 1.345069648912930854e-17 1.007264784625520085e-16
9.250000000000001277e-03 5.094587598781247229e-01 1.548336433371369503e-02 3.030942395746120313e-17 7.930930306792871463e-17
9.500000000000001499e-03 5.098511151136344566e-01 1.537893169639524896e-02 7.322577268181822004e-17 5.722414891146264583e-17
9.750000000000001721e-03 5.102479065733207531e-01 1.531239514972578854e-02 1.389408886023868025e-16 4.105008953373079386e-17
1.000000000000000021e-02 5.106525660892881069e-01 1.527225520406995905e-02 2.340741927401069345e-16 4.522753351629565890e-17
