# time 1 2 D-1 D
0.000000000000000000e+00 9.999999764803478852e-01 4.360742723335347426e-09 1.689420481001791820e-34 1.264009075439205757e-34
1.250000000000000243e-03 9.999925194917621551e-01 6.494670850883901513e-06 3.535659401195835061e-22 3.202017305347678530e-23
2.500000000000000486e-03 9.998544315507451596e-01 1.307616731683640323e-04 1.783635254468161557e-20 2.676257809784143739e-21
3.750000000000000729e-03 9.991172953647513566e-01 8.117131629927170191e-04 2.368660473631086529e-19 1.468385821461420139e-20
5.000000000000000971e-03 9.966940379542479356e-01 3.098121523494006945e-03 1.163671637101157104e-18 3.647520964976353585e-20
6.250000000000000347e-03 9.906113774781021286e-01 8.916881707279208924e-03 5.934123651016516421e-18 3.002813341374197092e-20
7.500000000000001457e-03 9.780275877608497481e-01 2.098052855178161868e-02 3.266509002522027668e-17 5.286283015244854629e-21
8.750000000000000833e-03 9.560011769236800294e-01 4.130234219254288325e-02 2.083551967475498074e-16 5.842088194662547899e-19
1.000000000000000194e-02 9.231286000741842912e-01 6.561859548321496982e-02 1.294639739763569628e-15 5.029524838942291300e-18
1.125000000000000132e-02 8.810033856535534058e-01 7.382074983129589818e-02 7.116618644094458194e-15 1.678710657681516707e-17
1.250000000000000069e-02 8.338955318208010059e-01 6.480263451155468535e-02 3.364821645802882884e-14 1.855314943042520761e-17
1.375000000000000180e-02 7.867272862896391716e-01 5.792790573842171442e-02 1.351080830705068629e-13 1.084398878460371404e-17
1.500000000000000291e-02 7.431958118248146450e-01 5.488772597841029555e-02 4.567395338632538537e-13 9.108510448310370469e-16
1.625000000000000056e-02 7.051997866077021060e-01 5.395835137194893161e-02 1.273899433781417566e-12 8.659404900321083114e-15
1.750000000000000167e-02 6.732187555157692627e-01 5.374947829517779524e-02 2.955868821880987196e-12 4.437780173280176168e-14
1.875000000000000278e-02 6.469166597145232789e-01 5.368063137700330306e-02 6.215844930649648747e-12 1.590471863200867651e-13
2.000000000000000389e-02 6.256028821861596700e-01 5.349890028237794248e-02 1.280909850232401115e-11 4.449406567317195103e-13
2.125000000000000500e-02 6.084988019487869160e-01 5.308416783155384122e-02 2.885631317241420399e-11 1.033035113154904917e-12
2.250000000000000264e-02 5.948658835414267765e-01 5.248004761999430778e-02 7.344021805071319321e-11 2.071335203172770786e-12
2.375000000000000375e-02 5.840557759055057252e-01 5.168798774999289886e-02 2.058222808759024466e-10 3.685983422301591004e-12
2.500000000000000139e-02 5.755216169855481567e-01 5.072894933011660307e-02 4.923709773719702131e-10 5.932560481336343027e-12
2.625000000000000250e-02 5.688125092910624181e-01 4.952968995683533493e-02 8.528486968709470786e-10 8.753079485610140905e-12
2.750000000000000361e-02 5.635611052328693971e-01 4.821574071264855127e-02 1.217331274243459543e-09 1.194582361983264326e-11
2.875000000000000472e-02 5.594721364491256343e-01 4.679519299125468879e-02 1.583428541633308125e-09 1.517168071392451794e-11
3.000000000000000583e-02 5.563087359128853215e-01 4.525067553457200187e-02 1.942290325434379444e-09 1.799179828019816690e-11
3.125000000000000000e-02 5.538832826594607406e-01 4.365286568050326388e-02 2.282726075810563821e-09 1.994079863712639591e-11
3.250000000000000111e-02 5.520449951088352014e-01 4.198059463051161122e-02 2.593488205401876676e-09 2.061578437124309685e-11
3.375000000000000222e-02 5.506781106677131055e-01 4.028351345329752448e-02 2.865936145017325114e-09 1.980245396743074262e-11
3.500000000000000333e-02 5.496916048180978676e-01 3.856848938719050629e-02 3.093718051399355238e-09 1.743077217887507510e-11
3.625000000000000444e-02 5.490143055950540418e-01 3.683380555158922987e-02 3.272535011053175718e-09 1.404273480490953931e-11
3.750000000000000555e-02 5.485898622030551675e-01 3.510882913697604968e-02 3.405094396054754243e-09 9.533184891534349246e-12
3.875000000000000666e-02 5.483758033042120950e-01 3.341216661976367797e-02 3.491725128341258767e-09 5.338743711602489700e-12
4.000000000000000777e-02 5.483382282328309598e-01 3.173181951682559065e-02 3.534572906967003797e-09 1.970163311435534926e-12
4.125000000000000888e-02 5.484502252445779824e-01 3.009903638169405052e-02 3.539161608876774697e-09 1.389293328642063748e-13
4.250000000000000999e-02 5.486900183764794603e-01 2.850414032050831506e-02 3.509162418115015376e-09 6.124649230723988780e-13
4.375000000000000416e-02 5.490387964647148733e-01 2.699162209807492649e-02 3.449327544116502287e-09 3.530224105687483281e-12
4.500000000000000527e-02 5.494807628525359977e-01 2.553191526889527635e-02 3.363944497435023406e-09 9.245334411905137454e-12
4.625000000000000638e-02 5.500019436528148509e-01 2.414562784711465210e-02 3.258114588391116345e-09 1.727205661316215311e-11
4.750000000000000749e-02 5.505893479439510907e-01 2.283700717004329139e-02 3.136169820425723352e-09 2.715740894829605812e-11
4.875000000000000860e-02 5.512317093093783704e-01 2.160510101822459006e-02 3.002695464725347441e-09 3.776908530729225089e-11
5.000000000000000278e-02 5.519184539819154134e-01 2.043987287056150959e-02 2.860857890119259068e-09 4.910635654685925097e-11
