# time 1 2 D-1 D
0.000000000000000000e+00 9.999999641034696962e-01 1.220572189748573913e-08 7.701416543305299924e-35 1.438290806627995426e-35
2.500000000000000052e-04 9.999884169789239330e-01 1.078653684989859791e-05 1.283642309038769624e-27 1.581107879638176994e-28
5.000000000000000104e-04 9.997642373220665402e-01 2.222192846924424259e-04 4.904891547635604344e-25 7.825596624975880940e-26
7.500000000000001240e-04 9.984927188605279280e-01 1.433195315689121717e-03 1.698840427874275174e-23 2.115907968230211168e-27
1.000000000000000021e-03 9.940401611475074839e-01 5.700954873475439812e-03 1.454402516145276307e-22 6.908572101224257164e-24
1.250000000000000026e-03 9.821658205254232277e-01 1.709796528925775980e-02 5.980347173295777846e-22 8.074202939777344651e-23
1.500000000000000248e-03 9.563739228664928094e-01 4.169334566631510697e-02 1.534457955662991881e-21 4.340165454035936660e-22
1.750000000000000253e-03 9.102320842002888934e-01 8.455521441876358291e-02 2.450338599585759807e-21 1.670632472126276993e-21
2.000000000000000042e-03 8.427365430974869120e-01 1.347981915448535628e-01 2.888575571712576994e-22 5.128202798889803117e-21
2.250000000000000264e-03 7.616796870078541559e-01 9.270456464829250620e-02 2.537154479773230759e-20 1.488314629410295127e-20
2.500000000000000052e-03 6.792511395107012628e-01 6.059807816077249221e-02 5.800705234665192669e-19 4.525291600149076603e-20
2.750000000000000274e-03 6.047004929598188694e-01 5.760342528487218117e-02 5.990842658459400402e-18 1.567166302608688146e-19
3.000000000000000496e-03 5.418200612341428357e-01 6.061727457664253110e-02 4.456609936595799214e-17 5.493947963175636064e-19
3.250000000000000284e-03 4.906479469129798598e-01 6.606312553999067749e-02 2.724436536816367010e-16 1.447246079799079125e-18
3.500000000000000507e-03 4.496618903873529915e-01 7.214609788401882273e-02 1.426266232641598254e-15 1.460058275764242426e-18
3.749999999999999861e-03 4.170293406707254458e-01 7.823236854294984832e-02 6.432501453536417719e-15 1.025567085605656137e-18
4.000000000000000083e-03 3.910899308275362918e-01 8.398949685485582184e-02 2.454283380313777292e-14 8.617515067575587769e-17
4.250000000000000305e-03 3.704717563496490729e-01 8.919144923513297463e-02 7.833510157564778390e-14 9.003352953837374545e-16
4.500000000000000527e-03 3.540782379372832689e-01 9.359697357036859955e-02 2.085511718744996475e-13 5.407074164143743315e-15
4.750000000000000749e-03 3.410419693737024582e-01 9.737183405367011435e-02 4.710376585991896482e-13 2.411919160986274241e-14
5.000000000000000104e-03 3.306784028930644936e-01 1.004016478896203601e-01 9.286302718445563887e-13 8.811946247558864234e-14
5.250000000000000326e-03 3.224470682683748812e-01 1.027922764748658846e-01 1.644519275338769366e-12 2.689435184562988048e-13
5.500000000000000548e-03 3.159207689148168519e-01 1.048273009520771515e-01 2.661741925057409713e-12 7.161418866756730142e-13
5.750000000000000770e-03 3.107611604296260932e-01 1.034511777390575114e-02 4.001232293623218231e-12 1.691293408843757797e-12
6.000000000000000992e-03 3.067000538664046982e-01 3.768686210902860104e-03 5.691308415165462501e-12 3.560187045085954961e-12
6.250000000000000347e-03 3.035245343664134121e-01 2.879470867120947387e-03 7.647707591187303948e-12 6.877346229158455261e-12
6.500000000000000569e-03 3.010654323620371442e-01 2.491272283996219441e-03 9.977305869097152377e-12 1.213536916539588798e-11
6.750000000000000791e-03 2.991882791111236117e-01 2.194831908862632675e-03 1.260024981342810518e-11 2.001078877584104023e-11
7.000000000000001013e-03 2.977861109921398630e-01 2.055823471710661876e-03 1.555552624686763172e-11 3.102133096516830896e-11
7.250000000000001235e-03 2.967738718531613418e-01 1.883984407767523746e-03 1.889111248548228686e-11 4.555549820039514159e-11
7.499999999999999722e-03 2.960837857508211712e-01 1.752365465894259672e-03 2.301707028471310811e-11 6.346131312088376925e-11
7.750000000000000812e-03 2.956617004984879449e-01 1.601906477744357692e-03 2.748765168178414690e-11 8.519520080168731514e-11
8.000000000000000167e-03 2.954641608948471720e-01 1.504148463617939468e-03 3.325632484215372638e-11 1.096864824287023885e-10
8.250000000000000389e-03 2.954559631405608844e-01 1.395587154113989365e-03 3.970309275649305699e-11 1.371738776212189588e-10
8.500000000000000611e-03 2.956082549291756956e-01 1.328827796163068722e-03 4.758354836314206482e-11 1.664507092137404911e-10
8.750000000000000833e-03 2.958970298320008352e-01 1.248220814037576685e-03 5.662675171120922605e-11 1.971866079116083066e-10
9.000000000000001055e-03 2.963019583074952279e-01 1.192835924815118746e-03 6.656955955356378678e-11 2.289992947499763083e-10
9.250000000000001277e-03 2.968055529198227460e-01 1.115910866697401253e-03 7.836637973281337337e-11 2.603346516254655348e-10
9.500000000000001499e-03 2.973925496329050122e-01 1.073931094723352617e-03 9.086364475953018277e-11 2.916127158781593775e-10
9.750000000000001721e-03 2.980494904732144956e-01 1.022306952925225226e-03 1.043654906307920812e-10 3.219264273428718236e-10
1.000000000000000021e-02 2.987644464428952373e-01 9.673285844962237114e-04 1.188712337410022543e-10 3.506784952993964085e-10
