# time 1 2 D-1 D
0.000000000000000000e+00 9.999999487256701070e-01 7.431221794743921572e-09 1.551016869260450915e-35 3.835638640704975126e-36
1.250000000000000243e-03 9.999951347462723295e-01 3.585795093999507112e-08 2.293073778948686860e-28 1.022948489387659774e-30
2.500000000000000486e-03 9.999287997724563004e-01 9.177199484768123804e-07 3.188232718411783595e-24 7.379080283403091023e-26
3.750000000000000729e-03 9.996531388789062778e-01 7.756636904753648012e-06 1.545276916008501044e-22 4.271123150066563863e-24
5.000000000000000971e-03 9.988951669202729144e-01 4.202840687062540546e-05 1.352708748228689264e-21 2.461606232975535318e-22
6.250000000000000347e-03 9.971434160978845940e-01 1.729711553273845074e-04 1.423419551152473433e-20 2.788998843363717327e-21
7.500000000000001457e-03 9.933959697671796985e-01 5.986016817737698555e-04 7.644941278119017831e-20 2.056759713024790043e-20
8.750000000000000833e-03 9.856259342243286481e-01 1.860402159703014417e-03 3.988814954146450992e-19 1.323170901626232749e-19
1.000000000000000194e-02 9.695835921282094372e-01 5.443861605458817123e-03 3.372052886266021147e-18 9.276380658509873152e-19
1.125000000000000132e-02 9.359363533749686104e-01 1.540834521897210298e-02 4.285850827706866633e-17 7.793751476666186866e-18
1.250000000000000069e-02 8.639721732493151896e-01 4.252960848601264332e-02 3.884749244738664388e-16 6.485958723155908525e-17
1.375000000000000180e-02 7.166579239445610705e-01 1.064018385646933740e-01 2.486960199361860880e-15 4.446082234625596606e-16
1.500000000000000291e-02 4.957215465549286715e-01 1.854654866680982006e-01 1.197297895014399723e-14 2.314521900612634942e-15
1.625000000000000056e-02 3.068447939028583482e-01 1.902203769373924935e-01 4.480830765560631515e-14 9.256614115766605167e-15
1.750000000000000167e-02 1.965576274489996556e-01 1.406643369892647544e-01 1.349444198135866806e-13 2.935181933248661093e-14
1.875000000000000278e-02 1.359105494522869495e-01 9.639334985562875158e-02 3.377079662594892512e-13 7.653437882755962923e-14
2.000000000000000389e-02 9.929474012362025925e-02 6.907863072829671658e-02 7.243816579069733630e-13 1.696210355884546772e-13
2.125000000000000500e-02 7.627083053512345723e-02 5.208556796535433048e-02 1.357864065946190088e-12 3.285004144602429116e-13
2.250000000000000264e-02 6.122541856786848508e-02 4.080648887097857586e-02 2.275019235919451819e-12 5.692753193243181004e-13
2.375000000000000375e-02 4.892255842640354929e-02 3.496659411114107219e-02 3.462030486256561161e-12 8.971822595688228080e-13
2.500000000000000139e-02 5.522987991576171207e-02 1.566152506380928677e-02 4.822649488309249979e-12 1.308004408191437528e-12
2.625000000000000250e-02 2.625813053047126519e-02 3.501994184893734985e-02 6.259912507386758373e-12 1.784827138420257963e-12
2.750000000000000361e-02 2.387109499077372590e-02 3.010292181427533936e-02 7.621727164472032564e-12 2.302759693205313885e-12
2.875000000000000472e-02 2.151633666480134641e-02 2.677601694366923968e-02 8.857111564201450848e-12 2.832157745570406859e-12
3.000000000000000583e-02 2.036260921059538515e-02 2.341503339882587340e-02 9.797202538156088872e-12 3.350792541862779917e-12
3.125000000000000000e-02 1.904917576975178467e-02 2.106958200716291599e-02 1.050376474007911197e-11 3.830792934500604887e-12
3.250000000000000111e-02 1.821073329583954709e-02 1.888735231071197659e-02 1.085012050817637511e-11 4.251948799299088413e-12
3.375000000000000222e-02 1.744835426697533345e-02 1.711226497744651465e-02 1.104455329957348632e-11 4.604729610717127793e-12
3.500000000000000333e-02 1.697696461771179208e-02 1.541749093023399991e-02 1.101890228644417134e-11 4.879113251961635857e-12
3.625000000000000444e-02 1.640890876963657999e-02 1.410917764024440142e-02 1.083118863616749083e-11 5.072162946780083703e-12
3.750000000000000555e-02 1.603812991214359843e-02 1.283375466508883574e-02 1.049454866471370252e-11 5.189857760477518545e-12
3.875000000000000666e-02 1.574652034758797919e-02 1.166545496288213038e-02 1.005850338211988112e-11 5.232054981581934043e-12
4.000000000000000777e-02 1.544867102521594975e-02 1.065771111439871646e-02 9.690188430046852505e-12 5.208341519399648455e-12
4.125000000000000888e-02 1.521428954489367942e-02 9.717155617886424207e-03 9.129445204615379936e-12 5.130315457411563828e-12
4.250000000000000999e-02 1.504338411282806973e-02 8.826365079083476825e-03 8.733834143423027302e-12 5.005037189350570081e-12
4.375000000000000416e-02 1.486183972307568261e-02 8.047464703417408355e-03 8.270877735861373685e-12 4.824636402301703029e-12
4.500000000000000527e-02 1.472908734750317215e-02 7.307385624254389943e-03 7.808658303265138148e-12 4.614061077462841463e-12
4.625000000000000638e-02 1.461581957720011968e-02 6.630966342764246964e-03 7.301206673451585188e-12 4.401295878707931485e-12
4.750000000000000749e-02 1.451807977419390314e-02 6.016644261547292316e-03 6.983152999311842177e-12 4.172059537020217102e-12
4.875000000000000860e-02 1.443656287604235151e-02 5.448634645700572814e-03 6.577018375747513639e-12 3.922856851830891491e-12
5.000000000000000278e-02 1.439702924281466290e-02 4.912656107906249528e-03 6.218977793068233095e-12 3.648280587639057438e-12
