# time 1 2 D-1 D
0.000000000000000000e+00 9.999999487256701070e-01 7.431221794743921572e-09 1.551016869260450915e-35 3.835638640704975126e-36
1.250000000000000243e-03 9.956835191682044117e-01 1.014341375576471932e-05 8.184887740238417353e-27 2.936309034444039320e-29
2.500000000000000486e-03 9.830482525288520845e-01 6.133380587378327688e-05 3.921414534604251235e-22 4.640532248882444620e-24
3.750000000000000729e-03 9.623410696290580768e-01 1.937862132489494955e-04 3.228974061122315353e-19 7.896435682698869349e-21
5.000000000000000971e-03 9.335106984094760918e-01 4.952949075998656697e-04 5.038458006691862658e-17 2.176314293263937450e-18
6.250000000000000347e-03 8.961957807735967396e-01 1.098666400267011255e-03 3.053954039115495545e-15 2.215787340535240197e-16
7.500000000000001457e-03 8.496538111692555351e-01 2.249980656975489584e-03 9.788438482154875282e-14 1.141973641295009713e-14
8.750000000000000833e-03 7.925565940615917349e-01 4.453239587454299944e-03 1.927540737860039758e-12 3.289471840557842840e-13
1.000000000000000194e-02 7.224970761220046445e-01 8.822860024896975184e-03 2.696623959563925788e-11 5.413108078032834940e-12
1.125000000000000132e-02 6.348997647202387906e-01 1.775050958977554896e-02 2.673903048084441070e-10 5.314911717227777163e-11
1.250000000000000069e-02 5.214082800318204924e-01 3.631993253092866136e-02 1.371209354595952447e-09 3.382244038508359989e-10
1.375000000000000180e-02 3.730982358478949767e-01 6.965812645403082759e-02 4.767950288084074453e-09 1.527021924328912670e-09
1.500000000000000291e-02 2.146108874725622950e-01 9.521349014682478629e-02 1.339497243976989555e-08 5.282802767180300659e-09
1.625000000000000056e-02 1.072577665230217692e-01 7.660996024498416268e-02 3.204942515141992204e-08 1.486605074596872308e-08
1.750000000000000167e-02 5.467245228332197338e-02 4.369459936061347721e-02 6.759643726138781850e-08 3.559277671762710613e-08
1.875000000000000278e-02 2.994258239137852565e-02 2.272574473191187050e-02 1.285550768887575650e-07 7.498825276919953687e-08
2.000000000000000389e-02 1.733264523727023540e-02 1.225780422450408087e-02 2.254120717437481053e-07 1.425982099955169573e-07
2.125000000000000500e-02 1.058798546940101747e-02 6.951943612391626483e-03 3.689353399717638428e-07 2.495250421616244737e-07
2.250000000000000264e-02 6.793637219652906914e-03 4.111045315181779784e-03 5.699605299904580877e-07 4.078059193713676359e-07
2.375000000000000375e-02 4.376613006515170032e-03 2.686373717661405709e-03 8.407795228205503582e-07 6.297495869867788431e-07
2.500000000000000139e-02 3.764789808861197361e-03 9.749540104226955741e-04 1.183426819682525760e-06 9.273206155933019273e-07
2.625000000000000250e-02 1.202583873453492600e-03 2.078435258283212964e-03 1.611132712802196098e-06 1.311626929956206630e-06
2.750000000000000361e-02 8.591499209171875838e-04 1.475356971010090626e-03 2.120916185183055302e-06 1.792538503874308684e-06
2.875000000000000472e-02 6.125521815639431737e-04 1.089588580895467854e-03 2.730032855465072309e-06 2.378428636823578259e-06
3.000000000000000583e-02 4.667107155386528063e-04 8.017007539026170092e-04 3.420426723066192615e-06 3.076032606788008489e-06
3.125000000000000000e-02 3.535346249682865070e-04 6.102328849817076481e-04 4.215320106702498623e-06 3.890411776657945968e-06
3.250000000000000111e-02 2.773058139029396622e-04 4.678162756892831646e-04 5.086112338951164601e-06 4.824975334808457438e-06
3.375000000000000222e-02 2.198625271637713791e-04 3.652272559261680396e-04 6.088229769217347270e-06 5.881565371648445650e-06
3.500000000000000333e-02 1.791975310561210062e-04 2.866556498834635846e-04 7.195260490016490879e-06 7.060607348775476213e-06
3.625000000000000444e-02 1.458261104687567781e-04 2.297409006790574382e-04 8.414996020414046931e-06 8.361218626062096940e-06
3.750000000000000555e-02 1.212914709277781929e-04 1.849064770447420686e-04 9.735944494161225175e-06 9.781364409033164753e-06
3.875000000000000666e-02 1.022035761516218514e-04 1.499907339911359561e-04 1.116446257020948561e-05 1.131808492288681834e-05
4.000000000000000777e-02 8.656054968084474395e-05 1.230938400482223716e-04 1.278139157104925005e-05 1.296754934512840225e-05
4.125000000000000888e-02 7.415766433299909529e-05 1.016299267533213676e-04 1.441802768025811836e-05 1.472521996743116536e-05
4.250000000000000999e-02 6.426610376122632036e-05 8.430268049672837768e-05 1.628985468862563171e-05 1.658615488944891630e-05
4.375000000000000416e-02 5.592077410152880855e-05 7.059097447366940059e-05 1.823830778516590169e-05 1.854489224636983336e-05
4.500000000000000527e-02 4.914438892296702893e-05 5.933662292168288642e-05 2.029808328213504143e-05 2.059560691195801542e-05
4.625000000000000638e-02 4.348196531821781573e-05 5.017180742974286251e-05 2.241279842751252551e-05 2.273236742347202723e-05
4.750000000000000749e-02 3.871260269704728316e-05 4.267533685153190480e-05 2.479972711711068680e-05 2.494886514185332108e-05
4.875000000000000860e-02 3.467820284313455765e-05 3.646467773094583546e-05 2.716784912621222735e-05 2.723862689355870676e-05
5.000000000000000278e-02 3.134353050960015871e-05 3.125353891115628782e-05 2.967385557336194932e-05 2.959538029212949322e-05
