# time 1 2 D-1 D
0.000000000000000000e+00 9.999999608244048988e-01 1.206829249747664074e-08 3.547513381087042511e-35 1.828187589116362379e-35
2.500000000000000052e-04 9.991920027800303972e-01 4.547735720783661830e-06 2.331831427006158482e-27 2.439379224426068633e-25
5.000000000000000104e-04 9.965462700884174518e-01 9.636711932484462266e-05 3.691212373710140913e-23 1.297708676231081683e-21
7.500000000000001240e-04 9.915210032130956641e-01 6.431200156293796896e-04 1.200650273763089937e-20 2.086614103786139134e-19
1.000000000000000021e-03 9.830397845943515955e-01 2.653325393500208327e-03 6.740840046327594335e-19 7.667474990339774316e-18
1.250000000000000026e-03 9.690841822330878985e-01 8.226076857925097852e-03 1.626852699526600570e-17 1.204989992022121163e-16
1.500000000000000248e-03 9.465763796798549734e-01 2.052426559805524756e-02 2.076557002335552045e-16 1.071309354919641072e-15
1.750000000000000253e-03 9.125048685098859913e-01 4.162129276741097922e-02 1.774874858733599679e-15 6.321362789902261044e-15
2.000000000000000042e-03 8.666493783947747387e-01 6.639824064966520778e-02 1.053690709976021942e-14 2.778870127613431756e-14
2.250000000000000264e-03 8.134744764838801601e-01 8.177775980658473498e-02 4.650641956697077546e-14 1.004235867178472561e-13
2.500000000000000052e-03 7.601677576314870288e-01 8.446434812577992279e-02 1.584223503561532190e-13 3.236688431396584056e-13
2.750000000000000274e-03 7.126937609427448361e-01 8.398081348602598473e-02 4.272060340098511424e-13 9.783898408266834790e-13
3.000000000000000496e-03 6.738745770315857087e-01 8.242054790955807841e-02 9.126103871006861398e-13 2.799799165108352267e-12
3.250000000000000284e-03 6.439287892148933823e-01 7.952263039807179468e-02 1.620202016626656102e-12 7.409233235770829594e-12
3.500000000000000507e-03 6.217333323909121079e-01 7.576609257605750047e-02 2.928320962123562076e-12 1.756147341675385773e-11
3.749999999999999861e-03 6.057609241340088380e-01 7.129397794885503070e-02 7.316779409041441854e-12 3.671015550367839240e-11
4.000000000000000083e-03 5.945548193390294278e-01 6.709767479154217507e-02 2.360225807785522405e-11 6.807500146634124447e-11
4.250000000000000305e-03 5.869014853540017729e-01 6.331905230162884757e-02 5.617218369461968325e-11 1.135995240636565343e-10
4.500000000000000527e-03 5.818550081024754794e-01 6.024965628706929061e-02 9.328684115114734053e-11 1.730138090903235739e-10
4.750000000000000749e-03 5.787035893535752429e-01 5.782160951610150479e-02 1.225164536309568228e-10 2.437059331247779488e-10
5.000000000000000104e-03 5.769214684379944114e-01 5.584858625245762292e-02 1.427982341844669786e-10 3.216588995210634227e-10
5.250000000000000326e-03 5.761238549932528041e-01 5.429135034659222231e-02 1.586360081533392817e-10 4.027271812097598293e-10
5.500000000000000548e-03 5.760299593735475066e-01 5.296632739410103707e-02 1.724181366540679898e-10 4.834505919737559899e-10
5.750000000000000770e-03 5.764350910277731277e-01 5.202282329885235534e-02 1.827905346434135547e-10 5.613275623217640979e-10
6.000000000000000992e-03 5.771898677501932085e-01 5.115144810656534202e-02 1.902919961764306048e-10 6.347517365484522041e-10
6.250000000000000347e-03 5.781849192685191152e-01 5.050507499353499435e-02 1.924577687482198942e-10 7.027694993990159479e-10
6.500000000000000569e-03 5.793401884540174684e-01 4.995532142261439879e-02 1.878533022318131621e-10 7.649203956008899323e-10
6.750000000000000791e-03 5.805970265103432837e-01 4.955183631120066434e-02 1.777899789856354221e-10 8.210617671914145037e-10
7.000000000000001013e-03 5.819124512342785938e-01 4.912812734799516107e-02 1.640634001082084055e-10 8.712689049177035047e-10
7.250000000000001235e-03 5.832550635675421979e-01 4.882768380345268305e-02 1.489524523130163433e-10 9.157415451001574480e-10
7.499999999999999722e-03 5.846020300186371976e-01 4.862631582983242828e-02 1.334232253782708673e-10 9.547712555385970553e-10
7.750000000000000812e-03 5.859368888092443273e-01 4.841853456828530688e-02 1.182926226532593368e-10 9.887017093702666502e-10
8.000000000000000167e-03 5.872479199438001007e-01 4.826217091870493164e-02 1.042045711419860383e-10 1.017908388690304791e-09
8.250000000000000389e-03 5.885269386770038968e-01 4.814531058010766695e-02 9.107744689791905274e-11 1.042778938358909879e-09
8.500000000000000611e-03 5.897684213277556431e-01 4.801145944220872736e-02 7.897534963295745943e-11 1.063706105037890827e-09
8.750000000000000833e-03 5.909688126212061521e-01 4.795730280791642847e-02 6.846170396937574785e-11 1.081073750823314191e-09
9.000000000000001055e-03 5.921260421659765294e-01 4.791304769456716101e-02 5.892888860477100504e-11 1.095258266926394278e-09
9.250000000000001277e-03 5.932390996538982053e-01 4.789945225468322798e-02 5.049478974180923719e-11 1.106606774804955126e-09
9.500000000000001499e-03 5.943078041811057366e-01 4.786118248238650091e-02 4.314547458022312549e-11 1.115425877476061634e-09
9.750000000000001721e-03 5.953325692089852517e-01 4.787224586038397317e-02 3.684448734190736202e-11 1.122127669301824711e-09
1.000000000000000021e-02 5.963272912868362585e-01 4.793150452519730209e-02 3.125477438778755575e-11 1.126575574526170149e-09
