# lambda 1 2 D-1 D
0.000000000000000000e+00 -1.199999995497703154e+01 -1.000000003259327386e+01 1.000000000647823128e+01 1.199999995467448954e+01
2.500000000000000139e-02 -1.170937782126735804e+01 -9.829397258577854402e+00 9.829402264974563153e+00 1.170933061675872189e+01
5.000000000000000278e-02 -1.143854368140323174e+01 -9.675226396028929088e+00 9.675278196665534125e+00 1.143815030429809099e+01
7.500000000000001110e-02 -1.118906999994494988e+01 -9.538220832362730661e+00 9.538436894225762686e+00 1.118769707908024635e+01
1.000000000000000056e-01 -1.096251639100083075e+01 -9.419127211149790568e+00 9.419732371674522042e+00 1.095917878083911923e+01
1.250000000000000000e-01 -1.076035346941943338e+01 -9.318685741060958705e+00 9.320030036368587290e+00 1.075372849869170189e+01
1.500000000000000222e-01 -1.058386579752709800e+01 -9.237613688121358635e+00 9.240159866836973990e+00 1.057234393268910999e+01
1.750000000000000167e-01 -1.043404720571903432e+01 -9.176575317645957242e+00 9.180843682702084507e+00 1.041581580152905495e+01
2.000000000000000111e-01 -1.031151095480149493e+01 -9.136140028230318677e+00 9.142607629611859466e+00 1.028465788028856664e+01
2.250000000000000056e-01 -1.021643952898254604e+01 -9.116732120575983700e+00 9.125701979195346425e+00 1.017905637576864741e+01
2.500000000000000000e-01 -1.014859002526659815e+01 -9.118580851350708727e+00 9.130054173997896427e+00 1.009885474347590240e+01
2.750000000000000222e-01 -1.010735392024926149e+01 -9.141682486396964791e+00 9.155272298536241138e+00 1.004358057900316759e+01
3.000000000000000444e-01 -1.009185355851250421e+01 -9.185786556789881985e+00 9.200697721901828885e+00 1.001250820726524182e+01
3.250000000000000111e-01 -1.010105041178050200e+01 -9.250412926939919345e+00 9.265488955103034385e+00 1.000474117193853019e+01
3.500000000000000333e-01 -1.013384349353983716e+01 -9.334896993845793745e+00 9.348711589764922891e+00 1.001929736581786834e+01
3.750000000000000000e-01 -1.018914553340640339e+01 -9.438451918027780607e+00 9.449413726570377037e+00 1.005518492765054006e+01
4.000000000000000222e-01 -1.026593377019255726e+01 -9.560233647665814516e+00 9.566674851628260257e+00 1.011146485919159943e+01
4.250000000000000444e-01 -1.036327830023327401e+01 -9.699398099009576057e+00 9.699624060538669212e+00 1.018730260037508195e+01
4.500000000000000111e-01 -1.048035350423989875e+01 -9.855146871768306838e+00 9.847428294252106085e+00 1.028201460429405323e+01
4.750000000000000333e-01 -1.061643826100758226e+01 -1.002676431634760412e+01 1.000925314288334711e+01 1.039511341425082769e+01
5.000000000000000000e-01 -1.077090963274364555e+01 -1.021365342263682052e+01 1.018420527715607804e+01 1.052635619944936352e+01
5.250000000000000222e-01 -1.094323325236310573e+01 -1.041537851063754694e+01 1.037127334096380515e+01 1.067577876123857727e+01
5.500000000000000444e-01 -1.113295212098433318e+01 -1.063171475083860251e+01 1.056932014063051817e+01 1.084368211014926509e+01
5.750000000000000666e-01 -1.133967406068521200e+01 -1.086266811461573312e+01 1.077720135358399745e+01 1.103049189965731358e+01
6.000000000000000888e-01 -1.156305675456052562e+01 -1.110835043184824933e+01 1.099407433357155561e+01 1.123643195659384553e+01
6.250000000000000000e-01 -1.180278840409397034e+01 -1.136860160192543745e+01 1.121977465714612876e+01 1.146112639605519234e+01
6.500000000000000222e-01 -1.205856215308207879e+01 -1.164262092753958200e+01 1.145492716844549363e+01 1.170345508234845511e+01
6.750000000000000444e-01 -1.233004439785610273e+01 -1.192910157446405606e+01 1.170061596859469688e+01 1.196182128952939294e+01
7.000000000000000666e-01 -1.261684132309616047e+01 -1.222671201140209973e+01 1.195789366448583380e+01 1.223457409743610924e+01
7.250000000000000888e-01 -1.291847272757581422e+01 -1.253441354090560722e+01 1.222744365968387470e+01 1.252028155516651964e+01
7.500000000000000000e-01 -1.323436360851351168e+01 -1.285152258982332896e+01 1.250947568251280728e+01 1.281781571701070277e+01
7.750000000000000222e-01 -1.356385858717624160e+01 -1.317765712766815511e+01 1.280379203011508338e+01 1.312633382819598182e+01
8.000000000000000444e-01 -1.390625413439181912e+01 -1.351265712562988597e+01 1.310994098220704984e+01 1.344523800447399964e+01
8.250000000000000666e-01 -1.426083573947036598e+01 -1.385651412485341893e+01 1.344547552831659942e+01 1.377414434417709899e+01
8.500000000000000888e-01 -1.462690712183256636e+01 -1.420931610644503706e+01 1.381681679115535744e+01 1.411286992277312180e+01
8.750000000000000000e-01 -1.500380485815402665e+01 -1.457120987641958010e+01 1.419496272451591068e+01 1.446143530444489755e+01
9.000000000000000222e-01 -1.539089928448884592e+01 -1.494236882784153053e+01 1.457937616562680461e+01 1.482007237961972734e+01
9.250000000000000444e-01 -1.578758706200441608e+01 -1.532295042392197360e+01 1.496946635859058006e+01 1.518921349042503977e+01
9.500000000000000666e-01 -1.619328179074271290e+01 -1.571303326879596440e+01 1.536450939170777730e+01 1.556941581132322128e+01
9.750000000000000888e-01 -1.660740745725208356e+01 -1.611253878954471119e+01 1.576369501295226527e+01 1.596116294438513350e+01
1.000000000000000000e+00 -1.702939686506977779e+01 -1.652116690069305349e+01 1.616630692316567064e+01 1.636456416923382307e+01
