# time 1 2 D-1 D
0.000000000000000000e+00 9.999999716612617551e-01 4.557232522971156707e-09 1.584259654351276084e-34 1.745021363795685592e-34
2.500000000000000052e-04 9.999991311274882833e-01 2.013159020289166752e-08 2.514218660374475091e-23 2.082616170594496186e-24
5.000000000000000104e-04 9.999863985238013342e-01 2.858039632730803592e-07 1.430265515844472674e-21 3.740589769373059447e-23
7.500000000000001240e-04 9.999310807390718869e-01 1.722238013448267134e-06 8.112837623905222501e-21 6.263235477171655799e-22
1.000000000000000021e-03 9.997796759125030519e-01 7.025708224860694424e-06 3.709340188707123346e-20 6.531883681164177985e-22
1.250000000000000026e-03 9.994490871422382350e-01 2.196632890715002309e-05 1.027603245509650089e-19 4.295758513805409813e-22
1.500000000000000248e-03 9.988137922695310422e-01 5.847254852741790319e-05 1.787926283719225309e-19 2.154680897484845057e-22
1.750000000000000253e-03 9.976873140505870818e-01 1.362481202209639896e-04 5.167409789371611177e-21 8.379105365813485743e-21
2.000000000000000042e-03 9.958011879977923808e-01 2.915073038194871324e-04 5.045786814684272007e-18 3.583120050078047445e-20
2.250000000000000264e-03 9.927883128589347628e-01 5.716565167635546127e-04 1.392824978372944269e-16 2.361565817742679957e-20
2.500000000000000052e-03 9.881807937355875371e-01 1.049937162575395339e-03 2.043857191214715787e-15 8.328552338599318988e-18
2.750000000000000274e-03 9.814329630181353181e-01 1.808090190375754918e-03 2.353630966899887566e-14 1.829644855887892137e-16
3.000000000000000496e-03 9.719747248912904425e-01 2.921947587766187109e-03 3.005111419972593662e-13 2.023682759589559690e-15
3.250000000000000284e-03 9.592877722419395070e-01 4.511958316547208525e-03 2.518363783029891685e-12 1.508128546324978763e-14
3.500000000000000507e-03 9.429987998283287931e-01 6.613840219271836969e-03 8.271045820844202188e-12 8.439686994534604479e-14
3.749999999999999861e-03 9.229157511750955001e-01 9.274388304092993571e-03 2.205616575533148690e-11 3.775186105816371936e-13
4.000000000000000083e-03 8.991424092112151323e-01 1.241138719728219347e-02 5.308893846644158518e-11 1.407250523664252739e-12
4.250000000000000305e-03 8.719417084299918574e-01 1.590103855166911939e-02 1.156973722368103259e-10 4.501894913581395998e-12
4.500000000000000527e-03 8.415058951596202652e-01 1.981447331848581322e-02 2.378276456701716496e-10 1.264354093652452161e-11
4.750000000000000749e-03 8.088545707461595180e-01 2.346026847255681946e-02 4.424975272210602941e-10 3.174522779292158767e-11
5.000000000000000104e-03 7.749276401256667279e-01 2.624707078934900364e-02 8.126096388425852069e-10 7.230411890314488380e-11
5.250000000000000326e-03 7.396860410890981896e-01 2.855318207565273741e-02 1.463223818762048626e-09 1.512023442370635153e-10
5.500000000000000548e-03 7.041773953145610276e-01 2.966879247313421175e-02 2.212124837158767421e-09 2.932792153827913865e-10
5.750000000000000770e-03 6.686400335026406738e-01 2.967551167823025138e-02 3.278562041847482139e-09 5.322190710511288465e-10
6.000000000000000992e-03 6.350732691131912855e-01 2.688188601938825556e-02 4.580908583767372527e-09 9.104244332727207904e-10
6.250000000000000347e-03 6.041297283886423175e-01 2.093660007121253552e-02 6.140047698659049444e-09 1.477802149744880198e-09
6.500000000000000569e-03 5.746744015266755934e-01 1.327560078039355385e-02 7.966750022731134183e-09 2.289677477275421580e-09
6.750000000000000791e-03 5.462322078581128837e-01 4.678668020439566248e-03 9.896816723605428850e-09 3.404392297043675078e-09
7.000000000000001013e-03 5.141460464701663735e-01 1.117268007752380237e-04 1.189366631185549830e-08 4.881305850266385132e-09
7.250000000000001235e-03 4.629855063979606000e-01 1.531387148860548740e-02 1.388334172017174954e-08 6.779835864640416020e-09
7.499999999999999722e-03 3.838886966712210524e-01 5.944686942853135564e-02 1.567214817400113158e-08 9.160071341992454304e-09
7.750000000000000812e-03 3.045942414498504780e-01 1.050507760316849032e-01 1.708185771699558341e-08 1.210197712950271086e-08
8.000000000000000167e-03 2.432627493137974883e-01 1.342068376508527283e-01 1.805273377062560622e-08 1.562624922937576812e-08
8.250000000000000389e-03 2.015512222313798341e-01 1.454437719821799202e-01 1.847982517601370900e-08 1.982042547551258498e-08
8.500000000000000611e-03 1.715722606093314506e-01 1.467529263535444495e-01 1.804760522224223858e-08 2.480266121840751985e-08
8.750000000000000833e-03 1.485411513362701053e-01 1.429041493825507492e-01 1.666519497006329134e-08 3.069242466841131164e-08
9.000000000000001055e-03 1.307656050512551460e-01 1.354054912832435564e-01 1.442390196341964059e-08 3.732059891593058539e-08
9.250000000000001277e-03 1.157232539736787746e-01 1.263518671647503033e-01 1.122856354088455386e-08 4.474388224083537799e-08
9.500000000000001499e-03 1.038416762640591295e-01 1.147078011743639242e-01 7.606365019995126885e-09 5.240401412263473550e-08
9.750000000000001721e-03 9.281697706446750962e-02 1.022469126804112088e-01 4.108678503269630576e-09 5.972711481605199526e-08
1.000000000000000021e-02 8.322577321027271879e-02 8.847242842147225172e-02 1.427714968691531831e-09 6.600633407191145230e-08
