# time 1 2 D-1 D
0.000000000000000000e+00 9.999999716612617551e-01 4.557232522971156707e-09 1.584259654351276084e-34 1.745021363795685592e-34
2.500000000000000486e-03 9.980128570622343043e-01 6.148795435890118085e-06 1.657260361283524695e-19 3.844567640830848179e-22
5.000000000000000971e-03 9.918084005618935661e-01 3.052801360196105235e-05 4.286023614622438245e-17 4.720389359225917617e-19
7.500000000000001457e-03 9.809889036776364701e-01 7.715081341727882363e-05 1.065200661204952801e-15 3.252891517736757212e-17
1.000000000000000194e-02 9.651153885764662821e-01 1.644018707710893489e-04 9.789369902239221096e-15 6.884222838982398180e-16
1.250000000000000069e-02 9.437148115843492224e-01 2.941027050998272366e-04 5.028963955560322510e-14 7.619561195103878079e-15
1.500000000000000291e-02 9.163048684636905250e-01 4.870942449581679352e-04 1.642186069389749933e-13 5.591578186672008089e-14
1.750000000000000167e-02 8.824443129235504113e-01 7.364129852091243341e-04 3.281099313112417718e-13 3.089627747554454602e-13
2.000000000000000389e-02 8.418158006363757329e-01 1.082424533276477681e-03 2.376824481283228211e-13 1.388154081346063044e-12
2.250000000000000264e-02 7.943419106124776086e-01 1.496680376409839728e-03 2.826496103215077661e-13 5.334659633834060332e-12
2.500000000000000139e-02 7.403217117875421360e-01 2.003064523599836812e-03 1.850824771058034676e-11 1.816140752751478016e-11
2.750000000000000361e-02 6.805554631740178273e-01 2.564967238388633948e-03 2.447200328070180092e-10 5.613770829627172708e-11
3.000000000000000583e-02 6.164068957448447517e-01 3.115013323548936151e-03 2.223303013896875507e-09 1.602291075071717890e-10
3.250000000000000111e-02 5.497512680507841143e-01 3.693343009640636786e-03 7.998067053592151503e-09 4.270369813955579127e-10
3.500000000000000333e-02 4.827965959916756811e-01 4.197679523449696949e-03 1.429804830722424696e-08 1.070750763401536999e-09
3.750000000000000555e-02 4.177792282899984166e-01 4.606695916257763299e-03 2.696419091615755920e-08 2.539958862784597522e-09
4.000000000000000777e-02 3.567040607950898168e-01 4.860870755941254680e-03 5.295314821699252848e-08 5.727380356920623380e-09
4.250000000000000999e-02 3.010442675187764983e-01 4.931635849972060802e-03 9.905115746762088868e-08 1.233269960788005225e-08
4.500000000000000527e-02 2.516056769219187084e-01 4.893508238827193671e-03 2.021386271953233140e-07 2.547342220857548211e-08
4.750000000000000749e-02 2.088250229762657617e-01 4.627906271472906861e-03 3.595683713942128426e-07 5.069298251224809518e-08
5.000000000000000278e-02 1.725617352963366713e-01 4.134345487370178276e-03 7.895435026007466423e-07 9.759937283714369080e-08
5.250000000000000500e-02 1.421709874877965518e-01 3.601036707532976819e-03 2.077136159696894207e-05 1.824967689891637011e-07
5.500000000000000722e-02 1.170608661261924033e-01 2.989130716510017549e-03 3.299209062781302586e-05 3.325712092857948037e-07
5.750000000000000944e-02 9.644881489355681958e-02 2.381842356154260931e-03 5.115822920299509165e-05 5.924986355590025335e-07
6.000000000000001166e-02 7.975709279189716061e-02 1.665887614009186387e-03 7.690693718262191117e-05 1.034825929457311141e-06
6.250000000000000000e-02 6.626932091196380270e-02 9.203921640662787035e-04 1.126565278542695581e-04 1.776244674341469782e-06
6.500000000000000222e-02 5.523972443630809775e-02 3.297722568319187827e-04 1.612983896204484393e-04 3.003130506151809911e-06
6.750000000000000444e-02 4.607643087664015785e-02 6.668038928003923576e-06 2.251848850416087572e-04 5.011790484204420201e-06
7.000000000000000666e-02 3.794155513879886310e-02 3.885772773492225576e-04 3.074754934049710479e-04 8.272326993409596715e-06
7.250000000000000888e-02 2.968452621233863553e-02 2.296335299838006029e-03 4.112393535836872697e-04 1.353090547737968483e-05
7.500000000000001110e-02 2.126244282634870419e-02 5.503678896261977524e-03 5.382021793917657598e-04 2.197569886187109581e-05
7.750000000000001332e-02 1.467018360990179036e-02 7.796926081319903966e-03 6.890140505431350528e-04 3.569263662531849162e-05
8.000000000000001554e-02 1.031625880443266807e-02 8.589664637843032191e-03 8.641993302413207914e-04 5.721673473710012253e-05
8.250000000000001776e-02 7.654611126224924143e-03 8.282610833451326329e-03 1.062418491828417055e-03 9.139696149804625136e-05
8.500000000000001998e-02 5.919208635817515413e-03 7.521850996485180893e-03 1.274267755314724545e-03 1.465423403963793446e-04
8.750000000000000833e-02 4.711696177465331953e-03 6.605299769134094327e-03 1.488819151406476932e-03 2.364370421368414469e-04
9.000000000000001055e-02 3.859706420980958067e-03 5.619736916270471130e-03 1.691865624942888967e-03 3.747813056857552208e-04
9.250000000000001277e-02 3.207617099379462839e-03 4.653050829322781176e-03 1.852897370560163334e-03 5.916501875747731936e-04
9.500000000000001499e-02 2.729727492426181363e-03 3.683618777256245959e-03 1.951664663604898552e-03 9.061970834126416730e-04
9.750000000000001721e-02 2.329769453838330829e-03 2.794903742452018326e-03 1.966658344707675633e-03 1.338331260891011381e-03
1.000000000000000056e-01 2.009422157132974458e-03 2.009553368875417485e-03 1.893094525259735343e-03 1.890809624028600084e-03
