# time 1 2 D-1 D
0.000000000000000000e+00 9.999999497409857163e-01 2.397052533692974242e-08 1.623651572073284829e-37 1.482371844783830941e-35
2.500000000000000052e-04 9.999986142737939954e-01 1.148491786149169863e-06 1.340745108382658703e-27 1.661625965392355173e-27
5.000000000000000104e-04 9.999724406786130171e-01 2.355091334833229848e-05 5.436575082222066158e-26 9.468560523601415244e-27
7.500000000000001240e-04 9.998171565187430332e-01 1.603192423577196350e-04 3.065355605173192751e-24 3.644847170490486175e-25
1.000000000000000021e-03 9.992321972100614014e-01 6.897052788007397486e-04 2.513299888796209211e-23 2.725787844610692317e-23
1.250000000000000026e-03 9.974969199957057775e-01 2.292068487249587869e-03 1.285107616653051032e-22 1.896306440565852126e-22
1.500000000000000248e-03 9.931010138839111434e-01 6.405720205499463096e-03 5.154660123544867635e-22 8.761476165299490843e-22
1.750000000000000253e-03 9.833198389013209084e-01 1.560684459602789363e-02 2.295872458485258404e-21 3.367352315327452698e-21
2.000000000000000042e-03 9.642078166885511559e-01 3.342215932772585330e-02 1.154067652869003696e-20 1.135255917921004824e-20
2.250000000000000264e-03 9.319284121512607655e-01 6.238815198659726502e-02 6.544354471632589033e-20 3.120998054313586352e-20
2.500000000000000052e-03 8.856057110807736832e-01 9.994219612055597890e-02 3.937623007209734429e-19 7.078339671308814135e-20
2.750000000000000274e-03 8.292641010776573562e-01 1.360839079194102186e-01 2.192739278320581811e-18 1.245867767033931402e-19
3.000000000000000496e-03 7.700204057051153184e-01 1.588078507309336751e-01 1.093574767482764677e-17 1.809652152121682828e-19
3.250000000000000284e-03 7.142354683381831881e-01 1.657014010900617618e-01 4.579416333023747623e-17 3.491680811575370761e-19
3.500000000000000507e-03 6.654358344761781563e-01 1.637844982618663070e-01 1.586044202652068978e-16 1.561345905274274107e-18
3.749999999999999861e-03 6.245954141733449649e-01 1.625853566747283152e-01 4.379568701734484669e-16 1.219537031149842531e-17
4.000000000000000083e-03 5.912314390045981805e-01 1.698494686530274411e-01 9.400168824877101462e-16 7.113411642654962953e-17
4.250000000000000305e-03 5.642834627913242418e-01 1.744534232813008956e-01 1.635653723693438657e-15 1.926742488974096620e-16
4.500000000000000527e-03 5.425944108918356878e-01 1.231212835422318963e-01 2.714836491058052584e-15 1.456478824552044317e-16
4.750000000000000749e-03 5.251167028128319592e-01 3.308234635276658536e-02 4.688058109150548506e-15 2.733383414869283930e-17
5.000000000000000104e-03 5.109757527549302347e-01 2.013267529483321258e-02 7.887766430243092054e-15 1.814977324552027831e-15
5.250000000000000326e-03 4.994698183875699860e-01 1.511430151563539215e-02 1.207502435666675219e-14 1.028129303237515341e-14
5.500000000000000548e-03 4.900477708102964347e-01 1.211155938290610877e-02 1.637453673787358542e-14 3.212116874230174536e-14
5.750000000000000770e-03 4.822813755715088524e-01 1.054148813448568117e-02 1.978764493333370697e-14 7.277277128651402994e-14
6.000000000000000992e-03 4.758396926513203673e-01 9.409730428445475109e-03 2.161037933555510332e-14 1.330839931836945858e-13
6.250000000000000347e-03 4.704677548889064642e-01 8.587789830245514885e-03 2.063355539218100950e-14 2.062735165607578609e-13
6.500000000000000569e-03 4.659691270730024204e-01 8.008963435991681146e-03 1.805824348030523071e-14 2.790347606244180404e-13
6.750000000000000791e-03 4.621926430202440428e-01 7.470859581581725320e-03 1.482739474077779206e-14 3.342740495583881061e-13
7.000000000000001013e-03 4.590217025559032438e-01 7.076850382322429772e-03 1.142482115301333657e-14 3.563785151359110790e-13
7.250000000000001235e-03 4.563660830108495770e-01 6.791146012639560046e-03 8.244673841000240148e-15 3.360627262742090708e-13
7.499999999999999722e-03 4.541553629634865197e-01 6.491211562463270607e-03 4.256397367533528542e-15 2.741641085783110848e-13
7.750000000000000812e-03 4.523339098978342854e-01 6.217571026927259763e-03 7.012986686781664163e-14 1.829021058655784503e-13
8.000000000000000167e-03 4.508568449660727562e-01 6.081672161531352302e-03 7.318380903811066162e-15 8.579301453080627078e-14
8.250000000000000389e-03 4.496869192037522556e-01 5.882454129032478780e-03 1.460735670318805807e-14 1.637330855480152779e-14
8.500000000000000611e-03 4.487921867491788119e-01 5.733871928904062804e-03 8.683952287087789937e-14 1.520907162849093172e-14
8.750000000000000833e-03 4.481443121726023104e-01 5.619078889857397410e-03 2.113293959444992575e-13 1.273530823147864705e-13
9.000000000000001055e-03 4.477174518979015194e-01 5.553472336293349340e-03 3.728473258508249749e-13 3.991715529965164876e-13
9.250000000000001277e-03 4.474875775817930834e-01 5.433521402119568730e-03 5.521674494671377629e-13 8.756396114592945781e-13
9.500000000000001499e-03 4.474321314102540081e-01 5.356389003494899277e-03 7.325972680536675737e-13 1.597727079176992317e-12
9.750000000000001721e-03 4.475299095664574400e-01 5.299509242554518995e-03 8.974627293621168186e-13 2.599583030507440660e-12
1.000000000000000021e-02 4.477627648357698775e-01 5.242290571042093963e-03 1.034392440366690128e-12 3.907543738041486106e-12
