# time 1 2 D-1 D
0.000000000000000000e+00 9.999999375121854106e-01 1.596006345331452580e-08 4.352787852416514658e-35 7.407933256458400578e-36
2.500000000000000052e-04 9.999880066968435122e-01 1.006454711714943067e-05 3.573625644744240136e-30 2.160963469291388061e-32
5.000000000000000104e-04 9.997586798976482170e-01 2.042229257757545565e-04 3.283122995542543975e-27 9.734761444335162091e-29
7.500000000000001240e-04 9.984404684774659255e-01 1.340074148225690745e-03 3.398338574596893326e-25 1.277856589333095546e-26
1.000000000000000021e-03 9.936951033670821110e-01 5.485813432389295349e-03 9.730694286041946575e-25 5.535066187432731089e-27
1.250000000000000026e-03 9.804534300205758335e-01 1.721187975633515013e-02 3.141345530269101791e-24 6.379315968842694425e-27
1.500000000000000248e-03 9.497274716763199898e-01 4.467362612591069954e-02 7.285001384179208449e-24 3.591873122801703723e-25
1.750000000000000253e-03 8.900607447816080153e-01 9.777408872965560882e-02 1.377553335853995289e-23 2.810208931493121009e-24
2.000000000000000042e-03 7.957124988133615906e-01 1.777531163287021931e-01 2.565849165270474263e-23 1.673173613922718707e-23
2.250000000000000264e-03 6.773372185939332546e-01 2.621992614195980953e-01 6.626535604596685102e-23 9.979200184752775333e-23
2.500000000000000052e-03 5.580117808734250673e-01 3.077851690075825153e-01 5.405534674205256475e-22 6.391201919947892698e-22
2.750000000000000274e-03 4.559831741592230148e-01 2.923761876836757923e-01 9.692138576233306453e-21 3.466771650370835670e-21
3.000000000000000496e-03 3.769744216735496645e-01 2.347234656353869853e-01 1.609020671904240156e-19 8.486663740766035342e-21
3.250000000000000284e-03 3.186857051394095808e-01 4.713251956480824650e-02 1.941630061414571108e-18 3.357370382132826427e-21
3.500000000000000507e-03 2.764467850120836956e-01 1.277859225459609775e-02 1.684110860360562185e-17 8.206590669518821563e-19
3.749999999999999861e-03 2.459067764696676595e-01 7.480598065631059376e-03 1.108722137273057397e-16 1.063019579394840787e-17
4.000000000000000083e-03 2.237242662092820411e-01 5.505086766614497758e-03 5.427137855380097501e-16 6.739860400779192977e-17
4.250000000000000305e-03 2.075062612824077335e-01 4.463797490491218205e-03 1.463339717237320049e-15 2.876490647433365816e-16
4.500000000000000527e-03 1.955771596105230770e-01 3.878267449541261767e-03 9.921685006490662545e-16 8.877558929737931169e-16
4.750000000000000749e-03 1.867656620930401579e-01 3.413380855510060510e-03 1.983632903770346714e-16 2.204749433208877002e-15
5.000000000000000104e-03 1.802458026885507547e-01 3.052576541797503550e-03 5.543945905405681518e-17 4.648922945508209517e-15
5.250000000000000326e-03 1.754277511739303907e-01 2.772667465288369392e-03 1.689941840366853520e-15 8.638305237751642894e-15
5.500000000000000548e-03 1.718844503268062429e-01 2.545473085923561588e-03 7.164241818573584375e-15 1.404050924215781776e-14
5.750000000000000770e-03 1.693027240346022255e-01 2.327993932943089525e-03 2.467367527965522507e-14 2.104194420882985711e-14
6.000000000000000992e-03 1.674502847697455499e-01 2.124780493253007607e-03 6.288426477691341911e-14 2.923938190675227493e-14
6.250000000000000347e-03 1.661532426972080201e-01 1.960835411849761942e-03 1.348885600967629161e-13 3.778930484583473835e-14
6.500000000000000569e-03 1.652806215882476892e-01 1.798300218159652525e-03 2.053448554165152026e-13 4.727526761839006582e-14
6.750000000000000791e-03 1.647334241953117839e-01 1.649508670696693113e-03 3.983316626837652923e-13 5.629501789262449902e-14
7.000000000000001013e-03 1.644366405298740008e-01 1.514358410480358625e-03 6.537992071946517173e-13 6.381336907216864408e-14
7.250000000000001235e-03 1.643333830315032440e-01 1.393898466127769598e-03 9.276291023352892391e-13 7.064182423805046811e-14
7.499999999999999722e-03 1.643805421573751036e-01 1.274280001060030783e-03 1.056815038630378352e-12 7.617558746790257447e-14
7.750000000000000812e-03 1.645454185038380812e-01 1.175641523243992027e-03 4.249076211005163767e-11 7.880313956388772002e-14
8.000000000000000167e-03 1.648030884443320021e-01 1.081621835899434798e-03 4.707961945041187674e-11 8.090091958515840843e-14
8.250000000000000389e-03 1.651344882189239582e-01 9.913786533403089445e-04 5.153218116456734458e-11 8.126019532334954936e-14
8.500000000000000611e-03 1.655248468055157685e-01 9.138727451778598824e-04 5.542981933529242842e-11 7.988054113767307167e-14
8.750000000000000833e-03 1.659625333753900756e-01 8.440282658193415041e-04 5.901802900706630643e-11 7.788844711618371682e-14
9.000000000000001055e-03 1.664382270116797069e-01 7.762976171148007866e-04 6.218747127899728135e-11 7.540337354213183758e-14
9.250000000000001277e-03 1.669443096359336798e-01 7.203733201245530147e-04 6.471424907090011151e-11 7.161863838709173097e-14
9.500000000000001499e-03 1.674743987135060841e-01 6.635965227244508763e-04 6.665698491083386255e-11 6.819946389143424629e-14
9.750000000000001721e-03 1.680230912770957208e-01 6.150965598430592615e-04 6.822336635332805562e-11 6.442236810792308345e-14
1.000000000000000021e-02 1.685887851119184933e-01 5.697106598840324726e-04 6.935433830232405293e-11 6.036641094892560628e-14
