# time 1 2 D-1 D
0.000000000000000000e+00 9.999999393890377508e-01 3.209192679411637375e-08 2.054183552710084763e-35 1.586828407973184748e-36
5.000000000000000104e-04 9.990810000446864736e-01 5.556341658408571645e-08 9.591791686588748294e-35 9.550891600431086002e-37
1.000000000000000021e-03 9.961601341794363851e-01 8.448939428851754726e-07 1.979395798697366524e-30 4.559128482876844756e-33
1.500000000000000248e-03 9.910179793866221720e-01 4.832454534645212452e-06 1.174299331618721345e-27 9.969349074644945030e-30
2.000000000000000042e-03 9.834817619743236872e-01 1.816457708602522443e-05 7.639691301205712247e-26 2.241626541544415931e-27
2.500000000000000052e-03 9.734321737509558092e-01 5.471600421914175547e-05 2.150242571445789848e-24 1.478408088507661288e-25
3.000000000000000496e-03 9.607986328142199550e-01 1.423458272795354506e-04 2.234185403826022319e-23 4.440237260430645472e-24
3.500000000000000507e-03 9.455414175447934833e-01 3.356137613110812476e-04 1.699296285678575685e-22 7.719399181366360839e-23
4.000000000000000083e-03 9.276225845572805273e-01 7.291903013342329598e-04 4.655506059057356746e-22 8.995348637223675140e-22
4.500000000000000527e-03 9.069713644267960451e-01 1.466897853306919908e-03 1.581711182050598221e-22 7.735102662312777382e-21
5.000000000000000104e-03 8.834525806784442326e-01 2.770622113397484907e-03 2.246461140899162444e-20 5.227761420714446419e-20
5.500000000000000548e-03 8.568490154895199717e-01 4.842360133707527235e-03 7.267002878050363985e-18 2.886911045920948134e-19
6.000000000000000992e-03 8.268698079739246198e-01 7.784491843545977147e-03 1.960787945533531980e-17 1.330481017917967431e-18
6.500000000000000569e-03 7.931964024694293514e-01 1.041348391345076410e-02 3.998990132173312189e-17 5.167998895498147846e-18
7.000000000000001013e-03 7.555702394146933676e-01 8.049896072953113130e-03 7.507295460946742304e-17 1.699790059687859494e-17
7.499999999999999722e-03 7.139059690531290858e-01 3.281514765929909472e-03 1.369544999839098902e-16 4.752529099095178763e-17
8.000000000000000167e-03 6.683788055959722918e-01 9.539666819744212645e-04 2.522053813844987170e-16 1.135108289566402832e-16
8.500000000000000611e-03 6.193999955517820455e-01 1.053312337269147873e-04 4.734181657012431544e-16 2.332244364977107662e-16
9.000000000000001055e-03 5.673852267507422109e-01 2.216895761482411608e-04 9.165035346996107972e-16 4.153110498474590969e-16
9.500000000000001499e-03 5.122276929881661722e-01 2.219913127657770647e-03 1.782177455576735187e-15 6.454792637693128169e-16
1.000000000000000021e-02 4.525120761293021099e-01 8.305028240833657593e-03 3.400035865450806278e-15 8.792879653223070765e-16
1.050000000000000065e-02 3.840522213808233998e-01 2.328896158344689535e-02 6.215545669922429518e-15 1.051254395511007598e-15
1.100000000000000110e-02 3.035187158613398273e-01 5.112822901183876334e-02 1.279827724574127511e-14 1.095769612499539232e-15
1.150000000000000154e-02 2.154776232149037962e-01 8.769307021005635916e-02 6.572712837471457263e-14 9.784653214402941120e-16
1.200000000000000198e-02 1.404306469988396422e-01 1.130626754700226333e-01 4.693954351429317201e-14 7.157619957902086293e-16
1.250000000000000069e-02 9.026580897251493263e-02 1.161894374177207256e-01 2.978907449224645447e-14 3.825010864842843966e-16
1.300000000000000114e-02 5.925843476262013937e-02 1.039490523526884203e-01 1.453279432638321399e-14 1.015968056235489495e-16
1.350000000000000158e-02 4.007782605899762318e-02 8.506824591652677181e-02 4.000628521817526018e-15 4.122561241837389635e-18
1.400000000000000203e-02 2.784729576060386222e-02 1.834313288909689144e-02 6.287813615515451477e-17 2.075319575821231659e-16
1.450000000000000247e-02 1.978613537680369572e-02 1.078265038504722703e-04 4.168942628593209137e-15 7.619671766030722995e-16
1.499999999999999944e-02 1.432121012378458937e-02 1.512338758044880075e-04 1.747490595061864261e-14 1.634606076081692845e-15
1.550000000000000162e-02 1.053096661895213185e-02 1.770944089038119966e-04 4.056247319566092661e-14 2.688697984449656765e-15
1.600000000000000033e-02 7.853353184267386489e-03 2.259986231423266525e-04 7.436086146880733941e-14 3.682325712858738841e-15
1.650000000000000078e-02 5.933114283077610580e-03 3.006519322091107723e-04 1.192253933051897138e-13 4.362394762964629413e-15
1.700000000000000122e-02 4.538999534122882366e-03 3.832570439856438694e-04 1.756005072383005107e-13 4.477435791818637966e-15
1.750000000000000167e-02 3.516985163662815755e-03 3.522719829688873054e-04 2.435379999819431348e-13 3.835609116462829921e-15
1.800000000000000211e-02 2.762326262184864809e-03 2.758931911929281169e-04 3.229807231493307185e-13 2.701973518030994267e-15
1.850000000000000255e-02 2.206322107136492097e-03 1.992750183851219352e-04 4.139269968732003040e-13 1.204025761713126567e-15
1.900000000000000300e-02 1.800266453065646867e-03 1.230746116200671274e-04 5.154344342718458632e-13 1.830268146664731292e-16
1.950000000000000344e-02 1.523890508072255892e-03 2.821507176378885409e-05 6.275160339222888256e-13 2.584945601560527631e-16
2.000000000000000042e-02 1.116781540350968247e-03 1.470572617760208887e-04 7.488489377164236258e-13 2.351775554626743894e-15
