# time 1 2 D-1 D
0.000000000000000000e+00 9.999999657740582526e-01 3.578651004622567075e-09 8.720478309972068409e-35 9.775704895025849825e-36
1.250000000000000243e-03 9.967035722066672765e-01 2.405056220946104193e-05 1.465488846938554011e-24 1.480531011507229830e-26
2.500000000000000486e-03 9.859608911717613333e-01 1.194174223075182724e-04 7.040873273279515008e-21 1.319451510588006530e-22
3.750000000000000729e-03 9.664735708179930107e-01 3.317872890182147969e-04 1.075666124843230610e-18 3.381259734680212452e-20
5.000000000000000971e-03 9.370391479366056986e-01 6.558204978898572648e-04 4.014784271199290518e-17 1.979618734637256599e-18
6.250000000000000347e-03 8.967449476239516271e-01 1.173934620235415720e-03 6.960919584170601497e-16 5.119375133579204600e-17
7.500000000000001457e-03 8.452082172865416076e-01 1.922051973699611749e-03 7.411726135021853956e-15 7.880864731151170487e-16
8.750000000000000833e-03 7.828005151585343269e-01 2.964722415872461832e-03 5.664447331832446082e-14 8.496605448197035385e-15
1.000000000000000194e-02 7.107658235266827162e-01 4.499687182947728625e-03 3.388312344934122748e-13 7.088402479671424085e-14
1.125000000000000132e-02 6.311569370607642560e-01 6.614855585261036029e-03 1.670041478965522500e-12 4.890865523747611375e-13
1.250000000000000069e-02 5.466594261028092649e-01 9.717837725770882631e-03 6.997752308238331827e-12 2.922091869456448382e-12
1.375000000000000180e-02 4.602364075899117446e-01 1.419568592055242898e-02 2.509472338759108586e-11 1.555395465533697965e-11
1.500000000000000291e-02 3.748960011397132752e-01 2.056436344854236861e-02 7.664297415836625264e-11 7.431584387755661568e-11
1.625000000000000056e-02 2.938875825441893963e-01 2.885182399392264077e-02 1.993500438640341398e-10 3.138507677440328220e-10
1.750000000000000167e-02 2.202712544464483224e-01 3.836796458614496336e-02 4.658774608567423985e-10 1.144915935769121425e-09
1.875000000000000278e-02 1.579758523695281580e-01 4.639501984896742676e-02 1.120442735697869115e-09 3.608420155115207857e-09
2.000000000000000389e-02 1.094527848046926016e-01 5.045792724958661490e-02 3.375248698200998285e-09 1.001258313194185184e-08
2.125000000000000500e-02 7.491409666839550507e-02 4.940460963574239139e-02 1.517449281484785793e-08 2.506204279709851521e-08
2.250000000000000264e-02 5.165998014714365955e-02 4.459202674554366835e-02 8.821278513949674250e-08 5.762948175743131778e-08
2.375000000000000375e-02 3.620204763228260236e-02 3.810834302125969825e-02 4.108370278762970953e-07 1.233135650468080451e-07
2.500000000000000139e-02 2.588995848160703314e-02 3.089186039852789833e-02 2.272135115518360689e-06 2.478483155136140594e-07
2.625000000000000250e-02 1.886051905335596121e-02 2.322396127294467510e-02 3.365928220329149082e-06 4.713075630799464144e-07
2.750000000000000361e-02 1.395370327487813374e-02 7.106733553868323228e-03 5.180023622383412734e-06 8.528688239758374410e-07
2.875000000000000472e-02 1.045115693012416309e-02 3.396231391229938843e-04 7.774274224934535615e-06 1.475702829442136062e-06
3.000000000000000583e-02 7.903200539632605076e-03 1.076355952957895080e-03 1.138508047685635154e-05 2.451381980371236125e-06
3.125000000000000000e-02 6.022009923992608163e-03 1.342786240098905277e-03 1.608396067053377934e-05 3.923105914461598899e-06
3.250000000000000111e-02 4.618040871593168638e-03 1.429824025220043397e-03 2.206719140995146437e-05 6.067066286844550080e-06
3.375000000000000222e-02 3.562447013113411234e-03 1.400096475128066861e-03 2.937611919766836566e-05 9.091433460748754824e-06
3.500000000000000333e-02 2.764819555131189238e-03 1.331028638429539645e-03 3.814245022191547579e-05 1.323272577418608050e-05
3.625000000000000444e-02 2.159873071276518629e-03 1.243782539449203323e-03 4.833948730505562068e-05 1.874969763743225535e-05
3.750000000000000555e-02 1.699563457127947113e-03 1.137804420731629946e-03 5.996207144434006076e-05 2.591517151504346526e-05
3.875000000000000666e-02 1.347991583976668011e-03 1.024960006996261100e-03 7.328192450901496236e-05 3.500658409738963324e-05
4.000000000000000777e-02 1.078200239176273917e-03 9.133417973780392704e-04 8.767102071670207074e-05 4.629611682649276681e-05
4.125000000000000888e-02 8.700429077135209003e-04 8.015647399249308403e-04 1.037912476126489410e-04 6.004119761273475257e-05
4.250000000000000999e-02 7.084425804864697557e-04 6.980056903241114823e-04 1.205134637152609358e-04 7.647628675091044221e-05
4.375000000000000416e-02 5.820826757939609811e-04 6.003098484650907628e-04 1.388655027029048357e-04 9.580622975307859278e-05
4.500000000000000527e-02 4.825193248726695572e-04 5.102242814900330914e-04 1.576444603942057747e-04 1.182016535232605206e-04
4.625000000000000638e-02 4.034482303466597596e-04 4.304987892975325765e-04 1.777551271690795286e-04 1.437961431247463111e-04
4.750000000000000749e-02 3.401485916498045848e-04 3.599053859985373773e-04 1.980851192583332418e-04 1.726856554807410600e-04
4.875000000000000860e-02 2.890587144063501272e-04 2.992337058609485616e-04 2.190302417104324261e-04 2.049285191555583869e-04
5.000000000000000278e-02 2.474856893908460378e-04 2.477552452854039694e-04 2.406290246026889076e-04 2.405484656733941477e-04
