# time 1 2 D-1 D
0.000000000000000000e+00 9.999999605348579568e-01 7.937104080069710439e-09 1.130333786409114754e-34 8.963144425019940578e-37
5.000000000000000971e-03 9.992829630674605612e-01 2.478175411649067057e-06 4.549457496750273061e-28 3.608388890786719429e-26
1.000000000000000194e-02 9.969438633416782825e-01 5.457462737296345831e-05 1.035942083707486591e-23 1.966429457874709254e-22
1.500000000000000291e-02 9.925509160180895352e-01 3.762250339424259068e-04 4.916591309577844424e-21 3.328452274347879483e-20
2.000000000000000389e-02 9.852801570312955670e-01 1.622250542033695916e-03 4.025515829210781984e-19 1.334905729141608632e-18
2.500000000000000139e-02 9.735114296948885748e-01 5.365083685929507296e-03 1.284939202501828260e-17 2.394371988170873513e-17
3.000000000000000583e-02 9.543294988765487208e-01 1.476801004579567610e-02 2.172657123079859172e-16 2.552918705287242215e-16
3.500000000000000333e-02 9.236352914495907784e-01 3.458302791237925777e-02 2.309560300372229883e-15 1.894778934722554652e-15
4.000000000000000777e-02 8.783514756184732652e-01 6.884396164715216038e-02 1.679843722308464393e-14 1.084963780925361898e-14
4.500000000000000527e-02 8.205344005857388989e-01 1.146136282115045590e-01 9.057902224942362191e-14 5.152964281223697166e-14
5.000000000000000278e-02 7.583564980512822462e-01 1.499945737482201169e-01 3.681990147735402667e-13 2.123807921601723211e-13
5.500000000000000722e-02 7.010105371224844006e-01 1.164339528130310941e-01 1.171025382759007728e-12 7.700040462571548133e-13
6.000000000000001166e-02 6.536994698644963409e-01 6.982630489385098504e-02 3.047519639480209112e-12 2.420258477247382634e-12
6.500000000000000222e-02 6.173144723645088705e-01 5.389410026027822292e-02 6.973146632469975791e-12 6.447754469137185777e-12
7.000000000000000666e-02 5.904555819468255695e-01 4.789272707149926783e-02 1.557856271061569687e-11 1.447663126647535551e-11
7.500000000000001110e-02 5.710889644875889459e-01 4.533196113062459842e-02 3.716918329405897845e-11 2.786045024379508017e-11
8.000000000000001554e-02 5.573242222464839246e-01 4.458902150809859743e-02 8.843370956258037281e-11 4.724213528827177909e-11
8.500000000000001998e-02 5.476467034350773755e-01 4.422517483232825397e-02 1.642837844827698641e-10 7.250760684426309862e-11
9.000000000000001055e-02 5.409193407464285563e-01 4.442203770712149780e-02 2.399266432452431540e-10 1.029789511816334544e-10
9.500000000000001499e-02 5.363139770926109717e-01 4.470902921240688110e-02 3.004671098506572414e-10 1.376610202760427464e-10
1.000000000000000056e-01 5.332350075084455465e-01 4.522968424816555671e-02 3.408975715460216190e-10 1.754541446666251272e-10
1.050000000000000100e-01 5.312554213018112481e-01 4.554794051526364629e-02 3.657361474063813762e-10 2.153084022360269139e-10
1.100000000000000144e-01 5.300684701753656247e-01 4.613027479173669593e-02 3.803818470443297165e-10 2.563124971503578140e-10
1.150000000000000189e-01 5.294526446049009349e-01 4.654509560761379422e-02 3.877531834697270357e-10 2.977393208521208504e-10
1.200000000000000233e-01 5.292469820728058494e-01 4.696705261970247208e-02 3.882784040380535768e-10 3.390502614358823555e-10
1.250000000000000000e-01 5.293337263287027916e-01 4.744395272143845516e-02 3.834204740978366560e-10 3.798735106012508843e-10
1.300000000000000044e-01 5.296262210475795040e-01 4.785387464363528159e-02 3.731192738725641744e-10 4.199974181608340962e-10
1.350000000000000089e-01 5.300604908155444051e-01 4.818375731311896198e-02 3.575128787135988485e-10 4.594153415184198041e-10
1.400000000000000133e-01 5.305886061909623752e-01 4.861420087692591707e-02 3.377237874039038079e-10 4.977140747508076912e-10
1.450000000000000178e-01 5.311750416704977829e-01 4.897331879918309649e-02 3.139774677306601147e-10 5.350985837177555343e-10
1.500000000000000222e-01 5.317932676561116789e-01 4.933565411499957892e-02 2.865531363322352410e-10 5.716865418550804378e-10
1.550000000000000266e-01 5.324230635254121324e-01 4.954523912691049387e-02 2.555183586691482305e-10 6.079643297137675829e-10
1.600000000000000311e-01 5.330498313692345613e-01 4.987080025918768506e-02 2.232589008569279643e-10 6.421033374052808038e-10
1.650000000000000355e-01 5.336625194244070114e-01 5.019798131017706028e-02 1.904354918739227328e-10 6.737741440283910662e-10
1.700000000000000400e-01 5.342527852434991731e-01 5.056259896341570859e-02 1.569243651759957475e-10 7.036608215663894924e-10
1.750000000000000167e-01 5.348147778422784882e-01 5.082210966558686760e-02 1.257862032815063628e-10 7.290197697160180807e-10
1.800000000000000211e-01 5.353441335570775506e-01 5.113730075503158251e-02 9.598554616719763957e-11 7.513019021649228106e-10
1.850000000000000255e-01 5.358379627880869300e-01 5.153027746882196669e-02 7.058927373117002936e-11 7.677628826319974626e-10
1.900000000000000300e-01 5.362940645392921812e-01 5.180168909783675057e-02 5.049870026486334128e-11 7.777161363269925315e-10
1.950000000000000344e-01 5.367111789861137572e-01 5.207676698621391959e-02 3.597240651395652350e-11 7.812597890055211201e-10
2.000000000000000111e-01 5.370889834027725573e-01 5.228842438154252675e-02 2.597743868521236141e-11 7.795202521724233981e-10
