# time 1 2 D-1 D
0.000000000000000000e+00 9.999999605348579568e-01 7.937104080069710439e-09 1.130333786409114754e-34 8.963144425019940578e-37
2.500000000000000000e+00 9.999712562616648315e-01 7.721256097212032641e-07 4.561819216996526354e-35 1.318372539207218554e-31
5.000000000000000000e+00 9.999916037491751730e-01 3.752875980687455118e-06 1.322690694746090183e-34 1.204177830922412003e-31
7.500000000000000888e+00 9.999580112915545937e-01 1.454645516167142762e-05 7.231949813525803599e-34 1.266876725132105202e-31
1.000000000000000000e+01 9.999293677071114939e-01 5.145002031778485931e-05 1.324795449523661272e-33 1.155570933804399020e-31
1.250000000000000000e+01 9.998473126109254094e-01 1.315179758734488845e-04 3.169590523847487313e-33 1.094335414348754409e-31
1.500000000000000178e+01 9.996654018666550900e-01 3.120210254338359182e-04 3.228895637296661910e-34 9.623682692206214555e-32
1.750000000000000000e+01 9.994138894415549590e-01 5.632104238343602640e-04 1.033762609324059304e-30 1.282100082271864538e-31
2.000000000000000000e+01 9.992069802228711328e-01 7.708234843120419840e-04 7.190450130704578979e-30 2.785892121693472183e-31
2.250000000000000000e+01 9.992670990318388569e-01 7.087788569287674974e-04 4.272746403100604669e-29 2.473563284636972149e-29
2.500000000000000000e+01 9.994843585281391052e-01 4.730486666649795155e-04 1.954644546445451942e-27 4.533364083073146824e-28
2.750000000000000355e+01 9.996999588611485965e-01 1.958600770016456045e-04 1.250188341132828593e-27 1.199973861866119426e-27
3.000000000000000355e+01 9.998356673042572140e-01 7.432755235817496806e-05 3.304877320439552587e-27 6.554911554672156666e-27
3.250000000000000000e+01 9.999079590285649966e-01 3.967798800182516196e-05 4.393424681934961122e-26 1.586791188808823871e-26
3.500000000000000000e+01 9.999493746467748023e-01 2.171941470863027334e-05 1.947963409585883272e-27 4.035010617001777789e-26
3.750000000000000000e+01 9.999680243538165980e-01 1.467184650333106335e-05 3.930282405629096359e-26 2.075393668652895753e-27
4.000000000000000000e+01 9.999780273234499806e-01 1.006611175287813041e-05 2.926232788889783512e-25 6.510377949730249135e-26
4.250000000000000711e+01 9.999841571318413003e-01 5.783494152956817465e-06 1.612128448833880765e-25 2.862287368881567223e-26
4.500000000000000000e+01 9.999876536098386559e-01 3.822970527357461449e-06 7.050765523176367743e-27 1.912679972321348243e-27
4.750000000000000000e+01 9.999890434431092379e-01 3.074577075775705703e-06 3.385856672483460877e-26 6.908956837071708316e-28
5.000000000000000000e+01 9.999901494299430205e-01 2.240693632372823009e-06 2.840365044153593157e-27 9.580651004192124794e-28
5.250000000000000000e+01 9.999913521348197110e-01 1.370428587189428840e-06 1.270735351123437450e-26 1.229188878136182539e-27
5.500000000000000711e+01 9.999920341783931077e-01 7.745071930586451733e-07 6.986138428722040290e-27 7.439140977860334533e-28
5.750000000000000711e+01 9.999925302627430401e-01 4.603740473780958162e-07 8.343797484408545367e-28 5.293235387078290890e-28
6.000000000000000711e+01 9.999924764228420582e-01 3.070519446205658750e-07 4.879769612897269484e-28 4.128785859515444461e-28
6.250000000000000000e+01 9.999927772454094699e-01 2.179371629022409202e-07 1.555510672388074340e-28 4.490702261708751508e-29
6.500000000000000000e+01 9.999926775200002060e-01 1.500915947687052707e-07 1.680757608220392399e-28 6.788182808636092068e-29
6.750000000000000000e+01 9.999929330455300525e-01 9.570688674474520358e-08 1.318338767261267024e-29 3.415796952282611076e-29
7.000000000000000000e+01 9.999928739852593784e-01 6.160512771581500915e-08 7.607539120078515837e-30 6.726235147633222332e-30
7.250000000000001421e+01 9.999928302141609660e-01 6.215010395456391266e-08 9.179810697094156473e-30 8.720944546714368780e-30
7.500000000000000000e+01 9.999928334829343290e-01 1.006378812572112384e-07 7.436641867960218388e-31 1.030007125387525792e-30
7.750000000000000000e+01 9.999927371959521638e-01 1.383781921376825107e-07 7.376329944791697894e-32 2.985722218159972437e-31
8.000000000000000000e+01 9.999927651893495417e-01 1.061605847229648219e-07 7.128356550390721359e-31 7.111593908360205294e-31
8.250000000000000000e+01 9.999928586010949916e-01 2.069093053034898781e-08 8.431878432004232385e-33 2.842181251323747323e-31
8.500000000000001421e+01 9.999927889068607190e-01 2.514184818454128706e-08 4.432463751586314515e-32 1.397044478787403661e-31
8.750000000000000000e+01 9.999926671304595338e-01 8.644672929010951508e-08 2.859681935196572142e-32 2.553985358684834310e-31
9.000000000000000000e+01 9.999927051059950278e-01 2.023536550567266030e-08 1.100152178758592409e-32 1.201727394513652932e-31
9.250000000000000000e+01 9.999926137240748858e-01 3.059097008024035369e-08 9.838870077225332030e-33 9.165094060093024466e-32
9.500000000000000000e+01 9.999925219919874042e-01 5.120418022690097329e-08 4.243844095690099870e-33 1.248451342469674187e-31
9.750000000000001421e+01 9.999924511972329011e-01 9.072066176604276373e-09 1.806549513181861343e-34 1.429888704130904764e-31
1.000000000000000000e+02 9.999922894365615988e-01 4.791727860711399580e-08 3.399197964261399232e-33 1.167495658916067214e-31
