# time 1 2 D-1 D
0.000000000000000000e+00 9.999999671887949138e-01 8.009567996414595421e-09 1.657163492565037375e-34 9.048241491647340855e-36
5.000000000000000000e-01 9.993045102228279575e-01 1.705755904035303870e-06 1.079393887917523232e-30 1.352749370993562073e-34
1.000000000000000000e+00 9.990270141821973038e-01 3.543109848753714977e-05 7.573532952842911010e-30 2.212171233239798337e-33
1.500000000000000222e+00 9.996506302110335085e-01 2.169786583728640340e-04 3.158495138747247233e-35 1.488400845106602529e-35
2.000000000000000000e+00 9.986857549530666622e-01 8.048172736128299731e-04 2.585172662344871436e-31 3.912060122804698500e-35
2.500000000000000000e+00 9.963508871339202821e-01 2.315413103169937977e-03 3.302609098240052417e-29 4.427191787873761867e-32
3.000000000000000444e+00 9.931931212767490802e-01 5.739891131973473386e-03 5.721970484340933837e-32 1.809003268763328480e-34
3.500000000000000444e+00 9.868279514416807841e-01 1.192862263629624123e-02 1.557663470904497257e-32 1.323189935462078582e-35
4.000000000000000000e+00 9.769449532064525821e-01 1.927974588193999764e-02 1.241160843304614178e-29 1.354986362571909961e-31
4.500000000000000000e+00 9.676712885235635442e-01 2.280395512333409716e-02 3.508835414667479871e-31 6.199929553255916892e-32
5.000000000000000000e+00 9.642679796128278413e-01 2.079494028505274664e-02 3.298002681987417373e-30 4.626304993599844635e-31
5.500000000000000000e+00 9.684378479895392466e-01 1.630630334854861127e-02 4.349307386437955946e-31 3.678577933037199516e-30
6.000000000000000888e+00 9.766817144534234441e-01 1.141294090596809037e-02 4.710500155276243411e-28 2.631119329741564235e-29
6.500000000000000000e+00 9.837540369895940717e-01 6.856706807770829998e-03 4.458415200413190323e-29 6.967845412258959660e-29
7.000000000000000888e+00 9.869314977899188435e-01 3.257658984957917826e-03 4.871604012922897402e-28 2.748737932954193136e-29
7.500000000000000000e+00 9.870763363053597361e-01 1.123793751299920598e-03 9.241796442313594158e-28 4.279266795292717084e-29
8.000000000000000000e+00 9.860045204382336115e-01 7.800350297422836091e-04 1.552290316074744196e-28 1.222838599967254715e-28
8.500000000000000000e+00 9.849556567195324464e-01 7.260158018124795781e-04 2.175396927617235316e-28 3.359323366465231233e-30
9.000000000000000000e+00 9.846395970033038347e-01 6.721841183189552604e-04 2.007352729870233648e-27 4.078555501202470358e-29
9.500000000000000000e+00 9.851007902001110983e-01 6.323123958896882191e-04 2.357034271300195099e-27 1.217855624069696957e-28
1.000000000000000000e+01 9.855523905514192995e-01 6.237672752042422138e-04 1.474771854802489319e-28 1.911744603125969677e-29
1.050000000000000000e+01 9.854807233180200576e-01 6.193752339868141077e-04 6.947812804455426689e-28 1.594925539993873576e-29
1.100000000000000000e+01 9.852399599267304131e-01 5.790943735447430388e-04 5.097927205148452898e-28 4.118605720191497634e-29
1.150000000000000178e+01 9.851273604387104088e-01 5.262771093298279764e-04 1.458848768148948790e-27 1.233996480668278559e-29
1.200000000000000178e+01 9.852866746374707718e-01 5.116020095517200906e-04 1.045177396143073438e-27 2.899381228793318079e-30
1.250000000000000000e+01 9.854566465243957962e-01 5.597194978281375176e-04 9.224681909834197340e-29 3.334533198984991135e-29
1.300000000000000000e+01 9.850710351762030914e-01 6.085679668767043134e-04 4.807094523212900121e-29 3.179483131934777630e-29
1.350000000000000000e+01 9.851473791845298811e-01 5.928919611937953594e-04 3.800839081739182307e-29 9.828739653802793554e-30
1.400000000000000178e+01 9.853439830198925664e-01 5.458933488165948434e-04 5.466898371721567356e-29 1.614802427742562761e-29
1.450000000000000178e+01 9.851813834828661021e-01 5.515731104715776044e-04 3.573501833964140031e-30 3.705341735634992632e-30
1.500000000000000000e+01 9.851574795643747162e-01 6.028178026079185608e-04 1.346732674543333549e-29 1.418148063069026923e-30
1.550000000000000000e+01 9.851526570509480107e-01 6.087414631906318914e-04 2.759417405470031068e-30 1.104521741311808135e-30
1.600000000000000000e+01 9.851729135765533441e-01 5.645244707789751071e-04 1.146313707201385554e-29 7.910214594309812235e-31
1.650000000000000000e+01 9.850991059529224936e-01 5.595973607481472857e-04 4.333004207613994772e-30 3.123728004690822859e-31
1.700000000000000000e+01 9.851083041625444681e-01 5.980828592543361915e-04 8.769309159695314504e-31 8.089492415023201451e-31
1.750000000000000000e+01 9.849999947646141951e-01 5.947112513603070721e-04 2.497254139368402033e-31 5.549404058277223594e-31
1.800000000000000000e+01 9.850182370381388441e-01 5.622073375478623888e-04 2.637805097881609691e-32 6.051657008293975709e-31
1.850000000000000000e+01 9.849675932947593582e-01 5.804935995321186797e-04 2.854289763706505919e-30 7.241298033822774944e-32
1.900000000000000000e+01 9.848240816463401659e-01 6.053024519876090692e-04 2.075092542461166870e-30 1.435205614870235355e-31
1.950000000000000000e+01 9.848395905772365788e-01 5.804217601124270123e-04 9.318236367132704015e-31 1.254883273497892923e-31
2.000000000000000000e+01 9.847100275111811962e-01 5.793190710749371829e-04 3.539596335538218192e-31 1.220228005749708094e-31
