# time 1 2 D-1 D
0.000000000000000000e+00 9.999999671887949138e-01 8.009567996414595421e-09 1.657163492565037375e-34 9.048241491647340855e-36
5.000000000000000104e-04 9.990221549796437506e-01 6.746397277660093281e-06 1.153914679608730823e-29 4.571160034899495501e-35
1.000000000000000021e-03 9.957774138344595016e-01 1.436807761124556137e-04 2.593697755861965270e-25 1.404204548988044833e-29
1.500000000000000248e-03 9.894248811445911507e-01 9.631132370010677844e-04 1.030912059214336461e-22 2.512655212136887005e-26
2.000000000000000042e-03 9.781694848385367180e-01 4.017708454166536887e-03 7.633561545181497909e-21 5.107084024565064108e-24
2.500000000000000052e-03 9.584048022591946658e-01 1.273623064031473295e-02 2.195004334939612776e-19 2.981191531937982033e-22
3.000000000000000496e-03 9.238987947953009039e-01 3.313408789873942273e-02 3.458028843625487993e-18 7.568408405435815479e-21
3.500000000000000507e-03 8.668069791219407128e-01 7.083306073840756056e-02 3.535647627728339173e-17 1.022740074643651033e-19
4.000000000000000083e-03 7.833419502992498007e-01 1.190068207989048166e-01 2.607146202682219835e-16 7.942701354598293631e-19
4.500000000000000527e-03 6.813693796178792450e-01 1.487334561349260564e-01 1.496503346368053774e-15 3.371498006689058555e-18
5.000000000000000104e-03 5.782488110429541139e-01 1.473556696391559173e-01 7.043051866138392147e-15 4.787028096122499688e-18
5.500000000000000548e-03 4.886762414704525215e-01 1.337275027251778603e-01 2.812265017762878539e-14 5.733055740806435878e-18
6.000000000000000992e-03 4.181006246949881544e-01 1.222725343870287584e-01 9.802914407163396217e-14 5.935424928779693135e-16
6.500000000000000569e-03 3.652973365501682723e-01 1.128518501593800405e-01 3.024270850075626828e-13 7.968056692365441384e-15
7.000000000000001013e-03 3.266643121819860496e-01 9.090349135243433465e-02 8.279813618251775855e-13 5.341809643784629915e-14
7.499999999999999722e-03 2.985723421342827977e-01 3.508616211980498251e-02 1.886707868902082817e-12 2.254871229416716001e-13
8.000000000000000167e-03 2.781088900317389423e-01 1.756507595133179403e-02 2.582220740079105427e-12 6.825519365455933773e-13
8.500000000000000611e-03 2.631253089486475516e-01 1.242664032525716417e-02 2.724728888544317550e-12 1.628066491345361265e-12
9.000000000000001055e-03 2.520871601877760493e-01 9.934026210760225559e-03 3.152008802837238518e-12 3.260413438835482901e-12
9.500000000000001499e-03 2.439080384308496274e-01 8.513461482519401116e-03 3.742746123704474577e-12 5.717120118512467540e-12
1.000000000000000021e-02 2.378173130063763741e-01 7.510654926445026885e-03 4.363530817498317764e-12 9.041773471671186654e-12
1.050000000000000065e-02 2.332644646662357102e-01 6.749672204512025334e-03 5.177799527960360403e-12 1.318565336764466556e-11
1.100000000000000110e-02 2.298526899165999893e-01 6.137786666783135760e-03 5.649236769740352713e-12 1.803574653021613569e-11
1.150000000000000154e-02 2.272930965849771223e-01 5.619544458636446284e-03 8.738991774131050725e-11 2.344552523310737958e-11
1.200000000000000198e-02 2.253735229175152233e-01 5.173021366590138323e-03 1.004402338674349852e-10 2.926169831624275018e-11
1.250000000000000069e-02 2.239368686112772344e-01 4.786515429359439362e-03 1.124786838443558463e-10 3.534033449409999867e-11
1.300000000000000114e-02 2.228659120282338313e-01 4.436551752609815130e-03 1.231200513186805019e-10 4.155659723138416630e-11
1.350000000000000158e-02 2.220726102195154372e-01 4.114828935584876994e-03 1.326002475540182321e-10 4.778637899378521840e-11
1.400000000000000203e-02 2.214903278895067884e-01 3.844692799247848708e-03 1.407081527593329750e-10 5.398135368217921454e-11
1.450000000000000247e-02 2.210684474441396152e-01 3.586581930686716206e-03 1.475330597733231883e-10 6.007626472707778947e-11
1.499999999999999944e-02 2.207685321623033547e-01 3.342604001318025004e-03 1.533766698192916109e-10 6.603760633884711903e-11
1.550000000000000162e-02 2.205610012869202996e-01 3.134309903329443852e-03 1.586227869782456705e-10 7.132093179223823528e-11
1.600000000000000033e-02 2.204231959919945860e-01 2.949233189034907842e-03 1.628455386517409632e-10 7.652655260661118933e-11
1.650000000000000078e-02 2.203377272014078736e-01 2.780060886368091334e-03 1.660862018593073926e-10 8.168989203089372906e-11
1.700000000000000122e-02 2.202910971714837074e-01 2.616687344954999814e-03 1.694767936613811471e-10 8.578483339945891245e-11
1.750000000000000167e-02 2.202729385935239814e-01 2.472769286729101061e-03 1.721771880519524732e-10 8.975833330611294185e-11
1.800000000000000211e-02 2.202752207465706880e-01 2.344377256470841445e-03 1.745244951661721312e-10 9.334055956640781812e-11
1.850000000000000255e-02 2.202918291800609607e-01 2.231355680222254362e-03 1.778615823614487331e-10 9.529014590844786463e-11
1.900000000000000300e-02 2.203179478409031389e-01 2.112672342266410860e-03 1.839934167499841211e-10 9.386420830184159059e-11
1.950000000000000344e-02 2.203499819774907276e-01 2.014995501571560221e-03 1.961753795747713498e-10 8.589059509888467414e-11
2.000000000000000042e-02 2.203866171444517907e-01 1.931457289207942456e-03 2.810071636471520850e-10 4.809509067586020602e-12
