# time 1 2 D-1 D
0.000000000000000000e+00 9.999999671887949138e-01 8.009567996414595421e-09 1.657163492565037375e-34 9.048241491647340855e-36
5.000000000000000278e-02 9.990252839948765562e-01 6.732298406615892314e-06 1.126200498962828822e-29 4.293722705118801170e-35
1.000000000000000056e-01 9.958287395209592940e-01 1.432852264389109106e-04 2.369808905168526230e-25 1.338929909615369552e-29
1.500000000000000222e-01 9.896879188601781507e-01 9.590696709933364166e-04 8.456009562662072081e-23 2.128912051425347549e-26
2.000000000000000111e-01 9.790047639612917685e-01 3.993740905038732289e-03 5.408161876605007781e-21 3.751870537994865157e-24
2.500000000000000000e-01 9.604339590557062767e-01 1.263984085436231815e-02 1.294807107413080018e-19 1.887998238233915076e-22
3.000000000000000444e-01 9.280211132509517125e-01 3.284981977110389834e-02 1.639753360492323106e-18 4.117889253145533820e-21
3.500000000000000333e-01 8.741004296685156438e-01 7.021356132219008783e-02 1.303035041962010882e-17 4.834318281728101315e-20
4.000000000000000222e-01 7.947859974042474906e-01 1.180943216659197936e-01 7.228680781204071788e-17 3.443930138404866991e-19
4.500000000000000111e-01 6.975047192990636580e-01 1.479936360390441408e-01 3.027322549476787797e-16 1.583982537430098604e-18
5.000000000000000000e-01 5.990914761059188409e-01 1.472761704762834134e-01 1.010712888070095263e-15 4.820649919305397164e-18
5.500000000000000444e-01 5.139474091762777919e-01 1.344705730739554628e-01 2.799045898292017871e-15 1.055255320333032372e-17
6.000000000000000888e-01 4.474944555515320554e-01 1.238115596173756938e-01 6.664790485188666227e-15 3.038514372948135656e-17
6.500000000000000222e-01 3.986011216321371231e-01 1.149548286750639164e-01 1.399516156020194260e-14 1.634503782350710730e-16
7.000000000000000666e-01 3.637639825838052676e-01 9.270172572333708338e-02 2.619777240061023604e-14 7.168789883005460160e-16
7.500000000000000000e-01 3.394173999750833559e-01 3.549309668072638674e-02 4.093991039964678339e-14 2.065305629268180469e-15
8.000000000000000444e-01 3.226697913141354790e-01 1.767178517267996990e-02 3.814914893070351923e-14 4.325826611520125641e-15
8.500000000000000888e-01 3.113660569876839368e-01 1.250930107180627492e-02 2.817011058972843504e-14 7.434784516828941334e-15
9.000000000000000222e-01 3.039438147896229014e-01 1.003669977977533247e-02 2.436161431721258787e-14 1.137140331856490379e-14
9.500000000000000666e-01 2.992736698450483845e-01 8.668762025517119663e-03 2.318598421454481913e-14 1.613009497128313912e-14
1.000000000000000000e+00 2.965327468232016872e-01 7.738626271894979806e-03 2.260878898823333308e-14 2.162951328225230606e-14
1.050000000000000044e+00 2.951223760527182938e-01 7.079162044428989956e-03 2.311846831809997630e-14 2.773453494706439431e-14
1.100000000000000089e+00 2.945938170895684993e-01 6.590966492401185983e-03 2.101974503059512785e-14 3.427822254462847553e-14
1.150000000000000133e+00 2.946156339401885260e-01 6.230515335504990815e-03 1.432859874736555490e-13 4.099002330627345383e-14
1.200000000000000178e+00 2.949334572055252179e-01 5.969808259332098389e-03 1.535848980401059429e-13 4.744637243915482611e-14
1.250000000000000000e+00 2.953586326779749638e-01 5.805990827873958211e-03 1.619749215016105799e-13 5.316715436392658054e-14
1.300000000000000044e+00 2.957952568268202298e-01 5.713853883183911062e-03 1.670111920004729123e-13 5.778613935019487547e-14
1.350000000000000089e+00 2.961562346299957404e-01 5.679389762315306331e-03 1.693763701607451299e-13 6.112052043712706656e-14
1.400000000000000133e+00 2.964218646377779764e-01 5.728788932361585789e-03 1.692609034211825793e-13 6.313685487576031550e-14
1.450000000000000178e+00 2.965956162826456355e-01 5.819540622238141871e-03 1.667277158933270928e-13 6.365616642876826725e-14
1.500000000000000000e+00 2.966983728503772566e-01 5.941076600286753460e-03 1.613817472261561068e-13 6.318857630961054809e-14
1.550000000000000044e+00 2.967694322253073280e-01 6.121669721609053483e-03 1.535737628916197066e-13 6.149490440484267098e-14
1.600000000000000089e+00 2.968716300463143942e-01 6.337858545369379031e-03 1.443380491626163025e-13 5.912034099237793755e-14
1.650000000000000133e+00 2.970268200683599535e-01 6.576585238086825672e-03 1.344264501926478698e-13 5.769780775529588979e-14
1.700000000000000178e+00 2.972263757420580688e-01 6.815738547566606645e-03 1.270181338329999823e-13 5.628771600281943326e-14
1.750000000000000000e+00 2.974846245118782373e-01 7.071111458287922952e-03 1.220869975324852681e-13 5.612147013928011903e-14
1.800000000000000044e+00 2.977385375460339101e-01 7.324271138888155570e-03 1.200375941857816434e-13 5.685341136768162138e-14
1.850000000000000089e+00 2.979768421615252016e-01 7.564926464038891976e-03 1.217840923165625682e-13 5.682678661345661691e-14
1.900000000000000133e+00 2.981545873553330117e-01 7.752020624885769089e-03 1.240356256192198824e-13 5.816787926532217295e-14
1.950000000000000178e+00 2.982388186516546913e-01 7.933356796204389660e-03 1.293984477356950801e-13 5.679645453014670381e-14
2.000000000000000000e+00 2.982112772530627343e-01 8.087683969354473451e-03 1.460952280337719601e-13 4.287713902611202189e-14
