# time 1 2 D-1 D
0.000000000000000000e+00 9.999999671887949138e-01 8.009567996414595421e-09 1.657163492565037375e-34 9.048241491647340855e-36
5.000000000000000971e-03 9.990221679590891579e-01 6.748405142816631945e-06 1.153228662347181032e-29 3.549283797261413820e-35
1.000000000000000194e-02 9.957778741696842184e-01 1.436775778090582090e-04 2.591329354047195547e-25 1.416375737147778798e-29
1.500000000000000291e-02 9.894274479716002046e-01 9.630534276839870312e-04 1.028731627379166383e-22 2.529672860684812325e-26
2.000000000000000389e-02 9.781778313438931338e-01 4.017391329673877971e-03 7.606959179567934841e-21 5.097144918423261583e-24
2.500000000000000139e-02 9.584255116109543504e-01 1.273502786249878019e-02 2.183223269297134027e-19 2.961371790086206976e-22
3.000000000000000583e-02 9.239413249991823562e-01 3.313085483539621179e-02 3.432462849953206592e-18 7.511473851517660027e-21
3.500000000000000333e-02 8.668830550388392231e-01 7.082617899799460714e-02 3.501074437620891333e-17 1.012254503344826057e-19
4.000000000000000777e-02 7.834622556406001248e-01 1.189973304703966644e-01 2.574753992180095653e-16 7.864240301544358851e-19
4.500000000000000527e-02 6.815395924988222331e-01 1.487281512732754885e-01 1.473644395939283089e-15 3.347721724410174687e-18
5.000000000000000278e-02 5.784693101981313035e-01 1.473586905666558200e-01 6.913305634762118515e-15 4.935817161252582722e-18
5.500000000000000722e-02 4.889432243237933906e-01 1.337399910951086457e-01 2.751285807354765806e-14 6.609967688860274070e-18
6.000000000000001166e-02 4.184106389288026473e-01 1.222962494024759095e-01 9.556468544676017274e-14 5.782264856388797830e-16
6.500000000000000222e-02 3.656472159653345599e-01 1.128820242380045163e-01 2.937744896441983430e-13 7.701958923401983579e-15
7.000000000000000666e-02 3.270522433265680706e-01 9.093013481627523764e-02 8.013840302962188180e-13 5.140776538474188745e-14
7.500000000000001110e-02 2.989970047489231009e-01 3.509496103076437112e-02 1.819058389899989830e-12 2.160812664459395971e-13
8.000000000000001554e-02 2.785692008418166887e-01 1.756828481950557450e-02 2.478025642641626248e-12 6.511479712631996169e-13
8.500000000000001998e-02 2.636201441057585138e-01 1.242953970570043545e-02 2.600206669885224389e-12 1.545820375980689244e-12
9.000000000000001055e-02 2.526151571006302610e-01 9.936554260286733359e-03 2.989362872946703198e-12 3.080212076676728872e-12
9.500000000000001499e-02 2.444674992161056104e-01 8.516493097054066153e-03 3.527541516536851614e-12 5.372736241401370535e-12
1.000000000000000056e-01 2.384062283926896841e-01 7.514140291558698941e-03 4.078007699861185313e-12 8.450032280692998463e-12
1.050000000000000100e-01 2.338804454923190390e-01 6.754249453114742271e-03 4.801201856501846851e-12 1.225089657034227469e-11
1.100000000000000144e-01 2.304929741521773434e-01 6.143267693705969403e-03 5.141967923004926558e-12 1.665368760432522536e-11
1.150000000000000189e-01 2.279547456298002261e-01 5.626606501200459749e-03 7.998766354615455700e-11 2.150853361530944130e-11
1.200000000000000233e-01 2.260533526991937714e-01 5.181633774511268213e-03 9.126099734964150674e-11 2.666180415674146799e-11
1.250000000000000000e-01 2.246314207455944456e-01 4.797242245618174410e-03 1.014182175934587484e-10 3.197109981757564491e-11
1.300000000000000044e-01 2.235715500260950506e-01 4.449909614768219994e-03 1.101197238220606539e-10 3.731411909935186645e-11
1.350000000000000089e-01 2.227854098616292022e-01 4.131050221023604627e-03 1.176029376668556863e-10 4.257340828628282621e-11
1.400000000000000133e-01 2.222065501131052501e-01 3.864107164777996241e-03 1.237094193921267910e-10 4.770126634693262999e-11
1.450000000000000178e-01 2.217841825311812065e-01 3.609795674245565040e-03 1.285296634325670836e-10 5.261845385626703619e-11
1.500000000000000222e-01 2.214798979771823717e-01 3.369882416999044929e-03 1.323124716804072273e-10 5.734514667729782208e-11
1.550000000000000266e-01 2.212640737139689451e-01 3.166183981310140717e-03 1.354483891871311592e-10 6.138770123544108177e-11
1.600000000000000311e-01 2.211138383986934741e-01 2.986152834341412095e-03 1.376439908765297865e-10 6.519657401294809545e-11
1.650000000000000355e-01 2.210119197588933382e-01 2.822509197474753085e-03 1.388194399308473179e-10 6.896010445611367970e-11
1.700000000000000400e-01 2.209451065637099143e-01 2.665070990670907140e-03 1.400908980443087494e-10 7.166286050202095222e-11
1.750000000000000167e-01 2.209026682515746187e-01 2.527441126036321633e-03 1.406474084257511312e-10 7.421787961151836782e-11
1.800000000000000211e-01 2.208766018102817918e-01 2.405830914031708255e-03 1.408417698466063630e-10 7.638135109223209560e-11
1.850000000000000255e-01 2.208616374790540737e-01 2.300135178393856138e-03 1.419499987012037684e-10 7.695088950900198971e-11
1.900000000000000300e-01 2.208522893172064627e-01 2.188968935414804112e-03 1.447388915613698664e-10 7.525225736396597324e-11
1.950000000000000344e-01 2.208449411654023198e-01 2.099289665683312569e-03 1.522156657035218581e-10 6.836326912377094822e-11
2.000000000000000111e-01 2.208467726689204158e-01 2.024145038799193656e-03 2.167736108736310639e-10 3.888175676554091451e-12
