# time 1 2 D-1 D
0.000000000000000000e+00 9.999999671887949138e-01 8.009567996414595421e-09 1.657163492565037375e-34 9.048241491647340855e-36
5.000000000000000000e-01 9.993019661122778396e-01 3.980917856513654173e-06 1.073670856419346692e-30 2.840928232486796597e-34
1.000000000000000000e+00 9.989804307738914257e-01 7.790847077138345132e-05 7.602294076609718124e-30 2.738549483271255983e-34
1.500000000000000222e+00 9.993974858832361807e-01 4.517481439051929093e-04 1.760952669984655811e-35 3.174138980999790884e-34
2.000000000000000000e+00 9.978340979985778070e-01 1.597160466945660336e-03 2.941298683375471527e-31 2.012026296007203174e-34
2.500000000000000000e+00 9.941465969236328304e-01 4.375639857282912805e-03 4.067001425481044363e-29 1.550617755637979391e-32
3.000000000000000444e+00 9.884368187352722268e-01 1.021480298784206708e-02 4.702507759023665643e-32 5.064377289393965130e-34
3.500000000000000444e+00 9.779579244300939944e-01 1.999659639162122693e-02 4.795563868012423664e-32 5.716791893052978414e-34
4.000000000000000000e+00 9.627662295455347019e-01 3.085196429264354390e-02 1.515045926973048738e-29 9.263519784478393896e-32
4.500000000000000000e+00 9.488584142577509706e-01 3.531408390992373664e-02 5.955086481864035031e-30 2.585861708145950448e-32
5.000000000000000000e+00 9.440949591379965700e-01 3.147931365970083745e-02 3.435849838766847946e-30 3.840364472378390630e-33
5.500000000000000000e+00 9.515644071052257180e-01 2.429157182412400307e-02 1.297672571350071572e-30 3.775857159318073790e-32
6.000000000000000888e+00 9.662864559319352953e-01 1.671764021352118573e-02 8.939847503802767768e-29 1.750647953971886177e-30
6.500000000000000000e+00 9.791786864947904512e-01 9.648065223987121325e-03 1.003011957796289137e-28 1.756750120516714413e-29
7.000000000000000888e+00 9.845102125405075233e-01 4.051929003997279191e-03 2.427449166285387074e-28 2.533065853885188368e-29
7.500000000000000000e+00 9.837259254145568343e-01 1.177172483256060586e-03 4.164102957879743701e-28 2.233778551361878369e-29
8.000000000000000000e+00 9.814995833063098196e-01 8.819753097768962035e-04 3.894147460577036913e-29 1.001732532687363743e-28
8.500000000000000000e+00 9.803072346941896775e-01 9.207680830078369093e-04 2.030536465488978964e-28 2.722488110790288892e-30
9.000000000000000000e+00 9.800474342298987063e-01 8.931041561828303738e-04 1.567017837976844996e-27 3.502837317422778908e-29
9.500000000000000000e+00 9.804942275739960689e-01 8.322032762170041313e-04 1.817753502884955653e-27 1.251719869578547008e-28
1.000000000000000000e+01 9.813256263701227722e-01 8.115060649278839572e-04 1.535106130122433058e-28 1.372329444368203237e-29
1.050000000000000000e+01 9.814616169176823002e-01 8.120360292725760376e-04 5.556303126653144453e-28 1.493804491480592395e-29
1.100000000000000000e+01 9.808163104413697431e-01 7.552861954850999824e-04 4.343138023949742563e-28 3.153827010866752243e-29
1.150000000000000178e+01 9.805665223489097304e-01 6.594442976803737561e-04 1.488411226650609192e-27 9.654252067310421238e-30
1.200000000000000178e+01 9.810889574203143226e-01 6.248444143789722667e-04 1.069541271188512176e-27 3.932422601469548152e-30
1.250000000000000000e+01 9.812842401083861077e-01 7.164996034227626024e-04 8.387710229104548368e-29 3.246733785610831874e-29
1.300000000000000000e+01 9.805760160037619855e-01 8.196049540228836231e-04 6.478683874064373336e-29 2.877825954874673240e-29
1.350000000000000000e+01 9.807069902217688817e-01 7.873923334590964213e-04 3.309539498692390591e-29 9.876889311300182083e-30
1.400000000000000178e+01 9.811369515248894446e-01 6.784923127419900148e-04 4.123325168408921872e-29 1.486767446217119145e-29
1.450000000000000178e+01 9.808612417517684756e-01 6.814103903254060263e-04 3.989198593387838413e-30 3.530571723790032239e-30
1.500000000000000000e+01 9.807083036443089430e-01 7.945724740384802441e-04 9.230134680931653746e-30 1.116989662232049250e-30
1.550000000000000000e+01 9.808284892953087475e-01 8.132728305244896509e-04 2.841844982045888959e-30 1.059816275805041013e-30
1.600000000000000000e+01 9.808147866601768516e-01 7.118675626514916208e-04 9.778819055431991592e-30 7.144808753672149334e-31
1.650000000000000000e+01 9.807211975220395672e-01 6.956579418136020661e-04 4.632948202578244868e-30 3.919896000562229801e-31
1.700000000000000000e+01 9.807577007639765032e-01 7.866818473959790283e-04 1.230176765545948458e-30 7.118471559870563038e-31
1.750000000000000000e+01 9.805483074511749386e-01 7.828605309164172977e-04 4.211478954314394903e-31 4.666270900389045751e-31
1.800000000000000000e+01 9.806474419204783688e-01 7.032628183596199411e-04 8.574663987687299090e-32 5.651726593738693197e-31
1.850000000000000000e+01 9.805690673656205503e-01 7.402235707729353485e-04 3.486365715419749773e-30 6.538807343643699229e-32
1.900000000000000000e+01 9.803293505397232543e-01 7.993979672036971009e-04 2.304262484741223271e-30 1.123369331574616067e-31
1.950000000000000000e+01 9.804157031326574678e-01 7.402903507228660073e-04 6.458715160574572128e-31 7.938477386831512572e-32
2.000000000000000000e+01 9.802164961734834980e-01 7.320030619677529281e-04 4.598128148116268595e-31 1.102444427485309975e-31
