# time 1 2 D-1 D
0.000000000000000000e+00 9.999999726945927314e-01 7.435001705340177732e-09 1.178550636134425669e-34 1.424228955456283545e-34
1.250000000000000069e-02 9.995308832162276280e-01 1.376061639876980005e-05 3.955678795292350384e-17 4.914668258290167660e-23
2.500000000000000139e-02 9.978436359023720170e-01 2.643732098671784702e-04 1.182174841287257343e-14 2.219700930217473539e-19
3.750000000000000555e-02 9.940340415728153856e-01 1.589294805090836005e-03 3.419954437870191112e-13 3.015899044485949818e-17
5.000000000000000278e-02 9.862449194742712866e-01 5.847583616816200494e-03 3.726039520819825279e-12 9.589090141935210851e-16
6.250000000000000000e-02 9.714677114608395447e-01 1.599175570196716481e-02 2.338814502999664327e-11 1.355512993179147693e-14
7.500000000000001110e-02 9.460694380765243272e-01 3.492052814883637307e-02 1.024383223382257623e-10 1.137370551922475578e-13
8.750000000000000833e-02 9.075065483712985159e-01 6.179308870600663806e-02 3.474385504690468154e-10 6.627493665197416549e-13
1.000000000000000056e-01 8.564982213492080554e-01 8.819283271828029513e-02 9.722860473526071488e-10 2.954907989614133925e-12
1.125000000000000028e-01 7.975527671454447631e-01 1.060143528841045318e-01 2.344204910785381920e-09 1.076303032025084007e-11
1.250000000000000000e-01 7.369145477822676149e-01 1.165150637988906362e-01 5.020544200119860342e-09 3.357943988333078402e-11
1.375000000000000111e-01 6.798439214549056864e-01 1.244498784406447706e-01 9.767911725777451096e-09 9.300634547939133550e-11
1.500000000000000222e-01 6.293446326334930507e-01 1.308980173158374172e-01 1.757002718611105508e-08 2.351421903931687802e-10
1.625000000000000056e-01 5.864007901727981142e-01 1.355928863105631543e-01 2.961766571224816447e-08 5.545595458693631383e-10
1.750000000000000167e-01 5.507543056979244955e-01 1.374844578808391837e-01 4.724786759065838938e-08 1.240409318895184001e-09
1.875000000000000000e-01 5.215748539300418818e-01 1.354440395621461790e-01 7.185822983096440552e-08 2.675092254272839098e-09
2.000000000000000111e-01 4.978663937496567993e-01 1.296439909297767146e-01 1.047171999670144937e-07 5.491871093899432056e-09
2.125000000000000222e-01 4.786676514949626537e-01 1.205579320254390879e-01 1.463339914245562718e-07 1.106249766556250065e-08
2.250000000000000056e-01 4.631317149477282014e-01 1.091086467078605932e-01 1.960655886193627908e-07 2.159130231022843568e-08
2.375000000000000167e-01 4.505452823151572805e-01 9.688927781047373955e-02 2.520552659311747365e-07 3.983395575797641282e-08
2.500000000000000000e-01 4.403217798753543688e-01 8.611844923824793496e-02 3.101856705896164215e-07 7.113651327820096094e-08
2.625000000000000111e-01 4.319850108495194574e-01 7.675440793053399380e-02 3.682052434670091160e-07 1.201598120086233959e-07
2.750000000000000222e-01 4.251510193032798646e-01 6.861291401672678369e-02 4.337503429376390022e-07 1.859690105188695127e-07
2.875000000000000333e-01 4.195114774544110858e-01 6.175741144607409944e-02 5.420172045836392654e-07 2.436427027486968005e-07
3.000000000000000444e-01 4.148193285805941155e-01 5.649289887142540378e-02 9.106589465966439378e-07 8.698841394310584654e-08
3.125000000000000000e-01 4.108769803212092286e-01 5.201381242083887718e-02 1.063059431343176396e-06 2.010341032684641298e-07
3.250000000000000111e-01 4.075266811506226827e-01 4.822088908213501696e-02 1.265754882268089994e-06 3.214729993462178408e-07
3.375000000000000222e-01 4.046428152384757837e-01 4.507242174885549291e-02 1.576638374972864078e-06 3.858361746661346724e-07
3.500000000000000333e-01 4.021257466362472277e-01 4.246835560771378831e-02 1.950036971689561827e-06 4.306329160222117204e-07
3.625000000000000444e-01 3.998979323636239758e-01 4.025414499391539308e-02 2.368293655922984073e-06 4.635650630727074015e-07
3.750000000000000000e-01 3.978943680569896335e-01 3.816111776213272633e-02 2.819028010138893702e-06 4.886351763542577502e-07
3.875000000000000111e-01 3.960684696540327510e-01 3.657763432695637640e-02 3.287251569052288858e-06 5.176707228150057062e-07
4.000000000000000222e-01 3.943823856778380099e-01 3.524032903141707807e-02 3.784001733957220011e-06 5.388898615876446734e-07
4.125000000000000333e-01 3.928073305722825648e-01 3.425114819835387708e-02 4.307269178616365585e-06 5.543859032438872991e-07
4.250000000000000444e-01 3.913243635815400467e-01 3.313179131060729060e-02 4.859296178844042612e-06 5.677103528677016620e-07
4.375000000000000000e-01 3.899153412027901444e-01 3.242395069108389150e-02 5.464108352410836954e-06 5.772641033242755291e-07
4.500000000000000111e-01 3.885694595983391064e-01 3.157558318866621194e-02 6.149732888738791922e-06 5.828510654605091619e-07
4.625000000000000222e-01 3.872817442629726270e-01 3.103504604165233799e-02 6.979898499924132885e-06 5.846121728072131700e-07
4.750000000000000333e-01 3.860483007295689162e-01 3.044190569440257538e-02 8.141090343178403863e-06 5.827951710237161913e-07
4.875000000000000444e-01 3.848686838725720039e-01 3.002744581099152030e-02 1.003767373696432590e-05 5.777368459867003429e-07
5.000000000000000000e-01 3.837439333463836255e-01 2.966549868679485211e-02 1.211620927647975386e-05 5.698336931594757275e-07
