# time 1 2 D-1 D
0.000000000000000000e+00 9.999999664663529186e-01 1.105322786949404021e-08 6.256274808663919689e-35 1.322082169789673080e-35
2.500000000000000486e-03 9.995824605942541519e-01 5.207594294433009886e-09 3.032951123632252779e-31 6.515183628525078841e-29
5.000000000000000971e-03 9.982520915367646408e-01 2.488840056957046998e-07 6.851352744211222644e-27 3.405490929420158496e-25
7.500000000000001457e-03 9.958986603890321865e-01 1.751331155776537896e-06 2.495485737950212204e-24 5.416751825097135058e-23
1.000000000000000194e-02 9.924261001083642952e-01 6.612459036075547567e-06 1.714903632953917345e-22 1.997125750820324694e-21
1.250000000000000069e-02 9.877582309925624360e-01 1.845892807738325328e-05 4.390481516988078759e-21 3.214346579089856401e-20
1.500000000000000291e-02 9.818420860893010138e-01 4.231192432054210517e-05 6.035742298629408317e-20 2.981571615400699827e-19
1.750000000000000167e-02 9.746482748224520876e-01 8.701066934007454525e-05 5.189262247227455071e-19 1.845689526193323488e-18
2.000000000000000389e-02 9.661686272978047274e-01 1.569236336900150684e-04 3.050262557395799289e-18 8.308427447912133118e-18
2.250000000000000264e-02 9.564126376818157249e-01 2.618042177764284308e-04 1.317225710642235721e-17 2.873826280800320740e-17
2.500000000000000139e-02 9.454047947548135378e-01 4.017299121217708289e-04 4.451197625463677318e-17 7.926991056298814526e-17
2.750000000000000361e-02 9.331851033034423981e-01 5.628202096405116647e-04 1.196962013800490165e-16 1.790658608568054454e-16
3.000000000000000583e-02 9.198140968396347761e-01 7.347576523798995040e-04 2.660869854229942691e-16 3.377926303108177365e-16
3.250000000000000111e-02 9.053801268757565301e-01 8.813073882520877167e-04 4.748015447542918787e-16 5.398498802303488713e-16
3.500000000000000333e-02 8.900039449667649372e-01 9.607096107882935523e-04 7.097827219132612048e-16 7.385665722153425149e-16
3.750000000000000555e-02 8.738321875165461217e-01 9.512842784790096493e-04 8.542491705601311577e-16 8.703526710991293112e-16
4.000000000000000777e-02 8.570141261400975319e-01 8.300702675707461852e-04 8.318425964216901030e-16 8.854185238791188481e-16
4.250000000000000999e-02 8.397043326401191221e-01 5.922046290755936292e-04 6.677608806182982983e-16 7.748336011347423462e-16
4.500000000000000527e-02 8.219722457692719697e-01 2.980990219854396392e-04 4.272309504151190879e-16 5.768360587345488193e-16
4.750000000000000749e-02 8.038160020353366519e-01 6.798763887537884046e-05 1.947795227545503212e-16 3.560063317978540975e-16
5.000000000000000278e-02 7.852061526080993392e-01 3.449682269531808930e-05 5.379080172893289243e-17 1.723339466548112816e-16
5.250000000000000500e-02 7.659900223709324996e-01 4.457746223234133063e-04 4.418724968979065989e-18 5.776324120290450749e-17
5.500000000000000722e-02 7.460941789867655549e-01 1.467555913578555849e-03 8.171344411558879180e-18 1.306091363812595604e-17
5.750000000000000944e-02 7.252347191771548740e-01 3.476729253212764142e-03 3.305158677581113183e-17 1.877136634857981047e-17
6.000000000000001166e-02 7.033782214644718200e-01 6.600495832227023900e-03 5.938872667485762852e-17 5.026069618049705259e-17
6.250000000000000000e-02 6.805913090066348925e-01 1.086499127053101518e-02 7.712010398232981880e-17 8.765978065604983008e-17
6.500000000000000222e-02 6.566053414529118282e-01 1.662775602849857898e-02 8.685052304251183566e-17 1.191822572392945203e-16
6.750000000000000444e-02 6.329017361424822408e-01 2.248971146194723644e-02 9.572094365701474203e-17 1.400493361896579823e-16
7.000000000000000666e-02 6.089968365228466407e-01 2.900786677898346821e-02 1.041201976313582388e-16 1.496308172164259058e-16
7.250000000000000888e-02 5.855520621044089102e-01 3.558359341256792790e-02 2.852076076289705151e-16 1.490389490781197850e-16
7.500000000000001110e-02 5.632239809626709004e-01 4.161167188443318926e-02 2.289535260114454143e-16 1.398956639170158136e-16
7.750000000000001332e-02 5.428559291424660538e-01 4.628843488319529104e-02 1.773616942825592353e-16 1.234724515598715056e-16
8.000000000000001554e-02 5.244416962563563933e-01 4.964826805262239490e-02 1.307058848060910961e-16 1.015295649766327932e-16
8.250000000000001776e-02 5.073450879826675308e-01 5.234487407714466523e-02 8.578215148897438471e-17 7.548730325177363282e-17
8.500000000000001998e-02 4.929489517235615126e-01 5.300326785125881318e-02 4.985033670725964310e-17 4.873705812988273845e-17
8.750000000000000833e-02 4.791490675186276804e-01 5.372706212760059580e-02 2.231909276378927034e-17 2.450770658491797839e-17
9.000000000000001055e-02 4.679941092980847706e-01 5.245980854526308135e-02 5.738695365761281588e-18 6.923988716210274805e-18
9.250000000000001277e-02 4.571586346612906415e-01 5.151332982512618619e-02 1.431827906969358776e-18 2.325226288802566138e-18
9.500000000000001499e-02 4.481337740767453726e-01 4.937825879267485757e-02 5.688680007721376080e-18 1.942765397796793264e-17
9.750000000000001721e-02 4.402128958232798817e-01 4.673950271337192625e-02 8.097331167790646298e-18 7.205298688007776151e-17
1.000000000000000056e-01 4.328330184943470771e-01 4.413739565397728493e-02 1.280471213888810095e-18 1.668965259365147814e-16
