# time 1 2 D-1 D
0.000000000000000000e+00 9.999999352463505575e-01 4.178939573100254400e-08 8.244144236584243156e-36 5.096686365776196927e-36
2.500000000000000486e-03 9.986227967973511088e-01 2.652320353381031769e-07 8.836851829408137394e-32 1.950095766434990323e-35
5.000000000000000971e-03 9.942055525877609989e-01 7.156924107405740139e-06 1.940253955614566470e-27 2.982997662391261056e-32
7.500000000000001457e-03 9.862732430959586516e-01 5.562023392945578885e-05 7.842257195020255314e-25 7.102666078626489942e-29
1.000000000000000194e-02 9.742474597889310139e-01 2.640117695575685251e-04 5.849891170358284784e-23 1.820039136749766523e-26
1.250000000000000069e-02 9.573277358731425712e-01 9.644424272075366325e-04 1.704095864472260161e-21 1.349113432589337030e-24
1.500000000000000291e-02 9.342322659456948619e-01 2.980917468836753303e-03 2.644176367476826124e-20 4.414729719542045842e-23
1.750000000000000167e-02 9.027102634121896285e-01 8.161376977804172400e-03 2.578441766092298147e-19 8.086762197627274425e-22
2.000000000000000389e-02 8.588390191885604263e-01 2.014710717640442669e-02 1.674622002308857181e-18 9.682137433713033289e-21
2.250000000000000264e-02 7.967294149118828717e-01 4.468564537100632589e-02 7.079265139618258208e-18 8.475684884192183750e-20
2.500000000000000139e-02 7.108401113041569186e-01 8.746245542493838454e-02 1.757112300378101339e-17 5.867052250749418411e-19
2.750000000000000361e-02 6.030543097324612134e-01 1.461100775908401594e-01 2.491418447563769664e-17 3.356718665265456615e-18
3.000000000000000583e-02 4.877569945881680136e-01 2.048672308264447572e-01 2.388277904511988554e-17 1.617005115199330421e-17
3.250000000000000111e-02 3.831015508183944762e-01 2.487115389544674871e-01 2.081362419149444609e-17 6.605108833956683550e-17
3.500000000000000333e-02 2.985170629737143866e-01 2.160589161981168668e-02 2.957729449081083140e-17 2.304074232362598587e-16
3.750000000000000555e-02 2.340241813268377491e-01 7.606572780398576303e-03 9.617265157061319641e-17 6.939680965856412458e-16
4.000000000000000777e-02 1.857196475750652331e-01 3.386784336848596214e-03 4.255518113850107847e-16 1.829266149954844956e-15
4.250000000000000999e-02 1.494079057525943000e-01 2.172051722784671887e-03 1.684867218349449772e-15 4.275576197304608071e-15
4.500000000000000527e-02 1.217552254002391282e-01 1.546293661884195906e-03 5.486244958114514044e-15 8.981621898858186798e-15
4.750000000000000749e-02 1.003612349933643427e-01 1.222598201256632107e-03 1.526103594997176896e-14 1.705747498511647823e-14
5.000000000000000278e-02 8.355026579669593001e-02 9.980267798718185472e-04 3.691858217763209364e-14 2.961639656715023804e-14
5.250000000000000500e-02 7.015418144079377250e-02 7.866570286333141038e-04 8.019915974672588312e-14 4.679783557285053626e-14
5.500000000000000722e-02 5.934715858028292296e-02 6.026988977551234238e-04 1.603263592809729077e-13 6.706471054321946856e-14
5.750000000000000944e-02 5.052233047467669103e-02 4.016789409691885662e-04 2.961564598083480262e-13 8.758107399700749079e-14
6.000000000000001166e-02 4.324745061067684915e-02 2.069196397552232867e-04 5.104688972510447824e-13 1.038534302383803564e-13
6.250000000000000000e-02 3.715724795884576409e-02 5.141988102498789898e-05 8.284055190089052490e-13 1.117281252088261204e-13
6.500000000000000222e-02 3.194008028991066062e-02 4.593094007876788454e-06 1.268092253217073007e-12 1.089140417860898054e-13
6.750000000000000444e-02 2.733634504874566176e-02 1.419802922655099089e-04 1.843932351384880426e-12 9.790401459948792936e-14
7.000000000000000666e-02 2.314493188472337842e-02 5.240526149694720503e-04 2.567107404102713721e-12 8.372486962839614253e-14
7.250000000000000888e-02 1.935213744224252227e-02 1.055459266814356978e-03 3.447633921038672604e-12 6.552933076008692621e-14
7.500000000000001110e-02 1.599515031612380733e-02 1.613719802409930171e-03 4.505577367435387630e-12 4.926342652687792492e-14
7.750000000000001332e-02 1.321035859134275445e-02 1.994417085598357026e-03 5.700960445346429530e-12 3.711324871846456228e-14
8.000000000000001554e-02 1.102429463372232160e-02 2.115419341275990867e-03 7.090729647214992150e-12 3.056407720578011871e-14
8.250000000000001776e-02 9.330159081655103881e-03 2.039571829580612977e-03 8.684464743590670036e-12 2.818933043312930076e-14
8.500000000000001998e-02 8.011613451787445023e-03 1.845087241367657227e-03 1.065513918268075943e-11 3.102141767073217842e-14
8.750000000000000833e-02 6.971969308015912858e-03 1.592196257345076605e-03 1.422753390594431082e-11 4.234696064349900400e-14
9.000000000000001055e-02 6.138807059756442447e-03 1.321801042792517195e-03 3.105109857758943036e-12 6.091608730489206241e-14
9.250000000000001277e-02 5.459293989449958209e-03 1.068185653050020018e-03 4.022674460981718886e-12 1.014241747136421639e-13
9.500000000000001499e-02 4.895865883262056489e-03 8.384238602543813259e-04 5.590744959529917641e-12 1.816697253133288773e-13
9.750000000000001721e-02 4.421849473698579759e-03 6.414898818954892223e-04 7.573124152058532576e-12 3.314258744890654436e-13
1.000000000000000056e-01 4.018037053755490855e-03 1.900607071011758769e-04 4.449293684221272970e-12 6.297326877613444834e-12
