# time 1 2 D-1 D
0.000000000000000000e+00 9.999999712002201058e-01 5.772292235857494567e-09 1.448063940129128584e-34 4.777741687619493316e-35
2.500000000000000052e-04 9.965451253012680422e-01 7.243532981589270270e-05 4.256728336570554897e-23 6.627869253289542225e-25
5.000000000000000104e-04 9.862244376124816858e-01 3.318162875181973701e-04 3.196838094696617819e-19 6.448932296778977091e-21
7.500000000000001240e-04 9.691184163272213992e-01 8.791167234667228263e-04 7.766492088992583531e-17 2.080815814431646699e-18
1.000000000000000021e-03 9.453150448065854583e-01 1.886881023544085059e-03 4.616559118250739183e-15 1.697363510058139388e-16
1.250000000000000026e-03 9.148619188756884624e-01 3.678760415278201253e-03 1.260072896337779319e-13 6.544516355852080967e-15
1.500000000000000248e-03 8.776575419067835782e-01 6.806254075713650924e-03 2.071460723847454432e-12 1.548325747628761917e-13
1.750000000000000253e-03 8.332378169578300575e-01 1.227949360639513272e-02 2.352654414679465131e-11 2.515331612666430989e-12
2.000000000000000042e-03 7.803952781656029458e-01 2.191758176117868107e-02 2.007853333855131851e-10 2.911714765255576680e-11
2.250000000000000264e-03 7.165983441988760250e-01 3.890514671526219825e-02 1.388806854315154253e-09 2.418341729189265081e-10
2.500000000000000052e-03 6.375230612170099675e-01 6.824443615050042322e-02 8.512975726270039035e-09 1.461205394434282931e-09
2.750000000000000274e-03 5.384381800756692371e-01 1.152738856004448809e-01 5.129494392750391821e-08 6.646067394139703689e-09
3.000000000000000496e-03 4.210970421408338771e-01 1.788789047110308505e-01 1.893418036968638284e-07 2.380339359242852918e-08
3.250000000000000284e-03 3.022551558678773787e-01 2.422369909833465562e-01 4.242916375368450403e-07 7.013527294294960134e-08
3.500000000000000507e-03 2.040962886365642881e-01 2.800294154707833605e-01 8.774822788074397137e-07 1.764240334398005292e-07
3.749999999999999861e-03 1.347811560671385023e-01 2.596946489236618416e-01 1.661036848631723211e-06 3.903169106471186445e-07
4.000000000000000083e-03 8.935988377704877361e-02 1.336138670190461786e-01 2.892847950778572934e-06 7.774866325880542855e-07
4.250000000000000305e-03 6.013624511396325339e-02 5.766503752624273227e-02 4.693978693605206707e-06 1.420327848552761409e-06
4.500000000000000527e-03 4.120627768035501487e-02 3.181305797507989752e-02 7.164778383893629535e-06 2.414520860371551631e-06
4.750000000000000749e-03 2.875736114794998771e-02 1.974233280540024435e-02 1.039602943936546743e-05 3.864188208243469237e-06
5.000000000000000104e-03 2.042878475396459753e-02 1.287189224961423316e-02 1.445656240025604851e-05 5.876488342966935373e-06
5.250000000000000326e-03 1.475947131283247317e-02 8.581258593042120214e-03 1.938279957529577628e-05 8.556324502629026018e-06
5.500000000000000548e-03 1.083442470474057194e-02 5.872422754415045597e-03 2.521536849877036195e-05 1.200210988791311148e-05
5.750000000000000770e-03 8.072184483834251786e-03 4.168296446011530813e-03 3.195894386538951414e-05 1.630163691265513592e-05
6.000000000000000992e-03 6.097647043139284989e-03 3.073217742934607546e-03 3.957326388469643819e-05 2.153021280211883426e-05
6.250000000000000347e-03 4.665167736182227604e-03 2.369649632376806449e-03 4.803104955670723644e-05 2.774887928917521568e-05
6.500000000000000569e-03 3.611449435291984832e-03 1.821177200979342105e-03 5.730164815956640274e-05 3.500428367606602122e-05
6.750000000000000791e-03 2.826302923978455967e-03 1.483214370339366222e-03 6.737303388507056483e-05 4.332818515310869496e-05
7.000000000000001013e-03 2.234268971046612668e-03 1.225263218294091443e-03 7.813230523785844343e-05 5.273897155167855391e-05
7.250000000000001235e-03 1.782921001192989746e-03 1.027486877616557315e-03 8.957684538202775198e-05 6.324243233318211439e-05
7.499999999999999722e-03 1.435324144906941022e-03 8.323819058444540103e-04 1.015463219481441625e-04 7.483235914909091061e-05
7.750000000000000812e-03 1.165109977576437011e-03 7.463033572757635800e-04 1.141649706291249938e-04 8.749388622680098055e-05
8.000000000000000167e-03 9.532167281833959626e-04 6.241783330926248523e-04 1.273145844766269356e-04 1.012026008452406516e-04
8.250000000000000389e-03 7.857027517983244339e-04 5.574956644571777298e-04 1.408467500274851599e-04 1.159279098517042897e-04
8.500000000000000611e-03 6.522602215168567166e-04 4.960699780876885560e-04 1.547878768239162154e-04 1.316333203025384308e-04
8.750000000000000833e-03 5.451914468463320632e-04 4.429924548299429311e-04 1.690448851662840505e-04 1.482777419346853909e-04
9.000000000000001055e-03 4.586947653920303504e-04 3.568993656028349930e-04 1.835026085611821795e-04 1.658164180756755595e-04
9.250000000000001277e-03 3.883602548498681800e-04 3.423209304210916414e-04 1.983117585647455018e-04 1.842032239485614890e-04
9.500000000000001499e-03 3.308094436180097821e-04 3.088745057884760407e-04 2.133217585880552321e-04 2.033887060896271814e-04
9.750000000000001721e-03 2.834351093152081029e-04 2.866790768015356960e-04 2.286468043117095123e-04 2.233259210245167655e-04
1.000000000000000021e-02 2.442114451504366775e-04 2.467991764582307514e-04 2.441426137835074530e-04 2.439641742355162844e-04
