# time 1 2 D-1 D
0.000000000000000000e+00 9.999999509886073890e-01 1.597130996497667731e-08 1.025166818259793104e-35 2.132457528958870450e-36
1.250000000000000243e-03 9.999898842768540907e-01 4.564619778229595536e-07 4.953235578480945549e-32 2.777114816956010432e-34
2.500000000000000486e-03 9.998386187218548660e-01 1.010405432195964191e-05 2.621741850950887812e-27 6.148851937276634403e-29
3.750000000000000729e-03 9.991997117930306871e-01 6.711019923846028357e-05 5.880759353276547759e-29 2.433048237651496273e-28
5.000000000000000971e-03 9.975256199859854345e-01 2.736329565652229718e-04 5.250556727357046193e-24 4.760982779186367932e-25
6.250000000000000347e-03 9.940638048384785597e-01 8.573562184807453045e-04 4.764754884930054699e-23 4.365733056108595141e-24
7.500000000000001457e-03 9.877899297092586073e-01 2.281482270195406888e-03 2.747671985869162269e-22 2.983240882644190635e-23
8.750000000000000833e-03 9.772416159256595014e-01 5.405482780300813195e-03 1.346413067560685864e-21 1.714268750236000802e-22
1.000000000000000194e-02 9.602183064660926304e-01 1.179246293822267845e-02 6.377824143738586844e-21 8.266112103994865194e-22
1.125000000000000132e-02 9.333487802055656646e-01 2.408783399294341446e-02 3.455347969054904635e-20 3.201160611083009296e-21
1.250000000000000069e-02 8.917038748142577242e-01 4.640141992747388866e-02 2.532445536947181932e-19 9.086120909868621504e-21
1.375000000000000180e-02 8.291667815861292201e-01 8.389653134682452384e-02 1.187258227429486948e-18 1.582205200990437177e-20
1.500000000000000291e-02 7.410671098673669022e-01 1.405074582096896840e-01 4.007828426077365592e-18 6.605298823905112010e-21
1.625000000000000056e-02 6.296033505705272981e-01 2.133739812430751892e-01 1.159899933343648255e-17 3.675011849246133931e-20
1.750000000000000167e-02 5.070919242033730123e-01 2.898706417988524131e-01 2.699665422054095110e-17 9.627584520425883516e-19
1.875000000000000278e-02 3.902757268163135618e-01 3.521343054546377527e-01 4.849697138001402920e-17 7.455495488285130524e-18
2.000000000000000389e-02 2.909039449017783996e-01 3.802402553027920962e-01 6.639736035876935317e-17 3.531287556003371842e-17
2.125000000000000500e-02 2.127282651448630379e-01 3.555723606592914865e-01 6.000802662472919214e-17 1.282185114346501145e-16
2.250000000000000264e-02 1.541551890218909038e-01 2.992213523028559585e-01 2.239951224767350811e-17 3.756305511437313654e-16
2.375000000000000375e-02 1.114527117487360414e-01 1.608409203061437476e-01 4.939847713573548718e-18 9.532112556752110287e-16
2.500000000000000139e-02 8.068715221108888058e-02 2.468690599819937936e-02 1.709169096692384753e-16 2.034149412006383145e-15
2.625000000000000250e-02 5.855367108531603360e-02 1.800854927094700311e-02 8.989212323299008774e-16 4.072314533060292080e-15
2.750000000000000361e-02 4.256017162995563013e-02 1.504342002451655724e-02 2.661788985603534991e-15 7.220155085580790421e-15
2.875000000000000472e-02 3.092695352457665650e-02 1.294407960438517455e-02 5.653076267919594553e-15 1.174982324904341375e-14
3.000000000000000583e-02 2.241238087531546158e-02 1.132124021493532452e-02 1.109035404228460992e-14 1.847176400730936770e-14
3.125000000000000000e-02 1.615377499056679794e-02 9.970218272419133568e-03 1.841838401384321140e-14 2.555642887105151809e-14
3.250000000000000111e-02 1.154705120136449367e-02 8.640166145176023452e-03 2.795666807559763422e-14 3.554126212229134354e-14
3.375000000000000222e-02 8.162823159247269492e-03 8.196435437793124848e-03 4.128107457588802865e-14 4.629837156901418606e-14
3.500000000000000333e-02 5.690181942375970546e-03 3.456327948261117989e-03 5.460225542205344590e-14 5.635963455008868401e-14
3.625000000000000444e-02 3.899724510100376247e-03 3.032768356843118344e-03 7.133707143134753289e-14 7.021765374026129512e-14
3.750000000000000555e-02 2.619370475558910165e-03 2.346225497884834883e-03 8.977623887398878424e-14 8.075253702161136894e-14
3.875000000000000666e-02 1.718456151789344698e-03 1.897886397180107701e-03 1.063487136484911290e-13 9.241520344480961980e-14
4.000000000000000777e-02 1.097080775166225756e-03 1.468452899779870702e-03 1.266682168488576242e-13 1.051936171673196224e-13
4.125000000000000888e-02 6.787521515753936439e-04 1.134062895709870775e-03 1.448787662635709665e-13 1.133355009055262534e-13
4.250000000000000999e-02 4.051300326185193956e-04 8.568835288655725531e-04 1.619228383152045962e-13 1.240942479185519133e-13
4.375000000000000416e-02 2.321385942098800096e-04 6.426672752660243619e-04 1.805916748223126516e-13 1.325907887765591967e-13
4.500000000000000527e-02 1.270072791661914916e-04 4.617051855619467475e-04 1.954302313680295590e-13 1.382321353451606827e-13
4.625000000000000638e-02 6.594926716305161160e-05 3.289359735448852047e-04 2.095188899096741240e-13 1.458757333905909694e-13
4.750000000000000749e-02 3.226552864685922219e-05 2.292098513194508003e-04 2.235018557411886471e-13 1.500856168271721068e-13
4.875000000000000860e-02 1.473052230309633639e-05 1.544864861310930198e-04 2.336437772758744251e-13 1.532765472908852529e-13
5.000000000000000278e-02 6.184351580508847142e-06 1.018100409035543094e-04 2.434936011275491221e-13 1.577232785268851074e-13
