# time 1 2 D-1 D
0.000000000000000000e+00 9.999999747095894564e-01 1.090103315387507080e-08 5.115751414778595235e-35 1.471718927229503746e-34
2.500000000000000052e-04 9.994870230881833795e-01 7.848844361585631606e-07 1.470982200606860849e-17 6.814418383414541982e-24
5.000000000000000104e-04 9.977697267197841446e-01 1.474844619751013309e-05 4.589113506091289170e-15 5.309273569457166076e-20
7.500000000000001240e-04 9.944495886466158119e-01 9.310971258009153727e-05 1.430967219946999282e-13 1.231581084449654710e-17
1.000000000000000021e-03 9.889338585248882429e-01 3.706798767745078747e-04 1.718946234456935116e-12 6.627437224081147809e-16
1.250000000000000026e-03 9.803870724965035865e-01 1.145401109849285151e-03 1.212440543729932936e-11 1.559839641406829873e-14
1.500000000000000248e-03 9.676322352679972427e-01 3.017673822025796621e-03 6.072030823733291152e-11 2.101194346638890110e-13
1.750000000000000253e-03 9.489701613323631157e-01 7.109915928587428810e-03 2.366125609124656758e-10 1.844742978682389351e-12
2.000000000000000042e-03 9.218939428854813212e-01 1.541305316333079975e-02 7.403235469788098506e-10 1.128555921913877608e-11
2.250000000000000264e-03 8.827531099514768220e-01 3.116047951169227670e-02 1.795144567437124342e-09 5.012711873362500159e-11
2.500000000000000052e-03 8.267102860412484100e-01 5.892935599252228929e-02 3.295636520983521277e-09 1.676667140481084666e-10
2.750000000000000274e-03 7.489725109232846512e-01 1.033389159525991141e-01 5.126418161060389129e-09 4.394202197280573594e-10
3.000000000000000496e-03 6.485569809471463110e-01 1.650312767290472993e-01 7.357606552617794125e-09 9.399750474714529712e-10
3.250000000000000284e-03 5.330283825131681974e-01 2.344218630706055295e-01 1.005543865293483656e-08 1.704124755156282015e-09
3.500000000000000507e-03 4.175202177314222829e-01 2.896607393426853250e-01 1.320356873970979310e-08 2.703700140611800858e-09
3.749999999999999861e-03 3.160605712911230825e-01 3.047720197438971712e-01 1.691117317561975537e-08 3.853959727822863144e-09
4.000000000000000083e-03 2.349464063330443386e-01 2.752102924515791305e-01 2.129821662708259744e-08 5.041817673499964984e-09
4.250000000000000305e-03 1.736698928155957777e-01 2.312294569933715793e-01 2.657623508215192364e-08 6.158087747864497060e-09
4.500000000000000527e-03 1.287103596547258533e-01 1.937753541117266110e-01 3.385255811864406723e-08 7.120169273443337912e-09
4.750000000000000749e-03 9.611528531706313438e-02 1.653034865039726409e-01 4.439879203432113240e-08 7.880806126169336644e-09
5.000000000000000104e-03 7.252293257321276720e-02 1.431652654019361648e-01 6.216719573934014208e-08 8.425639202352054598e-09
5.250000000000000326e-03 5.536850811948845763e-02 1.252982139936266726e-01 9.538563637275964658e-08 8.764976136086637712e-09
5.500000000000000548e-03 4.279190131003188236e-02 1.100102135639387663e-01 1.589367089760363450e-07 8.924376988832703172e-09
5.750000000000000770e-03 3.347606712805473173e-02 9.669731823428365236e-02 2.419007010134027254e-07 8.936366689957119955e-09
6.000000000000000992e-03 2.649734119635319476e-02 8.476836629362002884e-02 3.030515465977438985e-07 8.834367657894453404e-09
6.250000000000000347e-03 2.120857680489648608e-02 7.357884939178765960e-02 3.395565466859851125e-07 8.649116295883657349e-09
6.500000000000000569e-03 1.715443249211604654e-02 6.284091328405576327e-02 3.666653565809219056e-07 8.407251270292060898e-09
6.750000000000000791e-03 1.401213665436444079e-02 5.265815545486771110e-02 3.904381161983598589e-07 8.130496648354091902e-09
7.000000000000001013e-03 1.155077221407489578e-02 4.294855182499057733e-02 4.128058653473028155e-07 7.835527257818814397e-09
7.250000000000001235e-03 9.603445032873842921e-03 3.424430635260355266e-02 4.343813686129008532e-07 7.534779905911042872e-09
7.499999999999999722e-03 8.048256578528249772e-03 2.691137061108760803e-02 4.558192928922652352e-07 7.237257246222423141e-09
7.750000000000000812e-03 6.795229784818327366e-03 2.109804749816493116e-02 4.768848307501806230e-07 6.949226632926977441e-09
8.000000000000000167e-03 5.777260863802410017e-03 1.676445396205489269e-02 4.980432641440408773e-07 6.674795711819987873e-09
8.250000000000000389e-03 4.943803063615533067e-03 1.355989853664259052e-02 5.192966887586685654e-07 6.416439425949877187e-09
8.500000000000000611e-03 4.256416154413243322e-03 1.122312056068583419e-02 5.407044168021129860e-07 6.175500101971682242e-09
8.750000000000000833e-03 3.685599571783383568e-03 9.407476908958869663e-03 5.623531157311446258e-07 5.952456461733404833e-09
9.000000000000001055e-03 3.208517077723493146e-03 8.025371200617975251e-03 5.843559007356459735e-07 5.747218152974195061e-09
9.250000000000001277e-03 2.807345922489580536e-03 6.920522646212855927e-03 6.065054103502955264e-07 5.559298091244207435e-09
9.500000000000001499e-03 2.468067887738388446e-03 6.077944504394604264e-03 6.290739444162659452e-07 5.387952895791110537e-09
9.750000000000001721e-03 2.179575888954729274e-03 5.384259105903311041e-03 6.521155687755151056e-07 5.232294370503372655e-09
1.000000000000000021e-02 1.932991673112988964e-03 4.814886797520693575e-03 6.752829340459370829e-07 5.090777443898714236e-09
