# time 1 2 D-1 D
0.000000000000000000e+00 9.999999747095894564e-01 1.090103315387507080e-08 5.115751414778595235e-35 1.471718927229503746e-34
1.250000000000000243e-03 9.994921930796312193e-01 1.854354604642187561e-07 1.471950886798833642e-17 3.938129771778561746e-23
2.500000000000000486e-03 9.978533605010377894e-01 3.381932159297710110e-06 4.616362849160245157e-15 2.471933056325782386e-19
3.750000000000000729e-03 9.948780900397922178e-01 2.229836579940277090e-05 1.460831543990426708e-13 4.823476607052621999e-17
5.000000000000000971e-03 9.903047058320439966e-01 9.474701702538050119e-05 1.808677916191027245e-12 2.271023908794691986e-15
6.250000000000000347e-03 9.837798911816248992e-01 3.172363726506789608e-04 1.342886940209107136e-11 4.842622024125962212e-14
7.500000000000001457e-03 9.747846205833324840e-01 9.172333720890600214e-04 7.272156284279343226e-11 6.135626995001211914e-13
8.750000000000000833e-03 9.624889903526743229e-01 2.397926035423289613e-03 3.168529045185990426e-10 5.273686030036895051e-12
1.000000000000000194e-02 9.454881619344790433e-01 5.815317066339944357e-03 1.155906071934825353e-09 3.290084534278799566e-11
1.125000000000000132e-02 9.213905362973652258e-01 1.321698229036728962e-02 3.432141164407648331e-09 1.548089372800684726e-10
1.250000000000000069e-02 8.864069102590566018e-01 2.811936770779058584e-02 8.018116676251079029e-09 5.660881610245624804e-10
1.375000000000000180e-02 8.356556606810991994e-01 5.528305705982947127e-02 1.600070391757487691e-08 1.658864558084220588e-09
1.500000000000000291e-02 7.655941347338087732e-01 9.831257519519182031e-02 2.912661766995813249e-08 4.021601560120349578e-09
1.625000000000000056e-02 6.785029516184175602e-01 1.545877210013104908e-01 4.950931575647487608e-08 8.314046648945308339e-09
1.750000000000000167e-02 5.840233357683196624e-01 2.115105082247019652e-01 7.925941528581056055e-08 1.505898390214500759e-08
1.875000000000000278e-02 4.937566171801802684e-01 2.490856758886404176e-01 1.216212997450344312e-07 2.446095588711457810e-08
2.000000000000000389e-02 4.150124438386096348e-01 2.557960587488579129e-01 1.807575343968164202e-07 3.634182870326013594e-08
2.125000000000000500e-02 3.498584475983860798e-01 2.459338638065599325e-01 2.627651959086616914e-07 5.020360489851680449e-08
2.250000000000000264e-02 2.973252856718991977e-01 2.348334134388036509e-01 3.859387385534233773e-07 6.536472686304359248e-08
2.375000000000000375e-02 2.553793716829492744e-01 2.263653755142854551e-01 5.781977692612971535e-07 8.110405615039972680e-08
2.500000000000000139e-02 2.219047767234989255e-01 2.196935588598800670e-01 9.172778672626865797e-07 9.676946582894746090e-08
2.625000000000000250e-02 1.950603616232678694e-01 2.138750743749329997e-01 1.582272862776303260e-06 1.118385465078996501e-07
2.750000000000000361e-02 1.733593116487994468e-01 2.076127970224715125e-01 2.940057942064353040e-06 1.259380344097357936e-07
2.875000000000000472e-02 1.556438718003463617e-01 2.007278431914576722e-01 4.940251618775139745e-06 1.388355204674252247e-07
3.000000000000000583e-02 1.410285365758135179e-01 1.927399955181519631e-01 6.761274891703662073e-06 1.504166771872547739e-07
3.125000000000000000e-02 1.288409860950299191e-01 1.826512240494221617e-01 8.201593848344503637e-06 1.606576180923110790e-07
3.250000000000000111e-02 1.185711505438617752e-01 1.699241330703375741e-01 9.517768053498875094e-06 1.695984814229867923e-07
3.375000000000000222e-02 1.098306929138210541e-01 1.548929535664774482e-01 1.082178845690363331e-05 1.773209828513283747e-07
3.500000000000000333e-02 1.023221217503538227e-01 1.374049766407604845e-01 1.214717773594028508e-05 1.839308149062273630e-07
3.625000000000000444e-02 9.581574845960010023e-02 1.192320645340856078e-01 1.349839188948139500e-05 1.895446644046885124e-07
3.750000000000000555e-02 9.013266629358195059e-02 1.020796835960275650e-01 1.488367532619968545e-05 1.942804337808802025e-07
3.875000000000000666e-02 8.513224945526630394e-02 8.726015845617106359e-02 1.628871157380378339e-05 1.982523744187342058e-07
4.000000000000000777e-02 8.070292369230439022e-02 7.559126382896065588e-02 1.771944509085225406e-05 2.015669853231614323e-07
4.125000000000000888e-02 7.675534861963324851e-02 6.659021744874793480e-02 1.916941602140947288e-05 2.043212477956310867e-07
4.250000000000000999e-02 7.321734737618805500e-02 5.990190374416456270e-02 2.063520280253830047e-05 2.066021666712645111e-07
4.375000000000000416e-02 7.003009917985919541e-02 5.446712239967309993e-02 2.211409579636289957e-05 2.084857028693487011e-07
4.500000000000000527e-02 6.714527937215769571e-02 5.025147316238397222e-02 2.360439417218772467e-05 2.100382978544222343e-07
4.625000000000000638e-02 6.452287420114764804e-02 4.671454941854429055e-02 2.509762989241561161e-05 2.113172989128923079e-07
4.750000000000000749e-02 6.212950738866710593e-02 4.407127844171980502e-02 2.659963903561568757e-05 2.123717665985622004e-07
4.875000000000000860e-02 5.993714595978612975e-02 4.179283936826709567e-02 2.810504295719472623e-05 2.132436612617739058e-07
5.000000000000000278e-02 5.792209136320804197e-02 3.986559701755989366e-02 2.960615332703607277e-05 2.139683447952641508e-07
