# time 1 2 D-1 D
0.000000000000000000e+00 9.999999520776389206e-01 4.816285251525015672e-09 2.063842064032576262e-35 1.237869478990275715e-34
2.500000000000000052e-04 9.999974014011689949e-01 1.856357564553740522e-06 8.291588375943902004e-29 1.545082567497265005e-27
5.000000000000000104e-04 9.999431106201492891e-01 4.452075898399764033e-05 7.951694841702965925e-26 2.244580820612165333e-27
7.500000000000001240e-04 9.995973332989853688e-01 3.362763992539989383e-04 2.087188185555981013e-25 1.685613755926356048e-23
1.000000000000000021e-03 9.982059554890149178e-01 1.581264702659542507e-03 1.220440416074539853e-24 1.971067501400551693e-22
1.250000000000000026e-03 9.938819678950538972e-01 5.626840524753823868e-03 1.586343160602973083e-23 1.230771273816756576e-21
1.500000000000000248e-03 9.829032010298683897e-01 1.614533979498941965e-02 3.646186098116124470e-22 5.335948581208938698e-21
1.750000000000000253e-03 9.601778570116706879e-01 3.740745323763573077e-02 7.812534155465864931e-21 1.303438982990736102e-20
2.000000000000000042e-03 9.226625707274309640e-01 6.676854413267852006e-02 1.196163962741062130e-19 2.442666760921752996e-21
2.250000000000000264e-03 8.736344176922681282e-01 8.805772911855773433e-02 1.245462154161895269e-18 2.264317694210149750e-19
2.500000000000000052e-03 8.214936517694595430e-01 9.474639523688586917e-02 8.507234140781258108e-18 4.719086791298140759e-18
2.750000000000000274e-03 7.739140689465692224e-01 9.332853835589324798e-02 4.249711630341450713e-17 3.528301004044332463e-17
3.000000000000000496e-03 7.345825226578213130e-01 9.002091339801583658e-02 1.638846739100266560e-16 1.515504373585208411e-16
3.250000000000000284e-03 7.038979219984031754e-01 8.648436222537639329e-02 5.098177796519357095e-16 4.349138464557220543e-16
3.500000000000000507e-03 6.807022308308360303e-01 8.282351426759866631e-02 1.316905043185112720e-15 9.341895382945846677e-16
3.749999999999999861e-03 6.634425555481814341e-01 7.883430602748210669e-02 2.849520785843698237e-15 1.709120169234316046e-15
4.000000000000000083e-03 6.506874198104990459e-01 7.423242518753957186e-02 5.276160818834786947e-15 2.971657006755027765e-15
4.250000000000000305e-03 6.412808138092593868e-01 6.953292706638554421e-02 8.313118874413731871e-15 4.903161872302337332e-15
4.500000000000000527e-03 6.343434848307205609e-01 6.446059160762440676e-02 1.102687685074352388e-14 7.127295075999231737e-15
4.750000000000000749e-03 6.292252653675266538e-01 5.934262456492370164e-02 1.201203232529802222e-14 8.641896525873458450e-15
5.000000000000000104e-03 6.254510040206698873e-01 5.448712273203424467e-02 1.047213314571036634e-14 8.302234856906147410e-15
5.250000000000000326e-03 6.226744333531788467e-01 4.984171709434710024e-02 6.823099277850347040e-15 5.860229653790046953e-15
5.500000000000000548e-03 6.206427199723284494e-01 4.541070777786909013e-02 2.714076040204921648e-15 2.471280296133009109e-15
5.750000000000000770e-03 6.191703586317562902e-01 4.129464024403736028e-02 2.108259981534367809e-16 2.375695137941566091e-16
6.000000000000000992e-03 6.181203760636926337e-01 3.737718069888142092e-02 8.262874803647075763e-16 9.893966598037630341e-16
6.250000000000000347e-03 6.173911267385703283e-01 3.396539296484381992e-02 4.830974862024483323e-15 5.006167276065803494e-15
6.500000000000000569e-03 6.169067375858601210e-01 3.061861118018075617e-02 1.096877127795840265e-14 1.052968942013346681e-14
6.750000000000000791e-03 6.166102931743144833e-01 2.774726162810046623e-02 1.681511548799772450e-14 1.443240045578811534e-14
7.000000000000001013e-03 6.164589052419290338e-01 2.506504446887952708e-02 1.961621428886242877e-14 1.392455770130737960e-14
7.250000000000001235e-03 6.164201464812304465e-01 2.287672480187605967e-02 1.744238085272275804e-14 8.778537271179962123e-15
7.499999999999999722e-03 6.164693945642553130e-01 2.063909218125825618e-02 1.055120055121335470e-14 3.603689070606403847e-15
7.750000000000000812e-03 6.165878702533321709e-01 1.915540532567801615e-02 4.215124517275923393e-15 9.517125670352884387e-15
8.000000000000000167e-03 6.167611615191551655e-01 1.732238391581565271e-02 9.601057541120572486e-15 4.513168305880436059e-14
8.250000000000000389e-03 6.169781319072421555e-01 1.622217698361182528e-02 5.183062269169225653e-14 1.367123159318935028e-13
8.500000000000000611e-03 6.172300417259632965e-01 1.491841016121897741e-02 1.667907854778726684e-13 3.178326606213388280e-13
8.750000000000000833e-03 6.175099521511716594e-01 1.420728616486740398e-02 4.376252458917561007e-13 6.282801815151552377e-13
9.000000000000001055e-03 6.178122758816547710e-01 1.337334612904549080e-02 9.888199802876238356e-13 1.112149179327512697e-12
9.250000000000001277e-03 6.181324055874508616e-01 1.275656507621025781e-02 2.008954925326154582e-12 1.818742808131482067e-12
9.500000000000001499e-03 6.184664796170288303e-01 1.225764175982051868e-02 3.866600606490946090e-12 2.799800180083297035e-12
9.750000000000001721e-03 6.188112152020650569e-01 1.181101964675906717e-02 6.933776833927138906e-12 4.106086398038058720e-12
1.000000000000000021e-02 6.191641730822132761e-01 1.133119337492346362e-02 1.169997630893275885e-11 5.791161406194868026e-12
